"METRO_ID","Metropolitan areas","VAR","Variables","TIME","Year","Unit Code","Unit","PowerCode Code","PowerCode","Reference Period Code","Reference Period","Value","Flag Codes","Flags"
"USA116","Allen","T_T","Population, All ages. Administrative data","2000","2000","PER","Persons","0","Units",,,363420,,
"USA116","Allen","T_T","Population, All ages. Administrative data","2001","2001","PER","Persons","0","Units",,,365954,,
"USA116","Allen","T_T","Population, All ages. Administrative data","2002","2002","PER","Persons","0","Units",,,368402,,
"USA116","Allen","T_T","Population, All ages. Administrative data","2003","2003","PER","Persons","0","Units",,,371190,,
"USA116","Allen","T_T","Population, All ages. Administrative data","2004","2004","PER","Persons","0","Units",,,372757,,
"USA116","Allen","T_T","Population, All ages. Administrative data","2005","2005","PER","Persons","0","Units",,,375420,,
"USA116","Allen","T_T","Population, All ages. Administrative data","2006","2006","PER","Persons","0","Units",,,378911,,
"USA116","Allen","T_T","Population, All ages. Administrative data","2007","2007","PER","Persons","0","Units",,,382387,,
"USA116","Allen","T_T","Population, All ages. Administrative data","2008","2008","PER","Persons","0","Units",,,384311,,
"USA116","Allen","T_T","Population, All ages. Administrative data","2009","2009","PER","Persons","0","Units",,,386818,,
"USA116","Allen","T_T","Population, All ages. Administrative data","2010","2010","PER","Persons","0","Units",,,389247,,
"USA116","Allen","T_T","Population, All ages. Administrative data","2011","2011","PER","Persons","0","Units",,,392141,,
"USA116","Allen","T_T","Population, All ages. Administrative data","2012","2012","PER","Persons","0","Units",,,393973,,
"USA116","Allen","T_T","Population, All ages. Administrative data","2013","2013","PER","Persons","0","Units",,,396450,,
"USA116","Allen","T_T","Population, All ages. Administrative data","2014","2014","PER","Persons","0","Units",,,398523,,
"USA116","Allen","T_T","Population, All ages. Administrative data","2015","2015","PER","Persons","0","Units",,,401074,,
"USA116","Allen","T_T","Population, All ages. Administrative data","2016","2016","PER","Persons","0","Units",,,403456,,
"FR215","Rouen","T_T","Population, All ages. Administrative data","2000","2000","PER","Persons","0","Units",,,660717,,
"FR215","Rouen","T_T","Population, All ages. Administrative data","2001","2001","PER","Persons","0","Units",,,662818,,
"FR215","Rouen","T_T","Population, All ages. Administrative data","2002","2002","PER","Persons","0","Units",,,664922,,
"FR215","Rouen","T_T","Population, All ages. Administrative data","2003","2003","PER","Persons","0","Units",,,667024,,
"FR215","Rouen","T_T","Population, All ages. Administrative data","2004","2004","PER","Persons","0","Units",,,669128,,
"FR215","Rouen","T_T","Population, All ages. Administrative data","2005","2005","PER","Persons","0","Units",,,671229,,
"FR215","Rouen","T_T","Population, All ages. Administrative data","2006","2006","PER","Persons","0","Units",,,673333,,
"FR215","Rouen","T_T","Population, All ages. Administrative data","2007","2007","PER","Persons","0","Units",,,675435,,
"FR215","Rouen","T_T","Population, All ages. Administrative data","2008","2008","PER","Persons","0","Units",,,677538,,
"FR215","Rouen","T_T","Population, All ages. Administrative data","2009","2009","PER","Persons","0","Units",,,679640,,
"FR215","Rouen","T_T","Population, All ages. Administrative data","2010","2010","PER","Persons","0","Units",,,682137,,
"FR215","Rouen","T_T","Population, All ages. Administrative data","2011","2011","PER","Persons","0","Units",,,684634,,
"FR215","Rouen","T_T","Population, All ages. Administrative data","2012","2012","PER","Persons","0","Units",,,687129,,
"FR215","Rouen","T_T","Population, All ages. Administrative data","2013","2013","PER","Persons","0","Units",,,689626,,
"FR215","Rouen","T_T","Population, All ages. Administrative data","2014","2014","PER","Persons","0","Units",,,692123,,
"FR215","Rouen","T_T","Population, All ages. Administrative data","2015","2015","PER","Persons","0","Units",,,693774,,
"PL001","Warsaw","T_T_SH_NAT","Share of population  in metropolitan area over the national value","2002","2002","RATIO","Ratio","0","Units",,,7.6,,
"PL001","Warsaw","T_T_SH_NAT","Share of population  in metropolitan area over the national value","2003","2003","RATIO","Ratio","0","Units",,,7.6,,
"PL001","Warsaw","T_T_SH_NAT","Share of population  in metropolitan area over the national value","2004","2004","RATIO","Ratio","0","Units",,,7.6,,
"PL001","Warsaw","T_T_SH_NAT","Share of population  in metropolitan area over the national value","2005","2005","RATIO","Ratio","0","Units",,,7.7,,
"PL001","Warsaw","T_T_SH_NAT","Share of population  in metropolitan area over the national value","2006","2006","RATIO","Ratio","0","Units",,,7.7,,
"PL001","Warsaw","T_T_SH_NAT","Share of population  in metropolitan area over the national value","2007","2007","RATIO","Ratio","0","Units",,,7.8,,
"PL001","Warsaw","T_T_SH_NAT","Share of population  in metropolitan area over the national value","2008","2008","RATIO","Ratio","0","Units",,,7.8,,
"PL001","Warsaw","T_T_SH_NAT","Share of population  in metropolitan area over the national value","2009","2009","RATIO","Ratio","0","Units",,,7.9,,
"PL001","Warsaw","T_T_SH_NAT","Share of population  in metropolitan area over the national value","2010","2010","RATIO","Ratio","0","Units",,,7.9,,
"PL001","Warsaw","T_T_SH_NAT","Share of population  in metropolitan area over the national value","2011","2011","RATIO","Ratio","0","Units",,,8,,
"PL001","Warsaw","T_T_SH_NAT","Share of population  in metropolitan area over the national value","2012","2012","RATIO","Ratio","0","Units",,,8,,
"PL001","Warsaw","T_T_SH_NAT","Share of population  in metropolitan area over the national value","2013","2013","RATIO","Ratio","0","Units",,,8.1,,
"PL001","Warsaw","T_T_SH_NAT","Share of population  in metropolitan area over the national value","2014","2014","RATIO","Ratio","0","Units",,,8.1,,
"PL001","Warsaw","T_T_SH_NAT","Share of population  in metropolitan area over the national value","2015","2015","RATIO","Ratio","0","Units",,,8.2,,
"PL001","Warsaw","T_T_SH_NAT","Share of population  in metropolitan area over the national value","2016","2016","RATIO","Ratio","0","Units",,,8.3,,
"JPN19","Kagoshima","T_T_SH_NAT","Share of population  in metropolitan area over the national value","2001","2001","RATIO","Ratio","0","Units",,,0.6,,
"JPN19","Kagoshima","T_T_SH_NAT","Share of population  in metropolitan area over the national value","2002","2002","RATIO","Ratio","0","Units",,,0.6,,
"JPN19","Kagoshima","T_T_SH_NAT","Share of population  in metropolitan area over the national value","2003","2003","RATIO","Ratio","0","Units",,,0.6,,
"JPN19","Kagoshima","T_T_SH_NAT","Share of population  in metropolitan area over the national value","2004","2004","RATIO","Ratio","0","Units",,,0.6,,
"JPN19","Kagoshima","T_T_SH_NAT","Share of population  in metropolitan area over the national value","2005","2005","RATIO","Ratio","0","Units",,,0.6,,
"JPN19","Kagoshima","T_T_SH_NAT","Share of population  in metropolitan area over the national value","2006","2006","RATIO","Ratio","0","Units",,,0.6,,
"JPN19","Kagoshima","T_T_SH_NAT","Share of population  in metropolitan area over the national value","2007","2007","RATIO","Ratio","0","Units",,,0.6,,
"JPN19","Kagoshima","T_T_SH_NAT","Share of population  in metropolitan area over the national value","2008","2008","RATIO","Ratio","0","Units",,,0.6,,
"JPN19","Kagoshima","T_T_SH_NAT","Share of population  in metropolitan area over the national value","2009","2009","RATIO","Ratio","0","Units",,,0.6,,
"JPN19","Kagoshima","T_T_SH_NAT","Share of population  in metropolitan area over the national value","2010","2010","RATIO","Ratio","0","Units",,,0.6,,
"JPN19","Kagoshima","T_T_SH_NAT","Share of population  in metropolitan area over the national value","2011","2011","RATIO","Ratio","0","Units",,,0.6,,
"JPN19","Kagoshima","T_T_SH_NAT","Share of population  in metropolitan area over the national value","2012","2012","RATIO","Ratio","0","Units",,,0.6,,
"JPN19","Kagoshima","T_T_SH_NAT","Share of population  in metropolitan area over the national value","2013","2013","RATIO","Ratio","0","Units",,,0.6,,
"JPN19","Kagoshima","T_T_SH_NAT","Share of population  in metropolitan area over the national value","2014","2014","RATIO","Ratio","0","Units",,,0.6,,
"JPN19","Kagoshima","T_T_SH_NAT","Share of population  in metropolitan area over the national value","2015","2015","RATIO","Ratio","0","Units",,,0.6,,
"MEX13","Mexicali","POP_DEN","Population density (pop. per km2)","2000","2000","PER","Persons","0","Units",,,53,,
"MEX13","Mexicali","POP_DEN","Population density (pop. per km2)","2005","2005","PER","Persons","0","Units",,,51,,
"MEX13","Mexicali","POP_DEN","Population density (pop. per km2)","2010","2010","PER","Persons","0","Units",,,58,,
"MEX13","Mexicali","POP_DEN","Population density (pop. per km2)","2015","2015","PER","Persons","0","Units",,,66,,
"UK014","Leicester","POP_DEN","Population density (pop. per km2)","2001","2001","PER","Persons","0","Units",,,544,,
"UK014","Leicester","POP_DEN","Population density (pop. per km2)","2002","2002","PER","Persons","0","Units",,,548,,
"UK014","Leicester","POP_DEN","Population density (pop. per km2)","2003","2003","PER","Persons","0","Units",,,552,,
"UK014","Leicester","POP_DEN","Population density (pop. per km2)","2004","2004","PER","Persons","0","Units",,,558,,
"UK014","Leicester","POP_DEN","Population density (pop. per km2)","2005","2005","PER","Persons","0","Units",,,565,,
"UK014","Leicester","POP_DEN","Population density (pop. per km2)","2006","2006","PER","Persons","0","Units",,,571,,
"UK014","Leicester","POP_DEN","Population density (pop. per km2)","2007","2007","PER","Persons","0","Units",,,577,,
"UK014","Leicester","POP_DEN","Population density (pop. per km2)","2008","2008","PER","Persons","0","Units",,,583,,
"UK014","Leicester","POP_DEN","Population density (pop. per km2)","2009","2009","PER","Persons","0","Units",,,588,,
"UK014","Leicester","POP_DEN","Population density (pop. per km2)","2010","2010","PER","Persons","0","Units",,,594,,
"UK014","Leicester","POP_DEN","Population density (pop. per km2)","2011","2011","PER","Persons","0","Units",,,600,,
"UK014","Leicester","POP_DEN","Population density (pop. per km2)","2012","2012","PER","Persons","0","Units",,,605,,
"UK014","Leicester","POP_DEN","Population density (pop. per km2)","2013","2013","PER","Persons","0","Units",,,609,,
"UK014","Leicester","POP_DEN","Population density (pop. per km2)","2014","2014","PER","Persons","0","Units",,,615,,
"UK014","Leicester","POP_DEN","Population density (pop. per km2)","2015","2015","PER","Persons","0","Units",,,623,,
"UK014","Leicester","POP_DEN","Population density (pop. per km2)","2016","2016","PER","Persons","0","Units",,,631,,
"USA04","Washington (Greater)","T_T_SH_NAT","Share of population  in metropolitan area over the national value","2001","2001","RATIO","Ratio","0","Units",,,2.7,,
"USA04","Washington (Greater)","T_T_SH_NAT","Share of population  in metropolitan area over the national value","2002","2002","RATIO","Ratio","0","Units",,,2.7,,
"USA04","Washington (Greater)","T_T_SH_NAT","Share of population  in metropolitan area over the national value","2003","2003","RATIO","Ratio","0","Units",,,2.7,,
"USA04","Washington (Greater)","T_T_SH_NAT","Share of population  in metropolitan area over the national value","2004","2004","RATIO","Ratio","0","Units",,,2.7,,
"USA04","Washington (Greater)","T_T_SH_NAT","Share of population  in metropolitan area over the national value","2005","2005","RATIO","Ratio","0","Units",,,2.7,,
"USA04","Washington (Greater)","T_T_SH_NAT","Share of population  in metropolitan area over the national value","2006","2006","RATIO","Ratio","0","Units",,,2.7,,
"USA04","Washington (Greater)","T_T_SH_NAT","Share of population  in metropolitan area over the national value","2007","2007","RATIO","Ratio","0","Units",,,2.7,,
"USA04","Washington (Greater)","T_T_SH_NAT","Share of population  in metropolitan area over the national value","2008","2008","RATIO","Ratio","0","Units",,,2.7,,
"USA04","Washington (Greater)","T_T_SH_NAT","Share of population  in metropolitan area over the national value","2009","2009","RATIO","Ratio","0","Units",,,2.7,,
"USA04","Washington (Greater)","T_T_SH_NAT","Share of population  in metropolitan area over the national value","2010","2010","RATIO","Ratio","0","Units",,,2.7,,
"USA04","Washington (Greater)","T_T_SH_NAT","Share of population  in metropolitan area over the national value","2011","2011","RATIO","Ratio","0","Units",,,2.8,,
"USA04","Washington (Greater)","T_T_SH_NAT","Share of population  in metropolitan area over the national value","2012","2012","RATIO","Ratio","0","Units",,,2.8,,
"USA04","Washington (Greater)","T_T_SH_NAT","Share of population  in metropolitan area over the national value","2013","2013","RATIO","Ratio","0","Units",,,2.8,,
"USA04","Washington (Greater)","T_T_SH_NAT","Share of population  in metropolitan area over the national value","2014","2014","RATIO","Ratio","0","Units",,,2.8,,
"USA04","Washington (Greater)","T_T_SH_NAT","Share of population  in metropolitan area over the national value","2015","2015","RATIO","Ratio","0","Units",,,2.8,,
"USA04","Washington (Greater)","T_T_SH_NAT","Share of population  in metropolitan area over the national value","2016","2016","RATIO","Ratio","0","Units",,,2.8,,
"USA26","Cuyahoga","POP_DEN","Population density (pop. per km2)","2000","2000","PER","Persons","0","Units",,,411,,
"USA26","Cuyahoga","POP_DEN","Population density (pop. per km2)","2001","2001","PER","Persons","0","Units",,,410,,
"USA26","Cuyahoga","POP_DEN","Population density (pop. per km2)","2002","2002","PER","Persons","0","Units",,,408,,
"USA26","Cuyahoga","POP_DEN","Population density (pop. per km2)","2003","2003","PER","Persons","0","Units",,,407,,
"USA26","Cuyahoga","POP_DEN","Population density (pop. per km2)","2004","2004","PER","Persons","0","Units",,,406,,
"USA26","Cuyahoga","POP_DEN","Population density (pop. per km2)","2005","2005","PER","Persons","0","Units",,,404,,
"USA26","Cuyahoga","POP_DEN","Population density (pop. per km2)","2006","2006","PER","Persons","0","Units",,,401,,
"USA26","Cuyahoga","POP_DEN","Population density (pop. per km2)","2007","2007","PER","Persons","0","Units",,,400,,
"USA26","Cuyahoga","POP_DEN","Population density (pop. per km2)","2008","2008","PER","Persons","0","Units",,,399,,
"USA26","Cuyahoga","POP_DEN","Population density (pop. per km2)","2009","2009","PER","Persons","0","Units",,,398,,
"USA26","Cuyahoga","POP_DEN","Population density (pop. per km2)","2010","2010","PER","Persons","0","Units",,,397,,
"USA26","Cuyahoga","POP_DEN","Population density (pop. per km2)","2011","2011","PER","Persons","0","Units",,,396,,
"USA26","Cuyahoga","POP_DEN","Population density (pop. per km2)","2012","2012","PER","Persons","0","Units",,,395,,
"USA26","Cuyahoga","POP_DEN","Population density (pop. per km2)","2013","2013","PER","Persons","0","Units",,,395,,
"USA26","Cuyahoga","POP_DEN","Population density (pop. per km2)","2014","2014","PER","Persons","0","Units",,,395,,
"USA26","Cuyahoga","POP_DEN","Population density (pop. per km2)","2015","2015","PER","Persons","0","Units",,,394,,
"USA26","Cuyahoga","POP_DEN","Population density (pop. per km2)","2016","2016","PER","Persons","0","Units",,,394,,
"CZ001","Prague","T_T_SH_NAT","Share of population  in metropolitan area over the national value","2001","2001","RATIO","Ratio","0","Units",,,19.1,,
"CZ001","Prague","T_T_SH_NAT","Share of population  in metropolitan area over the national value","2002","2002","RATIO","Ratio","0","Units",,,19.2,,
"CZ001","Prague","T_T_SH_NAT","Share of population  in metropolitan area over the national value","2003","2003","RATIO","Ratio","0","Units",,,19.3,,
"CZ001","Prague","T_T_SH_NAT","Share of population  in metropolitan area over the national value","2004","2004","RATIO","Ratio","0","Units",,,19.3,,
"CZ001","Prague","T_T_SH_NAT","Share of population  in metropolitan area over the national value","2005","2005","RATIO","Ratio","0","Units",,,19.4,,
"CZ001","Prague","T_T_SH_NAT","Share of population  in metropolitan area over the national value","2006","2006","RATIO","Ratio","0","Units",,,19.4,,
"CZ001","Prague","T_T_SH_NAT","Share of population  in metropolitan area over the national value","2007","2007","RATIO","Ratio","0","Units",,,19.4,,
"CZ001","Prague","T_T_SH_NAT","Share of population  in metropolitan area over the national value","2008","2008","RATIO","Ratio","0","Units",,,19.6,,
"CZ001","Prague","T_T_SH_NAT","Share of population  in metropolitan area over the national value","2009","2009","RATIO","Ratio","0","Units",,,19.8,,
"CZ001","Prague","T_T_SH_NAT","Share of population  in metropolitan area over the national value","2010","2010","RATIO","Ratio","0","Units",,,19.9,,
"CZ001","Prague","T_T_SH_NAT","Share of population  in metropolitan area over the national value","2011","2011","RATIO","Ratio","0","Units",,,19.9,,
"CZ001","Prague","T_T_SH_NAT","Share of population  in metropolitan area over the national value","2012","2012","RATIO","Ratio","0","Units",,,20,,
"CZ001","Prague","T_T_SH_NAT","Share of population  in metropolitan area over the national value","2013","2013","RATIO","Ratio","0","Units",,,20,,
"CZ001","Prague","T_T_SH_NAT","Share of population  in metropolitan area over the national value","2014","2014","RATIO","Ratio","0","Units",,,20.3,,
"CZ001","Prague","T_T_SH_NAT","Share of population  in metropolitan area over the national value","2015","2015","RATIO","Ratio","0","Units",,,20.4,,
"CZ001","Prague","T_T_SH_NAT","Share of population  in metropolitan area over the national value","2016","2016","RATIO","Ratio","0","Units",,,20.6,,
"BE004","Charleroi","T_T_SH_NAT","Share of population  in metropolitan area over the national value","2001","2001","RATIO","Ratio","0","Units",,,4.6,,
"BE004","Charleroi","T_T_SH_NAT","Share of population  in metropolitan area over the national value","2002","2002","RATIO","Ratio","0","Units",,,4.6,,
"BE004","Charleroi","T_T_SH_NAT","Share of population  in metropolitan area over the national value","2003","2003","RATIO","Ratio","0","Units",,,4.6,,
"BE004","Charleroi","T_T_SH_NAT","Share of population  in metropolitan area over the national value","2004","2004","RATIO","Ratio","0","Units",,,4.6,,
"BE004","Charleroi","T_T_SH_NAT","Share of population  in metropolitan area over the national value","2005","2005","RATIO","Ratio","0","Units",,,4.6,,
"BE004","Charleroi","T_T_SH_NAT","Share of population  in metropolitan area over the national value","2006","2006","RATIO","Ratio","0","Units",,,4.5,,
"BE004","Charleroi","T_T_SH_NAT","Share of population  in metropolitan area over the national value","2007","2007","RATIO","Ratio","0","Units",,,4.5,,
"BE004","Charleroi","T_T_SH_NAT","Share of population  in metropolitan area over the national value","2008","2008","RATIO","Ratio","0","Units",,,4.5,,
"BE004","Charleroi","T_T_SH_NAT","Share of population  in metropolitan area over the national value","2009","2009","RATIO","Ratio","0","Units",,,4.5,,
"BE004","Charleroi","T_T_SH_NAT","Share of population  in metropolitan area over the national value","2010","2010","RATIO","Ratio","0","Units",,,4.5,,
"BE004","Charleroi","T_T_SH_NAT","Share of population  in metropolitan area over the national value","2011","2011","RATIO","Ratio","0","Units",,,4.4,,
"BE004","Charleroi","T_T_SH_NAT","Share of population  in metropolitan area over the national value","2012","2012","RATIO","Ratio","0","Units",,,4.4,,
"BE004","Charleroi","T_T_SH_NAT","Share of population  in metropolitan area over the national value","2013","2013","RATIO","Ratio","0","Units",,,4.4,,
"BE004","Charleroi","T_T_SH_NAT","Share of population  in metropolitan area over the national value","2014","2014","RATIO","Ratio","0","Units",,,4.4,,
"BE004","Charleroi","T_T_SH_NAT","Share of population  in metropolitan area over the national value","2015","2015","RATIO","Ratio","0","Units",,,4.3,,
"BE004","Charleroi","T_T_SH_NAT","Share of population  in metropolitan area over the national value","2016","2016","RATIO","Ratio","0","Units",,,4.3,,
"MEX20","Hermosillo","T_T","Population, All ages. Administrative data","2000","2000","PER","Persons","0","Units",,,674235,,
"MEX20","Hermosillo","T_T","Population, All ages. Administrative data","2005","2005","PER","Persons","0","Units",,,677846,,
"MEX20","Hermosillo","T_T","Population, All ages. Administrative data","2010","2010","PER","Persons","0","Units",,,775441,,
"MEX20","Hermosillo","T_T","Population, All ages. Administrative data","2015","2015","PER","Persons","0","Units",,,899048,,
"FR038","Le Mans","T_T","Population, All ages. Administrative data","2000","2000","PER","Persons","0","Units",,,331734,,
"FR038","Le Mans","T_T","Population, All ages. Administrative data","2001","2001","PER","Persons","0","Units",,,333650,,
"FR038","Le Mans","T_T","Population, All ages. Administrative data","2002","2002","PER","Persons","0","Units",,,335566,,
"FR038","Le Mans","T_T","Population, All ages. Administrative data","2003","2003","PER","Persons","0","Units",,,337482,,
"FR038","Le Mans","T_T","Population, All ages. Administrative data","2004","2004","PER","Persons","0","Units",,,339399,,
"FR038","Le Mans","T_T","Population, All ages. Administrative data","2005","2005","PER","Persons","0","Units",,,341315,,
"FR038","Le Mans","T_T","Population, All ages. Administrative data","2006","2006","PER","Persons","0","Units",,,343231,,
"FR038","Le Mans","T_T","Population, All ages. Administrative data","2007","2007","PER","Persons","0","Units",,,345147,,
"FR038","Le Mans","T_T","Population, All ages. Administrative data","2008","2008","PER","Persons","0","Units",,,347063,,
"FR038","Le Mans","T_T","Population, All ages. Administrative data","2009","2009","PER","Persons","0","Units",,,348980,,
"FR038","Le Mans","T_T","Population, All ages. Administrative data","2010","2010","PER","Persons","0","Units",,,350602,,
"FR038","Le Mans","T_T","Population, All ages. Administrative data","2011","2011","PER","Persons","0","Units",,,352224,,
"FR038","Le Mans","T_T","Population, All ages. Administrative data","2012","2012","PER","Persons","0","Units",,,353845,,
"FR038","Le Mans","T_T","Population, All ages. Administrative data","2013","2013","PER","Persons","0","Units",,,355467,,
"FR038","Le Mans","T_T","Population, All ages. Administrative data","2014","2014","PER","Persons","0","Units",,,357089,,
"FR038","Le Mans","T_T","Population, All ages. Administrative data","2015","2015","PER","Persons","0","Units",,,357743,,
"FR026","Grenoble","POP_DEN","Population density (pop. per km2)","2000","2000","PER","Persons","0","Units",,,232,,
"FR026","Grenoble","POP_DEN","Population density (pop. per km2)","2001","2001","PER","Persons","0","Units",,,233,,
"FR026","Grenoble","POP_DEN","Population density (pop. per km2)","2002","2002","PER","Persons","0","Units",,,234,,
"FR026","Grenoble","POP_DEN","Population density (pop. per km2)","2003","2003","PER","Persons","0","Units",,,236,,
"FR026","Grenoble","POP_DEN","Population density (pop. per km2)","2004","2004","PER","Persons","0","Units",,,237,,
"FR026","Grenoble","POP_DEN","Population density (pop. per km2)","2005","2005","PER","Persons","0","Units",,,238,,
"FR026","Grenoble","POP_DEN","Population density (pop. per km2)","2006","2006","PER","Persons","0","Units",,,239,,
"FR026","Grenoble","POP_DEN","Population density (pop. per km2)","2007","2007","PER","Persons","0","Units",,,240,,
"FR026","Grenoble","POP_DEN","Population density (pop. per km2)","2008","2008","PER","Persons","0","Units",,,241,,
"FR026","Grenoble","POP_DEN","Population density (pop. per km2)","2009","2009","PER","Persons","0","Units",,,242,,
"FR026","Grenoble","POP_DEN","Population density (pop. per km2)","2010","2010","PER","Persons","0","Units",,,244,,
"FR026","Grenoble","POP_DEN","Population density (pop. per km2)","2011","2011","PER","Persons","0","Units",,,245,,
"FR026","Grenoble","POP_DEN","Population density (pop. per km2)","2012","2012","PER","Persons","0","Units",,,247,,
"FR026","Grenoble","POP_DEN","Population density (pop. per km2)","2013","2013","PER","Persons","0","Units",,,249,,
"FR026","Grenoble","POP_DEN","Population density (pop. per km2)","2014","2014","PER","Persons","0","Units",,,250,,
"FR026","Grenoble","POP_DEN","Population density (pop. per km2)","2015","2015","PER","Persons","0","Units",,,247,,
"USA152","Webb","T_T_SH_NAT","Share of population  in metropolitan area over the national value","2001","2001","RATIO","Ratio","0","Units",,,0.1,,
"USA152","Webb","T_T_SH_NAT","Share of population  in metropolitan area over the national value","2002","2002","RATIO","Ratio","0","Units",,,0.1,,
"USA152","Webb","T_T_SH_NAT","Share of population  in metropolitan area over the national value","2003","2003","RATIO","Ratio","0","Units",,,0.1,,
"USA152","Webb","T_T_SH_NAT","Share of population  in metropolitan area over the national value","2004","2004","RATIO","Ratio","0","Units",,,0.1,,
"USA152","Webb","T_T_SH_NAT","Share of population  in metropolitan area over the national value","2005","2005","RATIO","Ratio","0","Units",,,0.1,,
"USA152","Webb","T_T_SH_NAT","Share of population  in metropolitan area over the national value","2006","2006","RATIO","Ratio","0","Units",,,0.1,,
"USA152","Webb","T_T_SH_NAT","Share of population  in metropolitan area over the national value","2007","2007","RATIO","Ratio","0","Units",,,0.1,,
"USA152","Webb","T_T_SH_NAT","Share of population  in metropolitan area over the national value","2008","2008","RATIO","Ratio","0","Units",,,0.1,,
"USA152","Webb","T_T_SH_NAT","Share of population  in metropolitan area over the national value","2009","2009","RATIO","Ratio","0","Units",,,0.1,,
"USA152","Webb","T_T_SH_NAT","Share of population  in metropolitan area over the national value","2010","2010","RATIO","Ratio","0","Units",,,0.1,,
"USA152","Webb","T_T_SH_NAT","Share of population  in metropolitan area over the national value","2011","2011","RATIO","Ratio","0","Units",,,0.1,,
"USA152","Webb","T_T_SH_NAT","Share of population  in metropolitan area over the national value","2012","2012","RATIO","Ratio","0","Units",,,0.1,,
"USA152","Webb","T_T_SH_NAT","Share of population  in metropolitan area over the national value","2013","2013","RATIO","Ratio","0","Units",,,0.1,,
"USA152","Webb","T_T_SH_NAT","Share of population  in metropolitan area over the national value","2014","2014","RATIO","Ratio","0","Units",,,0.1,,
"USA152","Webb","T_T_SH_NAT","Share of population  in metropolitan area over the national value","2015","2015","RATIO","Ratio","0","Units",,,0.1,,
"USA152","Webb","T_T_SH_NAT","Share of population  in metropolitan area over the national value","2016","2016","RATIO","Ratio","0","Units",,,0.1,,
"MEX61","San Juan del Rio","POP_DEN","Population density (pop. per km2)","2000","2000","PER","Persons","0","Units",,,251,,
"MEX61","San Juan del Rio","POP_DEN","Population density (pop. per km2)","2005","2005","PER","Persons","0","Units",,,261,,
"MEX61","San Juan del Rio","POP_DEN","Population density (pop. per km2)","2010","2010","PER","Persons","0","Units",,,311,,
"MEX61","San Juan del Rio","POP_DEN","Population density (pop. per km2)","2015","2015","PER","Persons","0","Units",,,374,,
"JPN34","Koriyama","POP_DEN","Population density (pop. per km2)","2000","2000","PER","Persons","0","Units",,,300,,
"JPN34","Koriyama","POP_DEN","Population density (pop. per km2)","2001","2001","PER","Persons","0","Units",,,301,,
"JPN34","Koriyama","POP_DEN","Population density (pop. per km2)","2002","2002","PER","Persons","0","Units",,,301,,
"JPN34","Koriyama","POP_DEN","Population density (pop. per km2)","2003","2003","PER","Persons","0","Units",,,301,,
"JPN34","Koriyama","POP_DEN","Population density (pop. per km2)","2004","2004","PER","Persons","0","Units",,,302,,
"JPN34","Koriyama","POP_DEN","Population density (pop. per km2)","2005","2005","PER","Persons","0","Units",,,302,,
"JPN34","Koriyama","POP_DEN","Population density (pop. per km2)","2006","2006","PER","Persons","0","Units",,,301,,
"JPN34","Koriyama","POP_DEN","Population density (pop. per km2)","2007","2007","PER","Persons","0","Units",,,300,,
"JPN34","Koriyama","POP_DEN","Population density (pop. per km2)","2008","2008","PER","Persons","0","Units",,,299,,
"JPN34","Koriyama","POP_DEN","Population density (pop. per km2)","2009","2009","PER","Persons","0","Units",,,298,,
"JPN34","Koriyama","POP_DEN","Population density (pop. per km2)","2010","2010","PER","Persons","0","Units",,,297,,
"JPN34","Koriyama","POP_DEN","Population density (pop. per km2)","2011","2011","PER","Persons","0","Units",,,295,,
"JPN34","Koriyama","POP_DEN","Population density (pop. per km2)","2012","2012","PER","Persons","0","Units",,,294,,
"JPN34","Koriyama","POP_DEN","Population density (pop. per km2)","2013","2013","PER","Persons","0","Units",,,293,,
"JPN34","Koriyama","POP_DEN","Population density (pop. per km2)","2014","2014","PER","Persons","0","Units",,,292,,
"JPN34","Koriyama","POP_DEN","Population density (pop. per km2)","2015","2015","PER","Persons","0","Units",,,290,,
"KOR09","Deokjin","T_T_SH_NAT","Share of population  in metropolitan area over the national value","2001","2001","RATIO","Ratio","0","Units",,,1.5,,
"KOR09","Deokjin","T_T_SH_NAT","Share of population  in metropolitan area over the national value","2002","2002","RATIO","Ratio","0","Units",,,1.5,,
"KOR09","Deokjin","T_T_SH_NAT","Share of population  in metropolitan area over the national value","2003","2003","RATIO","Ratio","0","Units",,,1.5,,
"KOR09","Deokjin","T_T_SH_NAT","Share of population  in metropolitan area over the national value","2004","2004","RATIO","Ratio","0","Units",,,1.5,,
"KOR09","Deokjin","T_T_SH_NAT","Share of population  in metropolitan area over the national value","2005","2005","RATIO","Ratio","0","Units",,,1.5,,
"KOR09","Deokjin","T_T_SH_NAT","Share of population  in metropolitan area over the national value","2006","2006","RATIO","Ratio","0","Units",,,1.5,,
"KOR09","Deokjin","T_T_SH_NAT","Share of population  in metropolitan area over the national value","2007","2007","RATIO","Ratio","0","Units",,,1.5,,
"KOR09","Deokjin","T_T_SH_NAT","Share of population  in metropolitan area over the national value","2008","2008","RATIO","Ratio","0","Units",,,1.5,,
"KOR09","Deokjin","T_T_SH_NAT","Share of population  in metropolitan area over the national value","2009","2009","RATIO","Ratio","0","Units",,,1.5,,
"KOR09","Deokjin","T_T_SH_NAT","Share of population  in metropolitan area over the national value","2010","2010","RATIO","Ratio","0","Units",,,1.5,,
"KOR09","Deokjin","T_T_SH_NAT","Share of population  in metropolitan area over the national value","2011","2011","RATIO","Ratio","0","Units",,,1.5,,
"KOR09","Deokjin","T_T_SH_NAT","Share of population  in metropolitan area over the national value","2012","2012","RATIO","Ratio","0","Units",,,1.5,,
"KOR09","Deokjin","T_T_SH_NAT","Share of population  in metropolitan area over the national value","2013","2013","RATIO","Ratio","0","Units",,,1.5,,
"KOR09","Deokjin","T_T_SH_NAT","Share of population  in metropolitan area over the national value","2014","2014","RATIO","Ratio","0","Units",,,1.5,,
"KOR09","Deokjin","T_T_SH_NAT","Share of population  in metropolitan area over the national value","2015","2015","RATIO","Ratio","0","Units",,,1.5,,
"KOR09","Deokjin","T_T_SH_NAT","Share of population  in metropolitan area over the national value","2016","2016","RATIO","Ratio","0","Units",,,1.5,,
"COL20","Popayan","POP_DEN","Population density (pop. per km2)","2000","2000","PER","Persons","0","Units",,,489,,
"COL20","Popayan","POP_DEN","Population density (pop. per km2)","2001","2001","PER","Persons","0","Units",,,497,,
"COL20","Popayan","POP_DEN","Population density (pop. per km2)","2002","2002","PER","Persons","0","Units",,,505,,
"COL20","Popayan","POP_DEN","Population density (pop. per km2)","2003","2003","PER","Persons","0","Units",,,512,,
"COL20","Popayan","POP_DEN","Population density (pop. per km2)","2004","2004","PER","Persons","0","Units",,,520,,
"COL20","Popayan","POP_DEN","Population density (pop. per km2)","2005","2005","PER","Persons","0","Units",,,528,,
"COL20","Popayan","POP_DEN","Population density (pop. per km2)","2006","2006","PER","Persons","0","Units",,,535,,
"COL20","Popayan","POP_DEN","Population density (pop. per km2)","2007","2007","PER","Persons","0","Units",,,543,,
"COL20","Popayan","POP_DEN","Population density (pop. per km2)","2008","2008","PER","Persons","0","Units",,,551,,
"COL20","Popayan","POP_DEN","Population density (pop. per km2)","2009","2009","PER","Persons","0","Units",,,558,,
"COL20","Popayan","POP_DEN","Population density (pop. per km2)","2010","2010","PER","Persons","0","Units",,,566,,
"COL20","Popayan","POP_DEN","Population density (pop. per km2)","2011","2011","PER","Persons","0","Units",,,574,,
"COL20","Popayan","POP_DEN","Population density (pop. per km2)","2012","2012","PER","Persons","0","Units",,,581,,
"COL20","Popayan","POP_DEN","Population density (pop. per km2)","2013","2013","PER","Persons","0","Units",,,589,,
"COL20","Popayan","POP_DEN","Population density (pop. per km2)","2014","2014","PER","Persons","0","Units",,,597,,
"COL20","Popayan","POP_DEN","Population density (pop. per km2)","2015","2015","PER","Persons","0","Units",,,604,,
"UK001","London","POP_DEN","Population density (pop. per km2)","2001","2001","PER","Persons","0","Units",,,1571,,
"UK001","London","POP_DEN","Population density (pop. per km2)","2002","2002","PER","Persons","0","Units",,,1581,,
"UK001","London","POP_DEN","Population density (pop. per km2)","2003","2003","PER","Persons","0","Units",,,1586,,
"UK001","London","POP_DEN","Population density (pop. per km2)","2004","2004","PER","Persons","0","Units",,,1594,,
"UK001","London","POP_DEN","Population density (pop. per km2)","2005","2005","PER","Persons","0","Units",,,1611,,
"UK001","London","POP_DEN","Population density (pop. per km2)","2006","2006","PER","Persons","0","Units",,,1627,,
"UK001","London","POP_DEN","Population density (pop. per km2)","2007","2007","PER","Persons","0","Units",,,1647,,
"UK001","London","POP_DEN","Population density (pop. per km2)","2008","2008","PER","Persons","0","Units",,,1669,,
"UK001","London","POP_DEN","Population density (pop. per km2)","2009","2009","PER","Persons","0","Units",,,1693,,
"UK001","London","POP_DEN","Population density (pop. per km2)","2010","2010","PER","Persons","0","Units",,,1716,,
"UK001","London","POP_DEN","Population density (pop. per km2)","2011","2011","PER","Persons","0","Units",,,1742,,
"UK001","London","POP_DEN","Population density (pop. per km2)","2012","2012","PER","Persons","0","Units",,,1762,,
"UK001","London","POP_DEN","Population density (pop. per km2)","2013","2013","PER","Persons","0","Units",,,1783,,
"UK001","London","POP_DEN","Population density (pop. per km2)","2014","2014","PER","Persons","0","Units",,,1807,,
"UK001","London","POP_DEN","Population density (pop. per km2)","2015","2015","PER","Persons","0","Units",,,1831,,
"UK001","London","POP_DEN","Population density (pop. per km2)","2016","2016","PER","Persons","0","Units",,,1851,,
"USA11","Boston","T_T","Population, All ages. Administrative data","2000","2000","PER","Persons","0","Units",,,4010014,,
"USA11","Boston","T_T","Population, All ages. Administrative data","2001","2001","PER","Persons","0","Units",,,4034818,,
"USA11","Boston","T_T","Population, All ages. Administrative data","2002","2002","PER","Persons","0","Units",,,4038005,,
"USA11","Boston","T_T","Population, All ages. Administrative data","2003","2003","PER","Persons","0","Units",,,4029984,,
"USA11","Boston","T_T","Population, All ages. Administrative data","2004","2004","PER","Persons","0","Units",,,4017927,,
"USA11","Boston","T_T","Population, All ages. Administrative data","2005","2005","PER","Persons","0","Units",,,4008175,,
"USA11","Boston","T_T","Population, All ages. Administrative data","2006","2006","PER","Persons","0","Units",,,4013375,,
"USA11","Boston","T_T","Population, All ages. Administrative data","2007","2007","PER","Persons","0","Units",,,4031971,,
"USA11","Boston","T_T","Population, All ages. Administrative data","2008","2008","PER","Persons","0","Units",,,4065685,,
"USA11","Boston","T_T","Population, All ages. Administrative data","2009","2009","PER","Persons","0","Units",,,4109103,,
"USA11","Boston","T_T","Population, All ages. Administrative data","2010","2010","PER","Persons","0","Units",,,4146757,,
"USA11","Boston","T_T","Population, All ages. Administrative data","2011","2011","PER","Persons","0","Units",,,4188364,,
"USA11","Boston","T_T","Population, All ages. Administrative data","2012","2012","PER","Persons","0","Units",,,4230796,,
"USA11","Boston","T_T","Population, All ages. Administrative data","2013","2013","PER","Persons","0","Units",,,4276297,,
"USA11","Boston","T_T","Population, All ages. Administrative data","2014","2014","PER","Persons","0","Units",,,4314579,,
"USA11","Boston","T_T","Population, All ages. Administrative data","2015","2015","PER","Persons","0","Units",,,4347346,,
"USA11","Boston","T_T","Population, All ages. Administrative data","2016","2016","PER","Persons","0","Units",,,4374750,,
"CL017","Talca","T_T","Population, All ages. Administrative data","2000","2000","PER","Persons","0","Units",,,215738,,
"CL017","Talca","T_T","Population, All ages. Administrative data","2001","2001","PER","Persons","0","Units",,,221163,,
"CL017","Talca","T_T","Population, All ages. Administrative data","2002","2002","PER","Persons","0","Units",,,226588,,
"CL017","Talca","T_T","Population, All ages. Administrative data","2003","2003","PER","Persons","0","Units",,,230254,,
"CL017","Talca","T_T","Population, All ages. Administrative data","2004","2004","PER","Persons","0","Units",,,233936,,
"CL017","Talca","T_T","Population, All ages. Administrative data","2005","2005","PER","Persons","0","Units",,,237712,,
"CL017","Talca","T_T","Population, All ages. Administrative data","2006","2006","PER","Persons","0","Units",,,241593,,
"CL017","Talca","T_T","Population, All ages. Administrative data","2007","2007","PER","Persons","0","Units",,,245549,,
"CL017","Talca","T_T","Population, All ages. Administrative data","2008","2008","PER","Persons","0","Units",,,249733,,
"CL017","Talca","T_T","Population, All ages. Administrative data","2009","2009","PER","Persons","0","Units",,,254156,,
"CL017","Talca","T_T","Population, All ages. Administrative data","2010","2010","PER","Persons","0","Units",,,258586,,
"CL017","Talca","T_T","Population, All ages. Administrative data","2011","2011","PER","Persons","0","Units",,,263143,,
"CL017","Talca","T_T","Population, All ages. Administrative data","2012","2012","PER","Persons","0","Units",,,267852,,
"CL017","Talca","T_T","Population, All ages. Administrative data","2013","2013","PER","Persons","0","Units",,,272582,,
"CL017","Talca","T_T","Population, All ages. Administrative data","2014","2014","PER","Persons","0","Units",,,277536,,
"CL017","Talca","T_T","Population, All ages. Administrative data","2015","2015","PER","Persons","0","Units",,,282673,,
"CL017","Talca","T_T","Population, All ages. Administrative data","2016","2016","PER","Persons","0","Units",,,287998,,
"CAN11","Kitchener","T_T_SH_NAT","Share of population  in metropolitan area over the national value","2001","2001","RATIO","Ratio","0","Units",,,1.6,,
"CAN11","Kitchener","T_T_SH_NAT","Share of population  in metropolitan area over the national value","2002","2002","RATIO","Ratio","0","Units",,,1.6,,
"CAN11","Kitchener","T_T_SH_NAT","Share of population  in metropolitan area over the national value","2003","2003","RATIO","Ratio","0","Units",,,1.6,,
"CAN11","Kitchener","T_T_SH_NAT","Share of population  in metropolitan area over the national value","2004","2004","RATIO","Ratio","0","Units",,,1.6,,
"CAN11","Kitchener","T_T_SH_NAT","Share of population  in metropolitan area over the national value","2005","2005","RATIO","Ratio","0","Units",,,1.6,,
"CAN11","Kitchener","T_T_SH_NAT","Share of population  in metropolitan area over the national value","2006","2006","RATIO","Ratio","0","Units",,,1.6,,
"CAN11","Kitchener","T_T_SH_NAT","Share of population  in metropolitan area over the national value","2007","2007","RATIO","Ratio","0","Units",,,1.6,,
"CAN11","Kitchener","T_T_SH_NAT","Share of population  in metropolitan area over the national value","2008","2008","RATIO","Ratio","0","Units",,,1.6,,
"CAN11","Kitchener","T_T_SH_NAT","Share of population  in metropolitan area over the national value","2009","2009","RATIO","Ratio","0","Units",,,1.6,,
"CAN11","Kitchener","T_T_SH_NAT","Share of population  in metropolitan area over the national value","2010","2010","RATIO","Ratio","0","Units",,,1.6,,
"CAN11","Kitchener","T_T_SH_NAT","Share of population  in metropolitan area over the national value","2011","2011","RATIO","Ratio","0","Units",,,1.6,,
"CAN11","Kitchener","T_T_SH_NAT","Share of population  in metropolitan area over the national value","2012","2012","RATIO","Ratio","0","Units",,,1.6,,
"CAN11","Kitchener","T_T_SH_NAT","Share of population  in metropolitan area over the national value","2013","2013","RATIO","Ratio","0","Units",,,1.5,,
"CAN11","Kitchener","T_T_SH_NAT","Share of population  in metropolitan area over the national value","2014","2014","RATIO","Ratio","0","Units",,,1.5,,
"CAN11","Kitchener","T_T_SH_NAT","Share of population  in metropolitan area over the national value","2015","2015","RATIO","Ratio","0","Units",,,1.6,,
"CAN11","Kitchener","T_T_SH_NAT","Share of population  in metropolitan area over the national value","2016","2016","RATIO","Ratio","0","Units",,,1.5,,
"MEX48","Cordoba","POP_DEN","Population density (pop. per km2)","2000","2000","PER","Persons","0","Units",,,690,,
"MEX48","Cordoba","POP_DEN","Population density (pop. per km2)","2005","2005","PER","Persons","0","Units",,,680,,
"MEX48","Cordoba","POP_DEN","Population density (pop. per km2)","2010","2010","PER","Persons","0","Units",,,728,,
"MEX48","Cordoba","POP_DEN","Population density (pop. per km2)","2015","2015","PER","Persons","0","Units",,,818,,
"USA19","San Antonio","POP_DEN","Population density (pop. per km2)","2000","2000","PER","Persons","0","Units",,,79,,
"USA19","San Antonio","POP_DEN","Population density (pop. per km2)","2001","2001","PER","Persons","0","Units",,,80,,
"USA19","San Antonio","POP_DEN","Population density (pop. per km2)","2002","2002","PER","Persons","0","Units",,,81,,
"USA19","San Antonio","POP_DEN","Population density (pop. per km2)","2003","2003","PER","Persons","0","Units",,,83,,
"USA19","San Antonio","POP_DEN","Population density (pop. per km2)","2004","2004","PER","Persons","0","Units",,,85,,
"USA19","San Antonio","POP_DEN","Population density (pop. per km2)","2005","2005","PER","Persons","0","Units",,,87,,
"USA19","San Antonio","POP_DEN","Population density (pop. per km2)","2006","2006","PER","Persons","0","Units",,,89,,
"USA19","San Antonio","POP_DEN","Population density (pop. per km2)","2007","2007","PER","Persons","0","Units",,,92,,
"USA19","San Antonio","POP_DEN","Population density (pop. per km2)","2008","2008","PER","Persons","0","Units",,,94,,
"USA19","San Antonio","POP_DEN","Population density (pop. per km2)","2009","2009","PER","Persons","0","Units",,,96,,
"USA19","San Antonio","POP_DEN","Population density (pop. per km2)","2010","2010","PER","Persons","0","Units",,,98,,
"USA19","San Antonio","POP_DEN","Population density (pop. per km2)","2011","2011","PER","Persons","0","Units",,,100,,
"USA19","San Antonio","POP_DEN","Population density (pop. per km2)","2012","2012","PER","Persons","0","Units",,,102,,
"USA19","San Antonio","POP_DEN","Population density (pop. per km2)","2013","2013","PER","Persons","0","Units",,,104,,
"USA19","San Antonio","POP_DEN","Population density (pop. per km2)","2014","2014","PER","Persons","0","Units",,,106,,
"USA19","San Antonio","POP_DEN","Population density (pop. per km2)","2015","2015","PER","Persons","0","Units",,,108,,
"USA19","San Antonio","POP_DEN","Population density (pop. per km2)","2016","2016","PER","Persons","0","Units",,,111,,
"IT007","Florence","T_T_SH_NAT","Share of population  in metropolitan area over the national value","2001","2001","RATIO","Ratio","0","Units",,,1.3,,
"IT007","Florence","T_T_SH_NAT","Share of population  in metropolitan area over the national value","2002","2002","RATIO","Ratio","0","Units",,,1.3,,
"IT007","Florence","T_T_SH_NAT","Share of population  in metropolitan area over the national value","2003","2003","RATIO","Ratio","0","Units",,,1.3,,
"IT007","Florence","T_T_SH_NAT","Share of population  in metropolitan area over the national value","2004","2004","RATIO","Ratio","0","Units",,,1.3,,
"IT007","Florence","T_T_SH_NAT","Share of population  in metropolitan area over the national value","2005","2005","RATIO","Ratio","0","Units",,,1.3,,
"IT007","Florence","T_T_SH_NAT","Share of population  in metropolitan area over the national value","2006","2006","RATIO","Ratio","0","Units",,,1.3,,
"IT007","Florence","T_T_SH_NAT","Share of population  in metropolitan area over the national value","2007","2007","RATIO","Ratio","0","Units",,,1.3,,
"IT007","Florence","T_T_SH_NAT","Share of population  in metropolitan area over the national value","2008","2008","RATIO","Ratio","0","Units",,,1.3,,
"IT007","Florence","T_T_SH_NAT","Share of population  in metropolitan area over the national value","2009","2009","RATIO","Ratio","0","Units",,,1.3,,
"IT007","Florence","T_T_SH_NAT","Share of population  in metropolitan area over the national value","2010","2010","RATIO","Ratio","0","Units",,,1.3,,
"IT007","Florence","T_T_SH_NAT","Share of population  in metropolitan area over the national value","2011","2011","RATIO","Ratio","0","Units",,,1.3,,
"IT007","Florence","T_T_SH_NAT","Share of population  in metropolitan area over the national value","2012","2012","RATIO","Ratio","0","Units",,,1.3,,
"IT007","Florence","T_T_SH_NAT","Share of population  in metropolitan area over the national value","2013","2013","RATIO","Ratio","0","Units",,,1.3,,
"IT007","Florence","T_T_SH_NAT","Share of population  in metropolitan area over the national value","2014","2014","RATIO","Ratio","0","Units",,,1.3,,
"IT007","Florence","T_T_SH_NAT","Share of population  in metropolitan area over the national value","2015","2015","RATIO","Ratio","0","Units",,,1.3,,
"IT007","Florence","T_T_SH_NAT","Share of population  in metropolitan area over the national value","2016","2016","RATIO","Ratio","0","Units",,,1.3,,
"UK025","Coventry","T_T","Population, All ages. Administrative data","2001","2001","PER","Persons","0","Units",,,516419,,
"UK025","Coventry","T_T","Population, All ages. Administrative data","2002","2002","PER","Persons","0","Units",,,518278,,
"UK025","Coventry","T_T","Population, All ages. Administrative data","2003","2003","PER","Persons","0","Units",,,520439,,
"UK025","Coventry","T_T","Population, All ages. Administrative data","2004","2004","PER","Persons","0","Units",,,520891,,
"UK025","Coventry","T_T","Population, All ages. Administrative data","2005","2005","PER","Persons","0","Units",,,524274,,
"UK025","Coventry","T_T","Population, All ages. Administrative data","2006","2006","PER","Persons","0","Units",,,528773,,
"UK025","Coventry","T_T","Population, All ages. Administrative data","2007","2007","PER","Persons","0","Units",,,532832,,
"UK025","Coventry","T_T","Population, All ages. Administrative data","2008","2008","PER","Persons","0","Units",,,539068,,
"UK025","Coventry","T_T","Population, All ages. Administrative data","2009","2009","PER","Persons","0","Units",,,543244,,
"UK025","Coventry","T_T","Population, All ages. Administrative data","2010","2010","PER","Persons","0","Units",,,548824,,
"UK025","Coventry","T_T","Population, All ages. Administrative data","2011","2011","PER","Persons","0","Units",,,555147,,
"UK025","Coventry","T_T","Population, All ages. Administrative data","2012","2012","PER","Persons","0","Units",,,561957,,
"UK025","Coventry","T_T","Population, All ages. Administrative data","2013","2013","PER","Persons","0","Units",,,568450,,
"UK025","Coventry","T_T","Population, All ages. Administrative data","2014","2014","PER","Persons","0","Units",,,576932,,
"UK025","Coventry","T_T","Population, All ages. Administrative data","2015","2015","PER","Persons","0","Units",,,587636,,
"UK025","Coventry","T_T","Population, All ages. Administrative data","2016","2016","PER","Persons","0","Units",,,597994,,
"PT002","Porto","T_T","Population, All ages. Administrative data","2000","2000","PER","Persons","0","Units",,,1270820,,
"PT002","Porto","T_T","Population, All ages. Administrative data","2001","2001","PER","Persons","0","Units",,,1279194,,
"PT002","Porto","T_T","Population, All ages. Administrative data","2002","2002","PER","Persons","0","Units",,,1285739,,
"PT002","Porto","T_T","Population, All ages. Administrative data","2003","2003","PER","Persons","0","Units",,,1290873,,
"PT002","Porto","T_T","Population, All ages. Administrative data","2004","2004","PER","Persons","0","Units",,,1294719,,
"PT002","Porto","T_T","Population, All ages. Administrative data","2005","2005","PER","Persons","0","Units",,,1298084,,
"PT002","Porto","T_T","Population, All ages. Administrative data","2006","2006","PER","Persons","0","Units",,,1301335,,
"PT002","Porto","T_T","Population, All ages. Administrative data","2007","2007","PER","Persons","0","Units",,,1304255,,
"PT002","Porto","T_T","Population, All ages. Administrative data","2008","2008","PER","Persons","0","Units",,,1305666,,
"PT002","Porto","T_T","Population, All ages. Administrative data","2009","2009","PER","Persons","0","Units",,,1305907,,
"PT002","Porto","T_T","Population, All ages. Administrative data","2010","2010","PER","Persons","0","Units",,,1305293,,
"PT002","Porto","T_T","Population, All ages. Administrative data","2011","2011","PER","Persons","0","Units",,,1303322,,
"PT002","Porto","T_T","Population, All ages. Administrative data","2012","2012","PER","Persons","0","Units",,,1298392,,
"PT002","Porto","T_T","Population, All ages. Administrative data","2013","2013","PER","Persons","0","Units",,,1290895,,
"PT002","Porto","T_T","Population, All ages. Administrative data","2014","2014","PER","Persons","0","Units",,,1283329,,
"PT002","Porto","T_T","Population, All ages. Administrative data","2015","2015","PER","Persons","0","Units",,,1276508,,
"PT002","Porto","T_T","Population, All ages. Administrative data","2016","2016","PER","Persons","0","Units",,,1272104,,
"USA56","Rochester (NY)","T_T_SH_NAT","Share of population  in metropolitan area over the national value","2001","2001","RATIO","Ratio","0","Units",,,0.3,,
"USA56","Rochester (NY)","T_T_SH_NAT","Share of population  in metropolitan area over the national value","2002","2002","RATIO","Ratio","0","Units",,,0.3,,
"USA56","Rochester (NY)","T_T_SH_NAT","Share of population  in metropolitan area over the national value","2003","2003","RATIO","Ratio","0","Units",,,0.3,,
"USA56","Rochester (NY)","T_T_SH_NAT","Share of population  in metropolitan area over the national value","2004","2004","RATIO","Ratio","0","Units",,,0.3,,
"USA56","Rochester (NY)","T_T_SH_NAT","Share of population  in metropolitan area over the national value","2005","2005","RATIO","Ratio","0","Units",,,0.3,,
"USA56","Rochester (NY)","T_T_SH_NAT","Share of population  in metropolitan area over the national value","2006","2006","RATIO","Ratio","0","Units",,,0.3,,
"USA56","Rochester (NY)","T_T_SH_NAT","Share of population  in metropolitan area over the national value","2007","2007","RATIO","Ratio","0","Units",,,0.3,,
"USA56","Rochester (NY)","T_T_SH_NAT","Share of population  in metropolitan area over the national value","2008","2008","RATIO","Ratio","0","Units",,,0.3,,
"USA56","Rochester (NY)","T_T_SH_NAT","Share of population  in metropolitan area over the national value","2009","2009","RATIO","Ratio","0","Units",,,0.3,,
"USA56","Rochester (NY)","T_T_SH_NAT","Share of population  in metropolitan area over the national value","2010","2010","RATIO","Ratio","0","Units",,,0.3,,
"USA56","Rochester (NY)","T_T_SH_NAT","Share of population  in metropolitan area over the national value","2011","2011","RATIO","Ratio","0","Units",,,0.3,,
"USA56","Rochester (NY)","T_T_SH_NAT","Share of population  in metropolitan area over the national value","2012","2012","RATIO","Ratio","0","Units",,,0.3,,
"USA56","Rochester (NY)","T_T_SH_NAT","Share of population  in metropolitan area over the national value","2013","2013","RATIO","Ratio","0","Units",,,0.3,,
"USA56","Rochester (NY)","T_T_SH_NAT","Share of population  in metropolitan area over the national value","2014","2014","RATIO","Ratio","0","Units",,,0.3,,
"USA56","Rochester (NY)","T_T_SH_NAT","Share of population  in metropolitan area over the national value","2015","2015","RATIO","Ratio","0","Units",,,0.3,,
"USA56","Rochester (NY)","T_T_SH_NAT","Share of population  in metropolitan area over the national value","2016","2016","RATIO","Ratio","0","Units",,,0.3,,
"DK003","Odense","POP_DEN","Population density (pop. per km2)","2000","2000","PER","Persons","0","Units",,,149,,
"DK003","Odense","POP_DEN","Population density (pop. per km2)","2001","2001","PER","Persons","0","Units",,,149,,
"DK003","Odense","POP_DEN","Population density (pop. per km2)","2002","2002","PER","Persons","0","Units",,,150,,
"DK003","Odense","POP_DEN","Population density (pop. per km2)","2003","2003","PER","Persons","0","Units",,,150,,
"DK003","Odense","POP_DEN","Population density (pop. per km2)","2004","2004","PER","Persons","0","Units",,,150,,
"DK003","Odense","POP_DEN","Population density (pop. per km2)","2005","2005","PER","Persons","0","Units",,,151,,
"DK003","Odense","POP_DEN","Population density (pop. per km2)","2006","2006","PER","Persons","0","Units",,,152,,
"DK003","Odense","POP_DEN","Population density (pop. per km2)","2007","2007","PER","Persons","0","Units",,,152,,
"DK003","Odense","POP_DEN","Population density (pop. per km2)","2008","2008","PER","Persons","0","Units",,,153,,
"DK003","Odense","POP_DEN","Population density (pop. per km2)","2009","2009","PER","Persons","0","Units",,,153,,
"DK003","Odense","POP_DEN","Population density (pop. per km2)","2010","2010","PER","Persons","0","Units",,,154,,
"DK003","Odense","POP_DEN","Population density (pop. per km2)","2011","2011","PER","Persons","0","Units",,,154,,
"DK003","Odense","POP_DEN","Population density (pop. per km2)","2012","2012","PER","Persons","0","Units",,,154,,
"DK003","Odense","POP_DEN","Population density (pop. per km2)","2013","2013","PER","Persons","0","Units",,,155,,
"DK003","Odense","POP_DEN","Population density (pop. per km2)","2014","2014","PER","Persons","0","Units",,,156,,
"DK003","Odense","POP_DEN","Population density (pop. per km2)","2015","2015","PER","Persons","0","Units",,,156,,
"DK003","Odense","POP_DEN","Population density (pop. per km2)","2016","2016","PER","Persons","0","Units",,,157,,
"UK026","Kingston upon Hull","POP_DEN","Population density (pop. per km2)","2001","2001","PER","Persons","0","Units",,,228,,
"UK026","Kingston upon Hull","POP_DEN","Population density (pop. per km2)","2002","2002","PER","Persons","0","Units",,,229,,
"UK026","Kingston upon Hull","POP_DEN","Population density (pop. per km2)","2003","2003","PER","Persons","0","Units",,,231,,
"UK026","Kingston upon Hull","POP_DEN","Population density (pop. per km2)","2004","2004","PER","Persons","0","Units",,,233,,
"UK026","Kingston upon Hull","POP_DEN","Population density (pop. per km2)","2005","2005","PER","Persons","0","Units",,,235,,
"UK026","Kingston upon Hull","POP_DEN","Population density (pop. per km2)","2006","2006","PER","Persons","0","Units",,,236,,
"UK026","Kingston upon Hull","POP_DEN","Population density (pop. per km2)","2007","2007","PER","Persons","0","Units",,,237,,
"UK026","Kingston upon Hull","POP_DEN","Population density (pop. per km2)","2008","2008","PER","Persons","0","Units",,,238,,
"UK026","Kingston upon Hull","POP_DEN","Population density (pop. per km2)","2009","2009","PER","Persons","0","Units",,,238,,
"UK026","Kingston upon Hull","POP_DEN","Population density (pop. per km2)","2010","2010","PER","Persons","0","Units",,,238,,
"UK026","Kingston upon Hull","POP_DEN","Population density (pop. per km2)","2011","2011","PER","Persons","0","Units",,,238,,
"UK026","Kingston upon Hull","POP_DEN","Population density (pop. per km2)","2012","2012","PER","Persons","0","Units",,,239,,
"UK026","Kingston upon Hull","POP_DEN","Population density (pop. per km2)","2013","2013","PER","Persons","0","Units",,,239,,
"UK026","Kingston upon Hull","POP_DEN","Population density (pop. per km2)","2014","2014","PER","Persons","0","Units",,,240,,
"UK026","Kingston upon Hull","POP_DEN","Population density (pop. per km2)","2015","2015","PER","Persons","0","Units",,,240,,
"UK026","Kingston upon Hull","POP_DEN","Population density (pop. per km2)","2016","2016","PER","Persons","0","Units",,,241,,
"KOR16","Wonju","T_T_SH_NAT","Share of population  in metropolitan area over the national value","2001","2001","RATIO","Ratio","0","Units",,,0.6,,
"KOR16","Wonju","T_T_SH_NAT","Share of population  in metropolitan area over the national value","2002","2002","RATIO","Ratio","0","Units",,,0.6,,
"KOR16","Wonju","T_T_SH_NAT","Share of population  in metropolitan area over the national value","2003","2003","RATIO","Ratio","0","Units",,,0.6,,
"KOR16","Wonju","T_T_SH_NAT","Share of population  in metropolitan area over the national value","2004","2004","RATIO","Ratio","0","Units",,,0.6,,
"KOR16","Wonju","T_T_SH_NAT","Share of population  in metropolitan area over the national value","2005","2005","RATIO","Ratio","0","Units",,,0.6,,
"KOR16","Wonju","T_T_SH_NAT","Share of population  in metropolitan area over the national value","2006","2006","RATIO","Ratio","0","Units",,,0.6,,
"KOR16","Wonju","T_T_SH_NAT","Share of population  in metropolitan area over the national value","2007","2007","RATIO","Ratio","0","Units",,,0.6,,
"KOR16","Wonju","T_T_SH_NAT","Share of population  in metropolitan area over the national value","2008","2008","RATIO","Ratio","0","Units",,,0.6,,
"KOR16","Wonju","T_T_SH_NAT","Share of population  in metropolitan area over the national value","2009","2009","RATIO","Ratio","0","Units",,,0.6,,
"KOR16","Wonju","T_T_SH_NAT","Share of population  in metropolitan area over the national value","2010","2010","RATIO","Ratio","0","Units",,,0.6,,
"KOR16","Wonju","T_T_SH_NAT","Share of population  in metropolitan area over the national value","2011","2011","RATIO","Ratio","0","Units",,,0.6,,
"KOR16","Wonju","T_T_SH_NAT","Share of population  in metropolitan area over the national value","2012","2012","RATIO","Ratio","0","Units",,,0.7,,
"KOR16","Wonju","T_T_SH_NAT","Share of population  in metropolitan area over the national value","2013","2013","RATIO","Ratio","0","Units",,,0.6,,
"KOR16","Wonju","T_T_SH_NAT","Share of population  in metropolitan area over the national value","2014","2014","RATIO","Ratio","0","Units",,,0.6,,
"KOR16","Wonju","T_T_SH_NAT","Share of population  in metropolitan area over the national value","2015","2015","RATIO","Ratio","0","Units",,,0.7,,
"KOR16","Wonju","T_T_SH_NAT","Share of population  in metropolitan area over the national value","2016","2016","RATIO","Ratio","0","Units",,,0.7,,
"UK013","Newcastle upon Tyne","T_T_SH_NAT","Share of population  in metropolitan area over the national value","2001","2001","RATIO","Ratio","0","Units",,,1.9,,
"UK013","Newcastle upon Tyne","T_T_SH_NAT","Share of population  in metropolitan area over the national value","2002","2002","RATIO","Ratio","0","Units",,,1.9,,
"UK013","Newcastle upon Tyne","T_T_SH_NAT","Share of population  in metropolitan area over the national value","2003","2003","RATIO","Ratio","0","Units",,,1.9,,
"UK013","Newcastle upon Tyne","T_T_SH_NAT","Share of population  in metropolitan area over the national value","2004","2004","RATIO","Ratio","0","Units",,,1.9,,
"UK013","Newcastle upon Tyne","T_T_SH_NAT","Share of population  in metropolitan area over the national value","2005","2005","RATIO","Ratio","0","Units",,,1.9,,
"UK013","Newcastle upon Tyne","T_T_SH_NAT","Share of population  in metropolitan area over the national value","2006","2006","RATIO","Ratio","0","Units",,,1.9,,
"UK013","Newcastle upon Tyne","T_T_SH_NAT","Share of population  in metropolitan area over the national value","2007","2007","RATIO","Ratio","0","Units",,,1.8,,
"UK013","Newcastle upon Tyne","T_T_SH_NAT","Share of population  in metropolitan area over the national value","2008","2008","RATIO","Ratio","0","Units",,,1.8,,
"UK013","Newcastle upon Tyne","T_T_SH_NAT","Share of population  in metropolitan area over the national value","2009","2009","RATIO","Ratio","0","Units",,,1.8,,
"UK013","Newcastle upon Tyne","T_T_SH_NAT","Share of population  in metropolitan area over the national value","2010","2010","RATIO","Ratio","0","Units",,,1.8,,
"UK013","Newcastle upon Tyne","T_T_SH_NAT","Share of population  in metropolitan area over the national value","2011","2011","RATIO","Ratio","0","Units",,,1.8,,
"UK013","Newcastle upon Tyne","T_T_SH_NAT","Share of population  in metropolitan area over the national value","2012","2012","RATIO","Ratio","0","Units",,,1.8,,
"UK013","Newcastle upon Tyne","T_T_SH_NAT","Share of population  in metropolitan area over the national value","2013","2013","RATIO","Ratio","0","Units",,,1.8,,
"UK013","Newcastle upon Tyne","T_T_SH_NAT","Share of population  in metropolitan area over the national value","2014","2014","RATIO","Ratio","0","Units",,,1.8,,
"UK013","Newcastle upon Tyne","T_T_SH_NAT","Share of population  in metropolitan area over the national value","2015","2015","RATIO","Ratio","0","Units",,,1.8,,
"UK013","Newcastle upon Tyne","T_T_SH_NAT","Share of population  in metropolitan area over the national value","2016","2016","RATIO","Ratio","0","Units",,,1.8,,
"FR034","Valenciennes","POP_DEN","Population density (pop. per km2)","2000","2000","PER","Persons","0","Units",,,455,,
"FR034","Valenciennes","POP_DEN","Population density (pop. per km2)","2001","2001","PER","Persons","0","Units",,,455,,
"FR034","Valenciennes","POP_DEN","Population density (pop. per km2)","2002","2002","PER","Persons","0","Units",,,455,,
"FR034","Valenciennes","POP_DEN","Population density (pop. per km2)","2003","2003","PER","Persons","0","Units",,,455,,
"FR034","Valenciennes","POP_DEN","Population density (pop. per km2)","2004","2004","PER","Persons","0","Units",,,455,,
"FR034","Valenciennes","POP_DEN","Population density (pop. per km2)","2005","2005","PER","Persons","0","Units",,,455,,
"FR034","Valenciennes","POP_DEN","Population density (pop. per km2)","2006","2006","PER","Persons","0","Units",,,455,,
"FR034","Valenciennes","POP_DEN","Population density (pop. per km2)","2007","2007","PER","Persons","0","Units",,,455,,
"FR034","Valenciennes","POP_DEN","Population density (pop. per km2)","2008","2008","PER","Persons","0","Units",,,455,,
"FR034","Valenciennes","POP_DEN","Population density (pop. per km2)","2009","2009","PER","Persons","0","Units",,,455,,
"FR034","Valenciennes","POP_DEN","Population density (pop. per km2)","2010","2010","PER","Persons","0","Units",,,456,,
"FR034","Valenciennes","POP_DEN","Population density (pop. per km2)","2011","2011","PER","Persons","0","Units",,,456,,
"FR034","Valenciennes","POP_DEN","Population density (pop. per km2)","2012","2012","PER","Persons","0","Units",,,457,,
"FR034","Valenciennes","POP_DEN","Population density (pop. per km2)","2013","2013","PER","Persons","0","Units",,,457,,
"FR034","Valenciennes","POP_DEN","Population density (pop. per km2)","2014","2014","PER","Persons","0","Units",,,458,,
"FR034","Valenciennes","POP_DEN","Population density (pop. per km2)","2015","2015","PER","Persons","0","Units",,,451,,
"MEX05","Toluca","POP_DEN","Population density (pop. per km2)","2000","2000","PER","Persons","0","Units",,,646,,
"MEX05","Toluca","POP_DEN","Population density (pop. per km2)","2005","2005","PER","Persons","0","Units",,,652,,
"MEX05","Toluca","POP_DEN","Population density (pop. per km2)","2010","2010","PER","Persons","0","Units",,,759,,
"MEX05","Toluca","POP_DEN","Population density (pop. per km2)","2015","2015","PER","Persons","0","Units",,,904,,
"DE021","Gottingen","T_T","Population, All ages. Administrative data","2001","2001","PER","Persons","0","Units",,,416229,,
"DE021","Gottingen","T_T","Population, All ages. Administrative data","2002","2002","PER","Persons","0","Units",,,414878,,
"DE021","Gottingen","T_T","Population, All ages. Administrative data","2003","2003","PER","Persons","0","Units",,,414016,,
"DE021","Gottingen","T_T","Population, All ages. Administrative data","2004","2004","PER","Persons","0","Units",,,412455,,
"DE021","Gottingen","T_T","Population, All ages. Administrative data","2005","2005","PER","Persons","0","Units",,,411101,,
"DE021","Gottingen","T_T","Population, All ages. Administrative data","2006","2006","PER","Persons","0","Units",,,408501,,
"DE021","Gottingen","T_T","Population, All ages. Administrative data","2007","2007","PER","Persons","0","Units",,,406603,,
"DE021","Gottingen","T_T","Population, All ages. Administrative data","2008","2008","PER","Persons","0","Units",,,405018,,
"DE021","Gottingen","T_T","Population, All ages. Administrative data","2009","2009","PER","Persons","0","Units",,,401937,,
"DE021","Gottingen","T_T","Population, All ages. Administrative data","2010","2010","PER","Persons","0","Units",,,399546,,
"DE021","Gottingen","T_T","Population, All ages. Administrative data","2011","2011","PER","Persons","0","Units",,,385881,,
"DE021","Gottingen","T_T","Population, All ages. Administrative data","2012","2012","PER","Persons","0","Units",,,384274,,
"DE021","Gottingen","T_T","Population, All ages. Administrative data","2013","2013","PER","Persons","0","Units",,,383137,,
"DE021","Gottingen","T_T","Population, All ages. Administrative data","2014","2014","PER","Persons","0","Units",,,382639,,
"DE021","Gottingen","T_T","Population, All ages. Administrative data","2015","2015","PER","Persons","0","Units",,,383847,,
"DE021","Gottingen","T_T","Population, All ages. Administrative data","2016","2016","PER","Persons","0","Units",,,390259,,
"LT001","Vilnius","T_T","Population, All ages. Administrative data","2001","2001","PER","Persons","0","Units",,,680161,,
"LT001","Vilnius","T_T","Population, All ages. Administrative data","2002","2002","PER","Persons","0","Units",,,676849,,
"LT001","Vilnius","T_T","Population, All ages. Administrative data","2003","2003","PER","Persons","0","Units",,,676571,,
"LT001","Vilnius","T_T","Population, All ages. Administrative data","2004","2004","PER","Persons","0","Units",,,676929,,
"LT001","Vilnius","T_T","Population, All ages. Administrative data","2005","2005","PER","Persons","0","Units",,,676061,,
"LT001","Vilnius","T_T","Population, All ages. Administrative data","2006","2006","PER","Persons","0","Units",,,672177,,
"LT001","Vilnius","T_T","Population, All ages. Administrative data","2007","2007","PER","Persons","0","Units",,,671474,,
"LT001","Vilnius","T_T","Population, All ages. Administrative data","2008","2008","PER","Persons","0","Units",,,671815,,
"LT001","Vilnius","T_T","Population, All ages. Administrative data","2009","2009","PER","Persons","0","Units",,,674030,,
"LT001","Vilnius","T_T","Population, All ages. Administrative data","2010","2010","PER","Persons","0","Units",,,674136,,
"LT001","Vilnius","T_T","Population, All ages. Administrative data","2011","2011","PER","Persons","0","Units",,,665893,,
"LT001","Vilnius","T_T","Population, All ages. Administrative data","2012","2012","PER","Persons","0","Units",,,663159,,
"LT001","Vilnius","T_T","Population, All ages. Administrative data","2013","2013","PER","Persons","0","Units",,,666086,,
"LT001","Vilnius","T_T","Population, All ages. Administrative data","2014","2014","PER","Persons","0","Units",,,668294,,
"LT001","Vilnius","T_T","Population, All ages. Administrative data","2015","2015","PER","Persons","0","Units",,,671683,,
"LT001","Vilnius","T_T","Population, All ages. Administrative data","2016","2016","PER","Persons","0","Units",,,671702,,
"ES010","Palma de Mallorca","POP_DEN","Population density (pop. per km2)","2000","2000","PER","Persons","0","Units",,,262,,
"ES010","Palma de Mallorca","POP_DEN","Population density (pop. per km2)","2001","2001","PER","Persons","0","Units",,,266,,
"ES010","Palma de Mallorca","POP_DEN","Population density (pop. per km2)","2002","2002","PER","Persons","0","Units",,,271,,
"ES010","Palma de Mallorca","POP_DEN","Population density (pop. per km2)","2003","2003","PER","Persons","0","Units",,,275,,
"ES010","Palma de Mallorca","POP_DEN","Population density (pop. per km2)","2004","2004","PER","Persons","0","Units",,,279,,
"ES010","Palma de Mallorca","POP_DEN","Population density (pop. per km2)","2005","2005","PER","Persons","0","Units",,,284,,
"ES010","Palma de Mallorca","POP_DEN","Population density (pop. per km2)","2006","2006","PER","Persons","0","Units",,,288,,
"ES010","Palma de Mallorca","POP_DEN","Population density (pop. per km2)","2007","2007","PER","Persons","0","Units",,,292,,
"ES010","Palma de Mallorca","POP_DEN","Population density (pop. per km2)","2008","2008","PER","Persons","0","Units",,,297,,
"ES010","Palma de Mallorca","POP_DEN","Population density (pop. per km2)","2009","2009","PER","Persons","0","Units",,,301,,
"ES010","Palma de Mallorca","POP_DEN","Population density (pop. per km2)","2010","2010","PER","Persons","0","Units",,,305,,
"ES010","Palma de Mallorca","POP_DEN","Population density (pop. per km2)","2011","2011","PER","Persons","0","Units",,,310,,
"ES010","Palma de Mallorca","POP_DEN","Population density (pop. per km2)","2012","2012","PER","Persons","0","Units",,,314,,
"ES010","Palma de Mallorca","POP_DEN","Population density (pop. per km2)","2013","2013","PER","Persons","0","Units",,,319,,
"ES010","Palma de Mallorca","POP_DEN","Population density (pop. per km2)","2014","2014","PER","Persons","0","Units",,,323,,
"ES010","Palma de Mallorca","POP_DEN","Population density (pop. per km2)","2015","2015","PER","Persons","0","Units",,,327,,
"ES010","Palma de Mallorca","POP_DEN","Population density (pop. per km2)","2016","2016","PER","Persons","0","Units",,,332,,
"FR025","Besancon","T_T_SH_NAT","Share of population  in metropolitan area over the national value","2001","2001","RATIO","Ratio","0","Units",,,0.4,,
"FR025","Besancon","T_T_SH_NAT","Share of population  in metropolitan area over the national value","2002","2002","RATIO","Ratio","0","Units",,,0.4,,
"FR025","Besancon","T_T_SH_NAT","Share of population  in metropolitan area over the national value","2003","2003","RATIO","Ratio","0","Units",,,0.4,,
"FR025","Besancon","T_T_SH_NAT","Share of population  in metropolitan area over the national value","2004","2004","RATIO","Ratio","0","Units",,,0.4,,
"FR025","Besancon","T_T_SH_NAT","Share of population  in metropolitan area over the national value","2005","2005","RATIO","Ratio","0","Units",,,0.4,,
"FR025","Besancon","T_T_SH_NAT","Share of population  in metropolitan area over the national value","2006","2006","RATIO","Ratio","0","Units",,,0.4,,
"FR025","Besancon","T_T_SH_NAT","Share of population  in metropolitan area over the national value","2007","2007","RATIO","Ratio","0","Units",,,0.4,,
"FR025","Besancon","T_T_SH_NAT","Share of population  in metropolitan area over the national value","2008","2008","RATIO","Ratio","0","Units",,,0.4,,
"FR025","Besancon","T_T_SH_NAT","Share of population  in metropolitan area over the national value","2009","2009","RATIO","Ratio","0","Units",,,0.4,,
"FR025","Besancon","T_T_SH_NAT","Share of population  in metropolitan area over the national value","2010","2010","RATIO","Ratio","0","Units",,,0.4,,
"FR025","Besancon","T_T_SH_NAT","Share of population  in metropolitan area over the national value","2011","2011","RATIO","Ratio","0","Units",,,0.4,,
"FR025","Besancon","T_T_SH_NAT","Share of population  in metropolitan area over the national value","2012","2012","RATIO","Ratio","0","Units",,,0.4,,
"FR025","Besancon","T_T_SH_NAT","Share of population  in metropolitan area over the national value","2013","2013","RATIO","Ratio","0","Units",,,0.4,,
"FR025","Besancon","T_T_SH_NAT","Share of population  in metropolitan area over the national value","2014","2014","RATIO","Ratio","0","Units",,,0.4,,
"FR025","Besancon","T_T_SH_NAT","Share of population  in metropolitan area over the national value","2015","2015","RATIO","Ratio","0","Units",,,0.4,,
"JPN52","Shimonoseki","T_T_SH_NAT","Share of population  in metropolitan area over the national value","2001","2001","RATIO","Ratio","0","Units",,,0.2,,
"JPN52","Shimonoseki","T_T_SH_NAT","Share of population  in metropolitan area over the national value","2002","2002","RATIO","Ratio","0","Units",,,0.2,,
"JPN52","Shimonoseki","T_T_SH_NAT","Share of population  in metropolitan area over the national value","2003","2003","RATIO","Ratio","0","Units",,,0.2,,
"JPN52","Shimonoseki","T_T_SH_NAT","Share of population  in metropolitan area over the national value","2004","2004","RATIO","Ratio","0","Units",,,0.2,,
"JPN52","Shimonoseki","T_T_SH_NAT","Share of population  in metropolitan area over the national value","2005","2005","RATIO","Ratio","0","Units",,,0.2,,
"JPN52","Shimonoseki","T_T_SH_NAT","Share of population  in metropolitan area over the national value","2006","2006","RATIO","Ratio","0","Units",,,0.2,,
"JPN52","Shimonoseki","T_T_SH_NAT","Share of population  in metropolitan area over the national value","2007","2007","RATIO","Ratio","0","Units",,,0.2,,
"JPN52","Shimonoseki","T_T_SH_NAT","Share of population  in metropolitan area over the national value","2008","2008","RATIO","Ratio","0","Units",,,0.2,,
"JPN52","Shimonoseki","T_T_SH_NAT","Share of population  in metropolitan area over the national value","2009","2009","RATIO","Ratio","0","Units",,,0.2,,
"JPN52","Shimonoseki","T_T_SH_NAT","Share of population  in metropolitan area over the national value","2010","2010","RATIO","Ratio","0","Units",,,0.2,,
"JPN52","Shimonoseki","T_T_SH_NAT","Share of population  in metropolitan area over the national value","2011","2011","RATIO","Ratio","0","Units",,,0.2,,
"JPN52","Shimonoseki","T_T_SH_NAT","Share of population  in metropolitan area over the national value","2012","2012","RATIO","Ratio","0","Units",,,0.2,,
"JPN52","Shimonoseki","T_T_SH_NAT","Share of population  in metropolitan area over the national value","2013","2013","RATIO","Ratio","0","Units",,,0.2,,
"JPN52","Shimonoseki","T_T_SH_NAT","Share of population  in metropolitan area over the national value","2014","2014","RATIO","Ratio","0","Units",,,0.2,,
"JPN52","Shimonoseki","T_T_SH_NAT","Share of population  in metropolitan area over the national value","2015","2015","RATIO","Ratio","0","Units",,,0.2,,
"UK017","Cambridge","T_T_SH_NAT","Share of population  in metropolitan area over the national value","2001","2001","RATIO","Ratio","0","Units",,,0.5,,
"UK017","Cambridge","T_T_SH_NAT","Share of population  in metropolitan area over the national value","2002","2002","RATIO","Ratio","0","Units",,,0.5,,
"UK017","Cambridge","T_T_SH_NAT","Share of population  in metropolitan area over the national value","2003","2003","RATIO","Ratio","0","Units",,,0.5,,
"UK017","Cambridge","T_T_SH_NAT","Share of population  in metropolitan area over the national value","2004","2004","RATIO","Ratio","0","Units",,,0.5,,
"UK017","Cambridge","T_T_SH_NAT","Share of population  in metropolitan area over the national value","2005","2005","RATIO","Ratio","0","Units",,,0.6,,
"UK017","Cambridge","T_T_SH_NAT","Share of population  in metropolitan area over the national value","2006","2006","RATIO","Ratio","0","Units",,,0.6,,
"UK017","Cambridge","T_T_SH_NAT","Share of population  in metropolitan area over the national value","2007","2007","RATIO","Ratio","0","Units",,,0.6,,
"UK017","Cambridge","T_T_SH_NAT","Share of population  in metropolitan area over the national value","2008","2008","RATIO","Ratio","0","Units",,,0.6,,
"UK017","Cambridge","T_T_SH_NAT","Share of population  in metropolitan area over the national value","2009","2009","RATIO","Ratio","0","Units",,,0.6,,
"UK017","Cambridge","T_T_SH_NAT","Share of population  in metropolitan area over the national value","2010","2010","RATIO","Ratio","0","Units",,,0.6,,
"UK017","Cambridge","T_T_SH_NAT","Share of population  in metropolitan area over the national value","2011","2011","RATIO","Ratio","0","Units",,,0.6,,
"UK017","Cambridge","T_T_SH_NAT","Share of population  in metropolitan area over the national value","2012","2012","RATIO","Ratio","0","Units",,,0.6,,
"UK017","Cambridge","T_T_SH_NAT","Share of population  in metropolitan area over the national value","2013","2013","RATIO","Ratio","0","Units",,,0.6,,
"UK017","Cambridge","T_T_SH_NAT","Share of population  in metropolitan area over the national value","2014","2014","RATIO","Ratio","0","Units",,,0.6,,
"UK017","Cambridge","T_T_SH_NAT","Share of population  in metropolitan area over the national value","2015","2015","RATIO","Ratio","0","Units",,,0.6,,
"UK017","Cambridge","T_T_SH_NAT","Share of population  in metropolitan area over the national value","2016","2016","RATIO","Ratio","0","Units",,,0.6,,
"CAN02","Montreal","POP_DEN","Population density (pop. per km2)","2000","2000","PER","Persons","0","Units",,,311,,
"CAN02","Montreal","POP_DEN","Population density (pop. per km2)","2001","2001","PER","Persons","0","Units",,,314,,
"CAN02","Montreal","POP_DEN","Population density (pop. per km2)","2002","2002","PER","Persons","0","Units",,,317,,
"CAN02","Montreal","POP_DEN","Population density (pop. per km2)","2003","2003","PER","Persons","0","Units",,,320,,
"CAN02","Montreal","POP_DEN","Population density (pop. per km2)","2004","2004","PER","Persons","0","Units",,,323,,
"CAN02","Montreal","POP_DEN","Population density (pop. per km2)","2005","2005","PER","Persons","0","Units",,,325,,
"CAN02","Montreal","POP_DEN","Population density (pop. per km2)","2006","2006","PER","Persons","0","Units",,,328,,
"CAN02","Montreal","POP_DEN","Population density (pop. per km2)","2007","2007","PER","Persons","0","Units",,,331,,
"CAN02","Montreal","POP_DEN","Population density (pop. per km2)","2008","2008","PER","Persons","0","Units",,,334,,
"CAN02","Montreal","POP_DEN","Population density (pop. per km2)","2009","2009","PER","Persons","0","Units",,,338,,
"CAN02","Montreal","POP_DEN","Population density (pop. per km2)","2010","2010","PER","Persons","0","Units",,,342,,
"CAN02","Montreal","POP_DEN","Population density (pop. per km2)","2011","2011","PER","Persons","0","Units",,,345,,
"CAN02","Montreal","POP_DEN","Population density (pop. per km2)","2012","2012","PER","Persons","0","Units",,,348,,
"CAN02","Montreal","POP_DEN","Population density (pop. per km2)","2013","2013","PER","Persons","0","Units",,,351,,
"CAN02","Montreal","POP_DEN","Population density (pop. per km2)","2014","2014","PER","Persons","0","Units",,,353,,
"CAN02","Montreal","POP_DEN","Population density (pop. per km2)","2015","2015","PER","Persons","0","Units",,,356,,
"CAN02","Montreal","POP_DEN","Population density (pop. per km2)","2016","2016","PER","Persons","0","Units",,,359,,
"MEX58","Campeche","T_T","Population, All ages. Administrative data","2000","2000","PER","Persons","0","Units",,,233149,,
"MEX58","Campeche","T_T","Population, All ages. Administrative data","2005","2005","PER","Persons","0","Units",,,235622,,
"MEX58","Campeche","T_T","Population, All ages. Administrative data","2010","2010","PER","Persons","0","Units",,,257752,,
"MEX58","Campeche","T_T","Population, All ages. Administrative data","2015","2015","PER","Persons","0","Units",,,283683,,
"UK023","Portsmouth","POP_DEN","Population density (pop. per km2)","2001","2001","PER","Persons","0","Units",,,2497,,
"UK023","Portsmouth","POP_DEN","Population density (pop. per km2)","2002","2002","PER","Persons","0","Units",,,2503,,
"UK023","Portsmouth","POP_DEN","Population density (pop. per km2)","2003","2003","PER","Persons","0","Units",,,2517,,
"UK023","Portsmouth","POP_DEN","Population density (pop. per km2)","2004","2004","PER","Persons","0","Units",,,2536,,
"UK023","Portsmouth","POP_DEN","Population density (pop. per km2)","2005","2005","PER","Persons","0","Units",,,2552,,
"UK023","Portsmouth","POP_DEN","Population density (pop. per km2)","2006","2006","PER","Persons","0","Units",,,2558,,
"UK023","Portsmouth","POP_DEN","Population density (pop. per km2)","2007","2007","PER","Persons","0","Units",,,2566,,
"UK023","Portsmouth","POP_DEN","Population density (pop. per km2)","2008","2008","PER","Persons","0","Units",,,2585,,
"UK023","Portsmouth","POP_DEN","Population density (pop. per km2)","2009","2009","PER","Persons","0","Units",,,2606,,
"UK023","Portsmouth","POP_DEN","Population density (pop. per km2)","2010","2010","PER","Persons","0","Units",,,2633,,
"UK023","Portsmouth","POP_DEN","Population density (pop. per km2)","2011","2011","PER","Persons","0","Units",,,2655,,
"UK023","Portsmouth","POP_DEN","Population density (pop. per km2)","2012","2012","PER","Persons","0","Units",,,2671,,
"UK023","Portsmouth","POP_DEN","Population density (pop. per km2)","2013","2013","PER","Persons","0","Units",,,2680,,
"UK023","Portsmouth","POP_DEN","Population density (pop. per km2)","2014","2014","PER","Persons","0","Units",,,2699,,
"UK023","Portsmouth","POP_DEN","Population density (pop. per km2)","2015","2015","PER","Persons","0","Units",,,2720,,
"UK023","Portsmouth","POP_DEN","Population density (pop. per km2)","2016","2016","PER","Persons","0","Units",,,2746,,
"IT012","Verona","T_T","Population, All ages. Administrative data","2000","2000","PER","Persons","0","Units",,,447613,,
"IT012","Verona","T_T","Population, All ages. Administrative data","2001","2001","PER","Persons","0","Units",,,452078,,
"IT012","Verona","T_T","Population, All ages. Administrative data","2002","2002","PER","Persons","0","Units",,,456541,,
"IT012","Verona","T_T","Population, All ages. Administrative data","2003","2003","PER","Persons","0","Units",,,461006,,
"IT012","Verona","T_T","Population, All ages. Administrative data","2004","2004","PER","Persons","0","Units",,,465469,,
"IT012","Verona","T_T","Population, All ages. Administrative data","2005","2005","PER","Persons","0","Units",,,469935,,
"IT012","Verona","T_T","Population, All ages. Administrative data","2006","2006","PER","Persons","0","Units",,,474399,,
"IT012","Verona","T_T","Population, All ages. Administrative data","2007","2007","PER","Persons","0","Units",,,478863,,
"IT012","Verona","T_T","Population, All ages. Administrative data","2008","2008","PER","Persons","0","Units",,,483327,,
"IT012","Verona","T_T","Population, All ages. Administrative data","2009","2009","PER","Persons","0","Units",,,487791,,
"IT012","Verona","T_T","Population, All ages. Administrative data","2010","2010","PER","Persons","0","Units",,,492255,,
"IT012","Verona","T_T","Population, All ages. Administrative data","2011","2011","PER","Persons","0","Units",,,496719,,
"IT012","Verona","T_T","Population, All ages. Administrative data","2012","2012","PER","Persons","0","Units",,,501183,,
"IT012","Verona","T_T","Population, All ages. Administrative data","2013","2013","PER","Persons","0","Units",,,505253,,
"IT012","Verona","T_T","Population, All ages. Administrative data","2014","2014","PER","Persons","0","Units",,,514816,,
"IT012","Verona","T_T","Population, All ages. Administrative data","2015","2015","PER","Persons","0","Units",,,515838,,
"IT012","Verona","T_T","Population, All ages. Administrative data","2016","2016","PER","Persons","0","Units",,,514434,,
"JPN53","Obihiro","POP_DEN","Population density (pop. per km2)","2000","2000","PER","Persons","0","Units",,,110,,
"JPN53","Obihiro","POP_DEN","Population density (pop. per km2)","2001","2001","PER","Persons","0","Units",,,110,,
"JPN53","Obihiro","POP_DEN","Population density (pop. per km2)","2002","2002","PER","Persons","0","Units",,,110,,
"JPN53","Obihiro","POP_DEN","Population density (pop. per km2)","2003","2003","PER","Persons","0","Units",,,110,,
"JPN53","Obihiro","POP_DEN","Population density (pop. per km2)","2004","2004","PER","Persons","0","Units",,,110,,
"JPN53","Obihiro","POP_DEN","Population density (pop. per km2)","2005","2005","PER","Persons","0","Units",,,111,,
"JPN53","Obihiro","POP_DEN","Population density (pop. per km2)","2006","2006","PER","Persons","0","Units",,,111,,
"JPN53","Obihiro","POP_DEN","Population density (pop. per km2)","2007","2007","PER","Persons","0","Units",,,111,,
"JPN53","Obihiro","POP_DEN","Population density (pop. per km2)","2008","2008","PER","Persons","0","Units",,,111,,
"JPN53","Obihiro","POP_DEN","Population density (pop. per km2)","2009","2009","PER","Persons","0","Units",,,111,,
"JPN53","Obihiro","POP_DEN","Population density (pop. per km2)","2010","2010","PER","Persons","0","Units",,,111,,
"JPN53","Obihiro","POP_DEN","Population density (pop. per km2)","2011","2011","PER","Persons","0","Units",,,111,,
"JPN53","Obihiro","POP_DEN","Population density (pop. per km2)","2012","2012","PER","Persons","0","Units",,,111,,
"JPN53","Obihiro","POP_DEN","Population density (pop. per km2)","2013","2013","PER","Persons","0","Units",,,111,,
"JPN53","Obihiro","POP_DEN","Population density (pop. per km2)","2014","2014","PER","Persons","0","Units",,,111,,
"JPN53","Obihiro","POP_DEN","Population density (pop. per km2)","2015","2015","PER","Persons","0","Units",,,111,,
"JPN20","Himeji","POP_DEN","Population density (pop. per km2)","2000","2000","PER","Persons","0","Units",,,614,,
"JPN20","Himeji","POP_DEN","Population density (pop. per km2)","2001","2001","PER","Persons","0","Units",,,614,,
"JPN20","Himeji","POP_DEN","Population density (pop. per km2)","2002","2002","PER","Persons","0","Units",,,614,,
"JPN20","Himeji","POP_DEN","Population density (pop. per km2)","2003","2003","PER","Persons","0","Units",,,613,,
"JPN20","Himeji","POP_DEN","Population density (pop. per km2)","2004","2004","PER","Persons","0","Units",,,613,,
"JPN20","Himeji","POP_DEN","Population density (pop. per km2)","2005","2005","PER","Persons","0","Units",,,613,,
"JPN20","Himeji","POP_DEN","Population density (pop. per km2)","2006","2006","PER","Persons","0","Units",,,612,,
"JPN20","Himeji","POP_DEN","Population density (pop. per km2)","2007","2007","PER","Persons","0","Units",,,611,,
"JPN20","Himeji","POP_DEN","Population density (pop. per km2)","2008","2008","PER","Persons","0","Units",,,610,,
"JPN20","Himeji","POP_DEN","Population density (pop. per km2)","2009","2009","PER","Persons","0","Units",,,609,,
"JPN20","Himeji","POP_DEN","Population density (pop. per km2)","2010","2010","PER","Persons","0","Units",,,608,,
"JPN20","Himeji","POP_DEN","Population density (pop. per km2)","2011","2011","PER","Persons","0","Units",,,607,,
"JPN20","Himeji","POP_DEN","Population density (pop. per km2)","2012","2012","PER","Persons","0","Units",,,606,,
"JPN20","Himeji","POP_DEN","Population density (pop. per km2)","2013","2013","PER","Persons","0","Units",,,605,,
"JPN20","Himeji","POP_DEN","Population density (pop. per km2)","2014","2014","PER","Persons","0","Units",,,604,,
"JPN20","Himeji","POP_DEN","Population density (pop. per km2)","2015","2015","PER","Persons","0","Units",,,603,,
"JPN33","Wakayama","T_T_SH_NAT","Share of population  in metropolitan area over the national value","2001","2001","RATIO","Ratio","0","Units",,,0.5,,
"JPN33","Wakayama","T_T_SH_NAT","Share of population  in metropolitan area over the national value","2002","2002","RATIO","Ratio","0","Units",,,0.5,,
"JPN33","Wakayama","T_T_SH_NAT","Share of population  in metropolitan area over the national value","2003","2003","RATIO","Ratio","0","Units",,,0.5,,
"JPN33","Wakayama","T_T_SH_NAT","Share of population  in metropolitan area over the national value","2004","2004","RATIO","Ratio","0","Units",,,0.4,,
"JPN33","Wakayama","T_T_SH_NAT","Share of population  in metropolitan area over the national value","2005","2005","RATIO","Ratio","0","Units",,,0.4,,
"JPN33","Wakayama","T_T_SH_NAT","Share of population  in metropolitan area over the national value","2006","2006","RATIO","Ratio","0","Units",,,0.4,,
"JPN33","Wakayama","T_T_SH_NAT","Share of population  in metropolitan area over the national value","2007","2007","RATIO","Ratio","0","Units",,,0.4,,
"JPN33","Wakayama","T_T_SH_NAT","Share of population  in metropolitan area over the national value","2008","2008","RATIO","Ratio","0","Units",,,0.4,,
"JPN33","Wakayama","T_T_SH_NAT","Share of population  in metropolitan area over the national value","2009","2009","RATIO","Ratio","0","Units",,,0.4,,
"JPN33","Wakayama","T_T_SH_NAT","Share of population  in metropolitan area over the national value","2010","2010","RATIO","Ratio","0","Units",,,0.4,,
"JPN33","Wakayama","T_T_SH_NAT","Share of population  in metropolitan area over the national value","2011","2011","RATIO","Ratio","0","Units",,,0.4,,
"JPN33","Wakayama","T_T_SH_NAT","Share of population  in metropolitan area over the national value","2012","2012","RATIO","Ratio","0","Units",,,0.4,,
"JPN33","Wakayama","T_T_SH_NAT","Share of population  in metropolitan area over the national value","2013","2013","RATIO","Ratio","0","Units",,,0.4,,
"JPN33","Wakayama","T_T_SH_NAT","Share of population  in metropolitan area over the national value","2014","2014","RATIO","Ratio","0","Units",,,0.4,,
"JPN33","Wakayama","T_T_SH_NAT","Share of population  in metropolitan area over the national value","2015","2015","RATIO","Ratio","0","Units",,,0.4,,
"MEX21","Aguascalientes","T_T","Population, All ages. Administrative data","2000","2000","PER","Persons","0","Units",,,704658,,
"MEX21","Aguascalientes","T_T","Population, All ages. Administrative data","2005","2005","PER","Persons","0","Units",,,710489,,
"MEX21","Aguascalientes","T_T","Population, All ages. Administrative data","2010","2010","PER","Persons","0","Units",,,793764,,
"MEX21","Aguascalientes","T_T","Population, All ages. Administrative data","2015","2015","PER","Persons","0","Units",,,902041,,
"FR018","Reims","T_T","Population, All ages. Administrative data","2000","2000","PER","Persons","0","Units",,,313627,,
"FR018","Reims","T_T","Population, All ages. Administrative data","2001","2001","PER","Persons","0","Units",,,313947,,
"FR018","Reims","T_T","Population, All ages. Administrative data","2002","2002","PER","Persons","0","Units",,,314269,,
"FR018","Reims","T_T","Population, All ages. Administrative data","2003","2003","PER","Persons","0","Units",,,314590,,
"FR018","Reims","T_T","Population, All ages. Administrative data","2004","2004","PER","Persons","0","Units",,,314912,,
"FR018","Reims","T_T","Population, All ages. Administrative data","2005","2005","PER","Persons","0","Units",,,315232,,
"FR018","Reims","T_T","Population, All ages. Administrative data","2006","2006","PER","Persons","0","Units",,,315554,,
"FR018","Reims","T_T","Population, All ages. Administrative data","2007","2007","PER","Persons","0","Units",,,315875,,
"FR018","Reims","T_T","Population, All ages. Administrative data","2008","2008","PER","Persons","0","Units",,,316196,,
"FR018","Reims","T_T","Population, All ages. Administrative data","2009","2009","PER","Persons","0","Units",,,316517,,
"FR018","Reims","T_T","Population, All ages. Administrative data","2010","2010","PER","Persons","0","Units",,,317607,,
"FR018","Reims","T_T","Population, All ages. Administrative data","2011","2011","PER","Persons","0","Units",,,318698,,
"FR018","Reims","T_T","Population, All ages. Administrative data","2012","2012","PER","Persons","0","Units",,,319788,,
"FR018","Reims","T_T","Population, All ages. Administrative data","2013","2013","PER","Persons","0","Units",,,320879,,
"FR018","Reims","T_T","Population, All ages. Administrative data","2014","2014","PER","Persons","0","Units",,,321969,,
"FR018","Reims","T_T","Population, All ages. Administrative data","2015","2015","PER","Persons","0","Units",,,315435,,
"ES501","Granada","T_T_SH_NAT","Share of population  in metropolitan area over the national value","2001","2001","RATIO","Ratio","0","Units",,,1.2,,
"ES501","Granada","T_T_SH_NAT","Share of population  in metropolitan area over the national value","2002","2002","RATIO","Ratio","0","Units",,,1.2,,
"ES501","Granada","T_T_SH_NAT","Share of population  in metropolitan area over the national value","2003","2003","RATIO","Ratio","0","Units",,,1.2,,
"ES501","Granada","T_T_SH_NAT","Share of population  in metropolitan area over the national value","2004","2004","RATIO","Ratio","0","Units",,,1.1,,
"ES501","Granada","T_T_SH_NAT","Share of population  in metropolitan area over the national value","2005","2005","RATIO","Ratio","0","Units",,,1.1,,
"ES501","Granada","T_T_SH_NAT","Share of population  in metropolitan area over the national value","2006","2006","RATIO","Ratio","0","Units",,,1.1,,
"ES501","Granada","T_T_SH_NAT","Share of population  in metropolitan area over the national value","2007","2007","RATIO","Ratio","0","Units",,,1.1,,
"ES501","Granada","T_T_SH_NAT","Share of population  in metropolitan area over the national value","2008","2008","RATIO","Ratio","0","Units",,,1.1,,
"ES501","Granada","T_T_SH_NAT","Share of population  in metropolitan area over the national value","2009","2009","RATIO","Ratio","0","Units",,,1.1,,
"ES501","Granada","T_T_SH_NAT","Share of population  in metropolitan area over the national value","2010","2010","RATIO","Ratio","0","Units",,,1.1,,
"ES501","Granada","T_T_SH_NAT","Share of population  in metropolitan area over the national value","2011","2011","RATIO","Ratio","0","Units",,,1.1,,
"ES501","Granada","T_T_SH_NAT","Share of population  in metropolitan area over the national value","2012","2012","RATIO","Ratio","0","Units",,,1.1,,
"ES501","Granada","T_T_SH_NAT","Share of population  in metropolitan area over the national value","2013","2013","RATIO","Ratio","0","Units",,,1.2,,
"ES501","Granada","T_T_SH_NAT","Share of population  in metropolitan area over the national value","2014","2014","RATIO","Ratio","0","Units",,,1.2,,
"ES501","Granada","T_T_SH_NAT","Share of population  in metropolitan area over the national value","2015","2015","RATIO","Ratio","0","Units",,,1.2,,
"ES501","Granada","T_T_SH_NAT","Share of population  in metropolitan area over the national value","2016","2016","RATIO","Ratio","0","Units",,,1.2,,
"DE532","Ulm","POP_DEN","Population density (pop. per km2)","2001","2001","PER","Persons","0","Units",,,233,,
"DE532","Ulm","POP_DEN","Population density (pop. per km2)","2002","2002","PER","Persons","0","Units",,,235,,
"DE532","Ulm","POP_DEN","Population density (pop. per km2)","2003","2003","PER","Persons","0","Units",,,236,,
"DE532","Ulm","POP_DEN","Population density (pop. per km2)","2004","2004","PER","Persons","0","Units",,,237,,
"DE532","Ulm","POP_DEN","Population density (pop. per km2)","2005","2005","PER","Persons","0","Units",,,238,,
"DE532","Ulm","POP_DEN","Population density (pop. per km2)","2006","2006","PER","Persons","0","Units",,,238,,
"DE532","Ulm","POP_DEN","Population density (pop. per km2)","2007","2007","PER","Persons","0","Units",,,239,,
"DE532","Ulm","POP_DEN","Population density (pop. per km2)","2008","2008","PER","Persons","0","Units",,,239,,
"DE532","Ulm","POP_DEN","Population density (pop. per km2)","2009","2009","PER","Persons","0","Units",,,240,,
"DE532","Ulm","POP_DEN","Population density (pop. per km2)","2010","2010","PER","Persons","0","Units",,,240,,
"DE532","Ulm","POP_DEN","Population density (pop. per km2)","2011","2011","PER","Persons","0","Units",,,235,,
"DE532","Ulm","POP_DEN","Population density (pop. per km2)","2012","2012","PER","Persons","0","Units",,,236,,
"DE532","Ulm","POP_DEN","Population density (pop. per km2)","2013","2013","PER","Persons","0","Units",,,237,,
"DE532","Ulm","POP_DEN","Population density (pop. per km2)","2014","2014","PER","Persons","0","Units",,,238,,
"DE532","Ulm","POP_DEN","Population density (pop. per km2)","2015","2015","PER","Persons","0","Units",,,240,,
"DE532","Ulm","POP_DEN","Population density (pop. per km2)","2016","2016","PER","Persons","0","Units",,,244,,
"USA111","Berks","T_T_SH_NAT","Share of population  in metropolitan area over the national value","2001","2001","RATIO","Ratio","0","Units",,,0.1,,
"USA111","Berks","T_T_SH_NAT","Share of population  in metropolitan area over the national value","2002","2002","RATIO","Ratio","0","Units",,,0.1,,
"USA111","Berks","T_T_SH_NAT","Share of population  in metropolitan area over the national value","2003","2003","RATIO","Ratio","0","Units",,,0.1,,
"USA111","Berks","T_T_SH_NAT","Share of population  in metropolitan area over the national value","2004","2004","RATIO","Ratio","0","Units",,,0.1,,
"USA111","Berks","T_T_SH_NAT","Share of population  in metropolitan area over the national value","2005","2005","RATIO","Ratio","0","Units",,,0.1,,
"USA111","Berks","T_T_SH_NAT","Share of population  in metropolitan area over the national value","2006","2006","RATIO","Ratio","0","Units",,,0.1,,
"USA111","Berks","T_T_SH_NAT","Share of population  in metropolitan area over the national value","2007","2007","RATIO","Ratio","0","Units",,,0.1,,
"USA111","Berks","T_T_SH_NAT","Share of population  in metropolitan area over the national value","2008","2008","RATIO","Ratio","0","Units",,,0.1,,
"USA111","Berks","T_T_SH_NAT","Share of population  in metropolitan area over the national value","2009","2009","RATIO","Ratio","0","Units",,,0.1,,
"USA111","Berks","T_T_SH_NAT","Share of population  in metropolitan area over the national value","2010","2010","RATIO","Ratio","0","Units",,,0.1,,
"USA111","Berks","T_T_SH_NAT","Share of population  in metropolitan area over the national value","2011","2011","RATIO","Ratio","0","Units",,,0.1,,
"USA111","Berks","T_T_SH_NAT","Share of population  in metropolitan area over the national value","2012","2012","RATIO","Ratio","0","Units",,,0.1,,
"USA111","Berks","T_T_SH_NAT","Share of population  in metropolitan area over the national value","2013","2013","RATIO","Ratio","0","Units",,,0.1,,
"USA111","Berks","T_T_SH_NAT","Share of population  in metropolitan area over the national value","2014","2014","RATIO","Ratio","0","Units",,,0.1,,
"USA111","Berks","T_T_SH_NAT","Share of population  in metropolitan area over the national value","2015","2015","RATIO","Ratio","0","Units",,,0.1,,
"USA111","Berks","T_T_SH_NAT","Share of population  in metropolitan area over the national value","2016","2016","RATIO","Ratio","0","Units",,,0.1,,
"CAN08","Winnipeg","T_T","Population, All ages. Administrative data","2000","2000","PER","Persons","0","Units",,,753641,,
"CAN08","Winnipeg","T_T","Population, All ages. Administrative data","2001","2001","PER","Persons","0","Units",,,757708,,
"CAN08","Winnipeg","T_T","Population, All ages. Administrative data","2002","2002","PER","Persons","0","Units",,,762241,,
"CAN08","Winnipeg","T_T","Population, All ages. Administrative data","2003","2003","PER","Persons","0","Units",,,767154,,
"CAN08","Winnipeg","T_T","Population, All ages. Administrative data","2004","2004","PER","Persons","0","Units",,,773985,,
"CAN08","Winnipeg","T_T","Population, All ages. Administrative data","2005","2005","PER","Persons","0","Units",,,777552,,
"CAN08","Winnipeg","T_T","Population, All ages. Administrative data","2006","2006","PER","Persons","0","Units",,,781126,,
"CAN08","Winnipeg","T_T","Population, All ages. Administrative data","2007","2007","PER","Persons","0","Units",,,784579,,
"CAN08","Winnipeg","T_T","Population, All ages. Administrative data","2008","2008","PER","Persons","0","Units",,,789419,,
"CAN08","Winnipeg","T_T","Population, All ages. Administrative data","2009","2009","PER","Persons","0","Units",,,796256,,
"CAN08","Winnipeg","T_T","Population, All ages. Administrative data","2010","2010","PER","Persons","0","Units",,,796795,,
"CAN08","Winnipeg","T_T","Population, All ages. Administrative data","2011","2011","PER","Persons","0","Units",,,797335,,
"CAN08","Winnipeg","T_T","Population, All ages. Administrative data","2012","2012","PER","Persons","0","Units",,,807673,,
"CAN08","Winnipeg","T_T","Population, All ages. Administrative data","2013","2013","PER","Persons","0","Units",,,818011,,
"CAN08","Winnipeg","T_T","Population, All ages. Administrative data","2014","2014","PER","Persons","0","Units",,,828349,,
"CAN08","Winnipeg","T_T","Population, All ages. Administrative data","2015","2015","PER","Persons","0","Units",,,838687,,
"CAN08","Winnipeg","T_T","Population, All ages. Administrative data","2016","2016","PER","Persons","0","Units",,,849025,,
"ES015","Santander","T_T","Population, All ages. Administrative data","2000","2000","PER","Persons","0","Units",,,349213,,
"ES015","Santander","T_T","Population, All ages. Administrative data","2001","2001","PER","Persons","0","Units",,,351036,,
"ES015","Santander","T_T","Population, All ages. Administrative data","2002","2002","PER","Persons","0","Units",,,352859,,
"ES015","Santander","T_T","Population, All ages. Administrative data","2003","2003","PER","Persons","0","Units",,,354682,,
"ES015","Santander","T_T","Population, All ages. Administrative data","2004","2004","PER","Persons","0","Units",,,356504,,
"ES015","Santander","T_T","Population, All ages. Administrative data","2005","2005","PER","Persons","0","Units",,,358327,,
"ES015","Santander","T_T","Population, All ages. Administrative data","2006","2006","PER","Persons","0","Units",,,360150,,
"ES015","Santander","T_T","Population, All ages. Administrative data","2007","2007","PER","Persons","0","Units",,,361973,,
"ES015","Santander","T_T","Population, All ages. Administrative data","2008","2008","PER","Persons","0","Units",,,363795,,
"ES015","Santander","T_T","Population, All ages. Administrative data","2009","2009","PER","Persons","0","Units",,,365618,,
"ES015","Santander","T_T","Population, All ages. Administrative data","2010","2010","PER","Persons","0","Units",,,367440,,
"ES015","Santander","T_T","Population, All ages. Administrative data","2011","2011","PER","Persons","0","Units",,,369263,,
"ES015","Santander","T_T","Population, All ages. Administrative data","2012","2012","PER","Persons","0","Units",,,371086,,
"ES015","Santander","T_T","Population, All ages. Administrative data","2013","2013","PER","Persons","0","Units",,,372909,,
"ES015","Santander","T_T","Population, All ages. Administrative data","2014","2014","PER","Persons","0","Units",,,374731,,
"ES015","Santander","T_T","Population, All ages. Administrative data","2015","2015","PER","Persons","0","Units",,,376554,,
"ES015","Santander","T_T","Population, All ages. Administrative data","2016","2016","PER","Persons","0","Units",,,378377,,
"ES003","Valencia","T_T_SH_NAT","Share of population  in metropolitan area over the national value","2001","2001","RATIO","Ratio","0","Units",,,3.6,,
"ES003","Valencia","T_T_SH_NAT","Share of population  in metropolitan area over the national value","2002","2002","RATIO","Ratio","0","Units",,,3.7,,
"ES003","Valencia","T_T_SH_NAT","Share of population  in metropolitan area over the national value","2003","2003","RATIO","Ratio","0","Units",,,3.6,,
"ES003","Valencia","T_T_SH_NAT","Share of population  in metropolitan area over the national value","2004","2004","RATIO","Ratio","0","Units",,,3.6,,
"ES003","Valencia","T_T_SH_NAT","Share of population  in metropolitan area over the national value","2005","2005","RATIO","Ratio","0","Units",,,3.6,,
"ES003","Valencia","T_T_SH_NAT","Share of population  in metropolitan area over the national value","2006","2006","RATIO","Ratio","0","Units",,,3.5,,
"ES003","Valencia","T_T_SH_NAT","Share of population  in metropolitan area over the national value","2007","2007","RATIO","Ratio","0","Units",,,3.5,,
"ES003","Valencia","T_T_SH_NAT","Share of population  in metropolitan area over the national value","2008","2008","RATIO","Ratio","0","Units",,,3.5,,
"ES003","Valencia","T_T_SH_NAT","Share of population  in metropolitan area over the national value","2009","2009","RATIO","Ratio","0","Units",,,3.5,,
"ES003","Valencia","T_T_SH_NAT","Share of population  in metropolitan area over the national value","2010","2010","RATIO","Ratio","0","Units",,,3.5,,
"ES003","Valencia","T_T_SH_NAT","Share of population  in metropolitan area over the national value","2011","2011","RATIO","Ratio","0","Units",,,3.5,,
"ES003","Valencia","T_T_SH_NAT","Share of population  in metropolitan area over the national value","2012","2012","RATIO","Ratio","0","Units",,,3.5,,
"ES003","Valencia","T_T_SH_NAT","Share of population  in metropolitan area over the national value","2013","2013","RATIO","Ratio","0","Units",,,3.6,,
"ES003","Valencia","T_T_SH_NAT","Share of population  in metropolitan area over the national value","2014","2014","RATIO","Ratio","0","Units",,,3.6,,
"ES003","Valencia","T_T_SH_NAT","Share of population  in metropolitan area over the national value","2015","2015","RATIO","Ratio","0","Units",,,3.7,,
"ES003","Valencia","T_T_SH_NAT","Share of population  in metropolitan area over the national value","2016","2016","RATIO","Ratio","0","Units",,,3.7,,
"UK525","Milton Keynes","POP_DEN","Population density (pop. per km2)","2001","2001","PER","Persons","0","Units",,,690,,
"UK525","Milton Keynes","POP_DEN","Population density (pop. per km2)","2002","2002","PER","Persons","0","Units",,,697,,
"UK525","Milton Keynes","POP_DEN","Population density (pop. per km2)","2003","2003","PER","Persons","0","Units",,,706,,
"UK525","Milton Keynes","POP_DEN","Population density (pop. per km2)","2004","2004","PER","Persons","0","Units",,,712,,
"UK525","Milton Keynes","POP_DEN","Population density (pop. per km2)","2005","2005","PER","Persons","0","Units",,,725,,
"UK525","Milton Keynes","POP_DEN","Population density (pop. per km2)","2006","2006","PER","Persons","0","Units",,,737,,
"UK525","Milton Keynes","POP_DEN","Population density (pop. per km2)","2007","2007","PER","Persons","0","Units",,,749,,
"UK525","Milton Keynes","POP_DEN","Population density (pop. per km2)","2008","2008","PER","Persons","0","Units",,,764,,
"UK525","Milton Keynes","POP_DEN","Population density (pop. per km2)","2009","2009","PER","Persons","0","Units",,,779,,
"UK525","Milton Keynes","POP_DEN","Population density (pop. per km2)","2010","2010","PER","Persons","0","Units",,,796,,
"UK525","Milton Keynes","POP_DEN","Population density (pop. per km2)","2011","2011","PER","Persons","0","Units",,,810,,
"UK525","Milton Keynes","POP_DEN","Population density (pop. per km2)","2012","2012","PER","Persons","0","Units",,,820,,
"UK525","Milton Keynes","POP_DEN","Population density (pop. per km2)","2013","2013","PER","Persons","0","Units",,,831,,
"UK525","Milton Keynes","POP_DEN","Population density (pop. per km2)","2014","2014","PER","Persons","0","Units",,,844,,
"UK525","Milton Keynes","POP_DEN","Population density (pop. per km2)","2015","2015","PER","Persons","0","Units",,,854,,
"UK525","Milton Keynes","POP_DEN","Population density (pop. per km2)","2016","2016","PER","Persons","0","Units",,,863,,
"COL04","Barranquilla","T_T","Population, All ages. Administrative data","2000","2000","PER","Persons","0","Units",,,1818942,,
"COL04","Barranquilla","T_T","Population, All ages. Administrative data","2001","2001","PER","Persons","0","Units",,,1845285,,
"COL04","Barranquilla","T_T","Population, All ages. Administrative data","2002","2002","PER","Persons","0","Units",,,1871628,,
"COL04","Barranquilla","T_T","Population, All ages. Administrative data","2003","2003","PER","Persons","0","Units",,,1897970,,
"COL04","Barranquilla","T_T","Population, All ages. Administrative data","2004","2004","PER","Persons","0","Units",,,1924313,,
"COL04","Barranquilla","T_T","Population, All ages. Administrative data","2005","2005","PER","Persons","0","Units",,,1950656,,
"COL04","Barranquilla","T_T","Population, All ages. Administrative data","2006","2006","PER","Persons","0","Units",,,1976998,,
"COL04","Barranquilla","T_T","Population, All ages. Administrative data","2007","2007","PER","Persons","0","Units",,,2003341,,
"COL04","Barranquilla","T_T","Population, All ages. Administrative data","2008","2008","PER","Persons","0","Units",,,2029684,,
"COL04","Barranquilla","T_T","Population, All ages. Administrative data","2009","2009","PER","Persons","0","Units",,,2056026,,
"COL04","Barranquilla","T_T","Population, All ages. Administrative data","2010","2010","PER","Persons","0","Units",,,2082369,,
"COL04","Barranquilla","T_T","Population, All ages. Administrative data","2011","2011","PER","Persons","0","Units",,,2108712,,
"COL04","Barranquilla","T_T","Population, All ages. Administrative data","2012","2012","PER","Persons","0","Units",,,2135054,,
"COL04","Barranquilla","T_T","Population, All ages. Administrative data","2013","2013","PER","Persons","0","Units",,,2161397,,
"COL04","Barranquilla","T_T","Population, All ages. Administrative data","2014","2014","PER","Persons","0","Units",,,2187739,,
"COL04","Barranquilla","T_T","Population, All ages. Administrative data","2015","2015","PER","Persons","0","Units",,,2214082,,
"SK002","Kosice","T_T","Population, All ages. Administrative data","2000","2000","PER","Persons","0","Units",,,347620,,
"SK002","Kosice","T_T","Population, All ages. Administrative data","2001","2001","PER","Persons","0","Units",,,343433,,
"SK002","Kosice","T_T","Population, All ages. Administrative data","2002","2002","PER","Persons","0","Units",,,343940,,
"SK002","Kosice","T_T","Population, All ages. Administrative data","2003","2003","PER","Persons","0","Units",,,344715,,
"SK002","Kosice","T_T","Population, All ages. Administrative data","2004","2004","PER","Persons","0","Units",,,345227,,
"SK002","Kosice","T_T","Population, All ages. Administrative data","2005","2005","PER","Persons","0","Units",,,345868,,
"SK002","Kosice","T_T","Population, All ages. Administrative data","2006","2006","PER","Persons","0","Units",,,346484,,
"SK002","Kosice","T_T","Population, All ages. Administrative data","2007","2007","PER","Persons","0","Units",,,347099,,
"SK002","Kosice","T_T","Population, All ages. Administrative data","2008","2008","PER","Persons","0","Units",,,347630,,
"SK002","Kosice","T_T","Population, All ages. Administrative data","2009","2009","PER","Persons","0","Units",,,349072,,
"SK002","Kosice","T_T","Population, All ages. Administrative data","2010","2010","PER","Persons","0","Units",,,350208,,
"SK002","Kosice","T_T","Population, All ages. Administrative data","2011","2011","PER","Persons","0","Units",,,360661,,
"SK002","Kosice","T_T","Population, All ages. Administrative data","2012","2012","PER","Persons","0","Units",,,361351,,
"SK002","Kosice","T_T","Population, All ages. Administrative data","2013","2013","PER","Persons","0","Units",,,362045,,
"SK002","Kosice","T_T","Population, All ages. Administrative data","2014","2014","PER","Persons","0","Units",,,362841,,
"SK002","Kosice","T_T","Population, All ages. Administrative data","2015","2015","PER","Persons","0","Units",,,363778,,
"SK002","Kosice","T_T","Population, All ages. Administrative data","2016","2016","PER","Persons","0","Units",,,365142,,
"JPN25","Matsuyama","POP_DEN","Population density (pop. per km2)","2000","2000","PER","Persons","0","Units",,,662,,
"JPN25","Matsuyama","POP_DEN","Population density (pop. per km2)","2001","2001","PER","Persons","0","Units",,,664,,
"JPN25","Matsuyama","POP_DEN","Population density (pop. per km2)","2002","2002","PER","Persons","0","Units",,,665,,
"JPN25","Matsuyama","POP_DEN","Population density (pop. per km2)","2003","2003","PER","Persons","0","Units",,,667,,
"JPN25","Matsuyama","POP_DEN","Population density (pop. per km2)","2004","2004","PER","Persons","0","Units",,,668,,
"JPN25","Matsuyama","POP_DEN","Population density (pop. per km2)","2005","2005","PER","Persons","0","Units",,,669,,
"JPN25","Matsuyama","POP_DEN","Population density (pop. per km2)","2006","2006","PER","Persons","0","Units",,,668,,
"JPN25","Matsuyama","POP_DEN","Population density (pop. per km2)","2007","2007","PER","Persons","0","Units",,,667,,
"JPN25","Matsuyama","POP_DEN","Population density (pop. per km2)","2008","2008","PER","Persons","0","Units",,,666,,
"JPN25","Matsuyama","POP_DEN","Population density (pop. per km2)","2009","2009","PER","Persons","0","Units",,,664,,
"JPN25","Matsuyama","POP_DEN","Population density (pop. per km2)","2010","2010","PER","Persons","0","Units",,,663,,
"JPN25","Matsuyama","POP_DEN","Population density (pop. per km2)","2011","2011","PER","Persons","0","Units",,,660,,
"JPN25","Matsuyama","POP_DEN","Population density (pop. per km2)","2012","2012","PER","Persons","0","Units",,,656,,
"JPN25","Matsuyama","POP_DEN","Population density (pop. per km2)","2013","2013","PER","Persons","0","Units",,,652,,
"JPN25","Matsuyama","POP_DEN","Population density (pop. per km2)","2014","2014","PER","Persons","0","Units",,,649,,
"JPN25","Matsuyama","POP_DEN","Population density (pop. per km2)","2015","2015","PER","Persons","0","Units",,,645,,
"DE002","Hamburg","POP_DEN","Population density (pop. per km2)","2001","2001","PER","Persons","0","Units",,,427,,
"DE002","Hamburg","POP_DEN","Population density (pop. per km2)","2002","2002","PER","Persons","0","Units",,,430,,
"DE002","Hamburg","POP_DEN","Population density (pop. per km2)","2003","2003","PER","Persons","0","Units",,,432,,
"DE002","Hamburg","POP_DEN","Population density (pop. per km2)","2004","2004","PER","Persons","0","Units",,,434,,
"DE002","Hamburg","POP_DEN","Population density (pop. per km2)","2005","2005","PER","Persons","0","Units",,,435,,
"DE002","Hamburg","POP_DEN","Population density (pop. per km2)","2006","2006","PER","Persons","0","Units",,,437,,
"DE002","Hamburg","POP_DEN","Population density (pop. per km2)","2007","2007","PER","Persons","0","Units",,,439,,
"DE002","Hamburg","POP_DEN","Population density (pop. per km2)","2008","2008","PER","Persons","0","Units",,,442,,
"DE002","Hamburg","POP_DEN","Population density (pop. per km2)","2009","2009","PER","Persons","0","Units",,,442,,
"DE002","Hamburg","POP_DEN","Population density (pop. per km2)","2010","2010","PER","Persons","0","Units",,,443,,
"DE002","Hamburg","POP_DEN","Population density (pop. per km2)","2011","2011","PER","Persons","0","Units",,,432,,
"DE002","Hamburg","POP_DEN","Population density (pop. per km2)","2012","2012","PER","Persons","0","Units",,,434,,
"DE002","Hamburg","POP_DEN","Population density (pop. per km2)","2013","2013","PER","Persons","0","Units",,,437,,
"DE002","Hamburg","POP_DEN","Population density (pop. per km2)","2014","2014","PER","Persons","0","Units",,,440,,
"DE002","Hamburg","POP_DEN","Population density (pop. per km2)","2015","2015","PER","Persons","0","Units",,,444,,
"DE002","Hamburg","POP_DEN","Population density (pop. per km2)","2016","2016","PER","Persons","0","Units",,,450,,
"DE513","Kassel","T_T_SH_NAT","Share of population  in metropolitan area over the national value","2001","2001","RATIO","Ratio","0","Units",,,0.5,,
"DE513","Kassel","T_T_SH_NAT","Share of population  in metropolitan area over the national value","2002","2002","RATIO","Ratio","0","Units",,,0.5,,
"DE513","Kassel","T_T_SH_NAT","Share of population  in metropolitan area over the national value","2003","2003","RATIO","Ratio","0","Units",,,0.5,,
"DE513","Kassel","T_T_SH_NAT","Share of population  in metropolitan area over the national value","2004","2004","RATIO","Ratio","0","Units",,,0.5,,
"DE513","Kassel","T_T_SH_NAT","Share of population  in metropolitan area over the national value","2005","2005","RATIO","Ratio","0","Units",,,0.5,,
"DE513","Kassel","T_T_SH_NAT","Share of population  in metropolitan area over the national value","2006","2006","RATIO","Ratio","0","Units",,,0.5,,
"DE513","Kassel","T_T_SH_NAT","Share of population  in metropolitan area over the national value","2007","2007","RATIO","Ratio","0","Units",,,0.5,,
"DE513","Kassel","T_T_SH_NAT","Share of population  in metropolitan area over the national value","2008","2008","RATIO","Ratio","0","Units",,,0.5,,
"DE513","Kassel","T_T_SH_NAT","Share of population  in metropolitan area over the national value","2009","2009","RATIO","Ratio","0","Units",,,0.5,,
"DE513","Kassel","T_T_SH_NAT","Share of population  in metropolitan area over the national value","2010","2010","RATIO","Ratio","0","Units",,,0.5,,
"DE513","Kassel","T_T_SH_NAT","Share of population  in metropolitan area over the national value","2011","2011","RATIO","Ratio","0","Units",,,0.5,,
"DE513","Kassel","T_T_SH_NAT","Share of population  in metropolitan area over the national value","2012","2012","RATIO","Ratio","0","Units",,,0.5,,
"DE513","Kassel","T_T_SH_NAT","Share of population  in metropolitan area over the national value","2013","2013","RATIO","Ratio","0","Units",,,0.5,,
"DE513","Kassel","T_T_SH_NAT","Share of population  in metropolitan area over the national value","2014","2014","RATIO","Ratio","0","Units",,,0.5,,
"DE513","Kassel","T_T_SH_NAT","Share of population  in metropolitan area over the national value","2015","2015","RATIO","Ratio","0","Units",,,0.5,,
"DE513","Kassel","T_T_SH_NAT","Share of population  in metropolitan area over the national value","2016","2016","RATIO","Ratio","0","Units",,,0.5,,
"DE028","Regensburg","POP_DEN","Population density (pop. per km2)","2001","2001","PER","Persons","0","Units",,,162,,
"DE028","Regensburg","POP_DEN","Population density (pop. per km2)","2002","2002","PER","Persons","0","Units",,,164,,
"DE028","Regensburg","POP_DEN","Population density (pop. per km2)","2003","2003","PER","Persons","0","Units",,,165,,
"DE028","Regensburg","POP_DEN","Population density (pop. per km2)","2004","2004","PER","Persons","0","Units",,,166,,
"DE028","Regensburg","POP_DEN","Population density (pop. per km2)","2005","2005","PER","Persons","0","Units",,,167,,
"DE028","Regensburg","POP_DEN","Population density (pop. per km2)","2006","2006","PER","Persons","0","Units",,,168,,
"DE028","Regensburg","POP_DEN","Population density (pop. per km2)","2007","2007","PER","Persons","0","Units",,,168,,
"DE028","Regensburg","POP_DEN","Population density (pop. per km2)","2008","2008","PER","Persons","0","Units",,,169,,
"DE028","Regensburg","POP_DEN","Population density (pop. per km2)","2009","2009","PER","Persons","0","Units",,,169,,
"DE028","Regensburg","POP_DEN","Population density (pop. per km2)","2010","2010","PER","Persons","0","Units",,,170,,
"DE028","Regensburg","POP_DEN","Population density (pop. per km2)","2011","2011","PER","Persons","0","Units",,,170,,
"DE028","Regensburg","POP_DEN","Population density (pop. per km2)","2012","2012","PER","Persons","0","Units",,,171,,
"DE028","Regensburg","POP_DEN","Population density (pop. per km2)","2013","2013","PER","Persons","0","Units",,,172,,
"DE028","Regensburg","POP_DEN","Population density (pop. per km2)","2014","2014","PER","Persons","0","Units",,,174,,
"DE028","Regensburg","POP_DEN","Population density (pop. per km2)","2015","2015","PER","Persons","0","Units",,,176,,
"DE028","Regensburg","POP_DEN","Population density (pop. per km2)","2016","2016","PER","Persons","0","Units",,,179,,
"USA119","Tallahassee","POP_DEN","Population density (pop. per km2)","2000","2000","PER","Persons","0","Units",,,50,,
"USA119","Tallahassee","POP_DEN","Population density (pop. per km2)","2001","2001","PER","Persons","0","Units",,,51,,
"USA119","Tallahassee","POP_DEN","Population density (pop. per km2)","2002","2002","PER","Persons","0","Units",,,51,,
"USA119","Tallahassee","POP_DEN","Population density (pop. per km2)","2003","2003","PER","Persons","0","Units",,,52,,
"USA119","Tallahassee","POP_DEN","Population density (pop. per km2)","2004","2004","PER","Persons","0","Units",,,53,,
"USA119","Tallahassee","POP_DEN","Population density (pop. per km2)","2005","2005","PER","Persons","0","Units",,,54,,
"USA119","Tallahassee","POP_DEN","Population density (pop. per km2)","2006","2006","PER","Persons","0","Units",,,55,,
"USA119","Tallahassee","POP_DEN","Population density (pop. per km2)","2007","2007","PER","Persons","0","Units",,,56,,
"USA119","Tallahassee","POP_DEN","Population density (pop. per km2)","2008","2008","PER","Persons","0","Units",,,56,,
"USA119","Tallahassee","POP_DEN","Population density (pop. per km2)","2009","2009","PER","Persons","0","Units",,,57,,
"USA119","Tallahassee","POP_DEN","Population density (pop. per km2)","2010","2010","PER","Persons","0","Units",,,58,,
"USA119","Tallahassee","POP_DEN","Population density (pop. per km2)","2011","2011","PER","Persons","0","Units",,,58,,
"USA119","Tallahassee","POP_DEN","Population density (pop. per km2)","2012","2012","PER","Persons","0","Units",,,59,,
"USA119","Tallahassee","POP_DEN","Population density (pop. per km2)","2013","2013","PER","Persons","0","Units",,,58,,
"USA119","Tallahassee","POP_DEN","Population density (pop. per km2)","2014","2014","PER","Persons","0","Units",,,59,,
"USA119","Tallahassee","POP_DEN","Population density (pop. per km2)","2015","2015","PER","Persons","0","Units",,,59,,
"USA119","Tallahassee","POP_DEN","Population density (pop. per km2)","2016","2016","PER","Persons","0","Units",,,59,,
"USA146","Atlantic City","T_T_SH_NAT","Share of population  in metropolitan area over the national value","2001","2001","RATIO","Ratio","0","Units",,,0.1,,
"USA146","Atlantic City","T_T_SH_NAT","Share of population  in metropolitan area over the national value","2002","2002","RATIO","Ratio","0","Units",,,0.1,,
"USA146","Atlantic City","T_T_SH_NAT","Share of population  in metropolitan area over the national value","2003","2003","RATIO","Ratio","0","Units",,,0.1,,
"USA146","Atlantic City","T_T_SH_NAT","Share of population  in metropolitan area over the national value","2004","2004","RATIO","Ratio","0","Units",,,0.1,,
"USA146","Atlantic City","T_T_SH_NAT","Share of population  in metropolitan area over the national value","2005","2005","RATIO","Ratio","0","Units",,,0.1,,
"USA146","Atlantic City","T_T_SH_NAT","Share of population  in metropolitan area over the national value","2006","2006","RATIO","Ratio","0","Units",,,0.1,,
"USA146","Atlantic City","T_T_SH_NAT","Share of population  in metropolitan area over the national value","2007","2007","RATIO","Ratio","0","Units",,,0.1,,
"USA146","Atlantic City","T_T_SH_NAT","Share of population  in metropolitan area over the national value","2008","2008","RATIO","Ratio","0","Units",,,0.1,,
"USA146","Atlantic City","T_T_SH_NAT","Share of population  in metropolitan area over the national value","2009","2009","RATIO","Ratio","0","Units",,,0.1,,
"USA146","Atlantic City","T_T_SH_NAT","Share of population  in metropolitan area over the national value","2010","2010","RATIO","Ratio","0","Units",,,0.1,,
"USA146","Atlantic City","T_T_SH_NAT","Share of population  in metropolitan area over the national value","2011","2011","RATIO","Ratio","0","Units",,,0.1,,
"USA146","Atlantic City","T_T_SH_NAT","Share of population  in metropolitan area over the national value","2012","2012","RATIO","Ratio","0","Units",,,0.1,,
"USA146","Atlantic City","T_T_SH_NAT","Share of population  in metropolitan area over the national value","2013","2013","RATIO","Ratio","0","Units",,,0.1,,
"USA146","Atlantic City","T_T_SH_NAT","Share of population  in metropolitan area over the national value","2014","2014","RATIO","Ratio","0","Units",,,0.1,,
"USA146","Atlantic City","T_T_SH_NAT","Share of population  in metropolitan area over the national value","2015","2015","RATIO","Ratio","0","Units",,,0.1,,
"USA146","Atlantic City","T_T_SH_NAT","Share of population  in metropolitan area over the national value","2016","2016","RATIO","Ratio","0","Units",,,0.1,,
"USA23","Orange","T_T","Population, All ages. Administrative data","2000","2000","PER","Persons","0","Units",,,1656890,,
"USA23","Orange","T_T","Population, All ages. Administrative data","2001","2001","PER","Persons","0","Units",,,1710359,,
"USA23","Orange","T_T","Population, All ages. Administrative data","2002","2002","PER","Persons","0","Units",,,1760345,,
"USA23","Orange","T_T","Population, All ages. Administrative data","2003","2003","PER","Persons","0","Units",,,1811544,,
"USA23","Orange","T_T","Population, All ages. Administrative data","2004","2004","PER","Persons","0","Units",,,1878077,,
"USA23","Orange","T_T","Population, All ages. Administrative data","2005","2005","PER","Persons","0","Units",,,1955794,,
"USA23","Orange","T_T","Population, All ages. Administrative data","2006","2006","PER","Persons","0","Units",,,2020057,,
"USA23","Orange","T_T","Population, All ages. Administrative data","2007","2007","PER","Persons","0","Units",,,2057865,,
"USA23","Orange","T_T","Population, All ages. Administrative data","2008","2008","PER","Persons","0","Units",,,2087489,,
"USA23","Orange","T_T","Population, All ages. Administrative data","2009","2009","PER","Persons","0","Units",,,2111917,,
"USA23","Orange","T_T","Population, All ages. Administrative data","2010","2010","PER","Persons","0","Units",,,2139317,,
"USA23","Orange","T_T","Population, All ages. Administrative data","2011","2011","PER","Persons","0","Units",,,2176424,,
"USA23","Orange","T_T","Population, All ages. Administrative data","2012","2012","PER","Persons","0","Units",,,2227414,,
"USA23","Orange","T_T","Population, All ages. Administrative data","2013","2013","PER","Persons","0","Units",,,2272175,,
"USA23","Orange","T_T","Population, All ages. Administrative data","2014","2014","PER","Persons","0","Units",,,2327929,,
"USA23","Orange","T_T","Population, All ages. Administrative data","2015","2015","PER","Persons","0","Units",,,2391028,,
"USA23","Orange","T_T","Population, All ages. Administrative data","2016","2016","PER","Persons","0","Units",,,2453333,,
"COL02","Medellin","T_T","Population, All ages. Administrative data","2000","2000","PER","Persons","0","Units",,,3079228,,
"COL02","Medellin","T_T","Population, All ages. Administrative data","2001","2001","PER","Persons","0","Units",,,3112482,,
"COL02","Medellin","T_T","Population, All ages. Administrative data","2002","2002","PER","Persons","0","Units",,,3145737,,
"COL02","Medellin","T_T","Population, All ages. Administrative data","2003","2003","PER","Persons","0","Units",,,3178992,,
"COL02","Medellin","T_T","Population, All ages. Administrative data","2004","2004","PER","Persons","0","Units",,,3212247,,
"COL02","Medellin","T_T","Population, All ages. Administrative data","2005","2005","PER","Persons","0","Units",,,3245502,,
"COL02","Medellin","T_T","Population, All ages. Administrative data","2006","2006","PER","Persons","0","Units",,,3278757,,
"COL02","Medellin","T_T","Population, All ages. Administrative data","2007","2007","PER","Persons","0","Units",,,3312012,,
"COL02","Medellin","T_T","Population, All ages. Administrative data","2008","2008","PER","Persons","0","Units",,,3345267,,
"COL02","Medellin","T_T","Population, All ages. Administrative data","2009","2009","PER","Persons","0","Units",,,3378522,,
"COL02","Medellin","T_T","Population, All ages. Administrative data","2010","2010","PER","Persons","0","Units",,,3411776,,
"COL02","Medellin","T_T","Population, All ages. Administrative data","2011","2011","PER","Persons","0","Units",,,3445031,,
"COL02","Medellin","T_T","Population, All ages. Administrative data","2012","2012","PER","Persons","0","Units",,,3478286,,
"COL02","Medellin","T_T","Population, All ages. Administrative data","2013","2013","PER","Persons","0","Units",,,3511541,,
"COL02","Medellin","T_T","Population, All ages. Administrative data","2014","2014","PER","Persons","0","Units",,,3544796,,
"COL02","Medellin","T_T","Population, All ages. Administrative data","2015","2015","PER","Persons","0","Units",,,3578051,,
"JPN30","Tokushima","T_T","Population, All ages. Administrative data","2000","2000","PER","Persons","0","Units",,,600329,,
"JPN30","Tokushima","T_T","Population, All ages. Administrative data","2001","2001","PER","Persons","0","Units",,,599766,,
"JPN30","Tokushima","T_T","Population, All ages. Administrative data","2002","2002","PER","Persons","0","Units",,,599205,,
"JPN30","Tokushima","T_T","Population, All ages. Administrative data","2003","2003","PER","Persons","0","Units",,,598643,,
"JPN30","Tokushima","T_T","Population, All ages. Administrative data","2004","2004","PER","Persons","0","Units",,,598082,,
"JPN30","Tokushima","T_T","Population, All ages. Administrative data","2005","2005","PER","Persons","0","Units",,,597519,,
"JPN30","Tokushima","T_T","Population, All ages. Administrative data","2006","2006","PER","Persons","0","Units",,,594131,,
"JPN30","Tokushima","T_T","Population, All ages. Administrative data","2007","2007","PER","Persons","0","Units",,,590744,,
"JPN30","Tokushima","T_T","Population, All ages. Administrative data","2008","2008","PER","Persons","0","Units",,,587356,,
"JPN30","Tokushima","T_T","Population, All ages. Administrative data","2009","2009","PER","Persons","0","Units",,,583969,,
"JPN30","Tokushima","T_T","Population, All ages. Administrative data","2010","2010","PER","Persons","0","Units",,,580581,,
"JPN30","Tokushima","T_T","Population, All ages. Administrative data","2011","2011","PER","Persons","0","Units",,,576873,,
"JPN30","Tokushima","T_T","Population, All ages. Administrative data","2012","2012","PER","Persons","0","Units",,,573164,,
"JPN30","Tokushima","T_T","Population, All ages. Administrative data","2013","2013","PER","Persons","0","Units",,,569456,,
"JPN30","Tokushima","T_T","Population, All ages. Administrative data","2014","2014","PER","Persons","0","Units",,,565747,,
"JPN30","Tokushima","T_T","Population, All ages. Administrative data","2015","2015","PER","Persons","0","Units",,,562039,,
"USA100","Escambia","T_T_SH_NAT","Share of population  in metropolitan area over the national value","2001","2001","RATIO","Ratio","0","Units",,,0.1,,
"USA100","Escambia","T_T_SH_NAT","Share of population  in metropolitan area over the national value","2002","2002","RATIO","Ratio","0","Units",,,0.1,,
"USA100","Escambia","T_T_SH_NAT","Share of population  in metropolitan area over the national value","2003","2003","RATIO","Ratio","0","Units",,,0.1,,
"USA100","Escambia","T_T_SH_NAT","Share of population  in metropolitan area over the national value","2004","2004","RATIO","Ratio","0","Units",,,0.1,,
"USA100","Escambia","T_T_SH_NAT","Share of population  in metropolitan area over the national value","2005","2005","RATIO","Ratio","0","Units",,,0.1,,
"USA100","Escambia","T_T_SH_NAT","Share of population  in metropolitan area over the national value","2006","2006","RATIO","Ratio","0","Units",,,0.1,,
"USA100","Escambia","T_T_SH_NAT","Share of population  in metropolitan area over the national value","2007","2007","RATIO","Ratio","0","Units",,,0.1,,
"USA100","Escambia","T_T_SH_NAT","Share of population  in metropolitan area over the national value","2008","2008","RATIO","Ratio","0","Units",,,0.1,,
"USA100","Escambia","T_T_SH_NAT","Share of population  in metropolitan area over the national value","2009","2009","RATIO","Ratio","0","Units",,,0.1,,
"USA100","Escambia","T_T_SH_NAT","Share of population  in metropolitan area over the national value","2010","2010","RATIO","Ratio","0","Units",,,0.1,,
"USA100","Escambia","T_T_SH_NAT","Share of population  in metropolitan area over the national value","2011","2011","RATIO","Ratio","0","Units",,,0.1,,
"USA100","Escambia","T_T_SH_NAT","Share of population  in metropolitan area over the national value","2012","2012","RATIO","Ratio","0","Units",,,0.1,,
"USA100","Escambia","T_T_SH_NAT","Share of population  in metropolitan area over the national value","2013","2013","RATIO","Ratio","0","Units",,,0.1,,
"USA100","Escambia","T_T_SH_NAT","Share of population  in metropolitan area over the national value","2014","2014","RATIO","Ratio","0","Units",,,0.1,,
"USA100","Escambia","T_T_SH_NAT","Share of population  in metropolitan area over the national value","2015","2015","RATIO","Ratio","0","Units",,,0.1,,
"USA100","Escambia","T_T_SH_NAT","Share of population  in metropolitan area over the national value","2016","2016","RATIO","Ratio","0","Units",,,0.1,,
"MEX29","Celaya","POP_DEN","Population density (pop. per km2)","2000","2000","PER","Persons","0","Units",,,437,,
"MEX29","Celaya","POP_DEN","Population density (pop. per km2)","2005","2005","PER","Persons","0","Units",,,448,,
"MEX29","Celaya","POP_DEN","Population density (pop. per km2)","2010","2010","PER","Persons","0","Units",,,506,,
"MEX29","Celaya","POP_DEN","Population density (pop. per km2)","2015","2015","PER","Persons","0","Units",,,592,,
"NL002","Amsterdam","T_T_SH_NAT","Share of population  in metropolitan area over the national value","2001","2001","RATIO","Ratio","0","Units",,,15.3,,
"NL002","Amsterdam","T_T_SH_NAT","Share of population  in metropolitan area over the national value","2002","2002","RATIO","Ratio","0","Units",,,14.9,,
"NL002","Amsterdam","T_T_SH_NAT","Share of population  in metropolitan area over the national value","2003","2003","RATIO","Ratio","0","Units",,,14.6,,
"NL002","Amsterdam","T_T_SH_NAT","Share of population  in metropolitan area over the national value","2004","2004","RATIO","Ratio","0","Units",,,14.3,,
"NL002","Amsterdam","T_T_SH_NAT","Share of population  in metropolitan area over the national value","2005","2005","RATIO","Ratio","0","Units",,,14.4,,
"NL002","Amsterdam","T_T_SH_NAT","Share of population  in metropolitan area over the national value","2006","2006","RATIO","Ratio","0","Units",,,14.5,,
"NL002","Amsterdam","T_T_SH_NAT","Share of population  in metropolitan area over the national value","2007","2007","RATIO","Ratio","0","Units",,,14.7,,
"NL002","Amsterdam","T_T_SH_NAT","Share of population  in metropolitan area over the national value","2008","2008","RATIO","Ratio","0","Units",,,14.9,,
"NL002","Amsterdam","T_T_SH_NAT","Share of population  in metropolitan area over the national value","2009","2009","RATIO","Ratio","0","Units",,,15.1,,
"NL002","Amsterdam","T_T_SH_NAT","Share of population  in metropolitan area over the national value","2010","2010","RATIO","Ratio","0","Units",,,15.2,,
"NL002","Amsterdam","T_T_SH_NAT","Share of population  in metropolitan area over the national value","2011","2011","RATIO","Ratio","0","Units",,,15.4,,
"NL002","Amsterdam","T_T_SH_NAT","Share of population  in metropolitan area over the national value","2012","2012","RATIO","Ratio","0","Units",,,15.7,,
"NL002","Amsterdam","T_T_SH_NAT","Share of population  in metropolitan area over the national value","2013","2013","RATIO","Ratio","0","Units",,,15.8,,
"NL002","Amsterdam","T_T_SH_NAT","Share of population  in metropolitan area over the national value","2014","2014","RATIO","Ratio","0","Units",,,15.8,,
"NL002","Amsterdam","T_T_SH_NAT","Share of population  in metropolitan area over the national value","2015","2015","RATIO","Ratio","0","Units",,,15.9,,
"NL002","Amsterdam","T_T_SH_NAT","Share of population  in metropolitan area over the national value","2016","2016","RATIO","Ratio","0","Units",,,16,,
"PL012","Kielce","T_T_SH_NAT","Share of population  in metropolitan area over the national value","2001","2001","RATIO","Ratio","0","Units",,,1,,
"PL012","Kielce","T_T_SH_NAT","Share of population  in metropolitan area over the national value","2002","2002","RATIO","Ratio","0","Units",,,1,,
"PL012","Kielce","T_T_SH_NAT","Share of population  in metropolitan area over the national value","2003","2003","RATIO","Ratio","0","Units",,,1,,
"PL012","Kielce","T_T_SH_NAT","Share of population  in metropolitan area over the national value","2004","2004","RATIO","Ratio","0","Units",,,1,,
"PL012","Kielce","T_T_SH_NAT","Share of population  in metropolitan area over the national value","2005","2005","RATIO","Ratio","0","Units",,,1,,
"PL012","Kielce","T_T_SH_NAT","Share of population  in metropolitan area over the national value","2006","2006","RATIO","Ratio","0","Units",,,1,,
"PL012","Kielce","T_T_SH_NAT","Share of population  in metropolitan area over the national value","2007","2007","RATIO","Ratio","0","Units",,,1,,
"PL012","Kielce","T_T_SH_NAT","Share of population  in metropolitan area over the national value","2008","2008","RATIO","Ratio","0","Units",,,1,,
"PL012","Kielce","T_T_SH_NAT","Share of population  in metropolitan area over the national value","2009","2009","RATIO","Ratio","0","Units",,,1,,
"PL012","Kielce","T_T_SH_NAT","Share of population  in metropolitan area over the national value","2010","2010","RATIO","Ratio","0","Units",,,1.1,,
"PL012","Kielce","T_T_SH_NAT","Share of population  in metropolitan area over the national value","2011","2011","RATIO","Ratio","0","Units",,,1.1,,
"PL012","Kielce","T_T_SH_NAT","Share of population  in metropolitan area over the national value","2012","2012","RATIO","Ratio","0","Units",,,1.1,,
"PL012","Kielce","T_T_SH_NAT","Share of population  in metropolitan area over the national value","2013","2013","RATIO","Ratio","0","Units",,,1.1,,
"PL012","Kielce","T_T_SH_NAT","Share of population  in metropolitan area over the national value","2014","2014","RATIO","Ratio","0","Units",,,1.1,,
"PL012","Kielce","T_T_SH_NAT","Share of population  in metropolitan area over the national value","2015","2015","RATIO","Ratio","0","Units",,,1.1,,
"PL012","Kielce","T_T_SH_NAT","Share of population  in metropolitan area over the national value","2016","2016","RATIO","Ratio","0","Units",,,1.1,,
"MEX39","Orizaba","POP_DEN","Population density (pop. per km2)","2000","2000","PER","Persons","0","Units",,,508,,
"MEX39","Orizaba","POP_DEN","Population density (pop. per km2)","2005","2005","PER","Persons","0","Units",,,501,,
"MEX39","Orizaba","POP_DEN","Population density (pop. per km2)","2010","2010","PER","Persons","0","Units",,,541,,
"MEX39","Orizaba","POP_DEN","Population density (pop. per km2)","2015","2015","PER","Persons","0","Units",,,618,,
"JPN01","Tokyo","T_T_SH_NAT","Share of population  in metropolitan area over the national value","2001","2001","RATIO","Ratio","0","Units",,,26.1,,
"JPN01","Tokyo","T_T_SH_NAT","Share of population  in metropolitan area over the national value","2002","2002","RATIO","Ratio","0","Units",,,26.2,,
"JPN01","Tokyo","T_T_SH_NAT","Share of population  in metropolitan area over the national value","2003","2003","RATIO","Ratio","0","Units",,,26.3,,
"JPN01","Tokyo","T_T_SH_NAT","Share of population  in metropolitan area over the national value","2004","2004","RATIO","Ratio","0","Units",,,26.4,,
"JPN01","Tokyo","T_T_SH_NAT","Share of population  in metropolitan area over the national value","2005","2005","RATIO","Ratio","0","Units",,,26.5,,
"JPN01","Tokyo","T_T_SH_NAT","Share of population  in metropolitan area over the national value","2006","2006","RATIO","Ratio","0","Units",,,26.7,,
"JPN01","Tokyo","T_T_SH_NAT","Share of population  in metropolitan area over the national value","2007","2007","RATIO","Ratio","0","Units",,,26.9,,
"JPN01","Tokyo","T_T_SH_NAT","Share of population  in metropolitan area over the national value","2008","2008","RATIO","Ratio","0","Units",,,27.1,,
"JPN01","Tokyo","T_T_SH_NAT","Share of population  in metropolitan area over the national value","2009","2009","RATIO","Ratio","0","Units",,,27.3,,
"JPN01","Tokyo","T_T_SH_NAT","Share of population  in metropolitan area over the national value","2010","2010","RATIO","Ratio","0","Units",,,27.3,,
"JPN01","Tokyo","T_T_SH_NAT","Share of population  in metropolitan area over the national value","2011","2011","RATIO","Ratio","0","Units",,,27.4,,
"JPN01","Tokyo","T_T_SH_NAT","Share of population  in metropolitan area over the national value","2012","2012","RATIO","Ratio","0","Units",,,27.6,,
"JPN01","Tokyo","T_T_SH_NAT","Share of population  in metropolitan area over the national value","2013","2013","RATIO","Ratio","0","Units",,,27.7,,
"JPN01","Tokyo","T_T_SH_NAT","Share of population  in metropolitan area over the national value","2014","2014","RATIO","Ratio","0","Units",,,27.8,,
"JPN01","Tokyo","T_T_SH_NAT","Share of population  in metropolitan area over the national value","2015","2015","RATIO","Ratio","0","Units",,,27.8,,
"USA17","St. Louis","T_T","Population, All ages. Administrative data","2000","2000","PER","Persons","0","Units",,,2482576,,
"USA17","St. Louis","T_T","Population, All ages. Administrative data","2001","2001","PER","Persons","0","Units",,,2493093,,
"USA17","St. Louis","T_T","Population, All ages. Administrative data","2002","2002","PER","Persons","0","Units",,,2501893,,
"USA17","St. Louis","T_T","Population, All ages. Administrative data","2003","2003","PER","Persons","0","Units",,,2511670,,
"USA17","St. Louis","T_T","Population, All ages. Administrative data","2004","2004","PER","Persons","0","Units",,,2521195,,
"USA17","St. Louis","T_T","Population, All ages. Administrative data","2005","2005","PER","Persons","0","Units",,,2528812,,
"USA17","St. Louis","T_T","Population, All ages. Administrative data","2006","2006","PER","Persons","0","Units",,,2541693,,
"USA17","St. Louis","T_T","Population, All ages. Administrative data","2007","2007","PER","Persons","0","Units",,,2551884,,
"USA17","St. Louis","T_T","Population, All ages. Administrative data","2008","2008","PER","Persons","0","Units",,,2563147,,
"USA17","St. Louis","T_T","Population, All ages. Administrative data","2009","2009","PER","Persons","0","Units",,,2575146,,
"USA17","St. Louis","T_T","Population, All ages. Administrative data","2010","2010","PER","Persons","0","Units",,,2584983,,
"USA17","St. Louis","T_T","Population, All ages. Administrative data","2011","2011","PER","Persons","0","Units",,,2588673,,
"USA17","St. Louis","T_T","Population, All ages. Administrative data","2012","2012","PER","Persons","0","Units",,,2592299,,
"USA17","St. Louis","T_T","Population, All ages. Administrative data","2013","2013","PER","Persons","0","Units",,,2596184,,
"USA17","St. Louis","T_T","Population, All ages. Administrative data","2014","2014","PER","Persons","0","Units",,,2600991,,
"USA17","St. Louis","T_T","Population, All ages. Administrative data","2015","2015","PER","Persons","0","Units",,,2604608,,
"USA17","St. Louis","T_T","Population, All ages. Administrative data","2016","2016","PER","Persons","0","Units",,,2603969,,
"FR042","Dunkerque","POP_DEN","Population density (pop. per km2)","2000","2000","PER","Persons","0","Units",,,286,,
"FR042","Dunkerque","POP_DEN","Population density (pop. per km2)","2001","2001","PER","Persons","0","Units",,,288,,
"FR042","Dunkerque","POP_DEN","Population density (pop. per km2)","2002","2002","PER","Persons","0","Units",,,291,,
"FR042","Dunkerque","POP_DEN","Population density (pop. per km2)","2003","2003","PER","Persons","0","Units",,,293,,
"FR042","Dunkerque","POP_DEN","Population density (pop. per km2)","2004","2004","PER","Persons","0","Units",,,295,,
"FR042","Dunkerque","POP_DEN","Population density (pop. per km2)","2005","2005","PER","Persons","0","Units",,,297,,
"FR042","Dunkerque","POP_DEN","Population density (pop. per km2)","2006","2006","PER","Persons","0","Units",,,300,,
"FR042","Dunkerque","POP_DEN","Population density (pop. per km2)","2007","2007","PER","Persons","0","Units",,,302,,
"FR042","Dunkerque","POP_DEN","Population density (pop. per km2)","2008","2008","PER","Persons","0","Units",,,304,,
"FR042","Dunkerque","POP_DEN","Population density (pop. per km2)","2009","2009","PER","Persons","0","Units",,,306,,
"FR042","Dunkerque","POP_DEN","Population density (pop. per km2)","2010","2010","PER","Persons","0","Units",,,306,,
"FR042","Dunkerque","POP_DEN","Population density (pop. per km2)","2011","2011","PER","Persons","0","Units",,,306,,
"FR042","Dunkerque","POP_DEN","Population density (pop. per km2)","2012","2012","PER","Persons","0","Units",,,306,,
"FR042","Dunkerque","POP_DEN","Population density (pop. per km2)","2013","2013","PER","Persons","0","Units",,,306,,
"FR042","Dunkerque","POP_DEN","Population density (pop. per km2)","2014","2014","PER","Persons","0","Units",,,306,,
"FR042","Dunkerque","POP_DEN","Population density (pop. per km2)","2015","2015","PER","Persons","0","Units",,,292,,
"USA112","Cameron","POP_DEN","Population density (pop. per km2)","2000","2000","PER","Persons","0","Units",,,133,,
"USA112","Cameron","POP_DEN","Population density (pop. per km2)","2001","2001","PER","Persons","0","Units",,,135,,
"USA112","Cameron","POP_DEN","Population density (pop. per km2)","2002","2002","PER","Persons","0","Units",,,139,,
"USA112","Cameron","POP_DEN","Population density (pop. per km2)","2003","2003","PER","Persons","0","Units",,,142,,
"USA112","Cameron","POP_DEN","Population density (pop. per km2)","2004","2004","PER","Persons","0","Units",,,145,,
"USA112","Cameron","POP_DEN","Population density (pop. per km2)","2005","2005","PER","Persons","0","Units",,,148,,
"USA112","Cameron","POP_DEN","Population density (pop. per km2)","2006","2006","PER","Persons","0","Units",,,150,,
"USA112","Cameron","POP_DEN","Population density (pop. per km2)","2007","2007","PER","Persons","0","Units",,,153,,
"USA112","Cameron","POP_DEN","Population density (pop. per km2)","2008","2008","PER","Persons","0","Units",,,156,,
"USA112","Cameron","POP_DEN","Population density (pop. per km2)","2009","2009","PER","Persons","0","Units",,,158,,
"USA112","Cameron","POP_DEN","Population density (pop. per km2)","2010","2010","PER","Persons","0","Units",,,161,,
"USA112","Cameron","POP_DEN","Population density (pop. per km2)","2011","2011","PER","Persons","0","Units",,,163,,
"USA112","Cameron","POP_DEN","Population density (pop. per km2)","2012","2012","PER","Persons","0","Units",,,164,,
"USA112","Cameron","POP_DEN","Population density (pop. per km2)","2013","2013","PER","Persons","0","Units",,,165,,
"USA112","Cameron","POP_DEN","Population density (pop. per km2)","2014","2014","PER","Persons","0","Units",,,166,,
"USA112","Cameron","POP_DEN","Population density (pop. per km2)","2015","2015","PER","Persons","0","Units",,,166,,
"USA112","Cameron","POP_DEN","Population density (pop. per km2)","2016","2016","PER","Persons","0","Units",,,167,,
"NO003","Trondheim","T_T_SH_NAT","Share of population  in metropolitan area over the national value","2001","2001","RATIO","Ratio","0","Units",,,5,,
"NO003","Trondheim","T_T_SH_NAT","Share of population  in metropolitan area over the national value","2002","2002","RATIO","Ratio","0","Units",,,5,,
"NO003","Trondheim","T_T_SH_NAT","Share of population  in metropolitan area over the national value","2003","2003","RATIO","Ratio","0","Units",,,5,,
"NO003","Trondheim","T_T_SH_NAT","Share of population  in metropolitan area over the national value","2004","2004","RATIO","Ratio","0","Units",,,5,,
"NO003","Trondheim","T_T_SH_NAT","Share of population  in metropolitan area over the national value","2005","2005","RATIO","Ratio","0","Units",,,5.1,,
"NO003","Trondheim","T_T_SH_NAT","Share of population  in metropolitan area over the national value","2006","2006","RATIO","Ratio","0","Units",,,5.1,,
"NO003","Trondheim","T_T_SH_NAT","Share of population  in metropolitan area over the national value","2007","2007","RATIO","Ratio","0","Units",,,5.1,,
"NO003","Trondheim","T_T_SH_NAT","Share of population  in metropolitan area over the national value","2008","2008","RATIO","Ratio","0","Units",,,5.2,,
"NO003","Trondheim","T_T_SH_NAT","Share of population  in metropolitan area over the national value","2009","2009","RATIO","Ratio","0","Units",,,5.2,,
"NO003","Trondheim","T_T_SH_NAT","Share of population  in metropolitan area over the national value","2010","2010","RATIO","Ratio","0","Units",,,5.2,,
"NO003","Trondheim","T_T_SH_NAT","Share of population  in metropolitan area over the national value","2011","2011","RATIO","Ratio","0","Units",,,5.2,,
"NO003","Trondheim","T_T_SH_NAT","Share of population  in metropolitan area over the national value","2012","2012","RATIO","Ratio","0","Units",,,5.2,,
"NO003","Trondheim","T_T_SH_NAT","Share of population  in metropolitan area over the national value","2013","2013","RATIO","Ratio","0","Units",,,5.2,,
"NO003","Trondheim","T_T_SH_NAT","Share of population  in metropolitan area over the national value","2014","2014","RATIO","Ratio","0","Units",,,5.2,,
"NO003","Trondheim","T_T_SH_NAT","Share of population  in metropolitan area over the national value","2015","2015","RATIO","Ratio","0","Units",,,5.3,,
"NO003","Trondheim","T_T_SH_NAT","Share of population  in metropolitan area over the national value","2016","2016","RATIO","Ratio","0","Units",,,5.3,,
"USA122","Winnebago (IL)","T_T","Population, All ages. Administrative data","2000","2000","PER","Persons","0","Units",,,321033,,
"USA122","Winnebago (IL)","T_T","Population, All ages. Administrative data","2001","2001","PER","Persons","0","Units",,,323229,,
"USA122","Winnebago (IL)","T_T","Population, All ages. Administrative data","2002","2002","PER","Persons","0","Units",,,325747,,
"USA122","Winnebago (IL)","T_T","Population, All ages. Administrative data","2003","2003","PER","Persons","0","Units",,,329472,,
"USA122","Winnebago (IL)","T_T","Population, All ages. Administrative data","2004","2004","PER","Persons","0","Units",,,332230,,
"USA122","Winnebago (IL)","T_T","Population, All ages. Administrative data","2005","2005","PER","Persons","0","Units",,,335903,,
"USA122","Winnebago (IL)","T_T","Population, All ages. Administrative data","2006","2006","PER","Persons","0","Units",,,341202,,
"USA122","Winnebago (IL)","T_T","Population, All ages. Administrative data","2007","2007","PER","Persons","0","Units",,,347503,,
"USA122","Winnebago (IL)","T_T","Population, All ages. Administrative data","2008","2008","PER","Persons","0","Units",,,349937,,
"USA122","Winnebago (IL)","T_T","Population, All ages. Administrative data","2009","2009","PER","Persons","0","Units",,,349766,,
"USA122","Winnebago (IL)","T_T","Population, All ages. Administrative data","2010","2010","PER","Persons","0","Units",,,349194,,
"USA122","Winnebago (IL)","T_T","Population, All ages. Administrative data","2011","2011","PER","Persons","0","Units",,,347701,,
"USA122","Winnebago (IL)","T_T","Population, All ages. Administrative data","2012","2012","PER","Persons","0","Units",,,345803,,
"USA122","Winnebago (IL)","T_T","Population, All ages. Administrative data","2013","2013","PER","Persons","0","Units",,,344671,,
"USA122","Winnebago (IL)","T_T","Population, All ages. Administrative data","2014","2014","PER","Persons","0","Units",,,342412,,
"USA122","Winnebago (IL)","T_T","Population, All ages. Administrative data","2015","2015","PER","Persons","0","Units",,,340725,,
"USA122","Winnebago (IL)","T_T","Population, All ages. Administrative data","2016","2016","PER","Persons","0","Units",,,339650,,
"USA76","Polk","POP_DEN","Population density (pop. per km2)","2000","2000","PER","Persons","0","Units",,,57,,
"USA76","Polk","POP_DEN","Population density (pop. per km2)","2001","2001","PER","Persons","0","Units",,,58,,
"USA76","Polk","POP_DEN","Population density (pop. per km2)","2002","2002","PER","Persons","0","Units",,,58,,
"USA76","Polk","POP_DEN","Population density (pop. per km2)","2003","2003","PER","Persons","0","Units",,,59,,
"USA76","Polk","POP_DEN","Population density (pop. per km2)","2004","2004","PER","Persons","0","Units",,,60,,
"USA76","Polk","POP_DEN","Population density (pop. per km2)","2005","2005","PER","Persons","0","Units",,,61,,
"USA76","Polk","POP_DEN","Population density (pop. per km2)","2006","2006","PER","Persons","0","Units",,,63,,
"USA76","Polk","POP_DEN","Population density (pop. per km2)","2007","2007","PER","Persons","0","Units",,,64,,
"USA76","Polk","POP_DEN","Population density (pop. per km2)","2008","2008","PER","Persons","0","Units",,,65,,
"USA76","Polk","POP_DEN","Population density (pop. per km2)","2009","2009","PER","Persons","0","Units",,,66,,
"USA76","Polk","POP_DEN","Population density (pop. per km2)","2010","2010","PER","Persons","0","Units",,,67,,
"USA76","Polk","POP_DEN","Population density (pop. per km2)","2011","2011","PER","Persons","0","Units",,,68,,
"USA76","Polk","POP_DEN","Population density (pop. per km2)","2012","2012","PER","Persons","0","Units",,,69,,
"USA76","Polk","POP_DEN","Population density (pop. per km2)","2013","2013","PER","Persons","0","Units",,,70,,
"USA76","Polk","POP_DEN","Population density (pop. per km2)","2014","2014","PER","Persons","0","Units",,,72,,
"USA76","Polk","POP_DEN","Population density (pop. per km2)","2015","2015","PER","Persons","0","Units",,,73,,
"USA76","Polk","POP_DEN","Population density (pop. per km2)","2016","2016","PER","Persons","0","Units",,,74,,
"MEX40","Mazatlan","T_T","Population, All ages. Administrative data","2000","2000","PER","Persons","0","Units",,,393349,,
"MEX40","Mazatlan","T_T","Population, All ages. Administrative data","2005","2005","PER","Persons","0","Units",,,391021,,
"MEX40","Mazatlan","T_T","Population, All ages. Administrative data","2010","2010","PER","Persons","0","Units",,,437082,,
"MEX40","Mazatlan","T_T","Population, All ages. Administrative data","2015","2015","PER","Persons","0","Units",,,479678,,
"DE017","Bielefeld","POP_DEN","Population density (pop. per km2)","2001","2001","PER","Persons","0","Units",,,1249,,
"DE017","Bielefeld","POP_DEN","Population density (pop. per km2)","2002","2002","PER","Persons","0","Units",,,1255,,
"DE017","Bielefeld","POP_DEN","Population density (pop. per km2)","2003","2003","PER","Persons","0","Units",,,1261,,
"DE017","Bielefeld","POP_DEN","Population density (pop. per km2)","2004","2004","PER","Persons","0","Units",,,1275,,
"DE017","Bielefeld","POP_DEN","Population density (pop. per km2)","2005","2005","PER","Persons","0","Units",,,1273,,
"DE017","Bielefeld","POP_DEN","Population density (pop. per km2)","2006","2006","PER","Persons","0","Units",,,1269,,
"DE017","Bielefeld","POP_DEN","Population density (pop. per km2)","2007","2007","PER","Persons","0","Units",,,1265,,
"DE017","Bielefeld","POP_DEN","Population density (pop. per km2)","2008","2008","PER","Persons","0","Units",,,1261,,
"DE017","Bielefeld","POP_DEN","Population density (pop. per km2)","2009","2009","PER","Persons","0","Units",,,1256,,
"DE017","Bielefeld","POP_DEN","Population density (pop. per km2)","2010","2010","PER","Persons","0","Units",,,1254,,
"DE017","Bielefeld","POP_DEN","Population density (pop. per km2)","2011","2011","PER","Persons","0","Units",,,1270,,
"DE017","Bielefeld","POP_DEN","Population density (pop. per km2)","2012","2012","PER","Persons","0","Units",,,1270,,
"DE017","Bielefeld","POP_DEN","Population density (pop. per km2)","2013","2013","PER","Persons","0","Units",,,1274,,
"DE017","Bielefeld","POP_DEN","Population density (pop. per km2)","2014","2014","PER","Persons","0","Units",,,1276,,
"DE017","Bielefeld","POP_DEN","Population density (pop. per km2)","2015","2015","PER","Persons","0","Units",,,1280,,
"DE017","Bielefeld","POP_DEN","Population density (pop. per km2)","2016","2016","PER","Persons","0","Units",,,1293,,
"MEX02","Guadalajara","T_T","Population, All ages. Administrative data","2000","2000","PER","Persons","0","Units",,,4268867,,
"MEX02","Guadalajara","T_T","Population, All ages. Administrative data","2005","2005","PER","Persons","0","Units",,,4025561,,
"MEX02","Guadalajara","T_T","Population, All ages. Administrative data","2010","2010","PER","Persons","0","Units",,,4471669,,
"MEX02","Guadalajara","T_T","Population, All ages. Administrative data","2015","2015","PER","Persons","0","Units",,,5264906,,
"JPN09","Kitakyushu","T_T_SH_NAT","Share of population  in metropolitan area over the national value","2001","2001","RATIO","Ratio","0","Units",,,1.1,,
"JPN09","Kitakyushu","T_T_SH_NAT","Share of population  in metropolitan area over the national value","2002","2002","RATIO","Ratio","0","Units",,,1.1,,
"JPN09","Kitakyushu","T_T_SH_NAT","Share of population  in metropolitan area over the national value","2003","2003","RATIO","Ratio","0","Units",,,1.1,,
"JPN09","Kitakyushu","T_T_SH_NAT","Share of population  in metropolitan area over the national value","2004","2004","RATIO","Ratio","0","Units",,,1.1,,
"JPN09","Kitakyushu","T_T_SH_NAT","Share of population  in metropolitan area over the national value","2005","2005","RATIO","Ratio","0","Units",,,1.1,,
"JPN09","Kitakyushu","T_T_SH_NAT","Share of population  in metropolitan area over the national value","2006","2006","RATIO","Ratio","0","Units",,,1.1,,
"JPN09","Kitakyushu","T_T_SH_NAT","Share of population  in metropolitan area over the national value","2007","2007","RATIO","Ratio","0","Units",,,1.1,,
"JPN09","Kitakyushu","T_T_SH_NAT","Share of population  in metropolitan area over the national value","2008","2008","RATIO","Ratio","0","Units",,,1.1,,
"JPN09","Kitakyushu","T_T_SH_NAT","Share of population  in metropolitan area over the national value","2009","2009","RATIO","Ratio","0","Units",,,1.1,,
"JPN09","Kitakyushu","T_T_SH_NAT","Share of population  in metropolitan area over the national value","2010","2010","RATIO","Ratio","0","Units",,,1.1,,
"JPN09","Kitakyushu","T_T_SH_NAT","Share of population  in metropolitan area over the national value","2011","2011","RATIO","Ratio","0","Units",,,1.1,,
"JPN09","Kitakyushu","T_T_SH_NAT","Share of population  in metropolitan area over the national value","2012","2012","RATIO","Ratio","0","Units",,,1.1,,
"JPN09","Kitakyushu","T_T_SH_NAT","Share of population  in metropolitan area over the national value","2013","2013","RATIO","Ratio","0","Units",,,1.1,,
"JPN09","Kitakyushu","T_T_SH_NAT","Share of population  in metropolitan area over the national value","2014","2014","RATIO","Ratio","0","Units",,,1,,
"JPN09","Kitakyushu","T_T_SH_NAT","Share of population  in metropolitan area over the national value","2015","2015","RATIO","Ratio","0","Units",,,1,,
"SE002","Gothenburg","POP_DEN","Population density (pop. per km2)","2000","2000","PER","Persons","0","Units",,,201,,
"SE002","Gothenburg","POP_DEN","Population density (pop. per km2)","2001","2001","PER","Persons","0","Units",,,203,,
"SE002","Gothenburg","POP_DEN","Population density (pop. per km2)","2002","2002","PER","Persons","0","Units",,,204,,
"SE002","Gothenburg","POP_DEN","Population density (pop. per km2)","2003","2003","PER","Persons","0","Units",,,206,,
"SE002","Gothenburg","POP_DEN","Population density (pop. per km2)","2004","2004","PER","Persons","0","Units",,,207,,
"SE002","Gothenburg","POP_DEN","Population density (pop. per km2)","2005","2005","PER","Persons","0","Units",,,209,,
"SE002","Gothenburg","POP_DEN","Population density (pop. per km2)","2006","2006","PER","Persons","0","Units",,,211,,
"SE002","Gothenburg","POP_DEN","Population density (pop. per km2)","2007","2007","PER","Persons","0","Units",,,213,,
"SE002","Gothenburg","POP_DEN","Population density (pop. per km2)","2008","2008","PER","Persons","0","Units",,,216,,
"SE002","Gothenburg","POP_DEN","Population density (pop. per km2)","2009","2009","PER","Persons","0","Units",,,218,,
"SE002","Gothenburg","POP_DEN","Population density (pop. per km2)","2010","2010","PER","Persons","0","Units",,,221,,
"SE002","Gothenburg","POP_DEN","Population density (pop. per km2)","2011","2011","PER","Persons","0","Units",,,223,,
"SE002","Gothenburg","POP_DEN","Population density (pop. per km2)","2012","2012","PER","Persons","0","Units",,,225,,
"SE002","Gothenburg","POP_DEN","Population density (pop. per km2)","2013","2013","PER","Persons","0","Units",,,228,,
"SE002","Gothenburg","POP_DEN","Population density (pop. per km2)","2014","2014","PER","Persons","0","Units",,,231,,
"SE002","Gothenburg","POP_DEN","Population density (pop. per km2)","2015","2015","PER","Persons","0","Units",,,234,,
"SE002","Gothenburg","POP_DEN","Population density (pop. per km2)","2016","2016","PER","Persons","0","Units",,,237,,
"JPN41","Yamagata","POP_DEN","Population density (pop. per km2)","2000","2000","PER","Persons","0","Units",,,389,,
"JPN41","Yamagata","POP_DEN","Population density (pop. per km2)","2001","2001","PER","Persons","0","Units",,,389,,
"JPN41","Yamagata","POP_DEN","Population density (pop. per km2)","2002","2002","PER","Persons","0","Units",,,389,,
"JPN41","Yamagata","POP_DEN","Population density (pop. per km2)","2003","2003","PER","Persons","0","Units",,,389,,
"JPN41","Yamagata","POP_DEN","Population density (pop. per km2)","2004","2004","PER","Persons","0","Units",,,389,,
"JPN41","Yamagata","POP_DEN","Population density (pop. per km2)","2005","2005","PER","Persons","0","Units",,,389,,
"JPN41","Yamagata","POP_DEN","Population density (pop. per km2)","2006","2006","PER","Persons","0","Units",,,387,,
"JPN41","Yamagata","POP_DEN","Population density (pop. per km2)","2007","2007","PER","Persons","0","Units",,,385,,
"JPN41","Yamagata","POP_DEN","Population density (pop. per km2)","2008","2008","PER","Persons","0","Units",,,383,,
"JPN41","Yamagata","POP_DEN","Population density (pop. per km2)","2009","2009","PER","Persons","0","Units",,,381,,
"JPN41","Yamagata","POP_DEN","Population density (pop. per km2)","2010","2010","PER","Persons","0","Units",,,379,,
"JPN41","Yamagata","POP_DEN","Population density (pop. per km2)","2011","2011","PER","Persons","0","Units",,,378,,
"JPN41","Yamagata","POP_DEN","Population density (pop. per km2)","2012","2012","PER","Persons","0","Units",,,377,,
"JPN41","Yamagata","POP_DEN","Population density (pop. per km2)","2013","2013","PER","Persons","0","Units",,,376,,
"JPN41","Yamagata","POP_DEN","Population density (pop. per km2)","2014","2014","PER","Persons","0","Units",,,375,,
"JPN41","Yamagata","POP_DEN","Population density (pop. per km2)","2015","2015","PER","Persons","0","Units",,,374,,
"ES009","Valladolid","T_T_SH_NAT","Share of population  in metropolitan area over the national value","2001","2001","RATIO","Ratio","0","Units",,,1,,
"ES009","Valladolid","T_T_SH_NAT","Share of population  in metropolitan area over the national value","2002","2002","RATIO","Ratio","0","Units",,,1,,
"ES009","Valladolid","T_T_SH_NAT","Share of population  in metropolitan area over the national value","2003","2003","RATIO","Ratio","0","Units",,,0.9,,
"ES009","Valladolid","T_T_SH_NAT","Share of population  in metropolitan area over the national value","2004","2004","RATIO","Ratio","0","Units",,,0.9,,
"ES009","Valladolid","T_T_SH_NAT","Share of population  in metropolitan area over the national value","2005","2005","RATIO","Ratio","0","Units",,,0.9,,
"ES009","Valladolid","T_T_SH_NAT","Share of population  in metropolitan area over the national value","2006","2006","RATIO","Ratio","0","Units",,,0.9,,
"ES009","Valladolid","T_T_SH_NAT","Share of population  in metropolitan area over the national value","2007","2007","RATIO","Ratio","0","Units",,,0.9,,
"ES009","Valladolid","T_T_SH_NAT","Share of population  in metropolitan area over the national value","2008","2008","RATIO","Ratio","0","Units",,,0.9,,
"ES009","Valladolid","T_T_SH_NAT","Share of population  in metropolitan area over the national value","2009","2009","RATIO","Ratio","0","Units",,,0.9,,
"ES009","Valladolid","T_T_SH_NAT","Share of population  in metropolitan area over the national value","2010","2010","RATIO","Ratio","0","Units",,,0.9,,
"ES009","Valladolid","T_T_SH_NAT","Share of population  in metropolitan area over the national value","2011","2011","RATIO","Ratio","0","Units",,,0.9,,
"ES009","Valladolid","T_T_SH_NAT","Share of population  in metropolitan area over the national value","2012","2012","RATIO","Ratio","0","Units",,,0.9,,
"ES009","Valladolid","T_T_SH_NAT","Share of population  in metropolitan area over the national value","2013","2013","RATIO","Ratio","0","Units",,,0.9,,
"ES009","Valladolid","T_T_SH_NAT","Share of population  in metropolitan area over the national value","2014","2014","RATIO","Ratio","0","Units",,,0.9,,
"ES009","Valladolid","T_T_SH_NAT","Share of population  in metropolitan area over the national value","2015","2015","RATIO","Ratio","0","Units",,,0.9,,
"ES009","Valladolid","T_T_SH_NAT","Share of population  in metropolitan area over the national value","2016","2016","RATIO","Ratio","0","Units",,,0.9,,
"USA05","San Francisco (Greater)","POP_DEN","Population density (pop. per km2)","2000","2000","PER","Persons","0","Units",,,430,,
"USA05","San Francisco (Greater)","POP_DEN","Population density (pop. per km2)","2001","2001","PER","Persons","0","Units",,,433,,
"USA05","San Francisco (Greater)","POP_DEN","Population density (pop. per km2)","2002","2002","PER","Persons","0","Units",,,430,,
"USA05","San Francisco (Greater)","POP_DEN","Population density (pop. per km2)","2003","2003","PER","Persons","0","Units",,,429,,
"USA05","San Francisco (Greater)","POP_DEN","Population density (pop. per km2)","2004","2004","PER","Persons","0","Units",,,428,,
"USA05","San Francisco (Greater)","POP_DEN","Population density (pop. per km2)","2005","2005","PER","Persons","0","Units",,,429,,
"USA05","San Francisco (Greater)","POP_DEN","Population density (pop. per km2)","2006","2006","PER","Persons","0","Units",,,431,,
"USA05","San Francisco (Greater)","POP_DEN","Population density (pop. per km2)","2007","2007","PER","Persons","0","Units",,,435,,
"USA05","San Francisco (Greater)","POP_DEN","Population density (pop. per km2)","2008","2008","PER","Persons","0","Units",,,442,,
"USA05","San Francisco (Greater)","POP_DEN","Population density (pop. per km2)","2009","2009","PER","Persons","0","Units",,,448,,
"USA05","San Francisco (Greater)","POP_DEN","Population density (pop. per km2)","2010","2010","PER","Persons","0","Units",,,453,,
"USA05","San Francisco (Greater)","POP_DEN","Population density (pop. per km2)","2011","2011","PER","Persons","0","Units",,,459,,
"USA05","San Francisco (Greater)","POP_DEN","Population density (pop. per km2)","2012","2012","PER","Persons","0","Units",,,465,,
"USA05","San Francisco (Greater)","POP_DEN","Population density (pop. per km2)","2013","2013","PER","Persons","0","Units",,,472,,
"USA05","San Francisco (Greater)","POP_DEN","Population density (pop. per km2)","2014","2014","PER","Persons","0","Units",,,479,,
"USA05","San Francisco (Greater)","POP_DEN","Population density (pop. per km2)","2015","2015","PER","Persons","0","Units",,,485,,
"USA05","San Francisco (Greater)","POP_DEN","Population density (pop. per km2)","2016","2016","PER","Persons","0","Units",,,489,,
"USA49","Tampa-Hillsborough","T_T","Population, All ages. Administrative data","2000","2000","PER","Persons","0","Units",,,1003435,,
"USA49","Tampa-Hillsborough","T_T","Population, All ages. Administrative data","2001","2001","PER","Persons","0","Units",,,1028385,,
"USA49","Tampa-Hillsborough","T_T","Population, All ages. Administrative data","2002","2002","PER","Persons","0","Units",,,1054860,,
"USA49","Tampa-Hillsborough","T_T","Population, All ages. Administrative data","2003","2003","PER","Persons","0","Units",,,1077462,,
"USA49","Tampa-Hillsborough","T_T","Population, All ages. Administrative data","2004","2004","PER","Persons","0","Units",,,1108225,,
"USA49","Tampa-Hillsborough","T_T","Population, All ages. Administrative data","2005","2005","PER","Persons","0","Units",,,1143154,,
"USA49","Tampa-Hillsborough","T_T","Population, All ages. Administrative data","2006","2006","PER","Persons","0","Units",,,1171826,,
"USA49","Tampa-Hillsborough","T_T","Population, All ages. Administrative data","2007","2007","PER","Persons","0","Units",,,1184686,,
"USA49","Tampa-Hillsborough","T_T","Population, All ages. Administrative data","2008","2008","PER","Persons","0","Units",,,1196773,,
"USA49","Tampa-Hillsborough","T_T","Population, All ages. Administrative data","2009","2009","PER","Persons","0","Units",,,1214050,,
"USA49","Tampa-Hillsborough","T_T","Population, All ages. Administrative data","2010","2010","PER","Persons","0","Units",,,1233557,,
"USA49","Tampa-Hillsborough","T_T","Population, All ages. Administrative data","2011","2011","PER","Persons","0","Units",,,1271239,,
"USA49","Tampa-Hillsborough","T_T","Population, All ages. Administrative data","2012","2012","PER","Persons","0","Units",,,1282378,,
"USA49","Tampa-Hillsborough","T_T","Population, All ages. Administrative data","2013","2013","PER","Persons","0","Units",,,1294828,,
"USA49","Tampa-Hillsborough","T_T","Population, All ages. Administrative data","2014","2014","PER","Persons","0","Units",,,1319511,,
"USA49","Tampa-Hillsborough","T_T","Population, All ages. Administrative data","2015","2015","PER","Persons","0","Units",,,1350904,,
"USA49","Tampa-Hillsborough","T_T","Population, All ages. Administrative data","2016","2016","PER","Persons","0","Units",,,1381627,,
"JPN07","Kurashiki","T_T_SH_NAT","Share of population  in metropolitan area over the national value","2001","2001","RATIO","Ratio","0","Units",,,1.2,,
"JPN07","Kurashiki","T_T_SH_NAT","Share of population  in metropolitan area over the national value","2002","2002","RATIO","Ratio","0","Units",,,1.2,,
"JPN07","Kurashiki","T_T_SH_NAT","Share of population  in metropolitan area over the national value","2003","2003","RATIO","Ratio","0","Units",,,1.2,,
"JPN07","Kurashiki","T_T_SH_NAT","Share of population  in metropolitan area over the national value","2004","2004","RATIO","Ratio","0","Units",,,1.2,,
"JPN07","Kurashiki","T_T_SH_NAT","Share of population  in metropolitan area over the national value","2005","2005","RATIO","Ratio","0","Units",,,1.2,,
"JPN07","Kurashiki","T_T_SH_NAT","Share of population  in metropolitan area over the national value","2006","2006","RATIO","Ratio","0","Units",,,1.2,,
"JPN07","Kurashiki","T_T_SH_NAT","Share of population  in metropolitan area over the national value","2007","2007","RATIO","Ratio","0","Units",,,1.2,,
"JPN07","Kurashiki","T_T_SH_NAT","Share of population  in metropolitan area over the national value","2008","2008","RATIO","Ratio","0","Units",,,1.2,,
"JPN07","Kurashiki","T_T_SH_NAT","Share of population  in metropolitan area over the national value","2009","2009","RATIO","Ratio","0","Units",,,1.2,,
"JPN07","Kurashiki","T_T_SH_NAT","Share of population  in metropolitan area over the national value","2010","2010","RATIO","Ratio","0","Units",,,1.2,,
"JPN07","Kurashiki","T_T_SH_NAT","Share of population  in metropolitan area over the national value","2011","2011","RATIO","Ratio","0","Units",,,1.2,,
"JPN07","Kurashiki","T_T_SH_NAT","Share of population  in metropolitan area over the national value","2012","2012","RATIO","Ratio","0","Units",,,1.2,,
"JPN07","Kurashiki","T_T_SH_NAT","Share of population  in metropolitan area over the national value","2013","2013","RATIO","Ratio","0","Units",,,1.2,,
"JPN07","Kurashiki","T_T_SH_NAT","Share of population  in metropolitan area over the national value","2014","2014","RATIO","Ratio","0","Units",,,1.2,,
"JPN07","Kurashiki","T_T_SH_NAT","Share of population  in metropolitan area over the national value","2015","2015","RATIO","Ratio","0","Units",,,1.2,,
"NL010","Heerlen","T_T","Population, All ages. Administrative data","2000","2000","PER","Persons","0","Units",,,315024,,
"NL010","Heerlen","T_T","Population, All ages. Administrative data","2001","2001","PER","Persons","0","Units",,,311523,,
"NL010","Heerlen","T_T","Population, All ages. Administrative data","2002","2002","PER","Persons","0","Units",,,308023,,
"NL010","Heerlen","T_T","Population, All ages. Administrative data","2003","2003","PER","Persons","0","Units",,,304522,,
"NL010","Heerlen","T_T","Population, All ages. Administrative data","2004","2004","PER","Persons","0","Units",,,301022,,
"NL010","Heerlen","T_T","Population, All ages. Administrative data","2005","2005","PER","Persons","0","Units",,,298960,,
"NL010","Heerlen","T_T","Population, All ages. Administrative data","2006","2006","PER","Persons","0","Units",,,296657,,
"NL010","Heerlen","T_T","Population, All ages. Administrative data","2007","2007","PER","Persons","0","Units",,,294588,,
"NL010","Heerlen","T_T","Population, All ages. Administrative data","2008","2008","PER","Persons","0","Units",,,292517,,
"NL010","Heerlen","T_T","Population, All ages. Administrative data","2009","2009","PER","Persons","0","Units",,,291271,,
"NL010","Heerlen","T_T","Population, All ages. Administrative data","2010","2010","PER","Persons","0","Units",,,290258,,
"NL010","Heerlen","T_T","Population, All ages. Administrative data","2011","2011","PER","Persons","0","Units",,,289119,,
"NL010","Heerlen","T_T","Population, All ages. Administrative data","2012","2012","PER","Persons","0","Units",,,288180,,
"NL010","Heerlen","T_T","Population, All ages. Administrative data","2013","2013","PER","Persons","0","Units",,,287034,,
"NL010","Heerlen","T_T","Population, All ages. Administrative data","2014","2014","PER","Persons","0","Units",,,285406,,
"NL010","Heerlen","T_T","Population, All ages. Administrative data","2015","2015","PER","Persons","0","Units",,,283921,,
"NL010","Heerlen","T_T","Population, All ages. Administrative data","2016","2016","PER","Persons","0","Units",,,282959,,
"USA25","Indianapolis","T_T_SH_NAT","Share of population  in metropolitan area over the national value","2001","2001","RATIO","Ratio","0","Units",,,0.6,,
"USA25","Indianapolis","T_T_SH_NAT","Share of population  in metropolitan area over the national value","2002","2002","RATIO","Ratio","0","Units",,,0.6,,
"USA25","Indianapolis","T_T_SH_NAT","Share of population  in metropolitan area over the national value","2003","2003","RATIO","Ratio","0","Units",,,0.6,,
"USA25","Indianapolis","T_T_SH_NAT","Share of population  in metropolitan area over the national value","2004","2004","RATIO","Ratio","0","Units",,,0.6,,
"USA25","Indianapolis","T_T_SH_NAT","Share of population  in metropolitan area over the national value","2005","2005","RATIO","Ratio","0","Units",,,0.6,,
"USA25","Indianapolis","T_T_SH_NAT","Share of population  in metropolitan area over the national value","2006","2006","RATIO","Ratio","0","Units",,,0.6,,
"USA25","Indianapolis","T_T_SH_NAT","Share of population  in metropolitan area over the national value","2007","2007","RATIO","Ratio","0","Units",,,0.6,,
"USA25","Indianapolis","T_T_SH_NAT","Share of population  in metropolitan area over the national value","2008","2008","RATIO","Ratio","0","Units",,,0.6,,
"USA25","Indianapolis","T_T_SH_NAT","Share of population  in metropolitan area over the national value","2009","2009","RATIO","Ratio","0","Units",,,0.6,,
"USA25","Indianapolis","T_T_SH_NAT","Share of population  in metropolitan area over the national value","2010","2010","RATIO","Ratio","0","Units",,,0.6,,
"USA25","Indianapolis","T_T_SH_NAT","Share of population  in metropolitan area over the national value","2011","2011","RATIO","Ratio","0","Units",,,0.6,,
"USA25","Indianapolis","T_T_SH_NAT","Share of population  in metropolitan area over the national value","2012","2012","RATIO","Ratio","0","Units",,,0.6,,
"USA25","Indianapolis","T_T_SH_NAT","Share of population  in metropolitan area over the national value","2013","2013","RATIO","Ratio","0","Units",,,0.6,,
"USA25","Indianapolis","T_T_SH_NAT","Share of population  in metropolitan area over the national value","2014","2014","RATIO","Ratio","0","Units",,,0.6,,
"USA25","Indianapolis","T_T_SH_NAT","Share of population  in metropolitan area over the national value","2015","2015","RATIO","Ratio","0","Units",,,0.6,,
"USA25","Indianapolis","T_T_SH_NAT","Share of population  in metropolitan area over the national value","2016","2016","RATIO","Ratio","0","Units",,,0.6,,
"CZ002","Brno","POP_DEN","Population density (pop. per km2)","2000","2000","PER","Persons","0","Units",,,265,,
"CZ002","Brno","POP_DEN","Population density (pop. per km2)","2001","2001","PER","Persons","0","Units",,,264,,
"CZ002","Brno","POP_DEN","Population density (pop. per km2)","2002","2002","PER","Persons","0","Units",,,263,,
"CZ002","Brno","POP_DEN","Population density (pop. per km2)","2003","2003","PER","Persons","0","Units",,,262,,
"CZ002","Brno","POP_DEN","Population density (pop. per km2)","2004","2004","PER","Persons","0","Units",,,260,,
"CZ002","Brno","POP_DEN","Population density (pop. per km2)","2005","2005","PER","Persons","0","Units",,,259,,
"CZ002","Brno","POP_DEN","Population density (pop. per km2)","2006","2006","PER","Persons","0","Units",,,258,,
"CZ002","Brno","POP_DEN","Population density (pop. per km2)","2007","2007","PER","Persons","0","Units",,,256,,
"CZ002","Brno","POP_DEN","Population density (pop. per km2)","2008","2008","PER","Persons","0","Units",,,259,,
"CZ002","Brno","POP_DEN","Population density (pop. per km2)","2009","2009","PER","Persons","0","Units",,,260,,
"CZ002","Brno","POP_DEN","Population density (pop. per km2)","2010","2010","PER","Persons","0","Units",,,261,,
"CZ002","Brno","POP_DEN","Population density (pop. per km2)","2011","2011","PER","Persons","0","Units",,,265,,
"CZ002","Brno","POP_DEN","Population density (pop. per km2)","2012","2012","PER","Persons","0","Units",,,266,,
"CZ002","Brno","POP_DEN","Population density (pop. per km2)","2013","2013","PER","Persons","0","Units",,,267,,
"CZ002","Brno","POP_DEN","Population density (pop. per km2)","2014","2014","PER","Persons","0","Units",,,268,,
"CZ002","Brno","POP_DEN","Population density (pop. per km2)","2015","2015","PER","Persons","0","Units",,,269,,
"CZ002","Brno","POP_DEN","Population density (pop. per km2)","2016","2016","PER","Persons","0","Units",,,270,,
"UK517","Swansea","T_T_SH_NAT","Share of population  in metropolitan area over the national value","2001","2001","RATIO","Ratio","0","Units",,,0.6,,
"UK517","Swansea","T_T_SH_NAT","Share of population  in metropolitan area over the national value","2002","2002","RATIO","Ratio","0","Units",,,0.6,,
"UK517","Swansea","T_T_SH_NAT","Share of population  in metropolitan area over the national value","2003","2003","RATIO","Ratio","0","Units",,,0.6,,
"UK517","Swansea","T_T_SH_NAT","Share of population  in metropolitan area over the national value","2004","2004","RATIO","Ratio","0","Units",,,0.6,,
"UK517","Swansea","T_T_SH_NAT","Share of population  in metropolitan area over the national value","2005","2005","RATIO","Ratio","0","Units",,,0.6,,
"UK517","Swansea","T_T_SH_NAT","Share of population  in metropolitan area over the national value","2006","2006","RATIO","Ratio","0","Units",,,0.6,,
"UK517","Swansea","T_T_SH_NAT","Share of population  in metropolitan area over the national value","2007","2007","RATIO","Ratio","0","Units",,,0.6,,
"UK517","Swansea","T_T_SH_NAT","Share of population  in metropolitan area over the national value","2008","2008","RATIO","Ratio","0","Units",,,0.6,,
"UK517","Swansea","T_T_SH_NAT","Share of population  in metropolitan area over the national value","2009","2009","RATIO","Ratio","0","Units",,,0.6,,
"UK517","Swansea","T_T_SH_NAT","Share of population  in metropolitan area over the national value","2010","2010","RATIO","Ratio","0","Units",,,0.6,,
"UK517","Swansea","T_T_SH_NAT","Share of population  in metropolitan area over the national value","2011","2011","RATIO","Ratio","0","Units",,,0.6,,
"UK517","Swansea","T_T_SH_NAT","Share of population  in metropolitan area over the national value","2012","2012","RATIO","Ratio","0","Units",,,0.6,,
"UK517","Swansea","T_T_SH_NAT","Share of population  in metropolitan area over the national value","2013","2013","RATIO","Ratio","0","Units",,,0.6,,
"UK517","Swansea","T_T_SH_NAT","Share of population  in metropolitan area over the national value","2014","2014","RATIO","Ratio","0","Units",,,0.6,,
"UK517","Swansea","T_T_SH_NAT","Share of population  in metropolitan area over the national value","2015","2015","RATIO","Ratio","0","Units",,,0.6,,
"UK517","Swansea","T_T_SH_NAT","Share of population  in metropolitan area over the national value","2016","2016","RATIO","Ratio","0","Units",,,0.6,,
"UK562","Preston","T_T","Population, All ages. Administrative data","2001","2001","PER","Persons","0","Units",,,234321,,
"UK562","Preston","T_T","Population, All ages. Administrative data","2002","2002","PER","Persons","0","Units",,,235632,,
"UK562","Preston","T_T","Population, All ages. Administrative data","2003","2003","PER","Persons","0","Units",,,237834,,
"UK562","Preston","T_T","Population, All ages. Administrative data","2004","2004","PER","Persons","0","Units",,,239988,,
"UK562","Preston","T_T","Population, All ages. Administrative data","2005","2005","PER","Persons","0","Units",,,241953,,
"UK562","Preston","T_T","Population, All ages. Administrative data","2006","2006","PER","Persons","0","Units",,,244296,,
"UK562","Preston","T_T","Population, All ages. Administrative data","2007","2007","PER","Persons","0","Units",,,245598,,
"UK562","Preston","T_T","Population, All ages. Administrative data","2008","2008","PER","Persons","0","Units",,,246273,,
"UK562","Preston","T_T","Population, All ages. Administrative data","2009","2009","PER","Persons","0","Units",,,246565,,
"UK562","Preston","T_T","Population, All ages. Administrative data","2010","2010","PER","Persons","0","Units",,,247677,,
"UK562","Preston","T_T","Population, All ages. Administrative data","2011","2011","PER","Persons","0","Units",,,249235,,
"UK562","Preston","T_T","Population, All ages. Administrative data","2012","2012","PER","Persons","0","Units",,,249455,,
"UK562","Preston","T_T","Population, All ages. Administrative data","2013","2013","PER","Persons","0","Units",,,248966,,
"UK562","Preston","T_T","Population, All ages. Administrative data","2014","2014","PER","Persons","0","Units",,,249023,,
"UK562","Preston","T_T","Population, All ages. Administrative data","2015","2015","PER","Persons","0","Units",,,250370,,
"UK562","Preston","T_T","Population, All ages. Administrative data","2016","2016","PER","Persons","0","Units",,,251159,,
"AT004","Salzburg","T_T","Population, All ages. Administrative data","2000","2000","PER","Persons","0","Units",,,329837,,
"AT004","Salzburg","T_T","Population, All ages. Administrative data","2001","2001","PER","Persons","0","Units",,,330489,,
"AT004","Salzburg","T_T","Population, All ages. Administrative data","2002","2002","PER","Persons","0","Units",,,331141,,
"AT004","Salzburg","T_T","Population, All ages. Administrative data","2003","2003","PER","Persons","0","Units",,,331792,,
"AT004","Salzburg","T_T","Population, All ages. Administrative data","2004","2004","PER","Persons","0","Units",,,332443,,
"AT004","Salzburg","T_T","Population, All ages. Administrative data","2005","2005","PER","Persons","0","Units",,,333095,,
"AT004","Salzburg","T_T","Population, All ages. Administrative data","2006","2006","PER","Persons","0","Units",,,334217,,
"AT004","Salzburg","T_T","Population, All ages. Administrative data","2007","2007","PER","Persons","0","Units",,,335338,,
"AT004","Salzburg","T_T","Population, All ages. Administrative data","2008","2008","PER","Persons","0","Units",,,336460,,
"AT004","Salzburg","T_T","Population, All ages. Administrative data","2009","2009","PER","Persons","0","Units",,,337581,,
"AT004","Salzburg","T_T","Population, All ages. Administrative data","2010","2010","PER","Persons","0","Units",,,338703,,
"AT004","Salzburg","T_T","Population, All ages. Administrative data","2011","2011","PER","Persons","0","Units",,,340871,,
"AT004","Salzburg","T_T","Population, All ages. Administrative data","2012","2012","PER","Persons","0","Units",,,343036,,
"AT004","Salzburg","T_T","Population, All ages. Administrative data","2013","2013","PER","Persons","0","Units",,,345204,,
"AT004","Salzburg","T_T","Population, All ages. Administrative data","2014","2014","PER","Persons","0","Units",,,347369,,
"AT004","Salzburg","T_T","Population, All ages. Administrative data","2015","2015","PER","Persons","0","Units",,,349537,,
"DE034","Bonn","T_T","Population, All ages. Administrative data","2001","2001","PER","Persons","0","Units",,,878359,,
"DE034","Bonn","T_T","Population, All ages. Administrative data","2002","2002","PER","Persons","0","Units",,,888173,,
"DE034","Bonn","T_T","Population, All ages. Administrative data","2003","2003","PER","Persons","0","Units",,,896909,,
"DE034","Bonn","T_T","Population, All ages. Administrative data","2004","2004","PER","Persons","0","Units",,,903547,,
"DE034","Bonn","T_T","Population, All ages. Administrative data","2005","2005","PER","Persons","0","Units",,,907577,,
"DE034","Bonn","T_T","Population, All ages. Administrative data","2006","2006","PER","Persons","0","Units",,,909744,,
"DE034","Bonn","T_T","Population, All ages. Administrative data","2007","2007","PER","Persons","0","Units",,,912169,,
"DE034","Bonn","T_T","Population, All ages. Administrative data","2008","2008","PER","Persons","0","Units",,,914522,,
"DE034","Bonn","T_T","Population, All ages. Administrative data","2009","2009","PER","Persons","0","Units",,,915238,,
"DE034","Bonn","T_T","Population, All ages. Administrative data","2010","2010","PER","Persons","0","Units",,,917308,,
"DE034","Bonn","T_T","Population, All ages. Administrative data","2011","2011","PER","Persons","0","Units",,,881438,,
"DE034","Bonn","T_T","Population, All ages. Administrative data","2012","2012","PER","Persons","0","Units",,,886222,,
"DE034","Bonn","T_T","Population, All ages. Administrative data","2013","2013","PER","Persons","0","Units",,,889551,,
"DE034","Bonn","T_T","Population, All ages. Administrative data","2014","2014","PER","Persons","0","Units",,,892657,,
"DE034","Bonn","T_T","Population, All ages. Administrative data","2015","2015","PER","Persons","0","Units",,,898822,,
"DE034","Bonn","T_T","Population, All ages. Administrative data","2016","2016","PER","Persons","0","Units",,,914085,,
"ES505","Elche/Elx","POP_DEN","Population density (pop. per km2)","2000","2000","PER","Persons","0","Units",,,557,,
"ES505","Elche/Elx","POP_DEN","Population density (pop. per km2)","2001","2001","PER","Persons","0","Units",,,564,,
"ES505","Elche/Elx","POP_DEN","Population density (pop. per km2)","2002","2002","PER","Persons","0","Units",,,571,,
"ES505","Elche/Elx","POP_DEN","Population density (pop. per km2)","2003","2003","PER","Persons","0","Units",,,578,,
"ES505","Elche/Elx","POP_DEN","Population density (pop. per km2)","2004","2004","PER","Persons","0","Units",,,585,,
"ES505","Elche/Elx","POP_DEN","Population density (pop. per km2)","2005","2005","PER","Persons","0","Units",,,592,,
"ES505","Elche/Elx","POP_DEN","Population density (pop. per km2)","2006","2006","PER","Persons","0","Units",,,599,,
"ES505","Elche/Elx","POP_DEN","Population density (pop. per km2)","2007","2007","PER","Persons","0","Units",,,605,,
"ES505","Elche/Elx","POP_DEN","Population density (pop. per km2)","2008","2008","PER","Persons","0","Units",,,612,,
"ES505","Elche/Elx","POP_DEN","Population density (pop. per km2)","2009","2009","PER","Persons","0","Units",,,619,,
"ES505","Elche/Elx","POP_DEN","Population density (pop. per km2)","2010","2010","PER","Persons","0","Units",,,626,,
"ES505","Elche/Elx","POP_DEN","Population density (pop. per km2)","2011","2011","PER","Persons","0","Units",,,633,,
"ES505","Elche/Elx","POP_DEN","Population density (pop. per km2)","2012","2012","PER","Persons","0","Units",,,640,,
"ES505","Elche/Elx","POP_DEN","Population density (pop. per km2)","2013","2013","PER","Persons","0","Units",,,647,,
"ES505","Elche/Elx","POP_DEN","Population density (pop. per km2)","2014","2014","PER","Persons","0","Units",,,654,,
"ES505","Elche/Elx","POP_DEN","Population density (pop. per km2)","2015","2015","PER","Persons","0","Units",,,660,,
"ES505","Elche/Elx","POP_DEN","Population density (pop. per km2)","2016","2016","PER","Persons","0","Units",,,667,,
"USA75","Sedgwick","T_T_SH_NAT","Share of population  in metropolitan area over the national value","2001","2001","RATIO","Ratio","0","Units",,,0.2,,
"USA75","Sedgwick","T_T_SH_NAT","Share of population  in metropolitan area over the national value","2002","2002","RATIO","Ratio","0","Units",,,0.2,,
"USA75","Sedgwick","T_T_SH_NAT","Share of population  in metropolitan area over the national value","2003","2003","RATIO","Ratio","0","Units",,,0.2,,
"USA75","Sedgwick","T_T_SH_NAT","Share of population  in metropolitan area over the national value","2004","2004","RATIO","Ratio","0","Units",,,0.2,,
"USA75","Sedgwick","T_T_SH_NAT","Share of population  in metropolitan area over the national value","2005","2005","RATIO","Ratio","0","Units",,,0.2,,
"USA75","Sedgwick","T_T_SH_NAT","Share of population  in metropolitan area over the national value","2006","2006","RATIO","Ratio","0","Units",,,0.2,,
"USA75","Sedgwick","T_T_SH_NAT","Share of population  in metropolitan area over the national value","2007","2007","RATIO","Ratio","0","Units",,,0.2,,
"USA75","Sedgwick","T_T_SH_NAT","Share of population  in metropolitan area over the national value","2008","2008","RATIO","Ratio","0","Units",,,0.2,,
"USA75","Sedgwick","T_T_SH_NAT","Share of population  in metropolitan area over the national value","2009","2009","RATIO","Ratio","0","Units",,,0.2,,
"USA75","Sedgwick","T_T_SH_NAT","Share of population  in metropolitan area over the national value","2010","2010","RATIO","Ratio","0","Units",,,0.2,,
"USA75","Sedgwick","T_T_SH_NAT","Share of population  in metropolitan area over the national value","2011","2011","RATIO","Ratio","0","Units",,,0.2,,
"USA75","Sedgwick","T_T_SH_NAT","Share of population  in metropolitan area over the national value","2012","2012","RATIO","Ratio","0","Units",,,0.2,,
"USA75","Sedgwick","T_T_SH_NAT","Share of population  in metropolitan area over the national value","2013","2013","RATIO","Ratio","0","Units",,,0.2,,
"USA75","Sedgwick","T_T_SH_NAT","Share of population  in metropolitan area over the national value","2014","2014","RATIO","Ratio","0","Units",,,0.2,,
"USA75","Sedgwick","T_T_SH_NAT","Share of population  in metropolitan area over the national value","2015","2015","RATIO","Ratio","0","Units",,,0.2,,
"USA75","Sedgwick","T_T_SH_NAT","Share of population  in metropolitan area over the national value","2016","2016","RATIO","Ratio","0","Units",,,0.2,,
"NO004","Stavanger","POP_DEN","Population density (pop. per km2)","2000","2000","PER","Persons","0","Units",,,92,,
"NO004","Stavanger","POP_DEN","Population density (pop. per km2)","2001","2001","PER","Persons","0","Units",,,92,,
"NO004","Stavanger","POP_DEN","Population density (pop. per km2)","2002","2002","PER","Persons","0","Units",,,93,,
"NO004","Stavanger","POP_DEN","Population density (pop. per km2)","2003","2003","PER","Persons","0","Units",,,94,,
"NO004","Stavanger","POP_DEN","Population density (pop. per km2)","2004","2004","PER","Persons","0","Units",,,96,,
"NO004","Stavanger","POP_DEN","Population density (pop. per km2)","2005","2005","PER","Persons","0","Units",,,97,,
"NO004","Stavanger","POP_DEN","Population density (pop. per km2)","2006","2006","PER","Persons","0","Units",,,98,,
"NO004","Stavanger","POP_DEN","Population density (pop. per km2)","2007","2007","PER","Persons","0","Units",,,100,,
"NO004","Stavanger","POP_DEN","Population density (pop. per km2)","2008","2008","PER","Persons","0","Units",,,103,,
"NO004","Stavanger","POP_DEN","Population density (pop. per km2)","2009","2009","PER","Persons","0","Units",,,105,,
"NO004","Stavanger","POP_DEN","Population density (pop. per km2)","2010","2010","PER","Persons","0","Units",,,107,,
"NO004","Stavanger","POP_DEN","Population density (pop. per km2)","2011","2011","PER","Persons","0","Units",,,110,,
"NO004","Stavanger","POP_DEN","Population density (pop. per km2)","2012","2012","PER","Persons","0","Units",,,112,,
"NO004","Stavanger","POP_DEN","Population density (pop. per km2)","2013","2013","PER","Persons","0","Units",,,114,,
"NO004","Stavanger","POP_DEN","Population density (pop. per km2)","2014","2014","PER","Persons","0","Units",,,116,,
"NO004","Stavanger","POP_DEN","Population density (pop. per km2)","2015","2015","PER","Persons","0","Units",,,118,,
"NO004","Stavanger","POP_DEN","Population density (pop. per km2)","2016","2016","PER","Persons","0","Units",,,119,,
"MEX60","Salamanca","T_T_SH_NAT","Share of population  in metropolitan area over the national value","2005","2005","RATIO","Ratio","0","Units",,,0.2,,
"MEX60","Salamanca","T_T_SH_NAT","Share of population  in metropolitan area over the national value","2010","2010","RATIO","Ratio","0","Units",,,0.2,,
"MEX60","Salamanca","T_T_SH_NAT","Share of population  in metropolitan area over the national value","2015","2015","RATIO","Ratio","0","Units",,,0.3,,
"KOR02","Gimhae","T_T","Population, All ages. Administrative data","2000","2000","PER","Persons","0","Units",,,4224025,,
"KOR02","Gimhae","T_T","Population, All ages. Administrative data","2001","2001","PER","Persons","0","Units",,,4251760,,
"KOR02","Gimhae","T_T","Population, All ages. Administrative data","2002","2002","PER","Persons","0","Units",,,4279495,,
"KOR02","Gimhae","T_T","Population, All ages. Administrative data","2003","2003","PER","Persons","0","Units",,,4307229,,
"KOR02","Gimhae","T_T","Population, All ages. Administrative data","2004","2004","PER","Persons","0","Units",,,4334964,,
"KOR02","Gimhae","T_T","Population, All ages. Administrative data","2005","2005","PER","Persons","0","Units",,,4362699,,
"KOR02","Gimhae","T_T","Population, All ages. Administrative data","2006","2006","PER","Persons","0","Units",,,4390434,,
"KOR02","Gimhae","T_T","Population, All ages. Administrative data","2007","2007","PER","Persons","0","Units",,,4418169,,
"KOR02","Gimhae","T_T","Population, All ages. Administrative data","2008","2008","PER","Persons","0","Units",,,4445904,,
"KOR02","Gimhae","T_T","Population, All ages. Administrative data","2009","2009","PER","Persons","0","Units",,,4473638,,
"KOR02","Gimhae","T_T","Population, All ages. Administrative data","2010","2010","PER","Persons","0","Units",,,4501373,,
"KOR02","Gimhae","T_T","Population, All ages. Administrative data","2011","2011","PER","Persons","0","Units",,,4529108,,
"KOR02","Gimhae","T_T","Population, All ages. Administrative data","2012","2012","PER","Persons","0","Units",,,4530044,,
"KOR02","Gimhae","T_T","Population, All ages. Administrative data","2013","2013","PER","Persons","0","Units",,,4537895,,
"KOR02","Gimhae","T_T","Population, All ages. Administrative data","2014","2014","PER","Persons","0","Units",,,4553409,,
"KOR02","Gimhae","T_T","Population, All ages. Administrative data","2015","2015","PER","Persons","0","Units",,,4563362,,
"KOR02","Gimhae","T_T","Population, All ages. Administrative data","2016","2016","PER","Persons","0","Units",,,4564243,,
"UK566","Norwich","POP_DEN","Population density (pop. per km2)","2001","2001","PER","Persons","0","Units",,,235,,
"UK566","Norwich","POP_DEN","Population density (pop. per km2)","2002","2002","PER","Persons","0","Units",,,236,,
"UK566","Norwich","POP_DEN","Population density (pop. per km2)","2003","2003","PER","Persons","0","Units",,,238,,
"UK566","Norwich","POP_DEN","Population density (pop. per km2)","2004","2004","PER","Persons","0","Units",,,240,,
"UK566","Norwich","POP_DEN","Population density (pop. per km2)","2005","2005","PER","Persons","0","Units",,,242,,
"UK566","Norwich","POP_DEN","Population density (pop. per km2)","2006","2006","PER","Persons","0","Units",,,244,,
"UK566","Norwich","POP_DEN","Population density (pop. per km2)","2007","2007","PER","Persons","0","Units",,,245,,
"UK566","Norwich","POP_DEN","Population density (pop. per km2)","2008","2008","PER","Persons","0","Units",,,247,,
"UK566","Norwich","POP_DEN","Population density (pop. per km2)","2009","2009","PER","Persons","0","Units",,,249,,
"UK566","Norwich","POP_DEN","Population density (pop. per km2)","2010","2010","PER","Persons","0","Units",,,252,,
"UK566","Norwich","POP_DEN","Population density (pop. per km2)","2011","2011","PER","Persons","0","Units",,,254,,
"UK566","Norwich","POP_DEN","Population density (pop. per km2)","2012","2012","PER","Persons","0","Units",,,257,,
"UK566","Norwich","POP_DEN","Population density (pop. per km2)","2013","2013","PER","Persons","0","Units",,,259,,
"UK566","Norwich","POP_DEN","Population density (pop. per km2)","2014","2014","PER","Persons","0","Units",,,261,,
"UK566","Norwich","POP_DEN","Population density (pop. per km2)","2015","2015","PER","Persons","0","Units",,,264,,
"UK566","Norwich","POP_DEN","Population density (pop. per km2)","2016","2016","PER","Persons","0","Units",,,267,,
"BE001","Brussels","T_T_SH_NAT","Share of population  in metropolitan area over the national value","2001","2001","RATIO","Ratio","0","Units",,,22,,
"BE001","Brussels","T_T_SH_NAT","Share of population  in metropolitan area over the national value","2002","2002","RATIO","Ratio","0","Units",,,22.1,,
"BE001","Brussels","T_T_SH_NAT","Share of population  in metropolitan area over the national value","2003","2003","RATIO","Ratio","0","Units",,,22.2,,
"BE001","Brussels","T_T_SH_NAT","Share of population  in metropolitan area over the national value","2004","2004","RATIO","Ratio","0","Units",,,22.3,,
"BE001","Brussels","T_T_SH_NAT","Share of population  in metropolitan area over the national value","2005","2005","RATIO","Ratio","0","Units",,,22.3,,
"BE001","Brussels","T_T_SH_NAT","Share of population  in metropolitan area over the national value","2006","2006","RATIO","Ratio","0","Units",,,22.4,,
"BE001","Brussels","T_T_SH_NAT","Share of population  in metropolitan area over the national value","2007","2007","RATIO","Ratio","0","Units",,,22.5,,
"BE001","Brussels","T_T_SH_NAT","Share of population  in metropolitan area over the national value","2008","2008","RATIO","Ratio","0","Units",,,22.6,,
"BE001","Brussels","T_T_SH_NAT","Share of population  in metropolitan area over the national value","2009","2009","RATIO","Ratio","0","Units",,,22.7,,
"BE001","Brussels","T_T_SH_NAT","Share of population  in metropolitan area over the national value","2010","2010","RATIO","Ratio","0","Units",,,22.8,,
"BE001","Brussels","T_T_SH_NAT","Share of population  in metropolitan area over the national value","2011","2011","RATIO","Ratio","0","Units",,,22.8,,
"BE001","Brussels","T_T_SH_NAT","Share of population  in metropolitan area over the national value","2012","2012","RATIO","Ratio","0","Units",,,22.9,,
"BE001","Brussels","T_T_SH_NAT","Share of population  in metropolitan area over the national value","2013","2013","RATIO","Ratio","0","Units",,,23,,
"BE001","Brussels","T_T_SH_NAT","Share of population  in metropolitan area over the national value","2014","2014","RATIO","Ratio","0","Units",,,23.1,,
"BE001","Brussels","T_T_SH_NAT","Share of population  in metropolitan area over the national value","2015","2015","RATIO","Ratio","0","Units",,,23.2,,
"BE001","Brussels","T_T_SH_NAT","Share of population  in metropolitan area over the national value","2016","2016","RATIO","Ratio","0","Units",,,23.2,,
"JPN40","Matsumoto","T_T_SH_NAT","Share of population  in metropolitan area over the national value","2001","2001","RATIO","Ratio","0","Units",,,0.3,,
"JPN40","Matsumoto","T_T_SH_NAT","Share of population  in metropolitan area over the national value","2002","2002","RATIO","Ratio","0","Units",,,0.3,,
"JPN40","Matsumoto","T_T_SH_NAT","Share of population  in metropolitan area over the national value","2003","2003","RATIO","Ratio","0","Units",,,0.3,,
"JPN40","Matsumoto","T_T_SH_NAT","Share of population  in metropolitan area over the national value","2004","2004","RATIO","Ratio","0","Units",,,0.3,,
"JPN40","Matsumoto","T_T_SH_NAT","Share of population  in metropolitan area over the national value","2005","2005","RATIO","Ratio","0","Units",,,0.3,,
"JPN40","Matsumoto","T_T_SH_NAT","Share of population  in metropolitan area over the national value","2006","2006","RATIO","Ratio","0","Units",,,0.3,,
"JPN40","Matsumoto","T_T_SH_NAT","Share of population  in metropolitan area over the national value","2007","2007","RATIO","Ratio","0","Units",,,0.3,,
"JPN40","Matsumoto","T_T_SH_NAT","Share of population  in metropolitan area over the national value","2008","2008","RATIO","Ratio","0","Units",,,0.3,,
"JPN40","Matsumoto","T_T_SH_NAT","Share of population  in metropolitan area over the national value","2009","2009","RATIO","Ratio","0","Units",,,0.3,,
"JPN40","Matsumoto","T_T_SH_NAT","Share of population  in metropolitan area over the national value","2010","2010","RATIO","Ratio","0","Units",,,0.3,,
"JPN40","Matsumoto","T_T_SH_NAT","Share of population  in metropolitan area over the national value","2011","2011","RATIO","Ratio","0","Units",,,0.3,,
"JPN40","Matsumoto","T_T_SH_NAT","Share of population  in metropolitan area over the national value","2012","2012","RATIO","Ratio","0","Units",,,0.3,,
"JPN40","Matsumoto","T_T_SH_NAT","Share of population  in metropolitan area over the national value","2013","2013","RATIO","Ratio","0","Units",,,0.3,,
"JPN40","Matsumoto","T_T_SH_NAT","Share of population  in metropolitan area over the national value","2014","2014","RATIO","Ratio","0","Units",,,0.3,,
"JPN40","Matsumoto","T_T_SH_NAT","Share of population  in metropolitan area over the national value","2015","2015","RATIO","Ratio","0","Units",,,0.3,,
"USA42","New Orleans","T_T","Population, All ages. Administrative data","2000","2000","PER","Persons","0","Units",,,1318079,,
"USA42","New Orleans","T_T","Population, All ages. Administrative data","2001","2001","PER","Persons","0","Units",,,1323237,,
"USA42","New Orleans","T_T","Population, All ages. Administrative data","2002","2002","PER","Persons","0","Units",,,1333273,,
"USA42","New Orleans","T_T","Population, All ages. Administrative data","2003","2003","PER","Persons","0","Units",,,1343872,,
"USA42","New Orleans","T_T","Population, All ages. Administrative data","2004","2004","PER","Persons","0","Units",,,1356470,,
"USA42","New Orleans","T_T","Population, All ages. Administrative data","2005","2005","PER","Persons","0","Units",,,1365030,,
"USA42","New Orleans","T_T","Population, All ages. Administrative data","2006","2006","PER","Persons","0","Units",,,1018231,,
"USA42","New Orleans","T_T","Population, All ages. Administrative data","2007","2007","PER","Persons","0","Units",,,1074201,,
"USA42","New Orleans","T_T","Population, All ages. Administrative data","2008","2008","PER","Persons","0","Units",,,1113736,,
"USA42","New Orleans","T_T","Population, All ages. Administrative data","2009","2009","PER","Persons","0","Units",,,1145611,,
"USA42","New Orleans","T_T","Population, All ages. Administrative data","2010","2010","PER","Persons","0","Units",,,1173403,,
"USA42","New Orleans","T_T","Population, All ages. Administrative data","2011","2011","PER","Persons","0","Units",,,1191996,,
"USA42","New Orleans","T_T","Population, All ages. Administrative data","2012","2012","PER","Persons","0","Units",,,1206264,,
"USA42","New Orleans","T_T","Population, All ages. Administrative data","2013","2013","PER","Persons","0","Units",,,1219579,,
"USA42","New Orleans","T_T","Population, All ages. Administrative data","2014","2014","PER","Persons","0","Units",,,1230103,,
"USA42","New Orleans","T_T","Population, All ages. Administrative data","2015","2015","PER","Persons","0","Units",,,1242040,,
"USA42","New Orleans","T_T","Population, All ages. Administrative data","2016","2016","PER","Persons","0","Units",,,1249763,,
"FI002","Tampere","T_T","Population, All ages. Administrative data","2000","2000","PER","Persons","0","Units",,,367693,,
"FI002","Tampere","T_T","Population, All ages. Administrative data","2001","2001","PER","Persons","0","Units",,,372166,,
"FI002","Tampere","T_T","Population, All ages. Administrative data","2002","2002","PER","Persons","0","Units",,,376264,,
"FI002","Tampere","T_T","Population, All ages. Administrative data","2003","2003","PER","Persons","0","Units",,,380002,,
"FI002","Tampere","T_T","Population, All ages. Administrative data","2004","2004","PER","Persons","0","Units",,,384497,,
"FI002","Tampere","T_T","Population, All ages. Administrative data","2005","2005","PER","Persons","0","Units",,,389047,,
"FI002","Tampere","T_T","Population, All ages. Administrative data","2006","2006","PER","Persons","0","Units",,,394499,,
"FI002","Tampere","T_T","Population, All ages. Administrative data","2007","2007","PER","Persons","0","Units",,,399386,,
"FI002","Tampere","T_T","Population, All ages. Administrative data","2008","2008","PER","Persons","0","Units",,,404029,,
"FI002","Tampere","T_T","Population, All ages. Administrative data","2009","2009","PER","Persons","0","Units",,,408190,,
"FI002","Tampere","T_T","Population, All ages. Administrative data","2010","2010","PER","Persons","0","Units",,,412121,,
"FI002","Tampere","T_T","Population, All ages. Administrative data","2011","2011","PER","Persons","0","Units",,,416209,,
"FI002","Tampere","T_T","Population, All ages. Administrative data","2012","2012","PER","Persons","0","Units",,,420636,,
"FI002","Tampere","T_T","Population, All ages. Administrative data","2013","2013","PER","Persons","0","Units",,,425139,,
"FI002","Tampere","T_T","Population, All ages. Administrative data","2014","2014","PER","Persons","0","Units",,,429121,,
"FI002","Tampere","T_T","Population, All ages. Administrative data","2015","2015","PER","Persons","0","Units",,,432689,,
"FI002","Tampere","T_T","Population, All ages. Administrative data","2016","2016","PER","Persons","0","Units",,,436732,,
"MEX12","Torreon","T_T_SH_NAT","Share of population  in metropolitan area over the national value","2005","2005","RATIO","Ratio","0","Units",,,0.9,,
"MEX12","Torreon","T_T_SH_NAT","Share of population  in metropolitan area over the national value","2010","2010","RATIO","Ratio","0","Units",,,1,,
"MEX12","Torreon","T_T_SH_NAT","Share of population  in metropolitan area over the national value","2015","2015","RATIO","Ratio","0","Units",,,1,,
"SE001","Stockholm","T_T_SH_NAT","Share of population  in metropolitan area over the national value","2001","2001","RATIO","Ratio","0","Units",,,20.7,,
"SE001","Stockholm","T_T_SH_NAT","Share of population  in metropolitan area over the national value","2002","2002","RATIO","Ratio","0","Units",,,20.8,,
"SE001","Stockholm","T_T_SH_NAT","Share of population  in metropolitan area over the national value","2003","2003","RATIO","Ratio","0","Units",,,20.8,,
"SE001","Stockholm","T_T_SH_NAT","Share of population  in metropolitan area over the national value","2004","2004","RATIO","Ratio","0","Units",,,20.9,,
"SE001","Stockholm","T_T_SH_NAT","Share of population  in metropolitan area over the national value","2005","2005","RATIO","Ratio","0","Units",,,21,,
"SE001","Stockholm","T_T_SH_NAT","Share of population  in metropolitan area over the national value","2006","2006","RATIO","Ratio","0","Units",,,21.2,,
"SE001","Stockholm","T_T_SH_NAT","Share of population  in metropolitan area over the national value","2007","2007","RATIO","Ratio","0","Units",,,21.4,,
"SE001","Stockholm","T_T_SH_NAT","Share of population  in metropolitan area over the national value","2008","2008","RATIO","Ratio","0","Units",,,21.6,,
"SE001","Stockholm","T_T_SH_NAT","Share of population  in metropolitan area over the national value","2009","2009","RATIO","Ratio","0","Units",,,21.8,,
"SE001","Stockholm","T_T_SH_NAT","Share of population  in metropolitan area over the national value","2010","2010","RATIO","Ratio","0","Units",,,22,,
"SE001","Stockholm","T_T_SH_NAT","Share of population  in metropolitan area over the national value","2011","2011","RATIO","Ratio","0","Units",,,22.2,,
"SE001","Stockholm","T_T_SH_NAT","Share of population  in metropolitan area over the national value","2012","2012","RATIO","Ratio","0","Units",,,22.4,,
"SE001","Stockholm","T_T_SH_NAT","Share of population  in metropolitan area over the national value","2013","2013","RATIO","Ratio","0","Units",,,22.6,,
"SE001","Stockholm","T_T_SH_NAT","Share of population  in metropolitan area over the national value","2014","2014","RATIO","Ratio","0","Units",,,22.8,,
"SE001","Stockholm","T_T_SH_NAT","Share of population  in metropolitan area over the national value","2015","2015","RATIO","Ratio","0","Units",,,22.9,,
"SE001","Stockholm","T_T_SH_NAT","Share of population  in metropolitan area over the national value","2016","2016","RATIO","Ratio","0","Units",,,23,,
"COL03","Cali","POP_DEN","Population density (pop. per km2)","2000","2000","PER","Persons","0","Units",,,1365,,
"COL03","Cali","POP_DEN","Population density (pop. per km2)","2001","2001","PER","Persons","0","Units",,,1380,,
"COL03","Cali","POP_DEN","Population density (pop. per km2)","2002","2002","PER","Persons","0","Units",,,1395,,
"COL03","Cali","POP_DEN","Population density (pop. per km2)","2003","2003","PER","Persons","0","Units",,,1409,,
"COL03","Cali","POP_DEN","Population density (pop. per km2)","2004","2004","PER","Persons","0","Units",,,1424,,
"COL03","Cali","POP_DEN","Population density (pop. per km2)","2005","2005","PER","Persons","0","Units",,,1439,,
"COL03","Cali","POP_DEN","Population density (pop. per km2)","2006","2006","PER","Persons","0","Units",,,1454,,
"COL03","Cali","POP_DEN","Population density (pop. per km2)","2007","2007","PER","Persons","0","Units",,,1468,,
"COL03","Cali","POP_DEN","Population density (pop. per km2)","2008","2008","PER","Persons","0","Units",,,1483,,
"COL03","Cali","POP_DEN","Population density (pop. per km2)","2009","2009","PER","Persons","0","Units",,,1498,,
"COL03","Cali","POP_DEN","Population density (pop. per km2)","2010","2010","PER","Persons","0","Units",,,1513,,
"COL03","Cali","POP_DEN","Population density (pop. per km2)","2011","2011","PER","Persons","0","Units",,,1528,,
"COL03","Cali","POP_DEN","Population density (pop. per km2)","2012","2012","PER","Persons","0","Units",,,1542,,
"COL03","Cali","POP_DEN","Population density (pop. per km2)","2013","2013","PER","Persons","0","Units",,,1557,,
"COL03","Cali","POP_DEN","Population density (pop. per km2)","2014","2014","PER","Persons","0","Units",,,1572,,
"COL03","Cali","POP_DEN","Population density (pop. per km2)","2015","2015","PER","Persons","0","Units",,,1587,,
"USA44","Erie (NY)","T_T_SH_NAT","Share of population  in metropolitan area over the national value","2001","2001","RATIO","Ratio","0","Units",,,0.4,,
"USA44","Erie (NY)","T_T_SH_NAT","Share of population  in metropolitan area over the national value","2002","2002","RATIO","Ratio","0","Units",,,0.4,,
"USA44","Erie (NY)","T_T_SH_NAT","Share of population  in metropolitan area over the national value","2003","2003","RATIO","Ratio","0","Units",,,0.4,,
"USA44","Erie (NY)","T_T_SH_NAT","Share of population  in metropolitan area over the national value","2004","2004","RATIO","Ratio","0","Units",,,0.4,,
"USA44","Erie (NY)","T_T_SH_NAT","Share of population  in metropolitan area over the national value","2005","2005","RATIO","Ratio","0","Units",,,0.4,,
"USA44","Erie (NY)","T_T_SH_NAT","Share of population  in metropolitan area over the national value","2006","2006","RATIO","Ratio","0","Units",,,0.4,,
"USA44","Erie (NY)","T_T_SH_NAT","Share of population  in metropolitan area over the national value","2007","2007","RATIO","Ratio","0","Units",,,0.4,,
"USA44","Erie (NY)","T_T_SH_NAT","Share of population  in metropolitan area over the national value","2008","2008","RATIO","Ratio","0","Units",,,0.4,,
"USA44","Erie (NY)","T_T_SH_NAT","Share of population  in metropolitan area over the national value","2009","2009","RATIO","Ratio","0","Units",,,0.4,,
"USA44","Erie (NY)","T_T_SH_NAT","Share of population  in metropolitan area over the national value","2010","2010","RATIO","Ratio","0","Units",,,0.4,,
"USA44","Erie (NY)","T_T_SH_NAT","Share of population  in metropolitan area over the national value","2011","2011","RATIO","Ratio","0","Units",,,0.4,,
"USA44","Erie (NY)","T_T_SH_NAT","Share of population  in metropolitan area over the national value","2012","2012","RATIO","Ratio","0","Units",,,0.4,,
"USA44","Erie (NY)","T_T_SH_NAT","Share of population  in metropolitan area over the national value","2013","2013","RATIO","Ratio","0","Units",,,0.4,,
"USA44","Erie (NY)","T_T_SH_NAT","Share of population  in metropolitan area over the national value","2014","2014","RATIO","Ratio","0","Units",,,0.4,,
"USA44","Erie (NY)","T_T_SH_NAT","Share of population  in metropolitan area over the national value","2015","2015","RATIO","Ratio","0","Units",,,0.4,,
"USA44","Erie (NY)","T_T_SH_NAT","Share of population  in metropolitan area over the national value","2016","2016","RATIO","Ratio","0","Units",,,0.4,,
"JPN28","Takamatsu","T_T","Population, All ages. Administrative data","2000","2000","PER","Persons","0","Units",,,588137,,
"JPN28","Takamatsu","T_T","Population, All ages. Administrative data","2001","2001","PER","Persons","0","Units",,,587328,,
"JPN28","Takamatsu","T_T","Population, All ages. Administrative data","2002","2002","PER","Persons","0","Units",,,586518,,
"JPN28","Takamatsu","T_T","Population, All ages. Administrative data","2003","2003","PER","Persons","0","Units",,,585709,,
"JPN28","Takamatsu","T_T","Population, All ages. Administrative data","2004","2004","PER","Persons","0","Units",,,584899,,
"JPN28","Takamatsu","T_T","Population, All ages. Administrative data","2005","2005","PER","Persons","0","Units",,,584090,,
"JPN28","Takamatsu","T_T","Population, All ages. Administrative data","2006","2006","PER","Persons","0","Units",,,580918,,
"JPN28","Takamatsu","T_T","Population, All ages. Administrative data","2007","2007","PER","Persons","0","Units",,,577746,,
"JPN28","Takamatsu","T_T","Population, All ages. Administrative data","2008","2008","PER","Persons","0","Units",,,574573,,
"JPN28","Takamatsu","T_T","Population, All ages. Administrative data","2009","2009","PER","Persons","0","Units",,,571401,,
"JPN28","Takamatsu","T_T","Population, All ages. Administrative data","2010","2010","PER","Persons","0","Units",,,568229,,
"JPN28","Takamatsu","T_T","Population, All ages. Administrative data","2011","2011","PER","Persons","0","Units",,,566357,,
"JPN28","Takamatsu","T_T","Population, All ages. Administrative data","2012","2012","PER","Persons","0","Units",,,564485,,
"JPN28","Takamatsu","T_T","Population, All ages. Administrative data","2013","2013","PER","Persons","0","Units",,,562614,,
"JPN28","Takamatsu","T_T","Population, All ages. Administrative data","2014","2014","PER","Persons","0","Units",,,560742,,
"JPN28","Takamatsu","T_T","Population, All ages. Administrative data","2015","2015","PER","Persons","0","Units",,,558870,,
"USA83","Hamilton (TN)","POP_DEN","Population density (pop. per km2)","2000","2000","PER","Persons","0","Units",,,86,,
"USA83","Hamilton (TN)","POP_DEN","Population density (pop. per km2)","2001","2001","PER","Persons","0","Units",,,87,,
"USA83","Hamilton (TN)","POP_DEN","Population density (pop. per km2)","2002","2002","PER","Persons","0","Units",,,88,,
"USA83","Hamilton (TN)","POP_DEN","Population density (pop. per km2)","2003","2003","PER","Persons","0","Units",,,88,,
"USA83","Hamilton (TN)","POP_DEN","Population density (pop. per km2)","2004","2004","PER","Persons","0","Units",,,89,,
"USA83","Hamilton (TN)","POP_DEN","Population density (pop. per km2)","2005","2005","PER","Persons","0","Units",,,90,,
"USA83","Hamilton (TN)","POP_DEN","Population density (pop. per km2)","2006","2006","PER","Persons","0","Units",,,91,,
"USA83","Hamilton (TN)","POP_DEN","Population density (pop. per km2)","2007","2007","PER","Persons","0","Units",,,92,,
"USA83","Hamilton (TN)","POP_DEN","Population density (pop. per km2)","2008","2008","PER","Persons","0","Units",,,93,,
"USA83","Hamilton (TN)","POP_DEN","Population density (pop. per km2)","2009","2009","PER","Persons","0","Units",,,94,,
"USA83","Hamilton (TN)","POP_DEN","Population density (pop. per km2)","2010","2010","PER","Persons","0","Units",,,95,,
"USA83","Hamilton (TN)","POP_DEN","Population density (pop. per km2)","2011","2011","PER","Persons","0","Units",,,96,,
"USA83","Hamilton (TN)","POP_DEN","Population density (pop. per km2)","2012","2012","PER","Persons","0","Units",,,97,,
"USA83","Hamilton (TN)","POP_DEN","Population density (pop. per km2)","2013","2013","PER","Persons","0","Units",,,98,,
"USA83","Hamilton (TN)","POP_DEN","Population density (pop. per km2)","2014","2014","PER","Persons","0","Units",,,98,,
"USA83","Hamilton (TN)","POP_DEN","Population density (pop. per km2)","2015","2015","PER","Persons","0","Units",,,99,,
"USA83","Hamilton (TN)","POP_DEN","Population density (pop. per km2)","2016","2016","PER","Persons","0","Units",,,99,,
"MEX27","Saltillo","T_T_SH_NAT","Share of population  in metropolitan area over the national value","2005","2005","RATIO","Ratio","0","Units",,,0.6,,
"MEX27","Saltillo","T_T_SH_NAT","Share of population  in metropolitan area over the national value","2010","2010","RATIO","Ratio","0","Units",,,0.6,,
"MEX27","Saltillo","T_T_SH_NAT","Share of population  in metropolitan area over the national value","2015","2015","RATIO","Ratio","0","Units",,,0.7,,
"USA63","Richland","T_T_SH_NAT","Share of population  in metropolitan area over the national value","2001","2001","RATIO","Ratio","0","Units",,,0.2,,
"USA63","Richland","T_T_SH_NAT","Share of population  in metropolitan area over the national value","2002","2002","RATIO","Ratio","0","Units",,,0.2,,
"USA63","Richland","T_T_SH_NAT","Share of population  in metropolitan area over the national value","2003","2003","RATIO","Ratio","0","Units",,,0.2,,
"USA63","Richland","T_T_SH_NAT","Share of population  in metropolitan area over the national value","2004","2004","RATIO","Ratio","0","Units",,,0.2,,
"USA63","Richland","T_T_SH_NAT","Share of population  in metropolitan area over the national value","2005","2005","RATIO","Ratio","0","Units",,,0.2,,
"USA63","Richland","T_T_SH_NAT","Share of population  in metropolitan area over the national value","2006","2006","RATIO","Ratio","0","Units",,,0.2,,
"USA63","Richland","T_T_SH_NAT","Share of population  in metropolitan area over the national value","2007","2007","RATIO","Ratio","0","Units",,,0.2,,
"USA63","Richland","T_T_SH_NAT","Share of population  in metropolitan area over the national value","2008","2008","RATIO","Ratio","0","Units",,,0.2,,
"USA63","Richland","T_T_SH_NAT","Share of population  in metropolitan area over the national value","2009","2009","RATIO","Ratio","0","Units",,,0.2,,
"USA63","Richland","T_T_SH_NAT","Share of population  in metropolitan area over the national value","2010","2010","RATIO","Ratio","0","Units",,,0.2,,
"USA63","Richland","T_T_SH_NAT","Share of population  in metropolitan area over the national value","2011","2011","RATIO","Ratio","0","Units",,,0.2,,
"USA63","Richland","T_T_SH_NAT","Share of population  in metropolitan area over the national value","2012","2012","RATIO","Ratio","0","Units",,,0.2,,
"USA63","Richland","T_T_SH_NAT","Share of population  in metropolitan area over the national value","2013","2013","RATIO","Ratio","0","Units",,,0.2,,
"USA63","Richland","T_T_SH_NAT","Share of population  in metropolitan area over the national value","2014","2014","RATIO","Ratio","0","Units",,,0.2,,
"USA63","Richland","T_T_SH_NAT","Share of population  in metropolitan area over the national value","2015","2015","RATIO","Ratio","0","Units",,,0.3,,
"USA63","Richland","T_T_SH_NAT","Share of population  in metropolitan area over the national value","2016","2016","RATIO","Ratio","0","Units",,,0.3,,
"USA150","St. Joseph","T_T","Population, All ages. Administrative data","2000","2000","PER","Persons","0","Units",,,265845,,
"USA150","St. Joseph","T_T","Population, All ages. Administrative data","2001","2001","PER","Persons","0","Units",,,265502,,
"USA150","St. Joseph","T_T","Population, All ages. Administrative data","2002","2002","PER","Persons","0","Units",,,265090,,
"USA150","St. Joseph","T_T","Population, All ages. Administrative data","2003","2003","PER","Persons","0","Units",,,264762,,
"USA150","St. Joseph","T_T","Population, All ages. Administrative data","2004","2004","PER","Persons","0","Units",,,264541,,
"USA150","St. Joseph","T_T","Population, All ages. Administrative data","2005","2005","PER","Persons","0","Units",,,264863,,
"USA150","St. Joseph","T_T","Population, All ages. Administrative data","2006","2006","PER","Persons","0","Units",,,265496,,
"USA150","St. Joseph","T_T","Population, All ages. Administrative data","2007","2007","PER","Persons","0","Units",,,266045,,
"USA150","St. Joseph","T_T","Population, All ages. Administrative data","2008","2008","PER","Persons","0","Units",,,267282,,
"USA150","St. Joseph","T_T","Population, All ages. Administrative data","2009","2009","PER","Persons","0","Units",,,266827,,
"USA150","St. Joseph","T_T","Population, All ages. Administrative data","2010","2010","PER","Persons","0","Units",,,266782,,
"USA150","St. Joseph","T_T","Population, All ages. Administrative data","2011","2011","PER","Persons","0","Units",,,266667,,
"USA150","St. Joseph","T_T","Population, All ages. Administrative data","2012","2012","PER","Persons","0","Units",,,266373,,
"USA150","St. Joseph","T_T","Population, All ages. Administrative data","2013","2013","PER","Persons","0","Units",,,266931,,
"USA150","St. Joseph","T_T","Population, All ages. Administrative data","2014","2014","PER","Persons","0","Units",,,267733,,
"USA150","St. Joseph","T_T","Population, All ages. Administrative data","2015","2015","PER","Persons","0","Units",,,268356,,
"USA150","St. Joseph","T_T","Population, All ages. Administrative data","2016","2016","PER","Persons","0","Units",,,269613,,
"USA94","Washoe","T_T_SH_NAT","Share of population  in metropolitan area over the national value","2001","2001","RATIO","Ratio","0","Units",,,0.1,,
"USA94","Washoe","T_T_SH_NAT","Share of population  in metropolitan area over the national value","2002","2002","RATIO","Ratio","0","Units",,,0.1,,
"USA94","Washoe","T_T_SH_NAT","Share of population  in metropolitan area over the national value","2003","2003","RATIO","Ratio","0","Units",,,0.1,,
"USA94","Washoe","T_T_SH_NAT","Share of population  in metropolitan area over the national value","2004","2004","RATIO","Ratio","0","Units",,,0.1,,
"USA94","Washoe","T_T_SH_NAT","Share of population  in metropolitan area over the national value","2005","2005","RATIO","Ratio","0","Units",,,0.1,,
"USA94","Washoe","T_T_SH_NAT","Share of population  in metropolitan area over the national value","2006","2006","RATIO","Ratio","0","Units",,,0.1,,
"USA94","Washoe","T_T_SH_NAT","Share of population  in metropolitan area over the national value","2007","2007","RATIO","Ratio","0","Units",,,0.1,,
"USA94","Washoe","T_T_SH_NAT","Share of population  in metropolitan area over the national value","2008","2008","RATIO","Ratio","0","Units",,,0.1,,
"USA94","Washoe","T_T_SH_NAT","Share of population  in metropolitan area over the national value","2009","2009","RATIO","Ratio","0","Units",,,0.1,,
"USA94","Washoe","T_T_SH_NAT","Share of population  in metropolitan area over the national value","2010","2010","RATIO","Ratio","0","Units",,,0.1,,
"USA94","Washoe","T_T_SH_NAT","Share of population  in metropolitan area over the national value","2011","2011","RATIO","Ratio","0","Units",,,0.1,,
"USA94","Washoe","T_T_SH_NAT","Share of population  in metropolitan area over the national value","2012","2012","RATIO","Ratio","0","Units",,,0.1,,
"USA94","Washoe","T_T_SH_NAT","Share of population  in metropolitan area over the national value","2013","2013","RATIO","Ratio","0","Units",,,0.1,,
"USA94","Washoe","T_T_SH_NAT","Share of population  in metropolitan area over the national value","2014","2014","RATIO","Ratio","0","Units",,,0.1,,
"USA94","Washoe","T_T_SH_NAT","Share of population  in metropolitan area over the national value","2015","2015","RATIO","Ratio","0","Units",,,0.2,,
"USA94","Washoe","T_T_SH_NAT","Share of population  in metropolitan area over the national value","2016","2016","RATIO","Ratio","0","Units",,,0.2,,
"USA64","Lehigh","POP_DEN","Population density (pop. per km2)","2000","2000","PER","Persons","0","Units",,,221,,
"USA64","Lehigh","POP_DEN","Population density (pop. per km2)","2001","2001","PER","Persons","0","Units",,,223,,
"USA64","Lehigh","POP_DEN","Population density (pop. per km2)","2002","2002","PER","Persons","0","Units",,,225,,
"USA64","Lehigh","POP_DEN","Population density (pop. per km2)","2003","2003","PER","Persons","0","Units",,,228,,
"USA64","Lehigh","POP_DEN","Population density (pop. per km2)","2004","2004","PER","Persons","0","Units",,,232,,
"USA64","Lehigh","POP_DEN","Population density (pop. per km2)","2005","2005","PER","Persons","0","Units",,,235,,
"USA64","Lehigh","POP_DEN","Population density (pop. per km2)","2006","2006","PER","Persons","0","Units",,,239,,
"USA64","Lehigh","POP_DEN","Population density (pop. per km2)","2007","2007","PER","Persons","0","Units",,,242,,
"USA64","Lehigh","POP_DEN","Population density (pop. per km2)","2008","2008","PER","Persons","0","Units",,,244,,
"USA64","Lehigh","POP_DEN","Population density (pop. per km2)","2009","2009","PER","Persons","0","Units",,,246,,
"USA64","Lehigh","POP_DEN","Population density (pop. per km2)","2010","2010","PER","Persons","0","Units",,,247,,
"USA64","Lehigh","POP_DEN","Population density (pop. per km2)","2011","2011","PER","Persons","0","Units",,,248,,
"USA64","Lehigh","POP_DEN","Population density (pop. per km2)","2012","2012","PER","Persons","0","Units",,,249,,
"USA64","Lehigh","POP_DEN","Population density (pop. per km2)","2013","2013","PER","Persons","0","Units",,,249,,
"USA64","Lehigh","POP_DEN","Population density (pop. per km2)","2014","2014","PER","Persons","0","Units",,,250,,
"USA64","Lehigh","POP_DEN","Population density (pop. per km2)","2015","2015","PER","Persons","0","Units",,,251,,
"USA64","Lehigh","POP_DEN","Population density (pop. per km2)","2016","2016","PER","Persons","0","Units",,,252,,
"DE040","Saarbrucken","T_T_SH_NAT","Share of population  in metropolitan area over the national value","2001","2001","RATIO","Ratio","0","Units",,,1.1,,
"DE040","Saarbrucken","T_T_SH_NAT","Share of population  in metropolitan area over the national value","2002","2002","RATIO","Ratio","0","Units",,,1.1,,
"DE040","Saarbrucken","T_T_SH_NAT","Share of population  in metropolitan area over the national value","2003","2003","RATIO","Ratio","0","Units",,,1,,
"DE040","Saarbrucken","T_T_SH_NAT","Share of population  in metropolitan area over the national value","2004","2004","RATIO","Ratio","0","Units",,,1,,
"DE040","Saarbrucken","T_T_SH_NAT","Share of population  in metropolitan area over the national value","2005","2005","RATIO","Ratio","0","Units",,,1,,
"DE040","Saarbrucken","T_T_SH_NAT","Share of population  in metropolitan area over the national value","2006","2006","RATIO","Ratio","0","Units",,,1,,
"DE040","Saarbrucken","T_T_SH_NAT","Share of population  in metropolitan area over the national value","2007","2007","RATIO","Ratio","0","Units",,,1,,
"DE040","Saarbrucken","T_T_SH_NAT","Share of population  in metropolitan area over the national value","2008","2008","RATIO","Ratio","0","Units",,,1,,
"DE040","Saarbrucken","T_T_SH_NAT","Share of population  in metropolitan area over the national value","2009","2009","RATIO","Ratio","0","Units",,,1,,
"DE040","Saarbrucken","T_T_SH_NAT","Share of population  in metropolitan area over the national value","2010","2010","RATIO","Ratio","0","Units",,,1,,
"DE040","Saarbrucken","T_T_SH_NAT","Share of population  in metropolitan area over the national value","2011","2011","RATIO","Ratio","0","Units",,,1,,
"DE040","Saarbrucken","T_T_SH_NAT","Share of population  in metropolitan area over the national value","2012","2012","RATIO","Ratio","0","Units",,,1,,
"DE040","Saarbrucken","T_T_SH_NAT","Share of population  in metropolitan area over the national value","2013","2013","RATIO","Ratio","0","Units",,,1,,
"DE040","Saarbrucken","T_T_SH_NAT","Share of population  in metropolitan area over the national value","2014","2014","RATIO","Ratio","0","Units",,,1,,
"DE040","Saarbrucken","T_T_SH_NAT","Share of population  in metropolitan area over the national value","2015","2015","RATIO","Ratio","0","Units",,,1,,
"DE040","Saarbrucken","T_T_SH_NAT","Share of population  in metropolitan area over the national value","2016","2016","RATIO","Ratio","0","Units",,,1,,
"CAN01","Toronto","T_T","Population, All ages. Administrative data","2000","2000","PER","Persons","0","Units",,,5564366,,
"CAN01","Toronto","T_T","Population, All ages. Administrative data","2001","2001","PER","Persons","0","Units",,,5707327,,
"CAN01","Toronto","T_T","Population, All ages. Administrative data","2002","2002","PER","Persons","0","Units",,,5845339,,
"CAN01","Toronto","T_T","Population, All ages. Administrative data","2003","2003","PER","Persons","0","Units",,,5944336,,
"CAN01","Toronto","T_T","Population, All ages. Administrative data","2004","2004","PER","Persons","0","Units",,,6044655,,
"CAN01","Toronto","T_T","Population, All ages. Administrative data","2005","2005","PER","Persons","0","Units",,,6142675,,
"CAN01","Toronto","T_T","Population, All ages. Administrative data","2006","2006","PER","Persons","0","Units",,,6243522,,
"CAN01","Toronto","T_T","Population, All ages. Administrative data","2007","2007","PER","Persons","0","Units",,,6334075,,
"CAN01","Toronto","T_T","Population, All ages. Administrative data","2008","2008","PER","Persons","0","Units",,,6427906,,
"CAN01","Toronto","T_T","Population, All ages. Administrative data","2009","2009","PER","Persons","0","Units",,,6520413,,
"CAN01","Toronto","T_T","Population, All ages. Administrative data","2010","2010","PER","Persons","0","Units",,,6510421,,
"CAN01","Toronto","T_T","Population, All ages. Administrative data","2011","2011","PER","Persons","0","Units",,,6500430,,
"CAN01","Toronto","T_T","Population, All ages. Administrative data","2012","2012","PER","Persons","0","Units",,,6579284,,
"CAN01","Toronto","T_T","Population, All ages. Administrative data","2013","2013","PER","Persons","0","Units",,,6658138,,
"CAN01","Toronto","T_T","Population, All ages. Administrative data","2014","2014","PER","Persons","0","Units",,,6736992,,
"CAN01","Toronto","T_T","Population, All ages. Administrative data","2015","2015","PER","Persons","0","Units",,,6815846,,
"CAN01","Toronto","T_T","Population, All ages. Administrative data","2016","2016","PER","Persons","0","Units",,,6894700,,
"USA13","Detroit (Greater)","POP_DEN","Population density (pop. per km2)","2000","2000","PER","Persons","0","Units",,,443,,
"USA13","Detroit (Greater)","POP_DEN","Population density (pop. per km2)","2001","2001","PER","Persons","0","Units",,,444,,
"USA13","Detroit (Greater)","POP_DEN","Population density (pop. per km2)","2002","2002","PER","Persons","0","Units",,,444,,
"USA13","Detroit (Greater)","POP_DEN","Population density (pop. per km2)","2003","2003","PER","Persons","0","Units",,,443,,
"USA13","Detroit (Greater)","POP_DEN","Population density (pop. per km2)","2004","2004","PER","Persons","0","Units",,,443,,
"USA13","Detroit (Greater)","POP_DEN","Population density (pop. per km2)","2005","2005","PER","Persons","0","Units",,,441,,
"USA13","Detroit (Greater)","POP_DEN","Population density (pop. per km2)","2006","2006","PER","Persons","0","Units",,,439,,
"USA13","Detroit (Greater)","POP_DEN","Population density (pop. per km2)","2007","2007","PER","Persons","0","Units",,,436,,
"USA13","Detroit (Greater)","POP_DEN","Population density (pop. per km2)","2008","2008","PER","Persons","0","Units",,,433,,
"USA13","Detroit (Greater)","POP_DEN","Population density (pop. per km2)","2009","2009","PER","Persons","0","Units",,,430,,
"USA13","Detroit (Greater)","POP_DEN","Population density (pop. per km2)","2010","2010","PER","Persons","0","Units",,,428,,
"USA13","Detroit (Greater)","POP_DEN","Population density (pop. per km2)","2011","2011","PER","Persons","0","Units",,,428,,
"USA13","Detroit (Greater)","POP_DEN","Population density (pop. per km2)","2012","2012","PER","Persons","0","Units",,,428,,
"USA13","Detroit (Greater)","POP_DEN","Population density (pop. per km2)","2013","2013","PER","Persons","0","Units",,,428,,
"USA13","Detroit (Greater)","POP_DEN","Population density (pop. per km2)","2014","2014","PER","Persons","0","Units",,,429,,
"USA13","Detroit (Greater)","POP_DEN","Population density (pop. per km2)","2015","2015","PER","Persons","0","Units",,,429,,
"USA13","Detroit (Greater)","POP_DEN","Population density (pop. per km2)","2016","2016","PER","Persons","0","Units",,,429,,
"UK515","Brighton and Hove","T_T","Population, All ages. Administrative data","2001","2001","PER","Persons","0","Units",,,401910,,
"UK515","Brighton and Hove","T_T","Population, All ages. Administrative data","2002","2002","PER","Persons","0","Units",,,402694,,
"UK515","Brighton and Hove","T_T","Population, All ages. Administrative data","2003","2003","PER","Persons","0","Units",,,403066,,
"UK515","Brighton and Hove","T_T","Population, All ages. Administrative data","2004","2004","PER","Persons","0","Units",,,403602,,
"UK515","Brighton and Hove","T_T","Population, All ages. Administrative data","2005","2005","PER","Persons","0","Units",,,406516,,
"UK515","Brighton and Hove","T_T","Population, All ages. Administrative data","2006","2006","PER","Persons","0","Units",,,410063,,
"UK515","Brighton and Hove","T_T","Population, All ages. Administrative data","2007","2007","PER","Persons","0","Units",,,413507,,
"UK515","Brighton and Hove","T_T","Population, All ages. Administrative data","2008","2008","PER","Persons","0","Units",,,418195,,
"UK515","Brighton and Hove","T_T","Population, All ages. Administrative data","2009","2009","PER","Persons","0","Units",,,422721,,
"UK515","Brighton and Hove","T_T","Population, All ages. Administrative data","2010","2010","PER","Persons","0","Units",,,427790,,
"UK515","Brighton and Hove","T_T","Population, All ages. Administrative data","2011","2011","PER","Persons","0","Units",,,431870,,
"UK515","Brighton and Hove","T_T","Population, All ages. Administrative data","2012","2012","PER","Persons","0","Units",,,436389,,
"UK515","Brighton and Hove","T_T","Population, All ages. Administrative data","2013","2013","PER","Persons","0","Units",,,440222,,
"UK515","Brighton and Hove","T_T","Population, All ages. Administrative data","2014","2014","PER","Persons","0","Units",,,444344,,
"UK515","Brighton and Hove","T_T","Population, All ages. Administrative data","2015","2015","PER","Persons","0","Units",,,448497,,
"UK515","Brighton and Hove","T_T","Population, All ages. Administrative data","2016","2016","PER","Persons","0","Units",,,452425,,
"IT008","Bari","POP_DEN","Population density (pop. per km2)","2012","2012","PER","Persons","0","Units",,,652,,
"IT008","Bari","POP_DEN","Population density (pop. per km2)","2013","2013","PER","Persons","0","Units",,,651,,
"IT008","Bari","POP_DEN","Population density (pop. per km2)","2014","2014","PER","Persons","0","Units",,,662,,
"IT008","Bari","POP_DEN","Population density (pop. per km2)","2015","2015","PER","Persons","0","Units",,,666,,
"IT008","Bari","POP_DEN","Population density (pop. per km2)","2016","2016","PER","Persons","0","Units",,,665,,
"PL024","Czestochowa","T_T","Population, All ages. Administrative data","2000","2000","PER","Persons","0","Units",,,421349,,
"PL024","Czestochowa","T_T","Population, All ages. Administrative data","2001","2001","PER","Persons","0","Units",,,419735,,
"PL024","Czestochowa","T_T","Population, All ages. Administrative data","2002","2002","PER","Persons","0","Units",,,418698,,
"PL024","Czestochowa","T_T","Population, All ages. Administrative data","2003","2003","PER","Persons","0","Units",,,417517,,
"PL024","Czestochowa","T_T","Population, All ages. Administrative data","2004","2004","PER","Persons","0","Units",,,416339,,
"PL024","Czestochowa","T_T","Population, All ages. Administrative data","2005","2005","PER","Persons","0","Units",,,415122,,
"PL024","Czestochowa","T_T","Population, All ages. Administrative data","2006","2006","PER","Persons","0","Units",,,413276,,
"PL024","Czestochowa","T_T","Population, All ages. Administrative data","2007","2007","PER","Persons","0","Units",,,410802,,
"PL024","Czestochowa","T_T","Population, All ages. Administrative data","2008","2008","PER","Persons","0","Units",,,409299,,
"PL024","Czestochowa","T_T","Population, All ages. Administrative data","2009","2009","PER","Persons","0","Units",,,408273,,
"PL024","Czestochowa","T_T","Population, All ages. Administrative data","2010","2010","PER","Persons","0","Units",,,408019,,
"PL024","Czestochowa","T_T","Population, All ages. Administrative data","2011","2011","PER","Persons","0","Units",,,406962,,
"PL024","Czestochowa","T_T","Population, All ages. Administrative data","2012","2012","PER","Persons","0","Units",,,405634,,
"PL024","Czestochowa","T_T","Population, All ages. Administrative data","2013","2013","PER","Persons","0","Units",,,403715,,
"PL024","Czestochowa","T_T","Population, All ages. Administrative data","2014","2014","PER","Persons","0","Units",,,401691,,
"PL024","Czestochowa","T_T","Population, All ages. Administrative data","2015","2015","PER","Persons","0","Units",,,399652,,
"PL024","Czestochowa","T_T","Population, All ages. Administrative data","2016","2016","PER","Persons","0","Units",,,397668,,
"USA87","Greene","T_T","Population, All ages. Administrative data","2000","2000","PER","Persons","0","Units",,,435224,,
"USA87","Greene","T_T","Population, All ages. Administrative data","2001","2001","PER","Persons","0","Units",,,440906,,
"USA87","Greene","T_T","Population, All ages. Administrative data","2002","2002","PER","Persons","0","Units",,,446861,,
"USA87","Greene","T_T","Population, All ages. Administrative data","2003","2003","PER","Persons","0","Units",,,453787,,
"USA87","Greene","T_T","Population, All ages. Administrative data","2004","2004","PER","Persons","0","Units",,,462039,,
"USA87","Greene","T_T","Population, All ages. Administrative data","2005","2005","PER","Persons","0","Units",,,471142,,
"USA87","Greene","T_T","Population, All ages. Administrative data","2006","2006","PER","Persons","0","Units",,,482609,,
"USA87","Greene","T_T","Population, All ages. Administrative data","2007","2007","PER","Persons","0","Units",,,492650,,
"USA87","Greene","T_T","Population, All ages. Administrative data","2008","2008","PER","Persons","0","Units",,,499140,,
"USA87","Greene","T_T","Population, All ages. Administrative data","2009","2009","PER","Persons","0","Units",,,504111,,
"USA87","Greene","T_T","Population, All ages. Administrative data","2010","2010","PER","Persons","0","Units",,,507001,,
"USA87","Greene","T_T","Population, All ages. Administrative data","2011","2011","PER","Persons","0","Units",,,509705,,
"USA87","Greene","T_T","Population, All ages. Administrative data","2012","2012","PER","Persons","0","Units",,,513131,,
"USA87","Greene","T_T","Population, All ages. Administrative data","2013","2013","PER","Persons","0","Units",,,516775,,
"USA87","Greene","T_T","Population, All ages. Administrative data","2014","2014","PER","Persons","0","Units",,,519873,,
"USA87","Greene","T_T","Population, All ages. Administrative data","2015","2015","PER","Persons","0","Units",,,523674,,
"USA87","Greene","T_T","Population, All ages. Administrative data","2016","2016","PER","Persons","0","Units",,,526453,,
"DE529","Heilbronn","T_T_SH_NAT","Share of population  in metropolitan area over the national value","2001","2001","RATIO","Ratio","0","Units",,,0.5,,
"DE529","Heilbronn","T_T_SH_NAT","Share of population  in metropolitan area over the national value","2002","2002","RATIO","Ratio","0","Units",,,0.5,,
"DE529","Heilbronn","T_T_SH_NAT","Share of population  in metropolitan area over the national value","2003","2003","RATIO","Ratio","0","Units",,,0.5,,
"DE529","Heilbronn","T_T_SH_NAT","Share of population  in metropolitan area over the national value","2004","2004","RATIO","Ratio","0","Units",,,0.5,,
"DE529","Heilbronn","T_T_SH_NAT","Share of population  in metropolitan area over the national value","2005","2005","RATIO","Ratio","0","Units",,,0.6,,
"DE529","Heilbronn","T_T_SH_NAT","Share of population  in metropolitan area over the national value","2006","2006","RATIO","Ratio","0","Units",,,0.6,,
"DE529","Heilbronn","T_T_SH_NAT","Share of population  in metropolitan area over the national value","2007","2007","RATIO","Ratio","0","Units",,,0.6,,
"DE529","Heilbronn","T_T_SH_NAT","Share of population  in metropolitan area over the national value","2008","2008","RATIO","Ratio","0","Units",,,0.6,,
"DE529","Heilbronn","T_T_SH_NAT","Share of population  in metropolitan area over the national value","2009","2009","RATIO","Ratio","0","Units",,,0.6,,
"DE529","Heilbronn","T_T_SH_NAT","Share of population  in metropolitan area over the national value","2010","2010","RATIO","Ratio","0","Units",,,0.6,,
"DE529","Heilbronn","T_T_SH_NAT","Share of population  in metropolitan area over the national value","2011","2011","RATIO","Ratio","0","Units",,,0.6,,
"DE529","Heilbronn","T_T_SH_NAT","Share of population  in metropolitan area over the national value","2012","2012","RATIO","Ratio","0","Units",,,0.6,,
"DE529","Heilbronn","T_T_SH_NAT","Share of population  in metropolitan area over the national value","2013","2013","RATIO","Ratio","0","Units",,,0.6,,
"DE529","Heilbronn","T_T_SH_NAT","Share of population  in metropolitan area over the national value","2014","2014","RATIO","Ratio","0","Units",,,0.6,,
"DE529","Heilbronn","T_T_SH_NAT","Share of population  in metropolitan area over the national value","2015","2015","RATIO","Ratio","0","Units",,,0.6,,
"DE529","Heilbronn","T_T_SH_NAT","Share of population  in metropolitan area over the national value","2016","2016","RATIO","Ratio","0","Units",,,0.6,,
"NL006","Tilburg","POP_DEN","Population density (pop. per km2)","2000","2000","PER","Persons","0","Units",,,681,,
"NL006","Tilburg","POP_DEN","Population density (pop. per km2)","2001","2001","PER","Persons","0","Units",,,684,,
"NL006","Tilburg","POP_DEN","Population density (pop. per km2)","2002","2002","PER","Persons","0","Units",,,687,,
"NL006","Tilburg","POP_DEN","Population density (pop. per km2)","2003","2003","PER","Persons","0","Units",,,690,,
"NL006","Tilburg","POP_DEN","Population density (pop. per km2)","2004","2004","PER","Persons","0","Units",,,693,,
"NL006","Tilburg","POP_DEN","Population density (pop. per km2)","2005","2005","PER","Persons","0","Units",,,693,,
"NL006","Tilburg","POP_DEN","Population density (pop. per km2)","2006","2006","PER","Persons","0","Units",,,695,,
"NL006","Tilburg","POP_DEN","Population density (pop. per km2)","2007","2007","PER","Persons","0","Units",,,697,,
"NL006","Tilburg","POP_DEN","Population density (pop. per km2)","2008","2008","PER","Persons","0","Units",,,699,,
"NL006","Tilburg","POP_DEN","Population density (pop. per km2)","2009","2009","PER","Persons","0","Units",,,703,,
"NL006","Tilburg","POP_DEN","Population density (pop. per km2)","2010","2010","PER","Persons","0","Units",,,707,,
"NL006","Tilburg","POP_DEN","Population density (pop. per km2)","2011","2011","PER","Persons","0","Units",,,710,,
"NL006","Tilburg","POP_DEN","Population density (pop. per km2)","2012","2012","PER","Persons","0","Units",,,713,,
"NL006","Tilburg","POP_DEN","Population density (pop. per km2)","2013","2013","PER","Persons","0","Units",,,716,,
"NL006","Tilburg","POP_DEN","Population density (pop. per km2)","2014","2014","PER","Persons","0","Units",,,720,,
"NL006","Tilburg","POP_DEN","Population density (pop. per km2)","2015","2015","PER","Persons","0","Units",,,723,,
"NL006","Tilburg","POP_DEN","Population density (pop. per km2)","2016","2016","PER","Persons","0","Units",,,726,,
"IT502","Prato","T_T_SH_NAT","Share of population  in metropolitan area over the national value","2001","2001","RATIO","Ratio","0","Units",,,0.4,,
"IT502","Prato","T_T_SH_NAT","Share of population  in metropolitan area over the national value","2002","2002","RATIO","Ratio","0","Units",,,0.4,,
"IT502","Prato","T_T_SH_NAT","Share of population  in metropolitan area over the national value","2003","2003","RATIO","Ratio","0","Units",,,0.4,,
"IT502","Prato","T_T_SH_NAT","Share of population  in metropolitan area over the national value","2004","2004","RATIO","Ratio","0","Units",,,0.4,,
"IT502","Prato","T_T_SH_NAT","Share of population  in metropolitan area over the national value","2005","2005","RATIO","Ratio","0","Units",,,0.4,,
"IT502","Prato","T_T_SH_NAT","Share of population  in metropolitan area over the national value","2006","2006","RATIO","Ratio","0","Units",,,0.5,,
"IT502","Prato","T_T_SH_NAT","Share of population  in metropolitan area over the national value","2007","2007","RATIO","Ratio","0","Units",,,0.5,,
"IT502","Prato","T_T_SH_NAT","Share of population  in metropolitan area over the national value","2008","2008","RATIO","Ratio","0","Units",,,0.5,,
"IT502","Prato","T_T_SH_NAT","Share of population  in metropolitan area over the national value","2009","2009","RATIO","Ratio","0","Units",,,0.5,,
"IT502","Prato","T_T_SH_NAT","Share of population  in metropolitan area over the national value","2010","2010","RATIO","Ratio","0","Units",,,0.5,,
"IT502","Prato","T_T_SH_NAT","Share of population  in metropolitan area over the national value","2011","2011","RATIO","Ratio","0","Units",,,0.5,,
"IT502","Prato","T_T_SH_NAT","Share of population  in metropolitan area over the national value","2012","2012","RATIO","Ratio","0","Units",,,0.5,,
"IT502","Prato","T_T_SH_NAT","Share of population  in metropolitan area over the national value","2013","2013","RATIO","Ratio","0","Units",,,0.5,,
"IT502","Prato","T_T_SH_NAT","Share of population  in metropolitan area over the national value","2014","2014","RATIO","Ratio","0","Units",,,0.5,,
"IT502","Prato","T_T_SH_NAT","Share of population  in metropolitan area over the national value","2015","2015","RATIO","Ratio","0","Units",,,0.5,,
"IT502","Prato","T_T_SH_NAT","Share of population  in metropolitan area over the national value","2016","2016","RATIO","Ratio","0","Units",,,0.5,,
"ES004","Seville","POP_DEN","Population density (pop. per km2)","2000","2000","PER","Persons","0","Units",,,288,,
"ES004","Seville","POP_DEN","Population density (pop. per km2)","2001","2001","PER","Persons","0","Units",,,291,,
"ES004","Seville","POP_DEN","Population density (pop. per km2)","2002","2002","PER","Persons","0","Units",,,293,,
"ES004","Seville","POP_DEN","Population density (pop. per km2)","2003","2003","PER","Persons","0","Units",,,295,,
"ES004","Seville","POP_DEN","Population density (pop. per km2)","2004","2004","PER","Persons","0","Units",,,298,,
"ES004","Seville","POP_DEN","Population density (pop. per km2)","2005","2005","PER","Persons","0","Units",,,300,,
"ES004","Seville","POP_DEN","Population density (pop. per km2)","2006","2006","PER","Persons","0","Units",,,303,,
"ES004","Seville","POP_DEN","Population density (pop. per km2)","2007","2007","PER","Persons","0","Units",,,305,,
"ES004","Seville","POP_DEN","Population density (pop. per km2)","2008","2008","PER","Persons","0","Units",,,307,,
"ES004","Seville","POP_DEN","Population density (pop. per km2)","2009","2009","PER","Persons","0","Units",,,310,,
"ES004","Seville","POP_DEN","Population density (pop. per km2)","2010","2010","PER","Persons","0","Units",,,312,,
"ES004","Seville","POP_DEN","Population density (pop. per km2)","2011","2011","PER","Persons","0","Units",,,315,,
"ES004","Seville","POP_DEN","Population density (pop. per km2)","2012","2012","PER","Persons","0","Units",,,317,,
"ES004","Seville","POP_DEN","Population density (pop. per km2)","2013","2013","PER","Persons","0","Units",,,319,,
"ES004","Seville","POP_DEN","Population density (pop. per km2)","2014","2014","PER","Persons","0","Units",,,322,,
"ES004","Seville","POP_DEN","Population density (pop. per km2)","2015","2015","PER","Persons","0","Units",,,324,,
"ES004","Seville","POP_DEN","Population density (pop. per km2)","2016","2016","PER","Persons","0","Units",,,327,,
"USA105","Genesee","T_T","Population, All ages. Administrative data","2000","2000","PER","Persons","0","Units",,,436965,,
"USA105","Genesee","T_T","Population, All ages. Administrative data","2001","2001","PER","Persons","0","Units",,,438584,,
"USA105","Genesee","T_T","Population, All ages. Administrative data","2002","2002","PER","Persons","0","Units",,,440062,,
"USA105","Genesee","T_T","Population, All ages. Administrative data","2003","2003","PER","Persons","0","Units",,,441689,,
"USA105","Genesee","T_T","Population, All ages. Administrative data","2004","2004","PER","Persons","0","Units",,,442534,,
"USA105","Genesee","T_T","Population, All ages. Administrative data","2005","2005","PER","Persons","0","Units",,,442508,,
"USA105","Genesee","T_T","Population, All ages. Administrative data","2006","2006","PER","Persons","0","Units",,,441164,,
"USA105","Genesee","T_T","Population, All ages. Administrative data","2007","2007","PER","Persons","0","Units",,,438109,,
"USA105","Genesee","T_T","Population, All ages. Administrative data","2008","2008","PER","Persons","0","Units",,,433082,,
"USA105","Genesee","T_T","Population, All ages. Administrative data","2009","2009","PER","Persons","0","Units",,,427989,,
"USA105","Genesee","T_T","Population, All ages. Administrative data","2010","2010","PER","Persons","0","Units",,,424938,,
"USA105","Genesee","T_T","Population, All ages. Administrative data","2011","2011","PER","Persons","0","Units",,,421901,,
"USA105","Genesee","T_T","Population, All ages. Administrative data","2012","2012","PER","Persons","0","Units",,,418054,,
"USA105","Genesee","T_T","Population, All ages. Administrative data","2013","2013","PER","Persons","0","Units",,,415489,,
"USA105","Genesee","T_T","Population, All ages. Administrative data","2014","2014","PER","Persons","0","Units",,,412673,,
"USA105","Genesee","T_T","Population, All ages. Administrative data","2015","2015","PER","Persons","0","Units",,,410249,,
"USA105","Genesee","T_T","Population, All ages. Administrative data","2016","2016","PER","Persons","0","Units",,,408607,,
"KOR17","Iksan","POP_DEN","Population density (pop. per km2)","2000","2000","PER","Persons","0","Units",,,673,,
"KOR17","Iksan","POP_DEN","Population density (pop. per km2)","2001","2001","PER","Persons","0","Units",,,667,,
"KOR17","Iksan","POP_DEN","Population density (pop. per km2)","2002","2002","PER","Persons","0","Units",,,661,,
"KOR17","Iksan","POP_DEN","Population density (pop. per km2)","2003","2003","PER","Persons","0","Units",,,655,,
"KOR17","Iksan","POP_DEN","Population density (pop. per km2)","2004","2004","PER","Persons","0","Units",,,649,,
"KOR17","Iksan","POP_DEN","Population density (pop. per km2)","2005","2005","PER","Persons","0","Units",,,643,,
"KOR17","Iksan","POP_DEN","Population density (pop. per km2)","2006","2006","PER","Persons","0","Units",,,637,,
"KOR17","Iksan","POP_DEN","Population density (pop. per km2)","2007","2007","PER","Persons","0","Units",,,631,,
"KOR17","Iksan","POP_DEN","Population density (pop. per km2)","2008","2008","PER","Persons","0","Units",,,625,,
"KOR17","Iksan","POP_DEN","Population density (pop. per km2)","2009","2009","PER","Persons","0","Units",,,619,,
"KOR17","Iksan","POP_DEN","Population density (pop. per km2)","2010","2010","PER","Persons","0","Units",,,613,,
"KOR17","Iksan","POP_DEN","Population density (pop. per km2)","2011","2011","PER","Persons","0","Units",,,607,,
"KOR17","Iksan","POP_DEN","Population density (pop. per km2)","2012","2012","PER","Persons","0","Units",,,601,,
"KOR17","Iksan","POP_DEN","Population density (pop. per km2)","2013","2013","PER","Persons","0","Units",,,601,,
"KOR17","Iksan","POP_DEN","Population density (pop. per km2)","2014","2014","PER","Persons","0","Units",,,596,,
"KOR17","Iksan","POP_DEN","Population density (pop. per km2)","2015","2015","PER","Persons","0","Units",,,592,,
"KOR17","Iksan","POP_DEN","Population density (pop. per km2)","2016","2016","PER","Persons","0","Units",,,589,,
"PL002","Lodz","POP_DEN","Population density (pop. per km2)","2000","2000","PER","Persons","0","Units",,,583,,
"PL002","Lodz","POP_DEN","Population density (pop. per km2)","2001","2001","PER","Persons","0","Units",,,579,,
"PL002","Lodz","POP_DEN","Population density (pop. per km2)","2002","2002","PER","Persons","0","Units",,,578,,
"PL002","Lodz","POP_DEN","Population density (pop. per km2)","2003","2003","PER","Persons","0","Units",,,575,,
"PL002","Lodz","POP_DEN","Population density (pop. per km2)","2004","2004","PER","Persons","0","Units",,,573,,
"PL002","Lodz","POP_DEN","Population density (pop. per km2)","2005","2005","PER","Persons","0","Units",,,570,,
"PL002","Lodz","POP_DEN","Population density (pop. per km2)","2006","2006","PER","Persons","0","Units",,,571,,
"PL002","Lodz","POP_DEN","Population density (pop. per km2)","2007","2007","PER","Persons","0","Units",,,568,,
"PL002","Lodz","POP_DEN","Population density (pop. per km2)","2008","2008","PER","Persons","0","Units",,,565,,
"PL002","Lodz","POP_DEN","Population density (pop. per km2)","2009","2009","PER","Persons","0","Units",,,563,,
"PL002","Lodz","POP_DEN","Population density (pop. per km2)","2010","2010","PER","Persons","0","Units",,,558,,
"PL002","Lodz","POP_DEN","Population density (pop. per km2)","2011","2011","PER","Persons","0","Units",,,555,,
"PL002","Lodz","POP_DEN","Population density (pop. per km2)","2012","2012","PER","Persons","0","Units",,,552,,
"PL002","Lodz","POP_DEN","Population density (pop. per km2)","2013","2013","PER","Persons","0","Units",,,548,,
"PL002","Lodz","POP_DEN","Population density (pop. per km2)","2014","2014","PER","Persons","0","Units",,,546,,
"PL002","Lodz","POP_DEN","Population density (pop. per km2)","2015","2015","PER","Persons","0","Units",,,543,,
"PL002","Lodz","POP_DEN","Population density (pop. per km2)","2016","2016","PER","Persons","0","Units",,,541,,
"BE002","Antwerp","POP_DEN","Population density (pop. per km2)","2000","2000","PER","Persons","0","Units",,,834,,
"BE002","Antwerp","POP_DEN","Population density (pop. per km2)","2001","2001","PER","Persons","0","Units",,,834,,
"BE002","Antwerp","POP_DEN","Population density (pop. per km2)","2002","2002","PER","Persons","0","Units",,,837,,
"BE002","Antwerp","POP_DEN","Population density (pop. per km2)","2003","2003","PER","Persons","0","Units",,,842,,
"BE002","Antwerp","POP_DEN","Population density (pop. per km2)","2004","2004","PER","Persons","0","Units",,,845,,
"BE002","Antwerp","POP_DEN","Population density (pop. per km2)","2005","2005","PER","Persons","0","Units",,,849,,
"BE002","Antwerp","POP_DEN","Population density (pop. per km2)","2006","2006","PER","Persons","0","Units",,,854,,
"BE002","Antwerp","POP_DEN","Population density (pop. per km2)","2007","2007","PER","Persons","0","Units",,,860,,
"BE002","Antwerp","POP_DEN","Population density (pop. per km2)","2008","2008","PER","Persons","0","Units",,,867,,
"BE002","Antwerp","POP_DEN","Population density (pop. per km2)","2009","2009","PER","Persons","0","Units",,,874,,
"BE002","Antwerp","POP_DEN","Population density (pop. per km2)","2010","2010","PER","Persons","0","Units",,,881,,
"BE002","Antwerp","POP_DEN","Population density (pop. per km2)","2011","2011","PER","Persons","0","Units",,,892,,
"BE002","Antwerp","POP_DEN","Population density (pop. per km2)","2012","2012","PER","Persons","0","Units",,,902,,
"BE002","Antwerp","POP_DEN","Population density (pop. per km2)","2013","2013","PER","Persons","0","Units",,,909,,
"BE002","Antwerp","POP_DEN","Population density (pop. per km2)","2014","2014","PER","Persons","0","Units",,,913,,
"BE002","Antwerp","POP_DEN","Population density (pop. per km2)","2015","2015","PER","Persons","0","Units",,,918,,
"BE002","Antwerp","POP_DEN","Population density (pop. per km2)","2016","2016","PER","Persons","0","Units",,,923,,
"JPN06","Sendai","T_T","Population, All ages. Administrative data","2000","2000","PER","Persons","0","Units",,,1432498,,
"JPN06","Sendai","T_T","Population, All ages. Administrative data","2001","2001","PER","Persons","0","Units",,,1435818,,
"JPN06","Sendai","T_T","Population, All ages. Administrative data","2002","2002","PER","Persons","0","Units",,,1439138,,
"JPN06","Sendai","T_T","Population, All ages. Administrative data","2003","2003","PER","Persons","0","Units",,,1442457,,
"JPN06","Sendai","T_T","Population, All ages. Administrative data","2004","2004","PER","Persons","0","Units",,,1445777,,
"JPN06","Sendai","T_T","Population, All ages. Administrative data","2005","2005","PER","Persons","0","Units",,,1449097,,
"JPN06","Sendai","T_T","Population, All ages. Administrative data","2006","2006","PER","Persons","0","Units",,,1451323,,
"JPN06","Sendai","T_T","Population, All ages. Administrative data","2007","2007","PER","Persons","0","Units",,,1453550,,
"JPN06","Sendai","T_T","Population, All ages. Administrative data","2008","2008","PER","Persons","0","Units",,,1455778,,
"JPN06","Sendai","T_T","Population, All ages. Administrative data","2009","2009","PER","Persons","0","Units",,,1458005,,
"JPN06","Sendai","T_T","Population, All ages. Administrative data","2010","2010","PER","Persons","0","Units",,,1460231,,
"JPN06","Sendai","T_T","Population, All ages. Administrative data","2011","2011","PER","Persons","0","Units",,,1461712,,
"JPN06","Sendai","T_T","Population, All ages. Administrative data","2012","2012","PER","Persons","0","Units",,,1463191,,
"JPN06","Sendai","T_T","Population, All ages. Administrative data","2013","2013","PER","Persons","0","Units",,,1464672,,
"JPN06","Sendai","T_T","Population, All ages. Administrative data","2014","2014","PER","Persons","0","Units",,,1466151,,
"JPN06","Sendai","T_T","Population, All ages. Administrative data","2015","2015","PER","Persons","0","Units",,,1467632,,
"DE069","Rosenheim","POP_DEN","Population density (pop. per km2)","2001","2001","PER","Persons","0","Units",,,200,,
"DE069","Rosenheim","POP_DEN","Population density (pop. per km2)","2002","2002","PER","Persons","0","Units",,,203,,
"DE069","Rosenheim","POP_DEN","Population density (pop. per km2)","2003","2003","PER","Persons","0","Units",,,205,,
"DE069","Rosenheim","POP_DEN","Population density (pop. per km2)","2004","2004","PER","Persons","0","Units",,,206,,
"DE069","Rosenheim","POP_DEN","Population density (pop. per km2)","2005","2005","PER","Persons","0","Units",,,207,,
"DE069","Rosenheim","POP_DEN","Population density (pop. per km2)","2006","2006","PER","Persons","0","Units",,,208,,
"DE069","Rosenheim","POP_DEN","Population density (pop. per km2)","2007","2007","PER","Persons","0","Units",,,208,,
"DE069","Rosenheim","POP_DEN","Population density (pop. per km2)","2008","2008","PER","Persons","0","Units",,,209,,
"DE069","Rosenheim","POP_DEN","Population density (pop. per km2)","2009","2009","PER","Persons","0","Units",,,209,,
"DE069","Rosenheim","POP_DEN","Population density (pop. per km2)","2010","2010","PER","Persons","0","Units",,,210,,
"DE069","Rosenheim","POP_DEN","Population density (pop. per km2)","2011","2011","PER","Persons","0","Units",,,205,,
"DE069","Rosenheim","POP_DEN","Population density (pop. per km2)","2012","2012","PER","Persons","0","Units",,,206,,
"DE069","Rosenheim","POP_DEN","Population density (pop. per km2)","2013","2013","PER","Persons","0","Units",,,208,,
"DE069","Rosenheim","POP_DEN","Population density (pop. per km2)","2014","2014","PER","Persons","0","Units",,,210,,
"DE069","Rosenheim","POP_DEN","Population density (pop. per km2)","2015","2015","PER","Persons","0","Units",,,212,,
"DE069","Rosenheim","POP_DEN","Population density (pop. per km2)","2016","2016","PER","Persons","0","Units",,,215,,
"UK552","Reading","T_T_SH_NAT","Share of population  in metropolitan area over the national value","2001","2001","RATIO","Ratio","0","Units",,,0.5,,
"UK552","Reading","T_T_SH_NAT","Share of population  in metropolitan area over the national value","2002","2002","RATIO","Ratio","0","Units",,,0.5,,
"UK552","Reading","T_T_SH_NAT","Share of population  in metropolitan area over the national value","2003","2003","RATIO","Ratio","0","Units",,,0.5,,
"UK552","Reading","T_T_SH_NAT","Share of population  in metropolitan area over the national value","2004","2004","RATIO","Ratio","0","Units",,,0.5,,
"UK552","Reading","T_T_SH_NAT","Share of population  in metropolitan area over the national value","2005","2005","RATIO","Ratio","0","Units",,,0.5,,
"UK552","Reading","T_T_SH_NAT","Share of population  in metropolitan area over the national value","2006","2006","RATIO","Ratio","0","Units",,,0.5,,
"UK552","Reading","T_T_SH_NAT","Share of population  in metropolitan area over the national value","2007","2007","RATIO","Ratio","0","Units",,,0.5,,
"UK552","Reading","T_T_SH_NAT","Share of population  in metropolitan area over the national value","2008","2008","RATIO","Ratio","0","Units",,,0.5,,
"UK552","Reading","T_T_SH_NAT","Share of population  in metropolitan area over the national value","2009","2009","RATIO","Ratio","0","Units",,,0.5,,
"UK552","Reading","T_T_SH_NAT","Share of population  in metropolitan area over the national value","2010","2010","RATIO","Ratio","0","Units",,,0.5,,
"UK552","Reading","T_T_SH_NAT","Share of population  in metropolitan area over the national value","2011","2011","RATIO","Ratio","0","Units",,,0.5,,
"UK552","Reading","T_T_SH_NAT","Share of population  in metropolitan area over the national value","2012","2012","RATIO","Ratio","0","Units",,,0.5,,
"UK552","Reading","T_T_SH_NAT","Share of population  in metropolitan area over the national value","2013","2013","RATIO","Ratio","0","Units",,,0.5,,
"UK552","Reading","T_T_SH_NAT","Share of population  in metropolitan area over the national value","2014","2014","RATIO","Ratio","0","Units",,,0.5,,
"UK552","Reading","T_T_SH_NAT","Share of population  in metropolitan area over the national value","2015","2015","RATIO","Ratio","0","Units",,,0.5,,
"UK552","Reading","T_T_SH_NAT","Share of population  in metropolitan area over the national value","2016","2016","RATIO","Ratio","0","Units",,,0.5,,
"NL015","Leeuwarden","POP_DEN","Population density (pop. per km2)","2000","2000","PER","Persons","0","Units",,,228,,
"IT022","Taranto","T_T_SH_NAT","Share of population  in metropolitan area over the national value","2001","2001","RATIO","Ratio","0","Units",,,0.7,,
"IT022","Taranto","T_T_SH_NAT","Share of population  in metropolitan area over the national value","2002","2002","RATIO","Ratio","0","Units",,,0.7,,
"IT022","Taranto","T_T_SH_NAT","Share of population  in metropolitan area over the national value","2003","2003","RATIO","Ratio","0","Units",,,0.7,,
"IT022","Taranto","T_T_SH_NAT","Share of population  in metropolitan area over the national value","2004","2004","RATIO","Ratio","0","Units",,,0.7,,
"IT022","Taranto","T_T_SH_NAT","Share of population  in metropolitan area over the national value","2005","2005","RATIO","Ratio","0","Units",,,0.7,,
"IT022","Taranto","T_T_SH_NAT","Share of population  in metropolitan area over the national value","2006","2006","RATIO","Ratio","0","Units",,,0.7,,
"IT022","Taranto","T_T_SH_NAT","Share of population  in metropolitan area over the national value","2007","2007","RATIO","Ratio","0","Units",,,0.7,,
"IT022","Taranto","T_T_SH_NAT","Share of population  in metropolitan area over the national value","2008","2008","RATIO","Ratio","0","Units",,,0.7,,
"IT022","Taranto","T_T_SH_NAT","Share of population  in metropolitan area over the national value","2009","2009","RATIO","Ratio","0","Units",,,0.7,,
"IT022","Taranto","T_T_SH_NAT","Share of population  in metropolitan area over the national value","2010","2010","RATIO","Ratio","0","Units",,,0.7,,
"IT022","Taranto","T_T_SH_NAT","Share of population  in metropolitan area over the national value","2011","2011","RATIO","Ratio","0","Units",,,0.7,,
"IT022","Taranto","T_T_SH_NAT","Share of population  in metropolitan area over the national value","2012","2012","RATIO","Ratio","0","Units",,,0.7,,
"IT022","Taranto","T_T_SH_NAT","Share of population  in metropolitan area over the national value","2013","2013","RATIO","Ratio","0","Units",,,0.7,,
"IT022","Taranto","T_T_SH_NAT","Share of population  in metropolitan area over the national value","2014","2014","RATIO","Ratio","0","Units",,,0.7,,
"IT022","Taranto","T_T_SH_NAT","Share of population  in metropolitan area over the national value","2015","2015","RATIO","Ratio","0","Units",,,0.7,,
"IT022","Taranto","T_T_SH_NAT","Share of population  in metropolitan area over the national value","2016","2016","RATIO","Ratio","0","Units",,,0.7,,
"USA147","McLennan","POP_DEN","Population density (pop. per km2)","2000","2000","PER","Persons","0","Units",,,34,,
"USA147","McLennan","POP_DEN","Population density (pop. per km2)","2001","2001","PER","Persons","0","Units",,,34,,
"USA147","McLennan","POP_DEN","Population density (pop. per km2)","2002","2002","PER","Persons","0","Units",,,34,,
"USA147","McLennan","POP_DEN","Population density (pop. per km2)","2003","2003","PER","Persons","0","Units",,,35,,
"USA147","McLennan","POP_DEN","Population density (pop. per km2)","2004","2004","PER","Persons","0","Units",,,35,,
"USA147","McLennan","POP_DEN","Population density (pop. per km2)","2005","2005","PER","Persons","0","Units",,,35,,
"USA147","McLennan","POP_DEN","Population density (pop. per km2)","2006","2006","PER","Persons","0","Units",,,35,,
"USA147","McLennan","POP_DEN","Population density (pop. per km2)","2007","2007","PER","Persons","0","Units",,,36,,
"USA147","McLennan","POP_DEN","Population density (pop. per km2)","2008","2008","PER","Persons","0","Units",,,36,,
"USA147","McLennan","POP_DEN","Population density (pop. per km2)","2009","2009","PER","Persons","0","Units",,,36,,
"USA147","McLennan","POP_DEN","Population density (pop. per km2)","2010","2010","PER","Persons","0","Units",,,37,,
"USA147","McLennan","POP_DEN","Population density (pop. per km2)","2011","2011","PER","Persons","0","Units",,,37,,
"USA147","McLennan","POP_DEN","Population density (pop. per km2)","2012","2012","PER","Persons","0","Units",,,37,,
"USA147","McLennan","POP_DEN","Population density (pop. per km2)","2013","2013","PER","Persons","0","Units",,,38,,
"USA147","McLennan","POP_DEN","Population density (pop. per km2)","2014","2014","PER","Persons","0","Units",,,38,,
"USA147","McLennan","POP_DEN","Population density (pop. per km2)","2015","2015","PER","Persons","0","Units",,,38,,
"USA147","McLennan","POP_DEN","Population density (pop. per km2)","2016","2016","PER","Persons","0","Units",,,38,,
"DE026","Trier","T_T_SH_NAT","Share of population  in metropolitan area over the national value","2001","2001","RATIO","Ratio","0","Units",,,0.3,,
"DE026","Trier","T_T_SH_NAT","Share of population  in metropolitan area over the national value","2002","2002","RATIO","Ratio","0","Units",,,0.3,,
"DE026","Trier","T_T_SH_NAT","Share of population  in metropolitan area over the national value","2003","2003","RATIO","Ratio","0","Units",,,0.3,,
"DE026","Trier","T_T_SH_NAT","Share of population  in metropolitan area over the national value","2004","2004","RATIO","Ratio","0","Units",,,0.3,,
"DE026","Trier","T_T_SH_NAT","Share of population  in metropolitan area over the national value","2005","2005","RATIO","Ratio","0","Units",,,0.3,,
"DE026","Trier","T_T_SH_NAT","Share of population  in metropolitan area over the national value","2006","2006","RATIO","Ratio","0","Units",,,0.3,,
"DE026","Trier","T_T_SH_NAT","Share of population  in metropolitan area over the national value","2007","2007","RATIO","Ratio","0","Units",,,0.3,,
"DE026","Trier","T_T_SH_NAT","Share of population  in metropolitan area over the national value","2008","2008","RATIO","Ratio","0","Units",,,0.3,,
"DE026","Trier","T_T_SH_NAT","Share of population  in metropolitan area over the national value","2009","2009","RATIO","Ratio","0","Units",,,0.3,,
"DE026","Trier","T_T_SH_NAT","Share of population  in metropolitan area over the national value","2010","2010","RATIO","Ratio","0","Units",,,0.3,,
"DE026","Trier","T_T_SH_NAT","Share of population  in metropolitan area over the national value","2011","2011","RATIO","Ratio","0","Units",,,0.3,,
"DE026","Trier","T_T_SH_NAT","Share of population  in metropolitan area over the national value","2012","2012","RATIO","Ratio","0","Units",,,0.3,,
"DE026","Trier","T_T_SH_NAT","Share of population  in metropolitan area over the national value","2013","2013","RATIO","Ratio","0","Units",,,0.3,,
"DE026","Trier","T_T_SH_NAT","Share of population  in metropolitan area over the national value","2014","2014","RATIO","Ratio","0","Units",,,0.3,,
"DE026","Trier","T_T_SH_NAT","Share of population  in metropolitan area over the national value","2015","2015","RATIO","Ratio","0","Units",,,0.3,,
"DE026","Trier","T_T_SH_NAT","Share of population  in metropolitan area over the national value","2016","2016","RATIO","Ratio","0","Units",,,0.3,,
"DE001","Berlin","T_T_SH_NAT","Share of population  in metropolitan area over the national value","2001","2001","RATIO","Ratio","0","Units",,,6,,
"DE001","Berlin","T_T_SH_NAT","Share of population  in metropolitan area over the national value","2002","2002","RATIO","Ratio","0","Units",,,6,,
"DE001","Berlin","T_T_SH_NAT","Share of population  in metropolitan area over the national value","2003","2003","RATIO","Ratio","0","Units",,,6,,
"DE001","Berlin","T_T_SH_NAT","Share of population  in metropolitan area over the national value","2004","2004","RATIO","Ratio","0","Units",,,6,,
"DE001","Berlin","T_T_SH_NAT","Share of population  in metropolitan area over the national value","2005","2005","RATIO","Ratio","0","Units",,,6,,
"DE001","Berlin","T_T_SH_NAT","Share of population  in metropolitan area over the national value","2006","2006","RATIO","Ratio","0","Units",,,6,,
"DE001","Berlin","T_T_SH_NAT","Share of population  in metropolitan area over the national value","2007","2007","RATIO","Ratio","0","Units",,,6.1,,
"DE001","Berlin","T_T_SH_NAT","Share of population  in metropolitan area over the national value","2008","2008","RATIO","Ratio","0","Units",,,6.1,,
"DE001","Berlin","T_T_SH_NAT","Share of population  in metropolitan area over the national value","2009","2009","RATIO","Ratio","0","Units",,,6.1,,
"DE001","Berlin","T_T_SH_NAT","Share of population  in metropolitan area over the national value","2010","2010","RATIO","Ratio","0","Units",,,6.2,,
"DE001","Berlin","T_T_SH_NAT","Share of population  in metropolitan area over the national value","2011","2011","RATIO","Ratio","0","Units",,,6,,
"DE001","Berlin","T_T_SH_NAT","Share of population  in metropolitan area over the national value","2012","2012","RATIO","Ratio","0","Units",,,6.1,,
"DE001","Berlin","T_T_SH_NAT","Share of population  in metropolitan area over the national value","2013","2013","RATIO","Ratio","0","Units",,,6.2,,
"DE001","Berlin","T_T_SH_NAT","Share of population  in metropolitan area over the national value","2014","2014","RATIO","Ratio","0","Units",,,6.2,,
"DE001","Berlin","T_T_SH_NAT","Share of population  in metropolitan area over the national value","2015","2015","RATIO","Ratio","0","Units",,,6.2,,
"DE001","Berlin","T_T_SH_NAT","Share of population  in metropolitan area over the national value","2016","2016","RATIO","Ratio","0","Units",,,6.3,,
"USA14","Seattle","T_T","Population, All ages. Administrative data","2000","2000","PER","Persons","0","Units",,,3052187,,
"USA14","Seattle","T_T","Population, All ages. Administrative data","2001","2001","PER","Persons","0","Units",,,3092927,,
"USA14","Seattle","T_T","Population, All ages. Administrative data","2002","2002","PER","Persons","0","Units",,,3118302,,
"USA14","Seattle","T_T","Population, All ages. Administrative data","2003","2003","PER","Persons","0","Units",,,3133021,,
"USA14","Seattle","T_T","Population, All ages. Administrative data","2004","2004","PER","Persons","0","Units",,,3158967,,
"USA14","Seattle","T_T","Population, All ages. Administrative data","2005","2005","PER","Persons","0","Units",,,3198265,,
"USA14","Seattle","T_T","Population, All ages. Administrative data","2006","2006","PER","Persons","0","Units",,,3257081,,
"USA14","Seattle","T_T","Population, All ages. Administrative data","2007","2007","PER","Persons","0","Units",,,3304467,,
"USA14","Seattle","T_T","Population, All ages. Administrative data","2008","2008","PER","Persons","0","Units",,,3355042,,
"USA14","Seattle","T_T","Population, All ages. Administrative data","2009","2009","PER","Persons","0","Units",,,3414797,,
"USA14","Seattle","T_T","Population, All ages. Administrative data","2010","2010","PER","Persons","0","Units",,,3448049,,
"USA14","Seattle","T_T","Population, All ages. Administrative data","2011","2011","PER","Persons","0","Units",,,3496870,,
"USA14","Seattle","T_T","Population, All ages. Administrative data","2012","2012","PER","Persons","0","Units",,,3552220,,
"USA14","Seattle","T_T","Population, All ages. Administrative data","2013","2013","PER","Persons","0","Units",,,3610580,,
"USA14","Seattle","T_T","Population, All ages. Administrative data","2014","2014","PER","Persons","0","Units",,,3667189,,
"USA14","Seattle","T_T","Population, All ages. Administrative data","2015","2015","PER","Persons","0","Units",,,3728606,,
"USA14","Seattle","T_T","Population, All ages. Administrative data","2016","2016","PER","Persons","0","Units",,,3802660,,
"USA02","Los Angeles (Greater)","T_T","Population, All ages. Administrative data","2000","2000","PER","Persons","0","Units",,,15669726,,
"USA02","Los Angeles (Greater)","T_T","Population, All ages. Administrative data","2001","2001","PER","Persons","0","Units",,,15888856,,
"USA02","Los Angeles (Greater)","T_T","Population, All ages. Administrative data","2002","2002","PER","Persons","0","Units",,,16101096,,
"USA02","Los Angeles (Greater)","T_T","Population, All ages. Administrative data","2003","2003","PER","Persons","0","Units",,,16314292,,
"USA02","Los Angeles (Greater)","T_T","Population, All ages. Administrative data","2004","2004","PER","Persons","0","Units",,,16490581,,
"USA02","Los Angeles (Greater)","T_T","Population, All ages. Administrative data","2005","2005","PER","Persons","0","Units",,,16602137,,
"USA02","Los Angeles (Greater)","T_T","Population, All ages. Administrative data","2006","2006","PER","Persons","0","Units",,,16656726,,
"USA02","Los Angeles (Greater)","T_T","Population, All ages. Administrative data","2007","2007","PER","Persons","0","Units",,,16699332,,
"USA02","Los Angeles (Greater)","T_T","Population, All ages. Administrative data","2008","2008","PER","Persons","0","Units",,,16806187,,
"USA02","Los Angeles (Greater)","T_T","Population, All ages. Administrative data","2009","2009","PER","Persons","0","Units",,,16935262,,
"USA02","Los Angeles (Greater)","T_T","Population, All ages. Administrative data","2010","2010","PER","Persons","0","Units",,,17084841,,
"USA02","Los Angeles (Greater)","T_T","Population, All ages. Administrative data","2011","2011","PER","Persons","0","Units",,,17237734,,
"USA02","Los Angeles (Greater)","T_T","Population, All ages. Administrative data","2012","2012","PER","Persons","0","Units",,,17382943,,
"USA02","Los Angeles (Greater)","T_T","Population, All ages. Administrative data","2013","2013","PER","Persons","0","Units",,,17510391,,
"USA02","Los Angeles (Greater)","T_T","Population, All ages. Administrative data","2014","2014","PER","Persons","0","Units",,,17635221,,
"USA02","Los Angeles (Greater)","T_T","Population, All ages. Administrative data","2015","2015","PER","Persons","0","Units",,,17756698,,
"USA02","Los Angeles (Greater)","T_T","Population, All ages. Administrative data","2016","2016","PER","Persons","0","Units",,,17851914,,
"JPN50","Hitachi","T_T","Population, All ages. Administrative data","2000","2000","PER","Persons","0","Units",,,354615,,
"JPN50","Hitachi","T_T","Population, All ages. Administrative data","2001","2001","PER","Persons","0","Units",,,352002,,
"JPN50","Hitachi","T_T","Population, All ages. Administrative data","2002","2002","PER","Persons","0","Units",,,349389,,
"JPN50","Hitachi","T_T","Population, All ages. Administrative data","2003","2003","PER","Persons","0","Units",,,346774,,
"JPN50","Hitachi","T_T","Population, All ages. Administrative data","2004","2004","PER","Persons","0","Units",,,344161,,
"JPN50","Hitachi","T_T","Population, All ages. Administrative data","2005","2005","PER","Persons","0","Units",,,341548,,
"JPN50","Hitachi","T_T","Population, All ages. Administrative data","2006","2006","PER","Persons","0","Units",,,338570,,
"JPN50","Hitachi","T_T","Population, All ages. Administrative data","2007","2007","PER","Persons","0","Units",,,335592,,
"JPN50","Hitachi","T_T","Population, All ages. Administrative data","2008","2008","PER","Persons","0","Units",,,332613,,
"JPN50","Hitachi","T_T","Population, All ages. Administrative data","2009","2009","PER","Persons","0","Units",,,329635,,
"JPN50","Hitachi","T_T","Population, All ages. Administrative data","2010","2010","PER","Persons","0","Units",,,326657,,
"JPN50","Hitachi","T_T","Population, All ages. Administrative data","2011","2011","PER","Persons","0","Units",,,323227,,
"JPN50","Hitachi","T_T","Population, All ages. Administrative data","2012","2012","PER","Persons","0","Units",,,319796,,
"JPN50","Hitachi","T_T","Population, All ages. Administrative data","2013","2013","PER","Persons","0","Units",,,316365,,
"JPN50","Hitachi","T_T","Population, All ages. Administrative data","2014","2014","PER","Persons","0","Units",,,312934,,
"JPN50","Hitachi","T_T","Population, All ages. Administrative data","2015","2015","PER","Persons","0","Units",,,309504,,
"USA82","Summit","T_T_SH_NAT","Share of population  in metropolitan area over the national value","2001","2001","RATIO","Ratio","0","Units",,,0.2,,
"USA82","Summit","T_T_SH_NAT","Share of population  in metropolitan area over the national value","2002","2002","RATIO","Ratio","0","Units",,,0.2,,
"USA82","Summit","T_T_SH_NAT","Share of population  in metropolitan area over the national value","2003","2003","RATIO","Ratio","0","Units",,,0.2,,
"USA82","Summit","T_T_SH_NAT","Share of population  in metropolitan area over the national value","2004","2004","RATIO","Ratio","0","Units",,,0.2,,
"USA82","Summit","T_T_SH_NAT","Share of population  in metropolitan area over the national value","2005","2005","RATIO","Ratio","0","Units",,,0.2,,
"USA82","Summit","T_T_SH_NAT","Share of population  in metropolitan area over the national value","2006","2006","RATIO","Ratio","0","Units",,,0.2,,
"USA82","Summit","T_T_SH_NAT","Share of population  in metropolitan area over the national value","2007","2007","RATIO","Ratio","0","Units",,,0.2,,
"USA82","Summit","T_T_SH_NAT","Share of population  in metropolitan area over the national value","2008","2008","RATIO","Ratio","0","Units",,,0.2,,
"USA82","Summit","T_T_SH_NAT","Share of population  in metropolitan area over the national value","2009","2009","RATIO","Ratio","0","Units",,,0.2,,
"USA82","Summit","T_T_SH_NAT","Share of population  in metropolitan area over the national value","2010","2010","RATIO","Ratio","0","Units",,,0.2,,
"USA82","Summit","T_T_SH_NAT","Share of population  in metropolitan area over the national value","2011","2011","RATIO","Ratio","0","Units",,,0.2,,
"USA82","Summit","T_T_SH_NAT","Share of population  in metropolitan area over the national value","2012","2012","RATIO","Ratio","0","Units",,,0.2,,
"USA82","Summit","T_T_SH_NAT","Share of population  in metropolitan area over the national value","2013","2013","RATIO","Ratio","0","Units",,,0.2,,
"USA82","Summit","T_T_SH_NAT","Share of population  in metropolitan area over the national value","2014","2014","RATIO","Ratio","0","Units",,,0.2,,
"USA82","Summit","T_T_SH_NAT","Share of population  in metropolitan area over the national value","2015","2015","RATIO","Ratio","0","Units",,,0.2,,
"USA82","Summit","T_T_SH_NAT","Share of population  in metropolitan area over the national value","2016","2016","RATIO","Ratio","0","Units",,,0.2,,
"MEX36","Ensenada","T_T_SH_NAT","Share of population  in metropolitan area over the national value","2005","2005","RATIO","Ratio","0","Units",,,0.4,,
"MEX36","Ensenada","T_T_SH_NAT","Share of population  in metropolitan area over the national value","2010","2010","RATIO","Ratio","0","Units",,,0.4,,
"MEX36","Ensenada","T_T_SH_NAT","Share of population  in metropolitan area over the national value","2015","2015","RATIO","Ratio","0","Units",,,0.4,,
"NL003","Rotterdam","POP_DEN","Population density (pop. per km2)","2000","2000","PER","Persons","0","Units",,,808,,
"NL003","Rotterdam","POP_DEN","Population density (pop. per km2)","2004","2004","PER","Persons","0","Units",,,669,,
"NL003","Rotterdam","POP_DEN","Population density (pop. per km2)","2005","2005","PER","Persons","0","Units",,,669,,
"NL003","Rotterdam","POP_DEN","Population density (pop. per km2)","2006","2006","PER","Persons","0","Units",,,665,,
"NL003","Rotterdam","POP_DEN","Population density (pop. per km2)","2007","2007","PER","Persons","0","Units",,,678,,
"NL003","Rotterdam","POP_DEN","Population density (pop. per km2)","2008","2008","PER","Persons","0","Units",,,690,,
"NL003","Rotterdam","POP_DEN","Population density (pop. per km2)","2009","2009","PER","Persons","0","Units",,,694,,
"NL003","Rotterdam","POP_DEN","Population density (pop. per km2)","2010","2010","PER","Persons","0","Units",,,718,,
"NL003","Rotterdam","POP_DEN","Population density (pop. per km2)","2011","2011","PER","Persons","0","Units",,,729,,
"NL003","Rotterdam","POP_DEN","Population density (pop. per km2)","2012","2012","PER","Persons","0","Units",,,733,,
"NL003","Rotterdam","POP_DEN","Population density (pop. per km2)","2013","2013","PER","Persons","0","Units",,,770,,
"NL003","Rotterdam","POP_DEN","Population density (pop. per km2)","2014","2014","PER","Persons","0","Units",,,772,,
"NL003","Rotterdam","POP_DEN","Population density (pop. per km2)","2015","2015","PER","Persons","0","Units",,,776,,
"NL003","Rotterdam","POP_DEN","Population density (pop. per km2)","2016","2016","PER","Persons","0","Units",,,780,,
"USA95","Ingham","POP_DEN","Population density (pop. per km2)","2000","2000","PER","Persons","0","Units",,,101,,
"USA95","Ingham","POP_DEN","Population density (pop. per km2)","2001","2001","PER","Persons","0","Units",,,102,,
"USA95","Ingham","POP_DEN","Population density (pop. per km2)","2002","2002","PER","Persons","0","Units",,,102,,
"USA95","Ingham","POP_DEN","Population density (pop. per km2)","2003","2003","PER","Persons","0","Units",,,103,,
"USA95","Ingham","POP_DEN","Population density (pop. per km2)","2004","2004","PER","Persons","0","Units",,,104,,
"USA95","Ingham","POP_DEN","Population density (pop. per km2)","2005","2005","PER","Persons","0","Units",,,104,,
"USA95","Ingham","POP_DEN","Population density (pop. per km2)","2006","2006","PER","Persons","0","Units",,,104,,
"USA95","Ingham","POP_DEN","Population density (pop. per km2)","2007","2007","PER","Persons","0","Units",,,104,,
"USA95","Ingham","POP_DEN","Population density (pop. per km2)","2008","2008","PER","Persons","0","Units",,,104,,
"USA95","Ingham","POP_DEN","Population density (pop. per km2)","2009","2009","PER","Persons","0","Units",,,104,,
"USA95","Ingham","POP_DEN","Population density (pop. per km2)","2010","2010","PER","Persons","0","Units",,,104,,
"USA95","Ingham","POP_DEN","Population density (pop. per km2)","2011","2011","PER","Persons","0","Units",,,105,,
"USA95","Ingham","POP_DEN","Population density (pop. per km2)","2012","2012","PER","Persons","0","Units",,,105,,
"USA95","Ingham","POP_DEN","Population density (pop. per km2)","2013","2013","PER","Persons","0","Units",,,105,,
"USA95","Ingham","POP_DEN","Population density (pop. per km2)","2014","2014","PER","Persons","0","Units",,,106,,
"USA95","Ingham","POP_DEN","Population density (pop. per km2)","2015","2015","PER","Persons","0","Units",,,106,,
"USA95","Ingham","POP_DEN","Population density (pop. per km2)","2016","2016","PER","Persons","0","Units",,,107,,
"DE077","Schweinfurt","T_T","Population, All ages. Administrative data","2001","2001","PER","Persons","0","Units",,,280016,,
"DE077","Schweinfurt","T_T","Population, All ages. Administrative data","2002","2002","PER","Persons","0","Units",,,280734,,
"DE077","Schweinfurt","T_T","Population, All ages. Administrative data","2003","2003","PER","Persons","0","Units",,,280716,,
"DE077","Schweinfurt","T_T","Population, All ages. Administrative data","2004","2004","PER","Persons","0","Units",,,279977,,
"DE077","Schweinfurt","T_T","Population, All ages. Administrative data","2005","2005","PER","Persons","0","Units",,,279254,,
"DE077","Schweinfurt","T_T","Population, All ages. Administrative data","2006","2006","PER","Persons","0","Units",,,277987,,
"DE077","Schweinfurt","T_T","Population, All ages. Administrative data","2007","2007","PER","Persons","0","Units",,,276214,,
"DE077","Schweinfurt","T_T","Population, All ages. Administrative data","2008","2008","PER","Persons","0","Units",,,274888,,
"DE077","Schweinfurt","T_T","Population, All ages. Administrative data","2009","2009","PER","Persons","0","Units",,,273205,,
"DE077","Schweinfurt","T_T","Population, All ages. Administrative data","2010","2010","PER","Persons","0","Units",,,271700,,
"DE077","Schweinfurt","T_T","Population, All ages. Administrative data","2011","2011","PER","Persons","0","Units",,,269392,,
"DE077","Schweinfurt","T_T","Population, All ages. Administrative data","2012","2012","PER","Persons","0","Units",,,268571,,
"DE077","Schweinfurt","T_T","Population, All ages. Administrative data","2013","2013","PER","Persons","0","Units",,,267890,,
"DE077","Schweinfurt","T_T","Population, All ages. Administrative data","2014","2014","PER","Persons","0","Units",,,267537,,
"DE077","Schweinfurt","T_T","Population, All ages. Administrative data","2015","2015","PER","Persons","0","Units",,,268071,,
"DE077","Schweinfurt","T_T","Population, All ages. Administrative data","2016","2016","PER","Persons","0","Units",,,269702,,
"USA35","Tampa-Pinellas","T_T","Population, All ages. Administrative data","2000","2000","PER","Persons","0","Units",,,1269188,,
"USA35","Tampa-Pinellas","T_T","Population, All ages. Administrative data","2001","2001","PER","Persons","0","Units",,,1281503,,
"USA35","Tampa-Pinellas","T_T","Population, All ages. Administrative data","2002","2002","PER","Persons","0","Units",,,1294767,,
"USA35","Tampa-Pinellas","T_T","Population, All ages. Administrative data","2003","2003","PER","Persons","0","Units",,,1309504,,
"USA35","Tampa-Pinellas","T_T","Population, All ages. Administrative data","2004","2004","PER","Persons","0","Units",,,1329953,,
"USA35","Tampa-Pinellas","T_T","Population, All ages. Administrative data","2005","2005","PER","Persons","0","Units",,,1351270,,
"USA35","Tampa-Pinellas","T_T","Population, All ages. Administrative data","2006","2006","PER","Persons","0","Units",,,1363711,,
"USA35","Tampa-Pinellas","T_T","Population, All ages. Administrative data","2007","2007","PER","Persons","0","Units",,,1372203,,
"USA35","Tampa-Pinellas","T_T","Population, All ages. Administrative data","2008","2008","PER","Persons","0","Units",,,1377771,,
"USA35","Tampa-Pinellas","T_T","Population, All ages. Administrative data","2009","2009","PER","Persons","0","Units",,,1377937,,
"USA35","Tampa-Pinellas","T_T","Population, All ages. Administrative data","2010","2010","PER","Persons","0","Units",,,1381980,,
"USA35","Tampa-Pinellas","T_T","Population, All ages. Administrative data","2011","2011","PER","Persons","0","Units",,,1385067,,
"USA35","Tampa-Pinellas","T_T","Population, All ages. Administrative data","2012","2012","PER","Persons","0","Units",,,1392055,,
"USA35","Tampa-Pinellas","T_T","Population, All ages. Administrative data","2013","2013","PER","Persons","0","Units",,,1403996,,
"USA35","Tampa-Pinellas","T_T","Population, All ages. Administrative data","2014","2014","PER","Persons","0","Units",,,1421981,,
"USA35","Tampa-Pinellas","T_T","Population, All ages. Administrative data","2015","2015","PER","Persons","0","Units",,,1444969,,
"USA35","Tampa-Pinellas","T_T","Population, All ages. Administrative data","2016","2016","PER","Persons","0","Units",,,1472667,,
"USA129","Peoria","T_T_SH_NAT","Share of population  in metropolitan area over the national value","2001","2001","RATIO","Ratio","0","Units",,,0.1,,
"USA129","Peoria","T_T_SH_NAT","Share of population  in metropolitan area over the national value","2002","2002","RATIO","Ratio","0","Units",,,0.1,,
"USA129","Peoria","T_T_SH_NAT","Share of population  in metropolitan area over the national value","2003","2003","RATIO","Ratio","0","Units",,,0.1,,
"USA129","Peoria","T_T_SH_NAT","Share of population  in metropolitan area over the national value","2004","2004","RATIO","Ratio","0","Units",,,0.1,,
"USA129","Peoria","T_T_SH_NAT","Share of population  in metropolitan area over the national value","2005","2005","RATIO","Ratio","0","Units",,,0.1,,
"USA129","Peoria","T_T_SH_NAT","Share of population  in metropolitan area over the national value","2006","2006","RATIO","Ratio","0","Units",,,0.1,,
"USA129","Peoria","T_T_SH_NAT","Share of population  in metropolitan area over the national value","2007","2007","RATIO","Ratio","0","Units",,,0.1,,
"USA129","Peoria","T_T_SH_NAT","Share of population  in metropolitan area over the national value","2008","2008","RATIO","Ratio","0","Units",,,0.1,,
"USA129","Peoria","T_T_SH_NAT","Share of population  in metropolitan area over the national value","2009","2009","RATIO","Ratio","0","Units",,,0.1,,
"USA129","Peoria","T_T_SH_NAT","Share of population  in metropolitan area over the national value","2010","2010","RATIO","Ratio","0","Units",,,0.1,,
"USA129","Peoria","T_T_SH_NAT","Share of population  in metropolitan area over the national value","2011","2011","RATIO","Ratio","0","Units",,,0.1,,
"USA129","Peoria","T_T_SH_NAT","Share of population  in metropolitan area over the national value","2012","2012","RATIO","Ratio","0","Units",,,0.1,,
"USA129","Peoria","T_T_SH_NAT","Share of population  in metropolitan area over the national value","2013","2013","RATIO","Ratio","0","Units",,,0.1,,
"USA129","Peoria","T_T_SH_NAT","Share of population  in metropolitan area over the national value","2014","2014","RATIO","Ratio","0","Units",,,0.1,,
"USA129","Peoria","T_T_SH_NAT","Share of population  in metropolitan area over the national value","2015","2015","RATIO","Ratio","0","Units",,,0.1,,
"USA129","Peoria","T_T_SH_NAT","Share of population  in metropolitan area over the national value","2016","2016","RATIO","Ratio","0","Units",,,0.1,,
"JPN02","Higashiosaka","POP_DEN","Population density (pop. per km2)","2000","2000","PER","Persons","0","Units",,,1929,,
"JPN02","Higashiosaka","POP_DEN","Population density (pop. per km2)","2001","2001","PER","Persons","0","Units",,,1930,,
"JPN02","Higashiosaka","POP_DEN","Population density (pop. per km2)","2002","2002","PER","Persons","0","Units",,,1931,,
"JPN02","Higashiosaka","POP_DEN","Population density (pop. per km2)","2003","2003","PER","Persons","0","Units",,,1931,,
"JPN02","Higashiosaka","POP_DEN","Population density (pop. per km2)","2004","2004","PER","Persons","0","Units",,,1932,,
"JPN02","Higashiosaka","POP_DEN","Population density (pop. per km2)","2005","2005","PER","Persons","0","Units",,,1933,,
"JPN02","Higashiosaka","POP_DEN","Population density (pop. per km2)","2006","2006","PER","Persons","0","Units",,,1933,,
"JPN02","Higashiosaka","POP_DEN","Population density (pop. per km2)","2007","2007","PER","Persons","0","Units",,,1933,,
"JPN02","Higashiosaka","POP_DEN","Population density (pop. per km2)","2008","2008","PER","Persons","0","Units",,,1933,,
"JPN02","Higashiosaka","POP_DEN","Population density (pop. per km2)","2009","2009","PER","Persons","0","Units",,,1933,,
"JPN02","Higashiosaka","POP_DEN","Population density (pop. per km2)","2010","2010","PER","Persons","0","Units",,,1933,,
"JPN02","Higashiosaka","POP_DEN","Population density (pop. per km2)","2011","2011","PER","Persons","0","Units",,,1929,,
"JPN02","Higashiosaka","POP_DEN","Population density (pop. per km2)","2012","2012","PER","Persons","0","Units",,,1925,,
"JPN02","Higashiosaka","POP_DEN","Population density (pop. per km2)","2013","2013","PER","Persons","0","Units",,,1922,,
"JPN02","Higashiosaka","POP_DEN","Population density (pop. per km2)","2014","2014","PER","Persons","0","Units",,,1918,,
"JPN02","Higashiosaka","POP_DEN","Population density (pop. per km2)","2015","2015","PER","Persons","0","Units",,,1914,,
"MEX38","Tepic","T_T_SH_NAT","Share of population  in metropolitan area over the national value","2005","2005","RATIO","Ratio","0","Units",,,0.4,,
"MEX38","Tepic","T_T_SH_NAT","Share of population  in metropolitan area over the national value","2010","2010","RATIO","Ratio","0","Units",,,0.4,,
"MEX38","Tepic","T_T_SH_NAT","Share of population  in metropolitan area over the national value","2015","2015","RATIO","Ratio","0","Units",,,0.4,,
"KOR05","Seo","POP_DEN","Population density (pop. per km2)","2000","2000","PER","Persons","0","Units",,,2562,,
"KOR05","Seo","POP_DEN","Population density (pop. per km2)","2001","2001","PER","Persons","0","Units",,,2584,,
"KOR05","Seo","POP_DEN","Population density (pop. per km2)","2002","2002","PER","Persons","0","Units",,,2606,,
"KOR05","Seo","POP_DEN","Population density (pop. per km2)","2003","2003","PER","Persons","0","Units",,,2627,,
"KOR05","Seo","POP_DEN","Population density (pop. per km2)","2004","2004","PER","Persons","0","Units",,,2649,,
"KOR05","Seo","POP_DEN","Population density (pop. per km2)","2005","2005","PER","Persons","0","Units",,,2671,,
"KOR05","Seo","POP_DEN","Population density (pop. per km2)","2006","2006","PER","Persons","0","Units",,,2693,,
"KOR05","Seo","POP_DEN","Population density (pop. per km2)","2007","2007","PER","Persons","0","Units",,,2715,,
"KOR05","Seo","POP_DEN","Population density (pop. per km2)","2008","2008","PER","Persons","0","Units",,,2737,,
"KOR05","Seo","POP_DEN","Population density (pop. per km2)","2009","2009","PER","Persons","0","Units",,,2759,,
"KOR05","Seo","POP_DEN","Population density (pop. per km2)","2010","2010","PER","Persons","0","Units",,,2781,,
"KOR05","Seo","POP_DEN","Population density (pop. per km2)","2011","2011","PER","Persons","0","Units",,,2803,,
"KOR05","Seo","POP_DEN","Population density (pop. per km2)","2012","2012","PER","Persons","0","Units",,,2820,,
"KOR05","Seo","POP_DEN","Population density (pop. per km2)","2013","2013","PER","Persons","0","Units",,,2835,,
"KOR05","Seo","POP_DEN","Population density (pop. per km2)","2014","2014","PER","Persons","0","Units",,,2833,,
"KOR05","Seo","POP_DEN","Population density (pop. per km2)","2015","2015","PER","Persons","0","Units",,,2809,,
"KOR05","Seo","POP_DEN","Population density (pop. per km2)","2016","2016","PER","Persons","0","Units",,,2801,,
"USA101","Caddo","POP_DEN","Population density (pop. per km2)","2000","2000","PER","Persons","0","Units",,,44,,
"USA101","Caddo","POP_DEN","Population density (pop. per km2)","2001","2001","PER","Persons","0","Units",,,44,,
"USA101","Caddo","POP_DEN","Population density (pop. per km2)","2002","2002","PER","Persons","0","Units",,,44,,
"USA101","Caddo","POP_DEN","Population density (pop. per km2)","2003","2003","PER","Persons","0","Units",,,44,,
"USA101","Caddo","POP_DEN","Population density (pop. per km2)","2004","2004","PER","Persons","0","Units",,,45,,
"USA101","Caddo","POP_DEN","Population density (pop. per km2)","2005","2005","PER","Persons","0","Units",,,45,,
"USA101","Caddo","POP_DEN","Population density (pop. per km2)","2006","2006","PER","Persons","0","Units",,,46,,
"USA101","Caddo","POP_DEN","Population density (pop. per km2)","2007","2007","PER","Persons","0","Units",,,46,,
"USA101","Caddo","POP_DEN","Population density (pop. per km2)","2008","2008","PER","Persons","0","Units",,,46,,
"USA101","Caddo","POP_DEN","Population density (pop. per km2)","2009","2009","PER","Persons","0","Units",,,46,,
"USA101","Caddo","POP_DEN","Population density (pop. per km2)","2010","2010","PER","Persons","0","Units",,,47,,
"USA101","Caddo","POP_DEN","Population density (pop. per km2)","2011","2011","PER","Persons","0","Units",,,47,,
"USA101","Caddo","POP_DEN","Population density (pop. per km2)","2012","2012","PER","Persons","0","Units",,,47,,
"USA101","Caddo","POP_DEN","Population density (pop. per km2)","2013","2013","PER","Persons","0","Units",,,47,,
"USA101","Caddo","POP_DEN","Population density (pop. per km2)","2014","2014","PER","Persons","0","Units",,,47,,
"USA101","Caddo","POP_DEN","Population density (pop. per km2)","2015","2015","PER","Persons","0","Units",,,47,,
"USA101","Caddo","POP_DEN","Population density (pop. per km2)","2016","2016","PER","Persons","0","Units",,,47,,
"USA99","Mahoning","T_T","Population, All ages. Administrative data","2000","2000","PER","Persons","0","Units",,,482016,,
"USA99","Mahoning","T_T","Population, All ages. Administrative data","2001","2001","PER","Persons","0","Units",,,479255,,
"USA99","Mahoning","T_T","Population, All ages. Administrative data","2002","2002","PER","Persons","0","Units",,,475482,,
"USA99","Mahoning","T_T","Population, All ages. Administrative data","2003","2003","PER","Persons","0","Units",,,472585,,
"USA99","Mahoning","T_T","Population, All ages. Administrative data","2004","2004","PER","Persons","0","Units",,,469365,,
"USA99","Mahoning","T_T","Population, All ages. Administrative data","2005","2005","PER","Persons","0","Units",,,465628,,
"USA99","Mahoning","T_T","Population, All ages. Administrative data","2006","2006","PER","Persons","0","Units",,,462297,,
"USA99","Mahoning","T_T","Population, All ages. Administrative data","2007","2007","PER","Persons","0","Units",,,457749,,
"USA99","Mahoning","T_T","Population, All ages. Administrative data","2008","2008","PER","Persons","0","Units",,,453763,,
"USA99","Mahoning","T_T","Population, All ages. Administrative data","2009","2009","PER","Persons","0","Units",,,451340,,
"USA99","Mahoning","T_T","Population, All ages. Administrative data","2010","2010","PER","Persons","0","Units",,,448221,,
"USA99","Mahoning","T_T","Population, All ages. Administrative data","2011","2011","PER","Persons","0","Units",,,446132,,
"USA99","Mahoning","T_T","Population, All ages. Administrative data","2012","2012","PER","Persons","0","Units",,,442839,,
"USA99","Mahoning","T_T","Population, All ages. Administrative data","2013","2013","PER","Persons","0","Units",,,440588,,
"USA99","Mahoning","T_T","Population, All ages. Administrative data","2014","2014","PER","Persons","0","Units",,,438252,,
"USA99","Mahoning","T_T","Population, All ages. Administrative data","2015","2015","PER","Persons","0","Units",,,435100,,
"USA99","Mahoning","T_T","Population, All ages. Administrative data","2016","2016","PER","Persons","0","Units",,,431870,,
"DK002","Aarhus","T_T_SH_NAT","Share of population  in metropolitan area over the national value","2001","2001","RATIO","Ratio","0","Units",,,8.5,,
"DK002","Aarhus","T_T_SH_NAT","Share of population  in metropolitan area over the national value","2002","2002","RATIO","Ratio","0","Units",,,8.5,,
"DK002","Aarhus","T_T_SH_NAT","Share of population  in metropolitan area over the national value","2003","2003","RATIO","Ratio","0","Units",,,8.6,,
"DK002","Aarhus","T_T_SH_NAT","Share of population  in metropolitan area over the national value","2004","2004","RATIO","Ratio","0","Units",,,8.6,,
"DK002","Aarhus","T_T_SH_NAT","Share of population  in metropolitan area over the national value","2005","2005","RATIO","Ratio","0","Units",,,8.7,,
"DK002","Aarhus","T_T_SH_NAT","Share of population  in metropolitan area over the national value","2006","2006","RATIO","Ratio","0","Units",,,8.7,,
"DK002","Aarhus","T_T_SH_NAT","Share of population  in metropolitan area over the national value","2007","2007","RATIO","Ratio","0","Units",,,8.6,,
"DK002","Aarhus","T_T_SH_NAT","Share of population  in metropolitan area over the national value","2008","2008","RATIO","Ratio","0","Units",,,8.6,,
"DK002","Aarhus","T_T_SH_NAT","Share of population  in metropolitan area over the national value","2009","2009","RATIO","Ratio","0","Units",,,8.6,,
"DK002","Aarhus","T_T_SH_NAT","Share of population  in metropolitan area over the national value","2010","2010","RATIO","Ratio","0","Units",,,8.6,,
"DK002","Aarhus","T_T_SH_NAT","Share of population  in metropolitan area over the national value","2011","2011","RATIO","Ratio","0","Units",,,8.6,,
"DK002","Aarhus","T_T_SH_NAT","Share of population  in metropolitan area over the national value","2012","2012","RATIO","Ratio","0","Units",,,8.7,,
"DK002","Aarhus","T_T_SH_NAT","Share of population  in metropolitan area over the national value","2013","2013","RATIO","Ratio","0","Units",,,8.7,,
"DK002","Aarhus","T_T_SH_NAT","Share of population  in metropolitan area over the national value","2014","2014","RATIO","Ratio","0","Units",,,8.8,,
"DK002","Aarhus","T_T_SH_NAT","Share of population  in metropolitan area over the national value","2015","2015","RATIO","Ratio","0","Units",,,8.8,,
"DK002","Aarhus","T_T_SH_NAT","Share of population  in metropolitan area over the national value","2016","2016","RATIO","Ratio","0","Units",,,8.8,,
"NL514","Alkmaar","T_T","Population, All ages. Administrative data","2000","2000","PER","Persons","0","Units",,,269603,,
"UK030","Wirral","T_T_SH_NAT","Share of population  in metropolitan area over the national value","2001","2001","RATIO","Ratio","0","Units",,,0.5,,
"UK030","Wirral","T_T_SH_NAT","Share of population  in metropolitan area over the national value","2002","2002","RATIO","Ratio","0","Units",,,0.5,,
"UK030","Wirral","T_T_SH_NAT","Share of population  in metropolitan area over the national value","2003","2003","RATIO","Ratio","0","Units",,,0.5,,
"UK030","Wirral","T_T_SH_NAT","Share of population  in metropolitan area over the national value","2004","2004","RATIO","Ratio","0","Units",,,0.5,,
"UK030","Wirral","T_T_SH_NAT","Share of population  in metropolitan area over the national value","2005","2005","RATIO","Ratio","0","Units",,,0.5,,
"UK030","Wirral","T_T_SH_NAT","Share of population  in metropolitan area over the national value","2006","2006","RATIO","Ratio","0","Units",,,0.5,,
"UK030","Wirral","T_T_SH_NAT","Share of population  in metropolitan area over the national value","2007","2007","RATIO","Ratio","0","Units",,,0.5,,
"UK030","Wirral","T_T_SH_NAT","Share of population  in metropolitan area over the national value","2008","2008","RATIO","Ratio","0","Units",,,0.5,,
"UK030","Wirral","T_T_SH_NAT","Share of population  in metropolitan area over the national value","2009","2009","RATIO","Ratio","0","Units",,,0.5,,
"UK030","Wirral","T_T_SH_NAT","Share of population  in metropolitan area over the national value","2010","2010","RATIO","Ratio","0","Units",,,0.5,,
"UK030","Wirral","T_T_SH_NAT","Share of population  in metropolitan area over the national value","2011","2011","RATIO","Ratio","0","Units",,,0.5,,
"UK030","Wirral","T_T_SH_NAT","Share of population  in metropolitan area over the national value","2012","2012","RATIO","Ratio","0","Units",,,0.5,,
"UK030","Wirral","T_T_SH_NAT","Share of population  in metropolitan area over the national value","2013","2013","RATIO","Ratio","0","Units",,,0.5,,
"UK030","Wirral","T_T_SH_NAT","Share of population  in metropolitan area over the national value","2014","2014","RATIO","Ratio","0","Units",,,0.5,,
"UK030","Wirral","T_T_SH_NAT","Share of population  in metropolitan area over the national value","2015","2015","RATIO","Ratio","0","Units",,,0.5,,
"UK030","Wirral","T_T_SH_NAT","Share of population  in metropolitan area over the national value","2016","2016","RATIO","Ratio","0","Units",,,0.5,,
"FR012","Le Havre","POP_DEN","Population density (pop. per km2)","2000","2000","PER","Persons","0","Units",,,406,,
"FR012","Le Havre","POP_DEN","Population density (pop. per km2)","2001","2001","PER","Persons","0","Units",,,405,,
"FR012","Le Havre","POP_DEN","Population density (pop. per km2)","2002","2002","PER","Persons","0","Units",,,403,,
"FR012","Le Havre","POP_DEN","Population density (pop. per km2)","2003","2003","PER","Persons","0","Units",,,402,,
"FR012","Le Havre","POP_DEN","Population density (pop. per km2)","2004","2004","PER","Persons","0","Units",,,401,,
"FR012","Le Havre","POP_DEN","Population density (pop. per km2)","2005","2005","PER","Persons","0","Units",,,400,,
"FR012","Le Havre","POP_DEN","Population density (pop. per km2)","2006","2006","PER","Persons","0","Units",,,399,,
"FR012","Le Havre","POP_DEN","Population density (pop. per km2)","2007","2007","PER","Persons","0","Units",,,398,,
"FR012","Le Havre","POP_DEN","Population density (pop. per km2)","2008","2008","PER","Persons","0","Units",,,397,,
"FR012","Le Havre","POP_DEN","Population density (pop. per km2)","2009","2009","PER","Persons","0","Units",,,396,,
"FR012","Le Havre","POP_DEN","Population density (pop. per km2)","2010","2010","PER","Persons","0","Units",,,395,,
"FR012","Le Havre","POP_DEN","Population density (pop. per km2)","2011","2011","PER","Persons","0","Units",,,395,,
"FR012","Le Havre","POP_DEN","Population density (pop. per km2)","2012","2012","PER","Persons","0","Units",,,394,,
"FR012","Le Havre","POP_DEN","Population density (pop. per km2)","2013","2013","PER","Persons","0","Units",,,393,,
"FR012","Le Havre","POP_DEN","Population density (pop. per km2)","2014","2014","PER","Persons","0","Units",,,393,,
"FR012","Le Havre","POP_DEN","Population density (pop. per km2)","2015","2015","PER","Persons","0","Units",,,381,,
"UK025","Coventry","T_T_SH_NAT","Share of population  in metropolitan area over the national value","2001","2001","RATIO","Ratio","0","Units",,,0.9,,
"UK025","Coventry","T_T_SH_NAT","Share of population  in metropolitan area over the national value","2002","2002","RATIO","Ratio","0","Units",,,0.9,,
"UK025","Coventry","T_T_SH_NAT","Share of population  in metropolitan area over the national value","2003","2003","RATIO","Ratio","0","Units",,,0.9,,
"UK025","Coventry","T_T_SH_NAT","Share of population  in metropolitan area over the national value","2004","2004","RATIO","Ratio","0","Units",,,0.9,,
"UK025","Coventry","T_T_SH_NAT","Share of population  in metropolitan area over the national value","2005","2005","RATIO","Ratio","0","Units",,,0.9,,
"UK025","Coventry","T_T_SH_NAT","Share of population  in metropolitan area over the national value","2006","2006","RATIO","Ratio","0","Units",,,0.9,,
"UK025","Coventry","T_T_SH_NAT","Share of population  in metropolitan area over the national value","2007","2007","RATIO","Ratio","0","Units",,,0.9,,
"UK025","Coventry","T_T_SH_NAT","Share of population  in metropolitan area over the national value","2008","2008","RATIO","Ratio","0","Units",,,0.9,,
"UK025","Coventry","T_T_SH_NAT","Share of population  in metropolitan area over the national value","2009","2009","RATIO","Ratio","0","Units",,,0.9,,
"UK025","Coventry","T_T_SH_NAT","Share of population  in metropolitan area over the national value","2010","2010","RATIO","Ratio","0","Units",,,0.9,,
"UK025","Coventry","T_T_SH_NAT","Share of population  in metropolitan area over the national value","2011","2011","RATIO","Ratio","0","Units",,,0.9,,
"UK025","Coventry","T_T_SH_NAT","Share of population  in metropolitan area over the national value","2012","2012","RATIO","Ratio","0","Units",,,0.9,,
"UK025","Coventry","T_T_SH_NAT","Share of population  in metropolitan area over the national value","2013","2013","RATIO","Ratio","0","Units",,,0.9,,
"UK025","Coventry","T_T_SH_NAT","Share of population  in metropolitan area over the national value","2014","2014","RATIO","Ratio","0","Units",,,0.9,,
"UK025","Coventry","T_T_SH_NAT","Share of population  in metropolitan area over the national value","2015","2015","RATIO","Ratio","0","Units",,,0.9,,
"UK025","Coventry","T_T_SH_NAT","Share of population  in metropolitan area over the national value","2016","2016","RATIO","Ratio","0","Units",,,0.9,,
"USA45","Fresno (Greater)","POP_DEN","Population density (pop. per km2)","2000","2000","PER","Persons","0","Units",,,44,,
"USA45","Fresno (Greater)","POP_DEN","Population density (pop. per km2)","2001","2001","PER","Persons","0","Units",,,44,,
"USA45","Fresno (Greater)","POP_DEN","Population density (pop. per km2)","2002","2002","PER","Persons","0","Units",,,45,,
"USA45","Fresno (Greater)","POP_DEN","Population density (pop. per km2)","2003","2003","PER","Persons","0","Units",,,46,,
"USA45","Fresno (Greater)","POP_DEN","Population density (pop. per km2)","2004","2004","PER","Persons","0","Units",,,47,,
"USA45","Fresno (Greater)","POP_DEN","Population density (pop. per km2)","2005","2005","PER","Persons","0","Units",,,48,,
"USA45","Fresno (Greater)","POP_DEN","Population density (pop. per km2)","2006","2006","PER","Persons","0","Units",,,49,,
"USA45","Fresno (Greater)","POP_DEN","Population density (pop. per km2)","2007","2007","PER","Persons","0","Units",,,49,,
"USA45","Fresno (Greater)","POP_DEN","Population density (pop. per km2)","2008","2008","PER","Persons","0","Units",,,50,,
"USA45","Fresno (Greater)","POP_DEN","Population density (pop. per km2)","2009","2009","PER","Persons","0","Units",,,51,,
"USA45","Fresno (Greater)","POP_DEN","Population density (pop. per km2)","2010","2010","PER","Persons","0","Units",,,51,,
"USA45","Fresno (Greater)","POP_DEN","Population density (pop. per km2)","2011","2011","PER","Persons","0","Units",,,52,,
"USA45","Fresno (Greater)","POP_DEN","Population density (pop. per km2)","2012","2012","PER","Persons","0","Units",,,52,,
"USA45","Fresno (Greater)","POP_DEN","Population density (pop. per km2)","2013","2013","PER","Persons","0","Units",,,52,,
"USA45","Fresno (Greater)","POP_DEN","Population density (pop. per km2)","2014","2014","PER","Persons","0","Units",,,53,,
"USA45","Fresno (Greater)","POP_DEN","Population density (pop. per km2)","2015","2015","PER","Persons","0","Units",,,53,,
"USA45","Fresno (Greater)","POP_DEN","Population density (pop. per km2)","2016","2016","PER","Persons","0","Units",,,54,,
"USA68","Kent","T_T","Population, All ages. Administrative data","2000","2000","PER","Persons","0","Units",,,637662,,
"USA68","Kent","T_T","Population, All ages. Administrative data","2001","2001","PER","Persons","0","Units",,,643307,,
"USA68","Kent","T_T","Population, All ages. Administrative data","2002","2002","PER","Persons","0","Units",,,647487,,
"USA68","Kent","T_T","Population, All ages. Administrative data","2003","2003","PER","Persons","0","Units",,,650749,,
"USA68","Kent","T_T","Population, All ages. Administrative data","2004","2004","PER","Persons","0","Units",,,653036,,
"USA68","Kent","T_T","Population, All ages. Administrative data","2005","2005","PER","Persons","0","Units",,,655831,,
"USA68","Kent","T_T","Population, All ages. Administrative data","2006","2006","PER","Persons","0","Units",,,658997,,
"USA68","Kent","T_T","Population, All ages. Administrative data","2007","2007","PER","Persons","0","Units",,,661637,,
"USA68","Kent","T_T","Population, All ages. Administrative data","2008","2008","PER","Persons","0","Units",,,662869,,
"USA68","Kent","T_T","Population, All ages. Administrative data","2009","2009","PER","Persons","0","Units",,,664933,,
"USA68","Kent","T_T","Population, All ages. Administrative data","2010","2010","PER","Persons","0","Units",,,666226,,
"USA68","Kent","T_T","Population, All ages. Administrative data","2011","2011","PER","Persons","0","Units",,,671419,,
"USA68","Kent","T_T","Population, All ages. Administrative data","2012","2012","PER","Persons","0","Units",,,678191,,
"USA68","Kent","T_T","Population, All ages. Administrative data","2013","2013","PER","Persons","0","Units",,,686222,,
"USA68","Kent","T_T","Population, All ages. Administrative data","2014","2014","PER","Persons","0","Units",,,693185,,
"USA68","Kent","T_T","Population, All ages. Administrative data","2015","2015","PER","Persons","0","Units",,,699236,,
"USA68","Kent","T_T","Population, All ages. Administrative data","2016","2016","PER","Persons","0","Units",,,705872,,
"JPN33","Wakayama","T_T","Population, All ages. Administrative data","2000","2000","PER","Persons","0","Units",,,577378,,
"JPN33","Wakayama","T_T","Population, All ages. Administrative data","2001","2001","PER","Persons","0","Units",,,574457,,
"JPN33","Wakayama","T_T","Population, All ages. Administrative data","2002","2002","PER","Persons","0","Units",,,571535,,
"JPN33","Wakayama","T_T","Population, All ages. Administrative data","2003","2003","PER","Persons","0","Units",,,568614,,
"JPN33","Wakayama","T_T","Population, All ages. Administrative data","2004","2004","PER","Persons","0","Units",,,565692,,
"JPN33","Wakayama","T_T","Population, All ages. Administrative data","2005","2005","PER","Persons","0","Units",,,562771,,
"JPN33","Wakayama","T_T","Population, All ages. Administrative data","2006","2006","PER","Persons","0","Units",,,559617,,
"JPN33","Wakayama","T_T","Population, All ages. Administrative data","2007","2007","PER","Persons","0","Units",,,556464,,
"JPN33","Wakayama","T_T","Population, All ages. Administrative data","2008","2008","PER","Persons","0","Units",,,553308,,
"JPN33","Wakayama","T_T","Population, All ages. Administrative data","2009","2009","PER","Persons","0","Units",,,550155,,
"JPN33","Wakayama","T_T","Population, All ages. Administrative data","2010","2010","PER","Persons","0","Units",,,547001,,
"JPN33","Wakayama","T_T","Population, All ages. Administrative data","2011","2011","PER","Persons","0","Units",,,545243,,
"JPN33","Wakayama","T_T","Population, All ages. Administrative data","2012","2012","PER","Persons","0","Units",,,543486,,
"JPN33","Wakayama","T_T","Population, All ages. Administrative data","2013","2013","PER","Persons","0","Units",,,541730,,
"JPN33","Wakayama","T_T","Population, All ages. Administrative data","2014","2014","PER","Persons","0","Units",,,539973,,
"JPN33","Wakayama","T_T","Population, All ages. Administrative data","2015","2015","PER","Persons","0","Units",,,538215,,
"USA65","Sarasota","T_T_SH_NAT","Share of population  in metropolitan area over the national value","2001","2001","RATIO","Ratio","0","Units",,,0.2,,
"USA65","Sarasota","T_T_SH_NAT","Share of population  in metropolitan area over the national value","2002","2002","RATIO","Ratio","0","Units",,,0.2,,
"USA65","Sarasota","T_T_SH_NAT","Share of population  in metropolitan area over the national value","2003","2003","RATIO","Ratio","0","Units",,,0.2,,
"USA65","Sarasota","T_T_SH_NAT","Share of population  in metropolitan area over the national value","2004","2004","RATIO","Ratio","0","Units",,,0.2,,
"USA65","Sarasota","T_T_SH_NAT","Share of population  in metropolitan area over the national value","2005","2005","RATIO","Ratio","0","Units",,,0.2,,
"USA65","Sarasota","T_T_SH_NAT","Share of population  in metropolitan area over the national value","2006","2006","RATIO","Ratio","0","Units",,,0.2,,
"USA65","Sarasota","T_T_SH_NAT","Share of population  in metropolitan area over the national value","2007","2007","RATIO","Ratio","0","Units",,,0.2,,
"USA65","Sarasota","T_T_SH_NAT","Share of population  in metropolitan area over the national value","2008","2008","RATIO","Ratio","0","Units",,,0.2,,
"USA65","Sarasota","T_T_SH_NAT","Share of population  in metropolitan area over the national value","2009","2009","RATIO","Ratio","0","Units",,,0.2,,
"USA65","Sarasota","T_T_SH_NAT","Share of population  in metropolitan area over the national value","2010","2010","RATIO","Ratio","0","Units",,,0.2,,
"USA65","Sarasota","T_T_SH_NAT","Share of population  in metropolitan area over the national value","2011","2011","RATIO","Ratio","0","Units",,,0.2,,
"USA65","Sarasota","T_T_SH_NAT","Share of population  in metropolitan area over the national value","2012","2012","RATIO","Ratio","0","Units",,,0.2,,
"USA65","Sarasota","T_T_SH_NAT","Share of population  in metropolitan area over the national value","2013","2013","RATIO","Ratio","0","Units",,,0.2,,
"USA65","Sarasota","T_T_SH_NAT","Share of population  in metropolitan area over the national value","2014","2014","RATIO","Ratio","0","Units",,,0.2,,
"USA65","Sarasota","T_T_SH_NAT","Share of population  in metropolitan area over the national value","2015","2015","RATIO","Ratio","0","Units",,,0.2,,
"USA65","Sarasota","T_T_SH_NAT","Share of population  in metropolitan area over the national value","2016","2016","RATIO","Ratio","0","Units",,,0.2,,
"CAN13","Saanich","T_T_SH_NAT","Share of population  in metropolitan area over the national value","2001","2001","RATIO","Ratio","0","Units",,,1.1,,
"CAN13","Saanich","T_T_SH_NAT","Share of population  in metropolitan area over the national value","2002","2002","RATIO","Ratio","0","Units",,,1.1,,
"CAN13","Saanich","T_T_SH_NAT","Share of population  in metropolitan area over the national value","2003","2003","RATIO","Ratio","0","Units",,,1.1,,
"CAN13","Saanich","T_T_SH_NAT","Share of population  in metropolitan area over the national value","2004","2004","RATIO","Ratio","0","Units",,,1.1,,
"CAN13","Saanich","T_T_SH_NAT","Share of population  in metropolitan area over the national value","2005","2005","RATIO","Ratio","0","Units",,,1.1,,
"CAN13","Saanich","T_T_SH_NAT","Share of population  in metropolitan area over the national value","2006","2006","RATIO","Ratio","0","Units",,,1.1,,
"CAN13","Saanich","T_T_SH_NAT","Share of population  in metropolitan area over the national value","2007","2007","RATIO","Ratio","0","Units",,,1.1,,
"CAN13","Saanich","T_T_SH_NAT","Share of population  in metropolitan area over the national value","2008","2008","RATIO","Ratio","0","Units",,,1.1,,
"CAN13","Saanich","T_T_SH_NAT","Share of population  in metropolitan area over the national value","2009","2009","RATIO","Ratio","0","Units",,,1.1,,
"CAN13","Saanich","T_T_SH_NAT","Share of population  in metropolitan area over the national value","2010","2010","RATIO","Ratio","0","Units",,,1.1,,
"CAN13","Saanich","T_T_SH_NAT","Share of population  in metropolitan area over the national value","2011","2011","RATIO","Ratio","0","Units",,,1.1,,
"CAN13","Saanich","T_T_SH_NAT","Share of population  in metropolitan area over the national value","2012","2012","RATIO","Ratio","0","Units",,,1.1,,
"CAN13","Saanich","T_T_SH_NAT","Share of population  in metropolitan area over the national value","2013","2013","RATIO","Ratio","0","Units",,,1.1,,
"CAN13","Saanich","T_T_SH_NAT","Share of population  in metropolitan area over the national value","2014","2014","RATIO","Ratio","0","Units",,,1.1,,
"CAN13","Saanich","T_T_SH_NAT","Share of population  in metropolitan area over the national value","2015","2015","RATIO","Ratio","0","Units",,,1.1,,
"CAN13","Saanich","T_T_SH_NAT","Share of population  in metropolitan area over the national value","2016","2016","RATIO","Ratio","0","Units",,,1.1,,
"DE544","Zwickau","POP_DEN","Population density (pop. per km2)","2001","2001","PER","Persons","0","Units",,,399,,
"DE544","Zwickau","POP_DEN","Population density (pop. per km2)","2002","2002","PER","Persons","0","Units",,,395,,
"DE544","Zwickau","POP_DEN","Population density (pop. per km2)","2003","2003","PER","Persons","0","Units",,,391,,
"DE544","Zwickau","POP_DEN","Population density (pop. per km2)","2004","2004","PER","Persons","0","Units",,,387,,
"DE544","Zwickau","POP_DEN","Population density (pop. per km2)","2005","2005","PER","Persons","0","Units",,,384,,
"DE544","Zwickau","POP_DEN","Population density (pop. per km2)","2006","2006","PER","Persons","0","Units",,,380,,
"DE544","Zwickau","POP_DEN","Population density (pop. per km2)","2007","2007","PER","Persons","0","Units",,,376,,
"DE544","Zwickau","POP_DEN","Population density (pop. per km2)","2008","2008","PER","Persons","0","Units",,,371,,
"DE544","Zwickau","POP_DEN","Population density (pop. per km2)","2009","2009","PER","Persons","0","Units",,,367,,
"DE544","Zwickau","POP_DEN","Population density (pop. per km2)","2010","2010","PER","Persons","0","Units",,,363,,
"DE544","Zwickau","POP_DEN","Population density (pop. per km2)","2011","2011","PER","Persons","0","Units",,,355,,
"DE544","Zwickau","POP_DEN","Population density (pop. per km2)","2012","2012","PER","Persons","0","Units",,,351,,
"DE544","Zwickau","POP_DEN","Population density (pop. per km2)","2013","2013","PER","Persons","0","Units",,,348,,
"DE544","Zwickau","POP_DEN","Population density (pop. per km2)","2014","2014","PER","Persons","0","Units",,,344,,
"DE544","Zwickau","POP_DEN","Population density (pop. per km2)","2015","2015","PER","Persons","0","Units",,,342,,
"DE544","Zwickau","POP_DEN","Population density (pop. per km2)","2016","2016","PER","Persons","0","Units",,,342,,
"IT010","Catania","T_T","Population, All ages. Administrative data","2000","2000","PER","Persons","0","Units",,,605659,,
"IT010","Catania","T_T","Population, All ages. Administrative data","2001","2001","PER","Persons","0","Units",,,607231,,
"IT010","Catania","T_T","Population, All ages. Administrative data","2002","2002","PER","Persons","0","Units",,,608804,,
"IT010","Catania","T_T","Population, All ages. Administrative data","2003","2003","PER","Persons","0","Units",,,610377,,
"IT010","Catania","T_T","Population, All ages. Administrative data","2004","2004","PER","Persons","0","Units",,,611950,,
"IT010","Catania","T_T","Population, All ages. Administrative data","2005","2005","PER","Persons","0","Units",,,613523,,
"IT010","Catania","T_T","Population, All ages. Administrative data","2006","2006","PER","Persons","0","Units",,,615095,,
"IT010","Catania","T_T","Population, All ages. Administrative data","2007","2007","PER","Persons","0","Units",,,616668,,
"IT010","Catania","T_T","Population, All ages. Administrative data","2008","2008","PER","Persons","0","Units",,,618241,,
"IT010","Catania","T_T","Population, All ages. Administrative data","2009","2009","PER","Persons","0","Units",,,619814,,
"IT010","Catania","T_T","Population, All ages. Administrative data","2010","2010","PER","Persons","0","Units",,,621386,,
"IT010","Catania","T_T","Population, All ages. Administrative data","2011","2011","PER","Persons","0","Units",,,622959,,
"IT010","Catania","T_T","Population, All ages. Administrative data","2012","2012","PER","Persons","0","Units",,,624532,,
"IT010","Catania","T_T","Population, All ages. Administrative data","2013","2013","PER","Persons","0","Units",,,624388,,
"IT010","Catania","T_T","Population, All ages. Administrative data","2014","2014","PER","Persons","0","Units",,,657293,,
"IT010","Catania","T_T","Population, All ages. Administrative data","2015","2015","PER","Persons","0","Units",,,658957,,
"IT010","Catania","T_T","Population, All ages. Administrative data","2016","2016","PER","Persons","0","Units",,,658805,,
"UK517","Swansea","T_T","Population, All ages. Administrative data","2001","2001","PER","Persons","0","Units",,,357843,,
"UK517","Swansea","T_T","Population, All ages. Administrative data","2002","2002","PER","Persons","0","Units",,,359686,,
"UK517","Swansea","T_T","Population, All ages. Administrative data","2003","2003","PER","Persons","0","Units",,,362583,,
"UK517","Swansea","T_T","Population, All ages. Administrative data","2004","2004","PER","Persons","0","Units",,,365320,,
"UK517","Swansea","T_T","Population, All ages. Administrative data","2005","2005","PER","Persons","0","Units",,,367017,,
"UK517","Swansea","T_T","Population, All ages. Administrative data","2006","2006","PER","Persons","0","Units",,,369116,,
"UK517","Swansea","T_T","Population, All ages. Administrative data","2007","2007","PER","Persons","0","Units",,,371417,,
"UK517","Swansea","T_T","Population, All ages. Administrative data","2008","2008","PER","Persons","0","Units",,,373620,,
"UK517","Swansea","T_T","Population, All ages. Administrative data","2009","2009","PER","Persons","0","Units",,,375138,,
"UK517","Swansea","T_T","Population, All ages. Administrative data","2010","2010","PER","Persons","0","Units",,,376949,,
"UK517","Swansea","T_T","Population, All ages. Administrative data","2011","2011","PER","Persons","0","Units",,,378571,,
"UK517","Swansea","T_T","Population, All ages. Administrative data","2012","2012","PER","Persons","0","Units",,,379541,,
"UK517","Swansea","T_T","Population, All ages. Administrative data","2013","2013","PER","Persons","0","Units",,,379975,,
"UK517","Swansea","T_T","Population, All ages. Administrative data","2014","2014","PER","Persons","0","Units",,,381419,,
"UK517","Swansea","T_T","Population, All ages. Administrative data","2015","2015","PER","Persons","0","Units",,,383262,,
"UK517","Swansea","T_T","Population, All ages. Administrative data","2016","2016","PER","Persons","0","Units",,,386140,,
"MEX43","Guadalupe","POP_DEN","Population density (pop. per km2)","2000","2000","PER","Persons","0","Units",,,86,,
"MEX43","Guadalupe","POP_DEN","Population density (pop. per km2)","2005","2005","PER","Persons","0","Units",,,89,,
"MEX43","Guadalupe","POP_DEN","Population density (pop. per km2)","2010","2010","PER","Persons","0","Units",,,101,,
"MEX43","Guadalupe","POP_DEN","Population density (pop. per km2)","2015","2015","PER","Persons","0","Units",,,120,,
"DK002","Aarhus","T_T","Population, All ages. Administrative data","2000","2000","PER","Persons","0","Units",,,450482,,
"DK002","Aarhus","T_T","Population, All ages. Administrative data","2001","2001","PER","Persons","0","Units",,,453385,,
"DK002","Aarhus","T_T","Population, All ages. Administrative data","2002","2002","PER","Persons","0","Units",,,456998,,
"DK002","Aarhus","T_T","Population, All ages. Administrative data","2003","2003","PER","Persons","0","Units",,,460975,,
"DK002","Aarhus","T_T","Population, All ages. Administrative data","2004","2004","PER","Persons","0","Units",,,464773,,
"DK002","Aarhus","T_T","Population, All ages. Administrative data","2005","2005","PER","Persons","0","Units",,,468265,,
"DK002","Aarhus","T_T","Population, All ages. Administrative data","2006","2006","PER","Persons","0","Units",,,469331,,
"DK002","Aarhus","T_T","Population, All ages. Administrative data","2007","2007","PER","Persons","0","Units",,,470397,,
"DK002","Aarhus","T_T","Population, All ages. Administrative data","2008","2008","PER","Persons","0","Units",,,471463,,
"DK002","Aarhus","T_T","Population, All ages. Administrative data","2009","2009","PER","Persons","0","Units",,,472529,,
"DK002","Aarhus","T_T","Population, All ages. Administrative data","2010","2010","PER","Persons","0","Units",,,473595,,
"DK002","Aarhus","T_T","Population, All ages. Administrative data","2011","2011","PER","Persons","0","Units",,,479153,,
"DK002","Aarhus","T_T","Population, All ages. Administrative data","2012","2012","PER","Persons","0","Units",,,483234,,
"DK002","Aarhus","T_T","Population, All ages. Administrative data","2013","2013","PER","Persons","0","Units",,,488038,,
"DK002","Aarhus","T_T","Population, All ages. Administrative data","2014","2014","PER","Persons","0","Units",,,492724,,
"DK002","Aarhus","T_T","Population, All ages. Administrative data","2015","2015","PER","Persons","0","Units",,,496131,,
"DK002","Aarhus","T_T","Population, All ages. Administrative data","2016","2016","PER","Persons","0","Units",,,501795,,
"AUS03","Greater Brisbane","POP_DEN","Population density (pop. per km2)","2001","2001","PER","Persons","0","Units",,,107,,
"AUS03","Greater Brisbane","POP_DEN","Population density (pop. per km2)","2002","2002","PER","Persons","0","Units",,,109,,
"AUS03","Greater Brisbane","POP_DEN","Population density (pop. per km2)","2003","2003","PER","Persons","0","Units",,,112,,
"AUS03","Greater Brisbane","POP_DEN","Population density (pop. per km2)","2004","2004","PER","Persons","0","Units",,,115,,
"AUS03","Greater Brisbane","POP_DEN","Population density (pop. per km2)","2005","2005","PER","Persons","0","Units",,,117,,
"AUS03","Greater Brisbane","POP_DEN","Population density (pop. per km2)","2006","2006","PER","Persons","0","Units",,,120,,
"AUS03","Greater Brisbane","POP_DEN","Population density (pop. per km2)","2007","2007","PER","Persons","0","Units",,,123,,
"AUS03","Greater Brisbane","POP_DEN","Population density (pop. per km2)","2008","2008","PER","Persons","0","Units",,,127,,
"AUS03","Greater Brisbane","POP_DEN","Population density (pop. per km2)","2009","2009","PER","Persons","0","Units",,,130,,
"AUS03","Greater Brisbane","POP_DEN","Population density (pop. per km2)","2010","2010","PER","Persons","0","Units",,,133,,
"AUS03","Greater Brisbane","POP_DEN","Population density (pop. per km2)","2011","2011","PER","Persons","0","Units",,,135,,
"AUS03","Greater Brisbane","POP_DEN","Population density (pop. per km2)","2012","2012","PER","Persons","0","Units",,,138,,
"AUS03","Greater Brisbane","POP_DEN","Population density (pop. per km2)","2013","2013","PER","Persons","0","Units",,,141,,
"AUS03","Greater Brisbane","POP_DEN","Population density (pop. per km2)","2014","2014","PER","Persons","0","Units",,,144,,
"AUS03","Greater Brisbane","POP_DEN","Population density (pop. per km2)","2015","2015","PER","Persons","0","Units",,,146,,
"AUS03","Greater Brisbane","POP_DEN","Population density (pop. per km2)","2016","2016","PER","Persons","0","Units",,,149,,
"KOR18","Chuncheon","T_T_SH_NAT","Share of population  in metropolitan area over the national value","2001","2001","RATIO","Ratio","0","Units",,,0.5,,
"KOR18","Chuncheon","T_T_SH_NAT","Share of population  in metropolitan area over the national value","2002","2002","RATIO","Ratio","0","Units",,,0.5,,
"KOR18","Chuncheon","T_T_SH_NAT","Share of population  in metropolitan area over the national value","2003","2003","RATIO","Ratio","0","Units",,,0.5,,
"KOR18","Chuncheon","T_T_SH_NAT","Share of population  in metropolitan area over the national value","2004","2004","RATIO","Ratio","0","Units",,,0.5,,
"KOR18","Chuncheon","T_T_SH_NAT","Share of population  in metropolitan area over the national value","2005","2005","RATIO","Ratio","0","Units",,,0.5,,
"KOR18","Chuncheon","T_T_SH_NAT","Share of population  in metropolitan area over the national value","2006","2006","RATIO","Ratio","0","Units",,,0.5,,
"KOR18","Chuncheon","T_T_SH_NAT","Share of population  in metropolitan area over the national value","2007","2007","RATIO","Ratio","0","Units",,,0.5,,
"KOR18","Chuncheon","T_T_SH_NAT","Share of population  in metropolitan area over the national value","2008","2008","RATIO","Ratio","0","Units",,,0.5,,
"KOR18","Chuncheon","T_T_SH_NAT","Share of population  in metropolitan area over the national value","2009","2009","RATIO","Ratio","0","Units",,,0.6,,
"KOR18","Chuncheon","T_T_SH_NAT","Share of population  in metropolitan area over the national value","2010","2010","RATIO","Ratio","0","Units",,,0.6,,
"KOR18","Chuncheon","T_T_SH_NAT","Share of population  in metropolitan area over the national value","2011","2011","RATIO","Ratio","0","Units",,,0.6,,
"KOR18","Chuncheon","T_T_SH_NAT","Share of population  in metropolitan area over the national value","2012","2012","RATIO","Ratio","0","Units",,,0.5,,
"KOR18","Chuncheon","T_T_SH_NAT","Share of population  in metropolitan area over the national value","2013","2013","RATIO","Ratio","0","Units",,,0.5,,
"KOR18","Chuncheon","T_T_SH_NAT","Share of population  in metropolitan area over the national value","2014","2014","RATIO","Ratio","0","Units",,,0.5,,
"KOR18","Chuncheon","T_T_SH_NAT","Share of population  in metropolitan area over the national value","2015","2015","RATIO","Ratio","0","Units",,,0.5,,
"KOR18","Chuncheon","T_T_SH_NAT","Share of population  in metropolitan area over the national value","2016","2016","RATIO","Ratio","0","Units",,,0.6,,
"DE019","Magdeburg","POP_DEN","Population density (pop. per km2)","2001","2001","PER","Persons","0","Units",,,130,,
"DE019","Magdeburg","POP_DEN","Population density (pop. per km2)","2002","2002","PER","Persons","0","Units",,,128,,
"DE019","Magdeburg","POP_DEN","Population density (pop. per km2)","2003","2003","PER","Persons","0","Units",,,127,,
"DE019","Magdeburg","POP_DEN","Population density (pop. per km2)","2004","2004","PER","Persons","0","Units",,,127,,
"DE019","Magdeburg","POP_DEN","Population density (pop. per km2)","2005","2005","PER","Persons","0","Units",,,126,,
"DE019","Magdeburg","POP_DEN","Population density (pop. per km2)","2006","2006","PER","Persons","0","Units",,,125,,
"DE019","Magdeburg","POP_DEN","Population density (pop. per km2)","2007","2007","PER","Persons","0","Units",,,125,,
"DE019","Magdeburg","POP_DEN","Population density (pop. per km2)","2008","2008","PER","Persons","0","Units",,,124,,
"DE019","Magdeburg","POP_DEN","Population density (pop. per km2)","2009","2009","PER","Persons","0","Units",,,123,,
"DE019","Magdeburg","POP_DEN","Population density (pop. per km2)","2010","2010","PER","Persons","0","Units",,,122,,
"DE019","Magdeburg","POP_DEN","Population density (pop. per km2)","2011","2011","PER","Persons","0","Units",,,120,,
"DE019","Magdeburg","POP_DEN","Population density (pop. per km2)","2012","2012","PER","Persons","0","Units",,,120,,
"DE019","Magdeburg","POP_DEN","Population density (pop. per km2)","2013","2013","PER","Persons","0","Units",,,119,,
"DE019","Magdeburg","POP_DEN","Population density (pop. per km2)","2014","2014","PER","Persons","0","Units",,,119,,
"DE019","Magdeburg","POP_DEN","Population density (pop. per km2)","2015","2015","PER","Persons","0","Units",,,119,,
"DE019","Magdeburg","POP_DEN","Population density (pop. per km2)","2016","2016","PER","Persons","0","Units",,,120,,
"DE079","Wetzlar","T_T_SH_NAT","Share of population  in metropolitan area over the national value","2001","2001","RATIO","Ratio","0","Units",,,0.3,,
"DE079","Wetzlar","T_T_SH_NAT","Share of population  in metropolitan area over the national value","2002","2002","RATIO","Ratio","0","Units",,,0.3,,
"DE079","Wetzlar","T_T_SH_NAT","Share of population  in metropolitan area over the national value","2003","2003","RATIO","Ratio","0","Units",,,0.3,,
"DE079","Wetzlar","T_T_SH_NAT","Share of population  in metropolitan area over the national value","2004","2004","RATIO","Ratio","0","Units",,,0.3,,
"DE079","Wetzlar","T_T_SH_NAT","Share of population  in metropolitan area over the national value","2005","2005","RATIO","Ratio","0","Units",,,0.3,,
"DE079","Wetzlar","T_T_SH_NAT","Share of population  in metropolitan area over the national value","2006","2006","RATIO","Ratio","0","Units",,,0.3,,
"DE079","Wetzlar","T_T_SH_NAT","Share of population  in metropolitan area over the national value","2007","2007","RATIO","Ratio","0","Units",,,0.3,,
"DE079","Wetzlar","T_T_SH_NAT","Share of population  in metropolitan area over the national value","2008","2008","RATIO","Ratio","0","Units",,,0.3,,
"DE079","Wetzlar","T_T_SH_NAT","Share of population  in metropolitan area over the national value","2009","2009","RATIO","Ratio","0","Units",,,0.3,,
"DE079","Wetzlar","T_T_SH_NAT","Share of population  in metropolitan area over the national value","2010","2010","RATIO","Ratio","0","Units",,,0.3,,
"DE079","Wetzlar","T_T_SH_NAT","Share of population  in metropolitan area over the national value","2011","2011","RATIO","Ratio","0","Units",,,0.3,,
"DE079","Wetzlar","T_T_SH_NAT","Share of population  in metropolitan area over the national value","2012","2012","RATIO","Ratio","0","Units",,,0.3,,
"DE079","Wetzlar","T_T_SH_NAT","Share of population  in metropolitan area over the national value","2013","2013","RATIO","Ratio","0","Units",,,0.3,,
"DE079","Wetzlar","T_T_SH_NAT","Share of population  in metropolitan area over the national value","2014","2014","RATIO","Ratio","0","Units",,,0.3,,
"DE079","Wetzlar","T_T_SH_NAT","Share of population  in metropolitan area over the national value","2015","2015","RATIO","Ratio","0","Units",,,0.3,,
"DE079","Wetzlar","T_T_SH_NAT","Share of population  in metropolitan area over the national value","2016","2016","RATIO","Ratio","0","Units",,,0.3,,
"UK030","Wirral","T_T","Population, All ages. Administrative data","2001","2001","PER","Persons","0","Units",,,315004,,
"UK030","Wirral","T_T","Population, All ages. Administrative data","2002","2002","PER","Persons","0","Units",,,315050,,
"UK030","Wirral","T_T","Population, All ages. Administrative data","2003","2003","PER","Persons","0","Units",,,315371,,
"UK030","Wirral","T_T","Population, All ages. Administrative data","2004","2004","PER","Persons","0","Units",,,315130,,
"UK030","Wirral","T_T","Population, All ages. Administrative data","2005","2005","PER","Persons","0","Units",,,314925,,
"UK030","Wirral","T_T","Population, All ages. Administrative data","2006","2006","PER","Persons","0","Units",,,315350,,
"UK030","Wirral","T_T","Population, All ages. Administrative data","2007","2007","PER","Persons","0","Units",,,315670,,
"UK030","Wirral","T_T","Population, All ages. Administrative data","2008","2008","PER","Persons","0","Units",,,316711,,
"UK030","Wirral","T_T","Population, All ages. Administrative data","2009","2009","PER","Persons","0","Units",,,317771,,
"UK030","Wirral","T_T","Population, All ages. Administrative data","2010","2010","PER","Persons","0","Units",,,319078,,
"UK030","Wirral","T_T","Population, All ages. Administrative data","2011","2011","PER","Persons","0","Units",,,319837,,
"UK030","Wirral","T_T","Population, All ages. Administrative data","2012","2012","PER","Persons","0","Units",,,320389,,
"UK030","Wirral","T_T","Population, All ages. Administrative data","2013","2013","PER","Persons","0","Units",,,320670,,
"UK030","Wirral","T_T","Population, All ages. Administrative data","2014","2014","PER","Persons","0","Units",,,321503,,
"UK030","Wirral","T_T","Population, All ages. Administrative data","2015","2015","PER","Persons","0","Units",,,321700,,
"UK030","Wirral","T_T","Population, All ages. Administrative data","2016","2016","PER","Persons","0","Units",,,322216,,
"IE002","Cork","POP_DEN","Population density (pop. per km2)","2002","2002","PER","Persons","0","Units",,,96,,
"IE002","Cork","POP_DEN","Population density (pop. per km2)","2003","2003","PER","Persons","0","Units",,,101,,
"IE002","Cork","POP_DEN","Population density (pop. per km2)","2004","2004","PER","Persons","0","Units",,,106,,
"IE002","Cork","POP_DEN","Population density (pop. per km2)","2005","2005","PER","Persons","0","Units",,,111,,
"IE002","Cork","POP_DEN","Population density (pop. per km2)","2006","2006","PER","Persons","0","Units",,,116,,
"IE002","Cork","POP_DEN","Population density (pop. per km2)","2007","2007","PER","Persons","0","Units",,,117,,
"IE002","Cork","POP_DEN","Population density (pop. per km2)","2008","2008","PER","Persons","0","Units",,,119,,
"IE002","Cork","POP_DEN","Population density (pop. per km2)","2009","2009","PER","Persons","0","Units",,,120,,
"IE002","Cork","POP_DEN","Population density (pop. per km2)","2010","2010","PER","Persons","0","Units",,,122,,
"IE002","Cork","POP_DEN","Population density (pop. per km2)","2011","2011","PER","Persons","0","Units",,,123,,
"IE002","Cork","POP_DEN","Population density (pop. per km2)","2012","2012","PER","Persons","0","Units",,,125,,
"IE002","Cork","POP_DEN","Population density (pop. per km2)","2013","2013","PER","Persons","0","Units",,,127,,
"IE002","Cork","POP_DEN","Population density (pop. per km2)","2014","2014","PER","Persons","0","Units",,,128,,
"IE002","Cork","POP_DEN","Population density (pop. per km2)","2015","2015","PER","Persons","0","Units",,,130,,
"IE002","Cork","POP_DEN","Population density (pop. per km2)","2016","2016","PER","Persons","0","Units",,,132,,
"USA18","Denver","T_T","Population, All ages. Administrative data","2000","2000","PER","Persons","0","Units",,,2192840,,
"USA18","Denver","T_T","Population, All ages. Administrative data","2001","2001","PER","Persons","0","Units",,,2241381,,
"USA18","Denver","T_T","Population, All ages. Administrative data","2002","2002","PER","Persons","0","Units",,,2266781,,
"USA18","Denver","T_T","Population, All ages. Administrative data","2003","2003","PER","Persons","0","Units",,,2284876,,
"USA18","Denver","T_T","Population, All ages. Administrative data","2004","2004","PER","Persons","0","Units",,,2304818,,
"USA18","Denver","T_T","Population, All ages. Administrative data","2005","2005","PER","Persons","0","Units",,,2332749,,
"USA18","Denver","T_T","Population, All ages. Administrative data","2006","2006","PER","Persons","0","Units",,,2374194,,
"USA18","Denver","T_T","Population, All ages. Administrative data","2007","2007","PER","Persons","0","Units",,,2418686,,
"USA18","Denver","T_T","Population, All ages. Administrative data","2008","2008","PER","Persons","0","Units",,,2463971,,
"USA18","Denver","T_T","Population, All ages. Administrative data","2009","2009","PER","Persons","0","Units",,,2509417,,
"USA18","Denver","T_T","Population, All ages. Administrative data","2010","2010","PER","Persons","0","Units",,,2554399,,
"USA18","Denver","T_T","Population, All ages. Administrative data","2011","2011","PER","Persons","0","Units",,,2599629,,
"USA18","Denver","T_T","Population, All ages. Administrative data","2012","2012","PER","Persons","0","Units",,,2646151,,
"USA18","Denver","T_T","Population, All ages. Administrative data","2013","2013","PER","Persons","0","Units",,,2696308,,
"USA18","Denver","T_T","Population, All ages. Administrative data","2014","2014","PER","Persons","0","Units",,,2749827,,
"USA18","Denver","T_T","Population, All ages. Administrative data","2015","2015","PER","Persons","0","Units",,,2807211,,
"USA18","Denver","T_T","Population, All ages. Administrative data","2016","2016","PER","Persons","0","Units",,,2851848,,
"USA78","Lucas","POP_DEN","Population density (pop. per km2)","2000","2000","PER","Persons","0","Units",,,229,,
"USA78","Lucas","POP_DEN","Population density (pop. per km2)","2001","2001","PER","Persons","0","Units",,,229,,
"USA78","Lucas","POP_DEN","Population density (pop. per km2)","2002","2002","PER","Persons","0","Units",,,229,,
"USA78","Lucas","POP_DEN","Population density (pop. per km2)","2003","2003","PER","Persons","0","Units",,,229,,
"USA78","Lucas","POP_DEN","Population density (pop. per km2)","2004","2004","PER","Persons","0","Units",,,229,,
"USA78","Lucas","POP_DEN","Population density (pop. per km2)","2005","2005","PER","Persons","0","Units",,,228,,
"USA78","Lucas","POP_DEN","Population density (pop. per km2)","2006","2006","PER","Persons","0","Units",,,227,,
"USA78","Lucas","POP_DEN","Population density (pop. per km2)","2007","2007","PER","Persons","0","Units",,,227,,
"USA78","Lucas","POP_DEN","Population density (pop. per km2)","2008","2008","PER","Persons","0","Units",,,226,,
"USA78","Lucas","POP_DEN","Population density (pop. per km2)","2009","2009","PER","Persons","0","Units",,,226,,
"USA78","Lucas","POP_DEN","Population density (pop. per km2)","2010","2010","PER","Persons","0","Units",,,225,,
"USA78","Lucas","POP_DEN","Population density (pop. per km2)","2011","2011","PER","Persons","0","Units",,,225,,
"USA78","Lucas","POP_DEN","Population density (pop. per km2)","2012","2012","PER","Persons","0","Units",,,224,,
"USA78","Lucas","POP_DEN","Population density (pop. per km2)","2013","2013","PER","Persons","0","Units",,,224,,
"USA78","Lucas","POP_DEN","Population density (pop. per km2)","2014","2014","PER","Persons","0","Units",,,224,,
"USA78","Lucas","POP_DEN","Population density (pop. per km2)","2015","2015","PER","Persons","0","Units",,,223,,
"USA78","Lucas","POP_DEN","Population density (pop. per km2)","2016","2016","PER","Persons","0","Units",,,223,,
"MEX15","Centro","POP_DEN","Population density (pop. per km2)","2000","2000","PER","Persons","0","Units",,,215,,
"MEX15","Centro","POP_DEN","Population density (pop. per km2)","2005","2005","PER","Persons","0","Units",,,228,,
"MEX15","Centro","POP_DEN","Population density (pop. per km2)","2010","2010","PER","Persons","0","Units",,,265,,
"MEX15","Centro","POP_DEN","Population density (pop. per km2)","2015","2015","PER","Persons","0","Units",,,325,,
"MEX54","Monclova","T_T","Population, All ages. Administrative data","2000","2000","PER","Persons","0","Units",,,269595,,
"MEX54","Monclova","T_T","Population, All ages. Administrative data","2005","2005","PER","Persons","0","Units",,,266958,,
"MEX54","Monclova","T_T","Population, All ages. Administrative data","2010","2010","PER","Persons","0","Units",,,289373,,
"MEX54","Monclova","T_T","Population, All ages. Administrative data","2015","2015","PER","Persons","0","Units",,,322736,,
"USA125","Washtenaw","POP_DEN","Population density (pop. per km2)","2000","2000","PER","Persons","0","Units",,,173,,
"USA125","Washtenaw","POP_DEN","Population density (pop. per km2)","2001","2001","PER","Persons","0","Units",,,176,,
"USA125","Washtenaw","POP_DEN","Population density (pop. per km2)","2002","2002","PER","Persons","0","Units",,,178,,
"USA125","Washtenaw","POP_DEN","Population density (pop. per km2)","2003","2003","PER","Persons","0","Units",,,180,,
"USA125","Washtenaw","POP_DEN","Population density (pop. per km2)","2004","2004","PER","Persons","0","Units",,,181,,
"USA125","Washtenaw","POP_DEN","Population density (pop. per km2)","2005","2005","PER","Persons","0","Units",,,183,,
"USA125","Washtenaw","POP_DEN","Population density (pop. per km2)","2006","2006","PER","Persons","0","Units",,,184,,
"USA125","Washtenaw","POP_DEN","Population density (pop. per km2)","2007","2007","PER","Persons","0","Units",,,184,,
"USA125","Washtenaw","POP_DEN","Population density (pop. per km2)","2008","2008","PER","Persons","0","Units",,,182,,
"USA125","Washtenaw","POP_DEN","Population density (pop. per km2)","2009","2009","PER","Persons","0","Units",,,183,,
"USA125","Washtenaw","POP_DEN","Population density (pop. per km2)","2010","2010","PER","Persons","0","Units",,,185,,
"USA125","Washtenaw","POP_DEN","Population density (pop. per km2)","2011","2011","PER","Persons","0","Units",,,186,,
"USA125","Washtenaw","POP_DEN","Population density (pop. per km2)","2012","2012","PER","Persons","0","Units",,,188,,
"USA125","Washtenaw","POP_DEN","Population density (pop. per km2)","2013","2013","PER","Persons","0","Units",,,189,,
"USA125","Washtenaw","POP_DEN","Population density (pop. per km2)","2014","2014","PER","Persons","0","Units",,,192,,
"USA125","Washtenaw","POP_DEN","Population density (pop. per km2)","2015","2015","PER","Persons","0","Units",,,193,,
"USA125","Washtenaw","POP_DEN","Population density (pop. per km2)","2016","2016","PER","Persons","0","Units",,,195,,
"DE026","Trier","T_T","Population, All ages. Administrative data","2001","2001","PER","Persons","0","Units",,,235232,,
"DE026","Trier","T_T","Population, All ages. Administrative data","2002","2002","PER","Persons","0","Units",,,236424,,
"DE026","Trier","T_T","Population, All ages. Administrative data","2003","2003","PER","Persons","0","Units",,,237265,,
"DE026","Trier","T_T","Population, All ages. Administrative data","2004","2004","PER","Persons","0","Units",,,237649,,
"DE026","Trier","T_T","Population, All ages. Administrative data","2005","2005","PER","Persons","0","Units",,,237961,,
"DE026","Trier","T_T","Population, All ages. Administrative data","2006","2006","PER","Persons","0","Units",,,237956,,
"DE026","Trier","T_T","Population, All ages. Administrative data","2007","2007","PER","Persons","0","Units",,,241959,,
"DE026","Trier","T_T","Population, All ages. Administrative data","2008","2008","PER","Persons","0","Units",,,243064,,
"DE026","Trier","T_T","Population, All ages. Administrative data","2009","2009","PER","Persons","0","Units",,,244006,,
"DE026","Trier","T_T","Population, All ages. Administrative data","2010","2010","PER","Persons","0","Units",,,244229,,
"DE026","Trier","T_T","Population, All ages. Administrative data","2011","2011","PER","Persons","0","Units",,,246214,,
"DE026","Trier","T_T","Population, All ages. Administrative data","2012","2012","PER","Persons","0","Units",,,246925,,
"DE026","Trier","T_T","Population, All ages. Administrative data","2013","2013","PER","Persons","0","Units",,,248567,,
"DE026","Trier","T_T","Population, All ages. Administrative data","2014","2014","PER","Persons","0","Units",,,249693,,
"DE026","Trier","T_T","Population, All ages. Administrative data","2015","2015","PER","Persons","0","Units",,,251811,,
"DE026","Trier","T_T","Population, All ages. Administrative data","2016","2016","PER","Persons","0","Units",,,260989,,
"PL014","Olsztyn","T_T_SH_NAT","Share of population  in metropolitan area over the national value","2001","2001","RATIO","Ratio","0","Units",,,0.6,,
"PL014","Olsztyn","T_T_SH_NAT","Share of population  in metropolitan area over the national value","2002","2002","RATIO","Ratio","0","Units",,,0.6,,
"PL014","Olsztyn","T_T_SH_NAT","Share of population  in metropolitan area over the national value","2003","2003","RATIO","Ratio","0","Units",,,0.6,,
"PL014","Olsztyn","T_T_SH_NAT","Share of population  in metropolitan area over the national value","2004","2004","RATIO","Ratio","0","Units",,,0.7,,
"PL014","Olsztyn","T_T_SH_NAT","Share of population  in metropolitan area over the national value","2005","2005","RATIO","Ratio","0","Units",,,0.7,,
"PL014","Olsztyn","T_T_SH_NAT","Share of population  in metropolitan area over the national value","2006","2006","RATIO","Ratio","0","Units",,,0.7,,
"PL014","Olsztyn","T_T_SH_NAT","Share of population  in metropolitan area over the national value","2007","2007","RATIO","Ratio","0","Units",,,0.7,,
"PL014","Olsztyn","T_T_SH_NAT","Share of population  in metropolitan area over the national value","2008","2008","RATIO","Ratio","0","Units",,,0.7,,
"PL014","Olsztyn","T_T_SH_NAT","Share of population  in metropolitan area over the national value","2009","2009","RATIO","Ratio","0","Units",,,0.7,,
"PL014","Olsztyn","T_T_SH_NAT","Share of population  in metropolitan area over the national value","2010","2010","RATIO","Ratio","0","Units",,,0.7,,
"PL014","Olsztyn","T_T_SH_NAT","Share of population  in metropolitan area over the national value","2011","2011","RATIO","Ratio","0","Units",,,0.7,,
"PL014","Olsztyn","T_T_SH_NAT","Share of population  in metropolitan area over the national value","2012","2012","RATIO","Ratio","0","Units",,,0.7,,
"PL014","Olsztyn","T_T_SH_NAT","Share of population  in metropolitan area over the national value","2013","2013","RATIO","Ratio","0","Units",,,0.7,,
"PL014","Olsztyn","T_T_SH_NAT","Share of population  in metropolitan area over the national value","2014","2014","RATIO","Ratio","0","Units",,,0.7,,
"PL014","Olsztyn","T_T_SH_NAT","Share of population  in metropolitan area over the national value","2015","2015","RATIO","Ratio","0","Units",,,0.7,,
"PL014","Olsztyn","T_T_SH_NAT","Share of population  in metropolitan area over the national value","2016","2016","RATIO","Ratio","0","Units",,,0.7,,
"FR001","Paris","T_T","Population, All ages. Administrative data","2000","2000","PER","Persons","0","Units",,,10923996,,
"FR001","Paris","T_T","Population, All ages. Administrative data","2001","2001","PER","Persons","0","Units",,,11002314,,
"FR001","Paris","T_T","Population, All ages. Administrative data","2002","2002","PER","Persons","0","Units",,,11080632,,
"FR001","Paris","T_T","Population, All ages. Administrative data","2003","2003","PER","Persons","0","Units",,,11158949,,
"FR001","Paris","T_T","Population, All ages. Administrative data","2004","2004","PER","Persons","0","Units",,,11237268,,
"FR001","Paris","T_T","Population, All ages. Administrative data","2005","2005","PER","Persons","0","Units",,,11315584,,
"FR001","Paris","T_T","Population, All ages. Administrative data","2006","2006","PER","Persons","0","Units",,,11393902,,
"FR001","Paris","T_T","Population, All ages. Administrative data","2007","2007","PER","Persons","0","Units",,,11472219,,
"FR001","Paris","T_T","Population, All ages. Administrative data","2008","2008","PER","Persons","0","Units",,,11550538,,
"FR001","Paris","T_T","Population, All ages. Administrative data","2009","2009","PER","Persons","0","Units",,,11628855,,
"FR001","Paris","T_T","Population, All ages. Administrative data","2010","2010","PER","Persons","0","Units",,,11688337,,
"FR001","Paris","T_T","Population, All ages. Administrative data","2011","2011","PER","Persons","0","Units",,,11747820,,
"FR001","Paris","T_T","Population, All ages. Administrative data","2012","2012","PER","Persons","0","Units",,,11807302,,
"FR001","Paris","T_T","Population, All ages. Administrative data","2013","2013","PER","Persons","0","Units",,,11866785,,
"FR001","Paris","T_T","Population, All ages. Administrative data","2014","2014","PER","Persons","0","Units",,,11926267,,
"FR001","Paris","T_T","Population, All ages. Administrative data","2015","2015","PER","Persons","0","Units",,,12006868,,
"HU002","Miskolc","POP_DEN","Population density (pop. per km2)","2000","2000","PER","Persons","0","Units",,,201,,
"HU002","Miskolc","POP_DEN","Population density (pop. per km2)","2001","2001","PER","Persons","0","Units",,,202,,
"HU002","Miskolc","POP_DEN","Population density (pop. per km2)","2002","2002","PER","Persons","0","Units",,,201,,
"HU002","Miskolc","POP_DEN","Population density (pop. per km2)","2003","2003","PER","Persons","0","Units",,,200,,
"HU002","Miskolc","POP_DEN","Population density (pop. per km2)","2004","2004","PER","Persons","0","Units",,,198,,
"HU002","Miskolc","POP_DEN","Population density (pop. per km2)","2005","2005","PER","Persons","0","Units",,,196,,
"HU002","Miskolc","POP_DEN","Population density (pop. per km2)","2006","2006","PER","Persons","0","Units",,,195,,
"HU002","Miskolc","POP_DEN","Population density (pop. per km2)","2007","2007","PER","Persons","0","Units",,,193,,
"HU002","Miskolc","POP_DEN","Population density (pop. per km2)","2008","2008","PER","Persons","0","Units",,,191,,
"HU002","Miskolc","POP_DEN","Population density (pop. per km2)","2009","2009","PER","Persons","0","Units",,,188,,
"HU002","Miskolc","POP_DEN","Population density (pop. per km2)","2010","2010","PER","Persons","0","Units",,,186,,
"HU002","Miskolc","POP_DEN","Population density (pop. per km2)","2011","2011","PER","Persons","0","Units",,,184,,
"HU002","Miskolc","POP_DEN","Population density (pop. per km2)","2012","2012","PER","Persons","0","Units",,,185,,
"HU002","Miskolc","POP_DEN","Population density (pop. per km2)","2013","2013","PER","Persons","0","Units",,,183,,
"HU002","Miskolc","POP_DEN","Population density (pop. per km2)","2014","2014","PER","Persons","0","Units",,,181,,
"HU002","Miskolc","POP_DEN","Population density (pop. per km2)","2015","2015","PER","Persons","0","Units",,,179,,
"HU002","Miskolc","POP_DEN","Population density (pop. per km2)","2016","2016","PER","Persons","0","Units",,,177,,
"USA82","Summit","T_T","Population, All ages. Administrative data","2000","2000","PER","Persons","0","Units",,,543442,,
"USA82","Summit","T_T","Population, All ages. Administrative data","2001","2001","PER","Persons","0","Units",,,544554,,
"USA82","Summit","T_T","Population, All ages. Administrative data","2002","2002","PER","Persons","0","Units",,,544866,,
"USA82","Summit","T_T","Population, All ages. Administrative data","2003","2003","PER","Persons","0","Units",,,545163,,
"USA82","Summit","T_T","Population, All ages. Administrative data","2004","2004","PER","Persons","0","Units",,,545037,,
"USA82","Summit","T_T","Population, All ages. Administrative data","2005","2005","PER","Persons","0","Units",,,545029,,
"USA82","Summit","T_T","Population, All ages. Administrative data","2006","2006","PER","Persons","0","Units",,,544660,,
"USA82","Summit","T_T","Population, All ages. Administrative data","2007","2007","PER","Persons","0","Units",,,544275,,
"USA82","Summit","T_T","Population, All ages. Administrative data","2008","2008","PER","Persons","0","Units",,,543116,,
"USA82","Summit","T_T","Population, All ages. Administrative data","2009","2009","PER","Persons","0","Units",,,542135,,
"USA82","Summit","T_T","Population, All ages. Administrative data","2010","2010","PER","Persons","0","Units",,,541648,,
"USA82","Summit","T_T","Population, All ages. Administrative data","2011","2011","PER","Persons","0","Units",,,541293,,
"USA82","Summit","T_T","Population, All ages. Administrative data","2012","2012","PER","Persons","0","Units",,,540716,,
"USA82","Summit","T_T","Population, All ages. Administrative data","2013","2013","PER","Persons","0","Units",,,541601,,
"USA82","Summit","T_T","Population, All ages. Administrative data","2014","2014","PER","Persons","0","Units",,,542095,,
"USA82","Summit","T_T","Population, All ages. Administrative data","2015","2015","PER","Persons","0","Units",,,541270,,
"USA82","Summit","T_T","Population, All ages. Administrative data","2016","2016","PER","Persons","0","Units",,,540394,,
"DE520","Oldenburg (Oldenburg)","T_T_SH_NAT","Share of population  in metropolitan area over the national value","2001","2001","RATIO","Ratio","0","Units",,,0.5,,
"DE520","Oldenburg (Oldenburg)","T_T_SH_NAT","Share of population  in metropolitan area over the national value","2002","2002","RATIO","Ratio","0","Units",,,0.5,,
"DE520","Oldenburg (Oldenburg)","T_T_SH_NAT","Share of population  in metropolitan area over the national value","2003","2003","RATIO","Ratio","0","Units",,,0.5,,
"DE520","Oldenburg (Oldenburg)","T_T_SH_NAT","Share of population  in metropolitan area over the national value","2004","2004","RATIO","Ratio","0","Units",,,0.5,,
"DE520","Oldenburg (Oldenburg)","T_T_SH_NAT","Share of population  in metropolitan area over the national value","2005","2005","RATIO","Ratio","0","Units",,,0.5,,
"DE520","Oldenburg (Oldenburg)","T_T_SH_NAT","Share of population  in metropolitan area over the national value","2006","2006","RATIO","Ratio","0","Units",,,0.5,,
"DE520","Oldenburg (Oldenburg)","T_T_SH_NAT","Share of population  in metropolitan area over the national value","2007","2007","RATIO","Ratio","0","Units",,,0.5,,
"DE520","Oldenburg (Oldenburg)","T_T_SH_NAT","Share of population  in metropolitan area over the national value","2008","2008","RATIO","Ratio","0","Units",,,0.5,,
"DE520","Oldenburg (Oldenburg)","T_T_SH_NAT","Share of population  in metropolitan area over the national value","2009","2009","RATIO","Ratio","0","Units",,,0.5,,
"DE520","Oldenburg (Oldenburg)","T_T_SH_NAT","Share of population  in metropolitan area over the national value","2010","2010","RATIO","Ratio","0","Units",,,0.5,,
"DE520","Oldenburg (Oldenburg)","T_T_SH_NAT","Share of population  in metropolitan area over the national value","2011","2011","RATIO","Ratio","0","Units",,,0.5,,
"DE520","Oldenburg (Oldenburg)","T_T_SH_NAT","Share of population  in metropolitan area over the national value","2012","2012","RATIO","Ratio","0","Units",,,0.5,,
"DE520","Oldenburg (Oldenburg)","T_T_SH_NAT","Share of population  in metropolitan area over the national value","2013","2013","RATIO","Ratio","0","Units",,,0.5,,
"DE520","Oldenburg (Oldenburg)","T_T_SH_NAT","Share of population  in metropolitan area over the national value","2014","2014","RATIO","Ratio","0","Units",,,0.5,,
"DE520","Oldenburg (Oldenburg)","T_T_SH_NAT","Share of population  in metropolitan area over the national value","2015","2015","RATIO","Ratio","0","Units",,,0.5,,
"DE520","Oldenburg (Oldenburg)","T_T_SH_NAT","Share of population  in metropolitan area over the national value","2016","2016","RATIO","Ratio","0","Units",,,0.5,,
"ES013","Oviedo","POP_DEN","Population density (pop. per km2)","2000","2000","PER","Persons","0","Units",,,306,,
"ES013","Oviedo","POP_DEN","Population density (pop. per km2)","2001","2001","PER","Persons","0","Units",,,308,,
"ES013","Oviedo","POP_DEN","Population density (pop. per km2)","2002","2002","PER","Persons","0","Units",,,309,,
"ES013","Oviedo","POP_DEN","Population density (pop. per km2)","2003","2003","PER","Persons","0","Units",,,311,,
"ES013","Oviedo","POP_DEN","Population density (pop. per km2)","2004","2004","PER","Persons","0","Units",,,312,,
"ES013","Oviedo","POP_DEN","Population density (pop. per km2)","2005","2005","PER","Persons","0","Units",,,314,,
"ES013","Oviedo","POP_DEN","Population density (pop. per km2)","2006","2006","PER","Persons","0","Units",,,315,,
"ES013","Oviedo","POP_DEN","Population density (pop. per km2)","2007","2007","PER","Persons","0","Units",,,317,,
"ES013","Oviedo","POP_DEN","Population density (pop. per km2)","2008","2008","PER","Persons","0","Units",,,318,,
"ES013","Oviedo","POP_DEN","Population density (pop. per km2)","2009","2009","PER","Persons","0","Units",,,320,,
"ES013","Oviedo","POP_DEN","Population density (pop. per km2)","2010","2010","PER","Persons","0","Units",,,321,,
"ES013","Oviedo","POP_DEN","Population density (pop. per km2)","2011","2011","PER","Persons","0","Units",,,323,,
"ES013","Oviedo","POP_DEN","Population density (pop. per km2)","2012","2012","PER","Persons","0","Units",,,324,,
"ES013","Oviedo","POP_DEN","Population density (pop. per km2)","2013","2013","PER","Persons","0","Units",,,326,,
"ES013","Oviedo","POP_DEN","Population density (pop. per km2)","2014","2014","PER","Persons","0","Units",,,327,,
"ES013","Oviedo","POP_DEN","Population density (pop. per km2)","2015","2015","PER","Persons","0","Units",,,329,,
"ES013","Oviedo","POP_DEN","Population density (pop. per km2)","2016","2016","PER","Persons","0","Units",,,330,,
"DE064","Neubrandenburg","T_T_SH_NAT","Share of population  in metropolitan area over the national value","2001","2001","RATIO","Ratio","0","Units",,,0.4,,
"DE064","Neubrandenburg","T_T_SH_NAT","Share of population  in metropolitan area over the national value","2002","2002","RATIO","Ratio","0","Units",,,0.4,,
"DE064","Neubrandenburg","T_T_SH_NAT","Share of population  in metropolitan area over the national value","2003","2003","RATIO","Ratio","0","Units",,,0.4,,
"DE064","Neubrandenburg","T_T_SH_NAT","Share of population  in metropolitan area over the national value","2004","2004","RATIO","Ratio","0","Units",,,0.4,,
"DE064","Neubrandenburg","T_T_SH_NAT","Share of population  in metropolitan area over the national value","2005","2005","RATIO","Ratio","0","Units",,,0.4,,
"DE064","Neubrandenburg","T_T_SH_NAT","Share of population  in metropolitan area over the national value","2006","2006","RATIO","Ratio","0","Units",,,0.4,,
"DE064","Neubrandenburg","T_T_SH_NAT","Share of population  in metropolitan area over the national value","2007","2007","RATIO","Ratio","0","Units",,,0.4,,
"DE064","Neubrandenburg","T_T_SH_NAT","Share of population  in metropolitan area over the national value","2008","2008","RATIO","Ratio","0","Units",,,0.4,,
"DE064","Neubrandenburg","T_T_SH_NAT","Share of population  in metropolitan area over the national value","2009","2009","RATIO","Ratio","0","Units",,,0.4,,
"DE064","Neubrandenburg","T_T_SH_NAT","Share of population  in metropolitan area over the national value","2010","2010","RATIO","Ratio","0","Units",,,0.4,,
"DE064","Neubrandenburg","T_T_SH_NAT","Share of population  in metropolitan area over the national value","2011","2011","RATIO","Ratio","0","Units",,,0.4,,
"DE064","Neubrandenburg","T_T_SH_NAT","Share of population  in metropolitan area over the national value","2012","2012","RATIO","Ratio","0","Units",,,0.4,,
"DE064","Neubrandenburg","T_T_SH_NAT","Share of population  in metropolitan area over the national value","2013","2013","RATIO","Ratio","0","Units",,,0.4,,
"DE064","Neubrandenburg","T_T_SH_NAT","Share of population  in metropolitan area over the national value","2014","2014","RATIO","Ratio","0","Units",,,0.3,,
"DE064","Neubrandenburg","T_T_SH_NAT","Share of population  in metropolitan area over the national value","2015","2015","RATIO","Ratio","0","Units",,,0.3,,
"DE064","Neubrandenburg","T_T_SH_NAT","Share of population  in metropolitan area over the national value","2016","2016","RATIO","Ratio","0","Units",,,0.3,,
"MEX45","Tapachula","T_T","Population, All ages. Administrative data","2000","2000","PER","Persons","0","Units",,,263795,,
"MEX45","Tapachula","T_T","Population, All ages. Administrative data","2005","2005","PER","Persons","0","Units",,,275685,,
"MEX45","Tapachula","T_T","Population, All ages. Administrative data","2010","2010","PER","Persons","0","Units",,,319946,,
"MEX45","Tapachula","T_T","Population, All ages. Administrative data","2015","2015","PER","Persons","0","Units",,,368552,,
"UK553","Blackpool","POP_DEN","Population density (pop. per km2)","2001","2001","PER","Persons","0","Units",,,665,,
"UK553","Blackpool","POP_DEN","Population density (pop. per km2)","2002","2002","PER","Persons","0","Units",,,667,,
"UK553","Blackpool","POP_DEN","Population density (pop. per km2)","2003","2003","PER","Persons","0","Units",,,670,,
"UK553","Blackpool","POP_DEN","Population density (pop. per km2)","2004","2004","PER","Persons","0","Units",,,673,,
"UK553","Blackpool","POP_DEN","Population density (pop. per km2)","2005","2005","PER","Persons","0","Units",,,676,,
"UK553","Blackpool","POP_DEN","Population density (pop. per km2)","2006","2006","PER","Persons","0","Units",,,676,,
"UK553","Blackpool","POP_DEN","Population density (pop. per km2)","2007","2007","PER","Persons","0","Units",,,677,,
"UK553","Blackpool","POP_DEN","Population density (pop. per km2)","2008","2008","PER","Persons","0","Units",,,675,,
"UK553","Blackpool","POP_DEN","Population density (pop. per km2)","2009","2009","PER","Persons","0","Units",,,674,,
"UK553","Blackpool","POP_DEN","Population density (pop. per km2)","2010","2010","PER","Persons","0","Units",,,675,,
"UK553","Blackpool","POP_DEN","Population density (pop. per km2)","2011","2011","PER","Persons","0","Units",,,674,,
"UK553","Blackpool","POP_DEN","Population density (pop. per km2)","2012","2012","PER","Persons","0","Units",,,674,,
"UK553","Blackpool","POP_DEN","Population density (pop. per km2)","2013","2013","PER","Persons","0","Units",,,675,,
"UK553","Blackpool","POP_DEN","Population density (pop. per km2)","2014","2014","PER","Persons","0","Units",,,676,,
"UK553","Blackpool","POP_DEN","Population density (pop. per km2)","2015","2015","PER","Persons","0","Units",,,677,,
"UK553","Blackpool","POP_DEN","Population density (pop. per km2)","2016","2016","PER","Persons","0","Units",,,679,,
"USA131","Luzerne","POP_DEN","Population density (pop. per km2)","2000","2000","PER","Persons","0","Units",,,136,,
"USA131","Luzerne","POP_DEN","Population density (pop. per km2)","2001","2001","PER","Persons","0","Units",,,135,,
"USA131","Luzerne","POP_DEN","Population density (pop. per km2)","2002","2002","PER","Persons","0","Units",,,134,,
"USA131","Luzerne","POP_DEN","Population density (pop. per km2)","2003","2003","PER","Persons","0","Units",,,134,,
"USA131","Luzerne","POP_DEN","Population density (pop. per km2)","2004","2004","PER","Persons","0","Units",,,134,,
"USA131","Luzerne","POP_DEN","Population density (pop. per km2)","2005","2005","PER","Persons","0","Units",,,135,,
"USA131","Luzerne","POP_DEN","Population density (pop. per km2)","2006","2006","PER","Persons","0","Units",,,135,,
"USA131","Luzerne","POP_DEN","Population density (pop. per km2)","2007","2007","PER","Persons","0","Units",,,135,,
"USA131","Luzerne","POP_DEN","Population density (pop. per km2)","2008","2008","PER","Persons","0","Units",,,136,,
"USA131","Luzerne","POP_DEN","Population density (pop. per km2)","2009","2009","PER","Persons","0","Units",,,136,,
"USA131","Luzerne","POP_DEN","Population density (pop. per km2)","2010","2010","PER","Persons","0","Units",,,137,,
"USA131","Luzerne","POP_DEN","Population density (pop. per km2)","2011","2011","PER","Persons","0","Units",,,137,,
"USA131","Luzerne","POP_DEN","Population density (pop. per km2)","2012","2012","PER","Persons","0","Units",,,137,,
"USA131","Luzerne","POP_DEN","Population density (pop. per km2)","2013","2013","PER","Persons","0","Units",,,136,,
"USA131","Luzerne","POP_DEN","Population density (pop. per km2)","2014","2014","PER","Persons","0","Units",,,136,,
"USA131","Luzerne","POP_DEN","Population density (pop. per km2)","2015","2015","PER","Persons","0","Units",,,135,,
"USA131","Luzerne","POP_DEN","Population density (pop. per km2)","2016","2016","PER","Persons","0","Units",,,135,,
"USA152","Webb","T_T","Population, All ages. Administrative data","2000","2000","PER","Persons","0","Units",,,200474,,
"USA152","Webb","T_T","Population, All ages. Administrative data","2001","2001","PER","Persons","0","Units",,,206281,,
"USA152","Webb","T_T","Population, All ages. Administrative data","2002","2002","PER","Persons","0","Units",,,212099,,
"USA152","Webb","T_T","Population, All ages. Administrative data","2003","2003","PER","Persons","0","Units",,,217955,,
"USA152","Webb","T_T","Population, All ages. Administrative data","2004","2004","PER","Persons","0","Units",,,224180,,
"USA152","Webb","T_T","Population, All ages. Administrative data","2005","2005","PER","Persons","0","Units",,,230245,,
"USA152","Webb","T_T","Population, All ages. Administrative data","2006","2006","PER","Persons","0","Units",,,235856,,
"USA152","Webb","T_T","Population, All ages. Administrative data","2007","2007","PER","Persons","0","Units",,,241269,,
"USA152","Webb","T_T","Population, All ages. Administrative data","2008","2008","PER","Persons","0","Units",,,246940,,
"USA152","Webb","T_T","Population, All ages. Administrative data","2009","2009","PER","Persons","0","Units",,,252679,,
"USA152","Webb","T_T","Population, All ages. Administrative data","2010","2010","PER","Persons","0","Units",,,258241,,
"USA152","Webb","T_T","Population, All ages. Administrative data","2011","2011","PER","Persons","0","Units",,,262597,,
"USA152","Webb","T_T","Population, All ages. Administrative data","2012","2012","PER","Persons","0","Units",,,267115,,
"USA152","Webb","T_T","Population, All ages. Administrative data","2013","2013","PER","Persons","0","Units",,,271402,,
"USA152","Webb","T_T","Population, All ages. Administrative data","2014","2014","PER","Persons","0","Units",,,274647,,
"USA152","Webb","T_T","Population, All ages. Administrative data","2015","2015","PER","Persons","0","Units",,,277439,,
"USA152","Webb","T_T","Population, All ages. Administrative data","2016","2016","PER","Persons","0","Units",,,280020,,
"DE034","Bonn","T_T_SH_NAT","Share of population  in metropolitan area over the national value","2001","2001","RATIO","Ratio","0","Units",,,1.1,,
"DE034","Bonn","T_T_SH_NAT","Share of population  in metropolitan area over the national value","2002","2002","RATIO","Ratio","0","Units",,,1.1,,
"DE034","Bonn","T_T_SH_NAT","Share of population  in metropolitan area over the national value","2003","2003","RATIO","Ratio","0","Units",,,1.1,,
"DE034","Bonn","T_T_SH_NAT","Share of population  in metropolitan area over the national value","2004","2004","RATIO","Ratio","0","Units",,,1.1,,
"DE034","Bonn","T_T_SH_NAT","Share of population  in metropolitan area over the national value","2005","2005","RATIO","Ratio","0","Units",,,1.1,,
"DE034","Bonn","T_T_SH_NAT","Share of population  in metropolitan area over the national value","2006","2006","RATIO","Ratio","0","Units",,,1.1,,
"DE034","Bonn","T_T_SH_NAT","Share of population  in metropolitan area over the national value","2007","2007","RATIO","Ratio","0","Units",,,1.1,,
"DE034","Bonn","T_T_SH_NAT","Share of population  in metropolitan area over the national value","2008","2008","RATIO","Ratio","0","Units",,,1.1,,
"DE034","Bonn","T_T_SH_NAT","Share of population  in metropolitan area over the national value","2009","2009","RATIO","Ratio","0","Units",,,1.1,,
"DE034","Bonn","T_T_SH_NAT","Share of population  in metropolitan area over the national value","2010","2010","RATIO","Ratio","0","Units",,,1.1,,
"DE034","Bonn","T_T_SH_NAT","Share of population  in metropolitan area over the national value","2011","2011","RATIO","Ratio","0","Units",,,1.1,,
"DE034","Bonn","T_T_SH_NAT","Share of population  in metropolitan area over the national value","2012","2012","RATIO","Ratio","0","Units",,,1.1,,
"DE034","Bonn","T_T_SH_NAT","Share of population  in metropolitan area over the national value","2013","2013","RATIO","Ratio","0","Units",,,1.1,,
"DE034","Bonn","T_T_SH_NAT","Share of population  in metropolitan area over the national value","2014","2014","RATIO","Ratio","0","Units",,,1.1,,
"DE034","Bonn","T_T_SH_NAT","Share of population  in metropolitan area over the national value","2015","2015","RATIO","Ratio","0","Units",,,1.1,,
"DE034","Bonn","T_T_SH_NAT","Share of population  in metropolitan area over the national value","2016","2016","RATIO","Ratio","0","Units",,,1.1,,
"MEX40","Mazatlan","T_T_SH_NAT","Share of population  in metropolitan area over the national value","2005","2005","RATIO","Ratio","0","Units",,,0.4,,
"MEX40","Mazatlan","T_T_SH_NAT","Share of population  in metropolitan area over the national value","2010","2010","RATIO","Ratio","0","Units",,,0.4,,
"MEX40","Mazatlan","T_T_SH_NAT","Share of population  in metropolitan area over the national value","2015","2015","RATIO","Ratio","0","Units",,,0.4,,
"USA97","Knox","POP_DEN","Population density (pop. per km2)","2000","2000","PER","Persons","0","Units",,,200,,
"USA97","Knox","POP_DEN","Population density (pop. per km2)","2001","2001","PER","Persons","0","Units",,,201,,
"USA97","Knox","POP_DEN","Population density (pop. per km2)","2002","2002","PER","Persons","0","Units",,,203,,
"USA97","Knox","POP_DEN","Population density (pop. per km2)","2003","2003","PER","Persons","0","Units",,,206,,
"USA97","Knox","POP_DEN","Population density (pop. per km2)","2004","2004","PER","Persons","0","Units",,,208,,
"USA97","Knox","POP_DEN","Population density (pop. per km2)","2005","2005","PER","Persons","0","Units",,,211,,
"USA97","Knox","POP_DEN","Population density (pop. per km2)","2006","2006","PER","Persons","0","Units",,,215,,
"USA97","Knox","POP_DEN","Population density (pop. per km2)","2007","2007","PER","Persons","0","Units",,,218,,
"USA97","Knox","POP_DEN","Population density (pop. per km2)","2008","2008","PER","Persons","0","Units",,,222,,
"USA97","Knox","POP_DEN","Population density (pop. per km2)","2009","2009","PER","Persons","0","Units",,,224,,
"USA97","Knox","POP_DEN","Population density (pop. per km2)","2010","2010","PER","Persons","0","Units",,,225,,
"USA97","Knox","POP_DEN","Population density (pop. per km2)","2011","2011","PER","Persons","0","Units",,,227,,
"USA97","Knox","POP_DEN","Population density (pop. per km2)","2012","2012","PER","Persons","0","Units",,,229,,
"USA97","Knox","POP_DEN","Population density (pop. per km2)","2013","2013","PER","Persons","0","Units",,,231,,
"USA97","Knox","POP_DEN","Population density (pop. per km2)","2014","2014","PER","Persons","0","Units",,,233,,
"USA97","Knox","POP_DEN","Population density (pop. per km2)","2015","2015","PER","Persons","0","Units",,,235,,
"USA97","Knox","POP_DEN","Population density (pop. per km2)","2016","2016","PER","Persons","0","Units",,,237,,
"USA37","Memphis","T_T","Population, All ages. Administrative data","2000","2000","PER","Persons","0","Units",,,1181538,,
"USA37","Memphis","T_T","Population, All ages. Administrative data","2001","2001","PER","Persons","0","Units",,,1189558,,
"USA37","Memphis","T_T","Population, All ages. Administrative data","2002","2002","PER","Persons","0","Units",,,1199526,,
"USA37","Memphis","T_T","Population, All ages. Administrative data","2003","2003","PER","Persons","0","Units",,,1211138,,
"USA37","Memphis","T_T","Population, All ages. Administrative data","2004","2004","PER","Persons","0","Units",,,1222128,,
"USA37","Memphis","T_T","Population, All ages. Administrative data","2005","2005","PER","Persons","0","Units",,,1234572,,
"USA37","Memphis","T_T","Population, All ages. Administrative data","2006","2006","PER","Persons","0","Units",,,1253672,,
"USA37","Memphis","T_T","Population, All ages. Administrative data","2007","2007","PER","Persons","0","Units",,,1263617,,
"USA37","Memphis","T_T","Population, All ages. Administrative data","2008","2008","PER","Persons","0","Units",,,1271697,,
"USA37","Memphis","T_T","Population, All ages. Administrative data","2009","2009","PER","Persons","0","Units",,,1278348,,
"USA37","Memphis","T_T","Population, All ages. Administrative data","2010","2010","PER","Persons","0","Units",,,1286523,,
"USA37","Memphis","T_T","Population, All ages. Administrative data","2011","2011","PER","Persons","0","Units",,,1293013,,
"USA37","Memphis","T_T","Population, All ages. Administrative data","2012","2012","PER","Persons","0","Units",,,1301209,,
"USA37","Memphis","T_T","Population, All ages. Administrative data","2013","2013","PER","Persons","0","Units",,,1302172,,
"USA37","Memphis","T_T","Population, All ages. Administrative data","2014","2014","PER","Persons","0","Units",,,1303685,,
"USA37","Memphis","T_T","Population, All ages. Administrative data","2015","2015","PER","Persons","0","Units",,,1304800,,
"USA37","Memphis","T_T","Population, All ages. Administrative data","2016","2016","PER","Persons","0","Units",,,1306791,,
"COL08","Pereira","T_T","Population, All ages. Administrative data","2000","2000","PER","Persons","0","Units",,,603828,,
"COL08","Pereira","T_T","Population, All ages. Administrative data","2001","2001","PER","Persons","0","Units",,,607959,,
"COL08","Pereira","T_T","Population, All ages. Administrative data","2002","2002","PER","Persons","0","Units",,,612089,,
"COL08","Pereira","T_T","Population, All ages. Administrative data","2003","2003","PER","Persons","0","Units",,,616220,,
"COL08","Pereira","T_T","Population, All ages. Administrative data","2004","2004","PER","Persons","0","Units",,,620350,,
"COL08","Pereira","T_T","Population, All ages. Administrative data","2005","2005","PER","Persons","0","Units",,,624481,,
"COL08","Pereira","T_T","Population, All ages. Administrative data","2006","2006","PER","Persons","0","Units",,,628611,,
"COL08","Pereira","T_T","Population, All ages. Administrative data","2007","2007","PER","Persons","0","Units",,,632742,,
"COL08","Pereira","T_T","Population, All ages. Administrative data","2008","2008","PER","Persons","0","Units",,,636872,,
"COL08","Pereira","T_T","Population, All ages. Administrative data","2009","2009","PER","Persons","0","Units",,,641003,,
"COL08","Pereira","T_T","Population, All ages. Administrative data","2010","2010","PER","Persons","0","Units",,,645133,,
"COL08","Pereira","T_T","Population, All ages. Administrative data","2011","2011","PER","Persons","0","Units",,,649264,,
"COL08","Pereira","T_T","Population, All ages. Administrative data","2012","2012","PER","Persons","0","Units",,,653394,,
"COL08","Pereira","T_T","Population, All ages. Administrative data","2013","2013","PER","Persons","0","Units",,,657525,,
"COL08","Pereira","T_T","Population, All ages. Administrative data","2014","2014","PER","Persons","0","Units",,,661655,,
"COL08","Pereira","T_T","Population, All ages. Administrative data","2015","2015","PER","Persons","0","Units",,,665786,,
"USA66","Montgomery (OH)","POP_DEN","Population density (pop. per km2)","2000","2000","PER","Persons","0","Units",,,310,,
"USA66","Montgomery (OH)","POP_DEN","Population density (pop. per km2)","2001","2001","PER","Persons","0","Units",,,309,,
"USA66","Montgomery (OH)","POP_DEN","Population density (pop. per km2)","2002","2002","PER","Persons","0","Units",,,309,,
"USA66","Montgomery (OH)","POP_DEN","Population density (pop. per km2)","2003","2003","PER","Persons","0","Units",,,309,,
"USA66","Montgomery (OH)","POP_DEN","Population density (pop. per km2)","2004","2004","PER","Persons","0","Units",,,309,,
"USA66","Montgomery (OH)","POP_DEN","Population density (pop. per km2)","2005","2005","PER","Persons","0","Units",,,308,,
"USA66","Montgomery (OH)","POP_DEN","Population density (pop. per km2)","2006","2006","PER","Persons","0","Units",,,307,,
"USA66","Montgomery (OH)","POP_DEN","Population density (pop. per km2)","2007","2007","PER","Persons","0","Units",,,306,,
"USA66","Montgomery (OH)","POP_DEN","Population density (pop. per km2)","2008","2008","PER","Persons","0","Units",,,306,,
"USA66","Montgomery (OH)","POP_DEN","Population density (pop. per km2)","2009","2009","PER","Persons","0","Units",,,305,,
"USA66","Montgomery (OH)","POP_DEN","Population density (pop. per km2)","2010","2010","PER","Persons","0","Units",,,305,,
"USA66","Montgomery (OH)","POP_DEN","Population density (pop. per km2)","2011","2011","PER","Persons","0","Units",,,306,,
"USA66","Montgomery (OH)","POP_DEN","Population density (pop. per km2)","2012","2012","PER","Persons","0","Units",,,306,,
"USA66","Montgomery (OH)","POP_DEN","Population density (pop. per km2)","2013","2013","PER","Persons","0","Units",,,305,,
"USA66","Montgomery (OH)","POP_DEN","Population density (pop. per km2)","2014","2014","PER","Persons","0","Units",,,305,,
"USA66","Montgomery (OH)","POP_DEN","Population density (pop. per km2)","2015","2015","PER","Persons","0","Units",,,304,,
"USA66","Montgomery (OH)","POP_DEN","Population density (pop. per km2)","2016","2016","PER","Persons","0","Units",,,305,,
"NL008","Enschede","POP_DEN","Population density (pop. per km2)","2000","2000","PER","Persons","0","Units",,,455,,
"NL008","Enschede","POP_DEN","Population density (pop. per km2)","2001","2001","PER","Persons","0","Units",,,457,,
"NL008","Enschede","POP_DEN","Population density (pop. per km2)","2002","2002","PER","Persons","0","Units",,,459,,
"NL008","Enschede","POP_DEN","Population density (pop. per km2)","2003","2003","PER","Persons","0","Units",,,462,,
"NL008","Enschede","POP_DEN","Population density (pop. per km2)","2004","2004","PER","Persons","0","Units",,,464,,
"NL008","Enschede","POP_DEN","Population density (pop. per km2)","2005","2005","PER","Persons","0","Units",,,465,,
"NL008","Enschede","POP_DEN","Population density (pop. per km2)","2006","2006","PER","Persons","0","Units",,,466,,
"NL008","Enschede","POP_DEN","Population density (pop. per km2)","2007","2007","PER","Persons","0","Units",,,467,,
"NL008","Enschede","POP_DEN","Population density (pop. per km2)","2008","2008","PER","Persons","0","Units",,,467,,
"NL008","Enschede","POP_DEN","Population density (pop. per km2)","2009","2009","PER","Persons","0","Units",,,469,,
"NL008","Enschede","POP_DEN","Population density (pop. per km2)","2010","2010","PER","Persons","0","Units",,,471,,
"NL008","Enschede","POP_DEN","Population density (pop. per km2)","2011","2011","PER","Persons","0","Units",,,473,,
"NL008","Enschede","POP_DEN","Population density (pop. per km2)","2012","2012","PER","Persons","0","Units",,,473,,
"NL008","Enschede","POP_DEN","Population density (pop. per km2)","2013","2013","PER","Persons","0","Units",,,473,,
"NL008","Enschede","POP_DEN","Population density (pop. per km2)","2014","2014","PER","Persons","0","Units",,,473,,
"NL008","Enschede","POP_DEN","Population density (pop. per km2)","2015","2015","PER","Persons","0","Units",,,473,,
"NL008","Enschede","POP_DEN","Population density (pop. per km2)","2016","2016","PER","Persons","0","Units",,,473,,
"IT006","Genoa","POP_DEN","Population density (pop. per km2)","2000","2000","PER","Persons","0","Units",,,614,,
"IT006","Genoa","POP_DEN","Population density (pop. per km2)","2001","2001","PER","Persons","0","Units",,,613,,
"IT006","Genoa","POP_DEN","Population density (pop. per km2)","2002","2002","PER","Persons","0","Units",,,611,,
"IT006","Genoa","POP_DEN","Population density (pop. per km2)","2003","2003","PER","Persons","0","Units",,,610,,
"IT006","Genoa","POP_DEN","Population density (pop. per km2)","2004","2004","PER","Persons","0","Units",,,608,,
"IT006","Genoa","POP_DEN","Population density (pop. per km2)","2005","2005","PER","Persons","0","Units",,,607,,
"IT006","Genoa","POP_DEN","Population density (pop. per km2)","2006","2006","PER","Persons","0","Units",,,605,,
"IT006","Genoa","POP_DEN","Population density (pop. per km2)","2007","2007","PER","Persons","0","Units",,,604,,
"IT006","Genoa","POP_DEN","Population density (pop. per km2)","2008","2008","PER","Persons","0","Units",,,602,,
"IT006","Genoa","POP_DEN","Population density (pop. per km2)","2009","2009","PER","Persons","0","Units",,,601,,
"IT006","Genoa","POP_DEN","Population density (pop. per km2)","2010","2010","PER","Persons","0","Units",,,600,,
"IT006","Genoa","POP_DEN","Population density (pop. per km2)","2011","2011","PER","Persons","0","Units",,,598,,
"IT006","Genoa","POP_DEN","Population density (pop. per km2)","2012","2012","PER","Persons","0","Units",,,597,,
"IT006","Genoa","POP_DEN","Population density (pop. per km2)","2013","2013","PER","Persons","0","Units",,,594,,
"IT006","Genoa","POP_DEN","Population density (pop. per km2)","2014","2014","PER","Persons","0","Units",,,606,,
"IT006","Genoa","POP_DEN","Population density (pop. per km2)","2015","2015","PER","Persons","0","Units",,,602,,
"IT006","Genoa","POP_DEN","Population density (pop. per km2)","2016","2016","PER","Persons","0","Units",,,596,,
"PL506","Bielsko-Biala","T_T","Population, All ages. Administrative data","2000","2000","PER","Persons","0","Units",,,353217,,
"PL506","Bielsko-Biala","T_T","Population, All ages. Administrative data","2001","2001","PER","Persons","0","Units",,,353893,,
"PL506","Bielsko-Biala","T_T","Population, All ages. Administrative data","2002","2002","PER","Persons","0","Units",,,354377,,
"PL506","Bielsko-Biala","T_T","Population, All ages. Administrative data","2003","2003","PER","Persons","0","Units",,,354803,,
"PL506","Bielsko-Biala","T_T","Population, All ages. Administrative data","2004","2004","PER","Persons","0","Units",,,355740,,
"PL506","Bielsko-Biala","T_T","Population, All ages. Administrative data","2005","2005","PER","Persons","0","Units",,,356626,,
"PL506","Bielsko-Biala","T_T","Population, All ages. Administrative data","2006","2006","PER","Persons","0","Units",,,357493,,
"PL506","Bielsko-Biala","T_T","Population, All ages. Administrative data","2007","2007","PER","Persons","0","Units",,,358120,,
"PL506","Bielsko-Biala","T_T","Population, All ages. Administrative data","2008","2008","PER","Persons","0","Units",,,359464,,
"PL506","Bielsko-Biala","T_T","Population, All ages. Administrative data","2009","2009","PER","Persons","0","Units",,,361217,,
"PL506","Bielsko-Biala","T_T","Population, All ages. Administrative data","2010","2010","PER","Persons","0","Units",,,362374,,
"PL506","Bielsko-Biala","T_T","Population, All ages. Administrative data","2011","2011","PER","Persons","0","Units",,,363391,,
"PL506","Bielsko-Biala","T_T","Population, All ages. Administrative data","2012","2012","PER","Persons","0","Units",,,364367,,
"PL506","Bielsko-Biala","T_T","Population, All ages. Administrative data","2013","2013","PER","Persons","0","Units",,,365022,,
"PL506","Bielsko-Biala","T_T","Population, All ages. Administrative data","2014","2014","PER","Persons","0","Units",,,365553,,
"PL506","Bielsko-Biala","T_T","Population, All ages. Administrative data","2015","2015","PER","Persons","0","Units",,,366045,,
"PL506","Bielsko-Biala","T_T","Population, All ages. Administrative data","2016","2016","PER","Persons","0","Units",,,366576,,
"ES001","Madrid","T_T_SH_NAT","Share of population  in metropolitan area over the national value","2001","2001","RATIO","Ratio","0","Units",,,13.2,,
"ES001","Madrid","T_T_SH_NAT","Share of population  in metropolitan area over the national value","2002","2002","RATIO","Ratio","0","Units",,,13.3,,
"ES001","Madrid","T_T_SH_NAT","Share of population  in metropolitan area over the national value","2003","2003","RATIO","Ratio","0","Units",,,13.2,,
"ES001","Madrid","T_T_SH_NAT","Share of population  in metropolitan area over the national value","2004","2004","RATIO","Ratio","0","Units",,,13.2,,
"ES001","Madrid","T_T_SH_NAT","Share of population  in metropolitan area over the national value","2005","2005","RATIO","Ratio","0","Units",,,13.2,,
"ES001","Madrid","T_T_SH_NAT","Share of population  in metropolitan area over the national value","2006","2006","RATIO","Ratio","0","Units",,,13.2,,
"ES001","Madrid","T_T_SH_NAT","Share of population  in metropolitan area over the national value","2007","2007","RATIO","Ratio","0","Units",,,13.1,,
"ES001","Madrid","T_T_SH_NAT","Share of population  in metropolitan area over the national value","2008","2008","RATIO","Ratio","0","Units",,,13.1,,
"ES001","Madrid","T_T_SH_NAT","Share of population  in metropolitan area over the national value","2009","2009","RATIO","Ratio","0","Units",,,13.1,,
"ES001","Madrid","T_T_SH_NAT","Share of population  in metropolitan area over the national value","2010","2010","RATIO","Ratio","0","Units",,,13.2,,
"ES001","Madrid","T_T_SH_NAT","Share of population  in metropolitan area over the national value","2011","2011","RATIO","Ratio","0","Units",,,13.3,,
"ES001","Madrid","T_T_SH_NAT","Share of population  in metropolitan area over the national value","2012","2012","RATIO","Ratio","0","Units",,,13.5,,
"ES001","Madrid","T_T_SH_NAT","Share of population  in metropolitan area over the national value","2013","2013","RATIO","Ratio","0","Units",,,13.7,,
"ES001","Madrid","T_T_SH_NAT","Share of population  in metropolitan area over the national value","2014","2014","RATIO","Ratio","0","Units",,,13.9,,
"ES001","Madrid","T_T_SH_NAT","Share of population  in metropolitan area over the national value","2015","2015","RATIO","Ratio","0","Units",,,14.1,,
"ES001","Madrid","T_T_SH_NAT","Share of population  in metropolitan area over the national value","2016","2016","RATIO","Ratio","0","Units",,,14.3,,
"USA113","Bell","T_T_SH_NAT","Share of population  in metropolitan area over the national value","2001","2001","RATIO","Ratio","0","Units",,,0.1,,
"USA113","Bell","T_T_SH_NAT","Share of population  in metropolitan area over the national value","2002","2002","RATIO","Ratio","0","Units",,,0.1,,
"USA113","Bell","T_T_SH_NAT","Share of population  in metropolitan area over the national value","2003","2003","RATIO","Ratio","0","Units",,,0.1,,
"USA113","Bell","T_T_SH_NAT","Share of population  in metropolitan area over the national value","2004","2004","RATIO","Ratio","0","Units",,,0.1,,
"USA113","Bell","T_T_SH_NAT","Share of population  in metropolitan area over the national value","2005","2005","RATIO","Ratio","0","Units",,,0.1,,
"USA113","Bell","T_T_SH_NAT","Share of population  in metropolitan area over the national value","2006","2006","RATIO","Ratio","0","Units",,,0.1,,
"USA113","Bell","T_T_SH_NAT","Share of population  in metropolitan area over the national value","2007","2007","RATIO","Ratio","0","Units",,,0.1,,
"USA113","Bell","T_T_SH_NAT","Share of population  in metropolitan area over the national value","2008","2008","RATIO","Ratio","0","Units",,,0.1,,
"USA113","Bell","T_T_SH_NAT","Share of population  in metropolitan area over the national value","2009","2009","RATIO","Ratio","0","Units",,,0.1,,
"USA113","Bell","T_T_SH_NAT","Share of population  in metropolitan area over the national value","2010","2010","RATIO","Ratio","0","Units",,,0.1,,
"USA113","Bell","T_T_SH_NAT","Share of population  in metropolitan area over the national value","2011","2011","RATIO","Ratio","0","Units",,,0.1,,
"USA113","Bell","T_T_SH_NAT","Share of population  in metropolitan area over the national value","2012","2012","RATIO","Ratio","0","Units",,,0.1,,
"USA113","Bell","T_T_SH_NAT","Share of population  in metropolitan area over the national value","2013","2013","RATIO","Ratio","0","Units",,,0.1,,
"USA113","Bell","T_T_SH_NAT","Share of population  in metropolitan area over the national value","2014","2014","RATIO","Ratio","0","Units",,,0.1,,
"USA113","Bell","T_T_SH_NAT","Share of population  in metropolitan area over the national value","2015","2015","RATIO","Ratio","0","Units",,,0.1,,
"USA113","Bell","T_T_SH_NAT","Share of population  in metropolitan area over the national value","2016","2016","RATIO","Ratio","0","Units",,,0.1,,
"USA46","Richmond (Greater)","T_T_SH_NAT","Share of population  in metropolitan area over the national value","2001","2001","RATIO","Ratio","0","Units",,,0.3,,
"USA46","Richmond (Greater)","T_T_SH_NAT","Share of population  in metropolitan area over the national value","2002","2002","RATIO","Ratio","0","Units",,,0.3,,
"USA46","Richmond (Greater)","T_T_SH_NAT","Share of population  in metropolitan area over the national value","2003","2003","RATIO","Ratio","0","Units",,,0.3,,
"USA46","Richmond (Greater)","T_T_SH_NAT","Share of population  in metropolitan area over the national value","2004","2004","RATIO","Ratio","0","Units",,,0.3,,
"USA46","Richmond (Greater)","T_T_SH_NAT","Share of population  in metropolitan area over the national value","2005","2005","RATIO","Ratio","0","Units",,,0.3,,
"USA46","Richmond (Greater)","T_T_SH_NAT","Share of population  in metropolitan area over the national value","2006","2006","RATIO","Ratio","0","Units",,,0.3,,
"USA46","Richmond (Greater)","T_T_SH_NAT","Share of population  in metropolitan area over the national value","2007","2007","RATIO","Ratio","0","Units",,,0.4,,
"USA46","Richmond (Greater)","T_T_SH_NAT","Share of population  in metropolitan area over the national value","2008","2008","RATIO","Ratio","0","Units",,,0.4,,
"USA46","Richmond (Greater)","T_T_SH_NAT","Share of population  in metropolitan area over the national value","2009","2009","RATIO","Ratio","0","Units",,,0.4,,
"USA46","Richmond (Greater)","T_T_SH_NAT","Share of population  in metropolitan area over the national value","2010","2010","RATIO","Ratio","0","Units",,,0.4,,
"USA46","Richmond (Greater)","T_T_SH_NAT","Share of population  in metropolitan area over the national value","2011","2011","RATIO","Ratio","0","Units",,,0.4,,
"USA46","Richmond (Greater)","T_T_SH_NAT","Share of population  in metropolitan area over the national value","2012","2012","RATIO","Ratio","0","Units",,,0.4,,
"USA46","Richmond (Greater)","T_T_SH_NAT","Share of population  in metropolitan area over the national value","2013","2013","RATIO","Ratio","0","Units",,,0.4,,
"USA46","Richmond (Greater)","T_T_SH_NAT","Share of population  in metropolitan area over the national value","2014","2014","RATIO","Ratio","0","Units",,,0.4,,
"USA46","Richmond (Greater)","T_T_SH_NAT","Share of population  in metropolitan area over the national value","2015","2015","RATIO","Ratio","0","Units",,,0.4,,
"USA46","Richmond (Greater)","T_T_SH_NAT","Share of population  in metropolitan area over the national value","2016","2016","RATIO","Ratio","0","Units",,,0.4,,
"USA135","Roanoke","T_T","Population, All ages. Administrative data","2000","2000","PER","Persons","0","Units",,,288699,,
"USA135","Roanoke","T_T","Population, All ages. Administrative data","2001","2001","PER","Persons","0","Units",,,289547,,
"USA135","Roanoke","T_T","Population, All ages. Administrative data","2002","2002","PER","Persons","0","Units",,,290466,,
"USA135","Roanoke","T_T","Population, All ages. Administrative data","2003","2003","PER","Persons","0","Units",,,292082,,
"USA135","Roanoke","T_T","Population, All ages. Administrative data","2004","2004","PER","Persons","0","Units",,,293745,,
"USA135","Roanoke","T_T","Population, All ages. Administrative data","2005","2005","PER","Persons","0","Units",,,296405,,
"USA135","Roanoke","T_T","Population, All ages. Administrative data","2006","2006","PER","Persons","0","Units",,,299930,,
"USA135","Roanoke","T_T","Population, All ages. Administrative data","2007","2007","PER","Persons","0","Units",,,302858,,
"USA135","Roanoke","T_T","Population, All ages. Administrative data","2008","2008","PER","Persons","0","Units",,,305596,,
"USA135","Roanoke","T_T","Population, All ages. Administrative data","2009","2009","PER","Persons","0","Units",,,307816,,
"USA135","Roanoke","T_T","Population, All ages. Administrative data","2010","2010","PER","Persons","0","Units",,,308625,,
"USA135","Roanoke","T_T","Population, All ages. Administrative data","2011","2011","PER","Persons","0","Units",,,309212,,
"USA135","Roanoke","T_T","Population, All ages. Administrative data","2012","2012","PER","Persons","0","Units",,,310556,,
"USA135","Roanoke","T_T","Population, All ages. Administrative data","2013","2013","PER","Persons","0","Units",,,311993,,
"USA135","Roanoke","T_T","Population, All ages. Administrative data","2014","2014","PER","Persons","0","Units",,,312847,,
"USA135","Roanoke","T_T","Population, All ages. Administrative data","2015","2015","PER","Persons","0","Units",,,313278,,
"USA135","Roanoke","T_T","Population, All ages. Administrative data","2016","2016","PER","Persons","0","Units",,,313102,,
"DE007","Stuttgart","POP_DEN","Population density (pop. per km2)","2001","2001","PER","Persons","0","Units",,,716,,
"DE007","Stuttgart","POP_DEN","Population density (pop. per km2)","2002","2002","PER","Persons","0","Units",,,722,,
"DE007","Stuttgart","POP_DEN","Population density (pop. per km2)","2003","2003","PER","Persons","0","Units",,,726,,
"DE007","Stuttgart","POP_DEN","Population density (pop. per km2)","2004","2004","PER","Persons","0","Units",,,728,,
"DE007","Stuttgart","POP_DEN","Population density (pop. per km2)","2005","2005","PER","Persons","0","Units",,,730,,
"DE007","Stuttgart","POP_DEN","Population density (pop. per km2)","2006","2006","PER","Persons","0","Units",,,731,,
"DE007","Stuttgart","POP_DEN","Population density (pop. per km2)","2007","2007","PER","Persons","0","Units",,,731,,
"DE007","Stuttgart","POP_DEN","Population density (pop. per km2)","2008","2008","PER","Persons","0","Units",,,732,,
"DE007","Stuttgart","POP_DEN","Population density (pop. per km2)","2009","2009","PER","Persons","0","Units",,,733,,
"DE007","Stuttgart","POP_DEN","Population density (pop. per km2)","2010","2010","PER","Persons","0","Units",,,733,,
"DE007","Stuttgart","POP_DEN","Population density (pop. per km2)","2011","2011","PER","Persons","0","Units",,,716,,
"DE007","Stuttgart","POP_DEN","Population density (pop. per km2)","2012","2012","PER","Persons","0","Units",,,720,,
"DE007","Stuttgart","POP_DEN","Population density (pop. per km2)","2013","2013","PER","Persons","0","Units",,,725,,
"DE007","Stuttgart","POP_DEN","Population density (pop. per km2)","2014","2014","PER","Persons","0","Units",,,731,,
"DE007","Stuttgart","POP_DEN","Population density (pop. per km2)","2015","2015","PER","Persons","0","Units",,,738,,
"DE007","Stuttgart","POP_DEN","Population density (pop. per km2)","2016","2016","PER","Persons","0","Units",,,750,,
"IT005","Palermo","T_T_SH_NAT","Share of population  in metropolitan area over the national value","2001","2001","RATIO","Ratio","0","Units",,,1.8,,
"IT005","Palermo","T_T_SH_NAT","Share of population  in metropolitan area over the national value","2002","2002","RATIO","Ratio","0","Units",,,1.8,,
"IT005","Palermo","T_T_SH_NAT","Share of population  in metropolitan area over the national value","2003","2003","RATIO","Ratio","0","Units",,,1.8,,
"IT005","Palermo","T_T_SH_NAT","Share of population  in metropolitan area over the national value","2004","2004","RATIO","Ratio","0","Units",,,1.7,,
"IT005","Palermo","T_T_SH_NAT","Share of population  in metropolitan area over the national value","2005","2005","RATIO","Ratio","0","Units",,,1.7,,
"IT005","Palermo","T_T_SH_NAT","Share of population  in metropolitan area over the national value","2006","2006","RATIO","Ratio","0","Units",,,1.7,,
"IT005","Palermo","T_T_SH_NAT","Share of population  in metropolitan area over the national value","2007","2007","RATIO","Ratio","0","Units",,,1.7,,
"IT005","Palermo","T_T_SH_NAT","Share of population  in metropolitan area over the national value","2008","2008","RATIO","Ratio","0","Units",,,1.7,,
"IT005","Palermo","T_T_SH_NAT","Share of population  in metropolitan area over the national value","2009","2009","RATIO","Ratio","0","Units",,,1.7,,
"IT005","Palermo","T_T_SH_NAT","Share of population  in metropolitan area over the national value","2010","2010","RATIO","Ratio","0","Units",,,1.7,,
"IT005","Palermo","T_T_SH_NAT","Share of population  in metropolitan area over the national value","2011","2011","RATIO","Ratio","0","Units",,,1.7,,
"IT005","Palermo","T_T_SH_NAT","Share of population  in metropolitan area over the national value","2012","2012","RATIO","Ratio","0","Units",,,1.7,,
"IT005","Palermo","T_T_SH_NAT","Share of population  in metropolitan area over the national value","2013","2013","RATIO","Ratio","0","Units",,,1.7,,
"IT005","Palermo","T_T_SH_NAT","Share of population  in metropolitan area over the national value","2014","2014","RATIO","Ratio","0","Units",,,1.7,,
"IT005","Palermo","T_T_SH_NAT","Share of population  in metropolitan area over the national value","2015","2015","RATIO","Ratio","0","Units",,,1.7,,
"IT005","Palermo","T_T_SH_NAT","Share of population  in metropolitan area over the national value","2016","2016","RATIO","Ratio","0","Units",,,1.7,,
"USA114","Nueces","POP_DEN","Population density (pop. per km2)","2000","2000","PER","Persons","0","Units",,,93,,
"USA114","Nueces","POP_DEN","Population density (pop. per km2)","2001","2001","PER","Persons","0","Units",,,93,,
"USA114","Nueces","POP_DEN","Population density (pop. per km2)","2002","2002","PER","Persons","0","Units",,,94,,
"USA114","Nueces","POP_DEN","Population density (pop. per km2)","2003","2003","PER","Persons","0","Units",,,94,,
"USA114","Nueces","POP_DEN","Population density (pop. per km2)","2004","2004","PER","Persons","0","Units",,,95,,
"USA114","Nueces","POP_DEN","Population density (pop. per km2)","2005","2005","PER","Persons","0","Units",,,96,,
"USA114","Nueces","POP_DEN","Population density (pop. per km2)","2006","2006","PER","Persons","0","Units",,,97,,
"USA114","Nueces","POP_DEN","Population density (pop. per km2)","2007","2007","PER","Persons","0","Units",,,97,,
"USA114","Nueces","POP_DEN","Population density (pop. per km2)","2008","2008","PER","Persons","0","Units",,,98,,
"USA114","Nueces","POP_DEN","Population density (pop. per km2)","2009","2009","PER","Persons","0","Units",,,99,,
"USA114","Nueces","POP_DEN","Population density (pop. per km2)","2010","2010","PER","Persons","0","Units",,,99,,
"USA114","Nueces","POP_DEN","Population density (pop. per km2)","2011","2011","PER","Persons","0","Units",,,100,,
"USA114","Nueces","POP_DEN","Population density (pop. per km2)","2012","2012","PER","Persons","0","Units",,,101,,
"USA114","Nueces","POP_DEN","Population density (pop. per km2)","2013","2013","PER","Persons","0","Units",,,102,,
"USA114","Nueces","POP_DEN","Population density (pop. per km2)","2014","2014","PER","Persons","0","Units",,,103,,
"USA114","Nueces","POP_DEN","Population density (pop. per km2)","2015","2015","PER","Persons","0","Units",,,104,,
"USA114","Nueces","POP_DEN","Population density (pop. per km2)","2016","2016","PER","Persons","0","Units",,,105,,
"USA141","Potter","T_T_SH_NAT","Share of population  in metropolitan area over the national value","2001","2001","RATIO","Ratio","0","Units",,,0.1,,
"USA141","Potter","T_T_SH_NAT","Share of population  in metropolitan area over the national value","2002","2002","RATIO","Ratio","0","Units",,,0.1,,
"USA141","Potter","T_T_SH_NAT","Share of population  in metropolitan area over the national value","2003","2003","RATIO","Ratio","0","Units",,,0.1,,
"USA141","Potter","T_T_SH_NAT","Share of population  in metropolitan area over the national value","2004","2004","RATIO","Ratio","0","Units",,,0.1,,
"USA141","Potter","T_T_SH_NAT","Share of population  in metropolitan area over the national value","2005","2005","RATIO","Ratio","0","Units",,,0.1,,
"USA141","Potter","T_T_SH_NAT","Share of population  in metropolitan area over the national value","2006","2006","RATIO","Ratio","0","Units",,,0.1,,
"USA141","Potter","T_T_SH_NAT","Share of population  in metropolitan area over the national value","2007","2007","RATIO","Ratio","0","Units",,,0.1,,
"USA141","Potter","T_T_SH_NAT","Share of population  in metropolitan area over the national value","2008","2008","RATIO","Ratio","0","Units",,,0.1,,
"USA141","Potter","T_T_SH_NAT","Share of population  in metropolitan area over the national value","2009","2009","RATIO","Ratio","0","Units",,,0.1,,
"USA141","Potter","T_T_SH_NAT","Share of population  in metropolitan area over the national value","2010","2010","RATIO","Ratio","0","Units",,,0.1,,
"USA141","Potter","T_T_SH_NAT","Share of population  in metropolitan area over the national value","2011","2011","RATIO","Ratio","0","Units",,,0.1,,
"USA141","Potter","T_T_SH_NAT","Share of population  in metropolitan area over the national value","2012","2012","RATIO","Ratio","0","Units",,,0.1,,
"USA141","Potter","T_T_SH_NAT","Share of population  in metropolitan area over the national value","2013","2013","RATIO","Ratio","0","Units",,,0.1,,
"USA141","Potter","T_T_SH_NAT","Share of population  in metropolitan area over the national value","2014","2014","RATIO","Ratio","0","Units",,,0.1,,
"USA141","Potter","T_T_SH_NAT","Share of population  in metropolitan area over the national value","2015","2015","RATIO","Ratio","0","Units",,,0.1,,
"USA141","Potter","T_T_SH_NAT","Share of population  in metropolitan area over the national value","2016","2016","RATIO","Ratio","0","Units",,,0.1,,
"JPN45","Kusatsu","T_T","Population, All ages. Administrative data","2000","2000","PER","Persons","0","Units",,,337656,,
"JPN45","Kusatsu","T_T","Population, All ages. Administrative data","2001","2001","PER","Persons","0","Units",,,341371,,
"JPN45","Kusatsu","T_T","Population, All ages. Administrative data","2002","2002","PER","Persons","0","Units",,,345086,,
"JPN45","Kusatsu","T_T","Population, All ages. Administrative data","2003","2003","PER","Persons","0","Units",,,348801,,
"JPN45","Kusatsu","T_T","Population, All ages. Administrative data","2004","2004","PER","Persons","0","Units",,,352516,,
"JPN45","Kusatsu","T_T","Population, All ages. Administrative data","2005","2005","PER","Persons","0","Units",,,356231,,
"JPN45","Kusatsu","T_T","Population, All ages. Administrative data","2006","2006","PER","Persons","0","Units",,,359295,,
"JPN45","Kusatsu","T_T","Population, All ages. Administrative data","2007","2007","PER","Persons","0","Units",,,362360,,
"JPN45","Kusatsu","T_T","Population, All ages. Administrative data","2008","2008","PER","Persons","0","Units",,,365424,,
"JPN45","Kusatsu","T_T","Population, All ages. Administrative data","2009","2009","PER","Persons","0","Units",,,368489,,
"JPN45","Kusatsu","T_T","Population, All ages. Administrative data","2010","2010","PER","Persons","0","Units",,,371553,,
"JPN45","Kusatsu","T_T","Population, All ages. Administrative data","2011","2011","PER","Persons","0","Units",,,373727,,
"JPN45","Kusatsu","T_T","Population, All ages. Administrative data","2012","2012","PER","Persons","0","Units",,,375901,,
"JPN45","Kusatsu","T_T","Population, All ages. Administrative data","2013","2013","PER","Persons","0","Units",,,378073,,
"JPN45","Kusatsu","T_T","Population, All ages. Administrative data","2014","2014","PER","Persons","0","Units",,,380247,,
"JPN45","Kusatsu","T_T","Population, All ages. Administrative data","2015","2015","PER","Persons","0","Units",,,382421,,
"USA77","Dauphin","T_T_SH_NAT","Share of population  in metropolitan area over the national value","2001","2001","RATIO","Ratio","0","Units",,,0.2,,
"USA77","Dauphin","T_T_SH_NAT","Share of population  in metropolitan area over the national value","2002","2002","RATIO","Ratio","0","Units",,,0.2,,
"USA77","Dauphin","T_T_SH_NAT","Share of population  in metropolitan area over the national value","2003","2003","RATIO","Ratio","0","Units",,,0.2,,
"USA77","Dauphin","T_T_SH_NAT","Share of population  in metropolitan area over the national value","2004","2004","RATIO","Ratio","0","Units",,,0.2,,
"USA77","Dauphin","T_T_SH_NAT","Share of population  in metropolitan area over the national value","2005","2005","RATIO","Ratio","0","Units",,,0.2,,
"USA77","Dauphin","T_T_SH_NAT","Share of population  in metropolitan area over the national value","2006","2006","RATIO","Ratio","0","Units",,,0.2,,
"USA77","Dauphin","T_T_SH_NAT","Share of population  in metropolitan area over the national value","2007","2007","RATIO","Ratio","0","Units",,,0.2,,
"USA77","Dauphin","T_T_SH_NAT","Share of population  in metropolitan area over the national value","2008","2008","RATIO","Ratio","0","Units",,,0.2,,
"USA77","Dauphin","T_T_SH_NAT","Share of population  in metropolitan area over the national value","2009","2009","RATIO","Ratio","0","Units",,,0.2,,
"USA77","Dauphin","T_T_SH_NAT","Share of population  in metropolitan area over the national value","2010","2010","RATIO","Ratio","0","Units",,,0.2,,
"USA77","Dauphin","T_T_SH_NAT","Share of population  in metropolitan area over the national value","2011","2011","RATIO","Ratio","0","Units",,,0.2,,
"USA77","Dauphin","T_T_SH_NAT","Share of population  in metropolitan area over the national value","2012","2012","RATIO","Ratio","0","Units",,,0.2,,
"USA77","Dauphin","T_T_SH_NAT","Share of population  in metropolitan area over the national value","2013","2013","RATIO","Ratio","0","Units",,,0.2,,
"USA77","Dauphin","T_T_SH_NAT","Share of population  in metropolitan area over the national value","2014","2014","RATIO","Ratio","0","Units",,,0.2,,
"USA77","Dauphin","T_T_SH_NAT","Share of population  in metropolitan area over the national value","2015","2015","RATIO","Ratio","0","Units",,,0.2,,
"USA77","Dauphin","T_T_SH_NAT","Share of population  in metropolitan area over the national value","2016","2016","RATIO","Ratio","0","Units",,,0.2,,
"UK003","Leeds","T_T","Population, All ages. Administrative data","2001","2001","PER","Persons","0","Units",,,2364829,,
"UK003","Leeds","T_T","Population, All ages. Administrative data","2002","2002","PER","Persons","0","Units",,,2375640,,
"UK003","Leeds","T_T","Population, All ages. Administrative data","2003","2003","PER","Persons","0","Units",,,2385952,,
"UK003","Leeds","T_T","Population, All ages. Administrative data","2004","2004","PER","Persons","0","Units",,,2403040,,
"UK003","Leeds","T_T","Population, All ages. Administrative data","2005","2005","PER","Persons","0","Units",,,2429151,,
"UK003","Leeds","T_T","Population, All ages. Administrative data","2006","2006","PER","Persons","0","Units",,,2442929,,
"UK003","Leeds","T_T","Population, All ages. Administrative data","2007","2007","PER","Persons","0","Units",,,2459798,,
"UK003","Leeds","T_T","Population, All ages. Administrative data","2008","2008","PER","Persons","0","Units",,,2478300,,
"UK003","Leeds","T_T","Population, All ages. Administrative data","2009","2009","PER","Persons","0","Units",,,2491818,,
"UK003","Leeds","T_T","Population, All ages. Administrative data","2010","2010","PER","Persons","0","Units",,,2508648,,
"UK003","Leeds","T_T","Population, All ages. Administrative data","2011","2011","PER","Persons","0","Units",,,2525060,,
"UK003","Leeds","T_T","Population, All ages. Administrative data","2012","2012","PER","Persons","0","Units",,,2539475,,
"UK003","Leeds","T_T","Population, All ages. Administrative data","2013","2013","PER","Persons","0","Units",,,2550810,,
"UK003","Leeds","T_T","Population, All ages. Administrative data","2014","2014","PER","Persons","0","Units",,,2562760,,
"UK003","Leeds","T_T","Population, All ages. Administrative data","2015","2015","PER","Persons","0","Units",,,2579753,,
"UK003","Leeds","T_T","Population, All ages. Administrative data","2016","2016","PER","Persons","0","Units",,,2598078,,
"JPN24","Nagasaki","T_T","Population, All ages. Administrative data","2000","2000","PER","Persons","0","Units",,,682639,,
"JPN24","Nagasaki","T_T","Population, All ages. Administrative data","2001","2001","PER","Persons","0","Units",,,680250,,
"JPN24","Nagasaki","T_T","Population, All ages. Administrative data","2002","2002","PER","Persons","0","Units",,,677863,,
"JPN24","Nagasaki","T_T","Population, All ages. Administrative data","2003","2003","PER","Persons","0","Units",,,675475,,
"JPN24","Nagasaki","T_T","Population, All ages. Administrative data","2004","2004","PER","Persons","0","Units",,,673088,,
"JPN24","Nagasaki","T_T","Population, All ages. Administrative data","2005","2005","PER","Persons","0","Units",,,670699,,
"JPN24","Nagasaki","T_T","Population, All ages. Administrative data","2006","2006","PER","Persons","0","Units",,,667235,,
"JPN24","Nagasaki","T_T","Population, All ages. Administrative data","2007","2007","PER","Persons","0","Units",,,663771,,
"JPN24","Nagasaki","T_T","Population, All ages. Administrative data","2008","2008","PER","Persons","0","Units",,,660309,,
"JPN24","Nagasaki","T_T","Population, All ages. Administrative data","2009","2009","PER","Persons","0","Units",,,656845,,
"JPN24","Nagasaki","T_T","Population, All ages. Administrative data","2010","2010","PER","Persons","0","Units",,,653381,,
"JPN24","Nagasaki","T_T","Population, All ages. Administrative data","2011","2011","PER","Persons","0","Units",,,649322,,
"JPN24","Nagasaki","T_T","Population, All ages. Administrative data","2012","2012","PER","Persons","0","Units",,,645262,,
"JPN24","Nagasaki","T_T","Population, All ages. Administrative data","2013","2013","PER","Persons","0","Units",,,641205,,
"JPN24","Nagasaki","T_T","Population, All ages. Administrative data","2014","2014","PER","Persons","0","Units",,,637145,,
"JPN24","Nagasaki","T_T","Population, All ages. Administrative data","2015","2015","PER","Persons","0","Units",,,633086,,
"DE513","Kassel","T_T","Population, All ages. Administrative data","2001","2001","PER","Persons","0","Units",,,441123,,
"DE513","Kassel","T_T","Population, All ages. Administrative data","2002","2002","PER","Persons","0","Units",,,440844,,
"DE513","Kassel","T_T","Population, All ages. Administrative data","2003","2003","PER","Persons","0","Units",,,440341,,
"DE513","Kassel","T_T","Population, All ages. Administrative data","2004","2004","PER","Persons","0","Units",,,440048,,
"DE513","Kassel","T_T","Population, All ages. Administrative data","2005","2005","PER","Persons","0","Units",,,439665,,
"DE513","Kassel","T_T","Population, All ages. Administrative data","2006","2006","PER","Persons","0","Units",,,438571,,
"DE513","Kassel","T_T","Population, All ages. Administrative data","2007","2007","PER","Persons","0","Units",,,435988,,
"DE513","Kassel","T_T","Population, All ages. Administrative data","2008","2008","PER","Persons","0","Units",,,434886,,
"DE513","Kassel","T_T","Population, All ages. Administrative data","2009","2009","PER","Persons","0","Units",,,433757,,
"DE513","Kassel","T_T","Population, All ages. Administrative data","2010","2010","PER","Persons","0","Units",,,433101,,
"DE513","Kassel","T_T","Population, All ages. Administrative data","2011","2011","PER","Persons","0","Units",,,426496,,
"DE513","Kassel","T_T","Population, All ages. Administrative data","2012","2012","PER","Persons","0","Units",,,426856,,
"DE513","Kassel","T_T","Population, All ages. Administrative data","2013","2013","PER","Persons","0","Units",,,427403,,
"DE513","Kassel","T_T","Population, All ages. Administrative data","2014","2014","PER","Persons","0","Units",,,427763,,
"DE513","Kassel","T_T","Population, All ages. Administrative data","2015","2015","PER","Persons","0","Units",,,428528,,
"DE513","Kassel","T_T","Population, All ages. Administrative data","2016","2016","PER","Persons","0","Units",,,434139,,
"USA47","Wake","POP_DEN","Population density (pop. per km2)","2000","2000","PER","Persons","0","Units",,,176,,
"USA47","Wake","POP_DEN","Population density (pop. per km2)","2001","2001","PER","Persons","0","Units",,,183,,
"USA47","Wake","POP_DEN","Population density (pop. per km2)","2002","2002","PER","Persons","0","Units",,,188,,
"USA47","Wake","POP_DEN","Population density (pop. per km2)","2003","2003","PER","Persons","0","Units",,,194,,
"USA47","Wake","POP_DEN","Population density (pop. per km2)","2004","2004","PER","Persons","0","Units",,,200,,
"USA47","Wake","POP_DEN","Population density (pop. per km2)","2005","2005","PER","Persons","0","Units",,,208,,
"USA47","Wake","POP_DEN","Population density (pop. per km2)","2006","2006","PER","Persons","0","Units",,,218,,
"USA47","Wake","POP_DEN","Population density (pop. per km2)","2007","2007","PER","Persons","0","Units",,,228,,
"USA47","Wake","POP_DEN","Population density (pop. per km2)","2008","2008","PER","Persons","0","Units",,,237,,
"USA47","Wake","POP_DEN","Population density (pop. per km2)","2009","2009","PER","Persons","0","Units",,,245,,
"USA47","Wake","POP_DEN","Population density (pop. per km2)","2010","2010","PER","Persons","0","Units",,,251,,
"USA47","Wake","POP_DEN","Population density (pop. per km2)","2011","2011","PER","Persons","0","Units",,,257,,
"USA47","Wake","POP_DEN","Population density (pop. per km2)","2012","2012","PER","Persons","0","Units",,,263,,
"USA47","Wake","POP_DEN","Population density (pop. per km2)","2013","2013","PER","Persons","0","Units",,,269,,
"USA47","Wake","POP_DEN","Population density (pop. per km2)","2014","2014","PER","Persons","0","Units",,,275,,
"USA47","Wake","POP_DEN","Population density (pop. per km2)","2015","2015","PER","Persons","0","Units",,,282,,
"USA47","Wake","POP_DEN","Population density (pop. per km2)","2016","2016","PER","Persons","0","Units",,,289,,
"DE042","Koblenz","POP_DEN","Population density (pop. per km2)","2001","2001","PER","Persons","0","Units",,,346,,
"DE042","Koblenz","POP_DEN","Population density (pop. per km2)","2002","2002","PER","Persons","0","Units",,,348,,
"DE042","Koblenz","POP_DEN","Population density (pop. per km2)","2003","2003","PER","Persons","0","Units",,,348,,
"DE042","Koblenz","POP_DEN","Population density (pop. per km2)","2004","2004","PER","Persons","0","Units",,,348,,
"DE042","Koblenz","POP_DEN","Population density (pop. per km2)","2005","2005","PER","Persons","0","Units",,,349,,
"DE042","Koblenz","POP_DEN","Population density (pop. per km2)","2006","2006","PER","Persons","0","Units",,,348,,
"DE042","Koblenz","POP_DEN","Population density (pop. per km2)","2007","2007","PER","Persons","0","Units",,,346,,
"DE042","Koblenz","POP_DEN","Population density (pop. per km2)","2008","2008","PER","Persons","0","Units",,,346,,
"DE042","Koblenz","POP_DEN","Population density (pop. per km2)","2009","2009","PER","Persons","0","Units",,,346,,
"DE042","Koblenz","POP_DEN","Population density (pop. per km2)","2010","2010","PER","Persons","0","Units",,,345,,
"DE042","Koblenz","POP_DEN","Population density (pop. per km2)","2011","2011","PER","Persons","0","Units",,,346,,
"DE042","Koblenz","POP_DEN","Population density (pop. per km2)","2012","2012","PER","Persons","0","Units",,,345,,
"DE042","Koblenz","POP_DEN","Population density (pop. per km2)","2013","2013","PER","Persons","0","Units",,,347,,
"DE042","Koblenz","POP_DEN","Population density (pop. per km2)","2014","2014","PER","Persons","0","Units",,,348,,
"DE042","Koblenz","POP_DEN","Population density (pop. per km2)","2015","2015","PER","Persons","0","Units",,,349,,
"DE042","Koblenz","POP_DEN","Population density (pop. per km2)","2016","2016","PER","Persons","0","Units",,,352,,
"USA160","Yakima","T_T_SH_NAT","Share of population  in metropolitan area over the national value","2001","2001","RATIO","Ratio","0","Units",,,0.1,,
"USA160","Yakima","T_T_SH_NAT","Share of population  in metropolitan area over the national value","2002","2002","RATIO","Ratio","0","Units",,,0.1,,
"USA160","Yakima","T_T_SH_NAT","Share of population  in metropolitan area over the national value","2003","2003","RATIO","Ratio","0","Units",,,0.1,,
"USA160","Yakima","T_T_SH_NAT","Share of population  in metropolitan area over the national value","2004","2004","RATIO","Ratio","0","Units",,,0.1,,
"USA160","Yakima","T_T_SH_NAT","Share of population  in metropolitan area over the national value","2005","2005","RATIO","Ratio","0","Units",,,0.1,,
"USA160","Yakima","T_T_SH_NAT","Share of population  in metropolitan area over the national value","2006","2006","RATIO","Ratio","0","Units",,,0.1,,
"USA160","Yakima","T_T_SH_NAT","Share of population  in metropolitan area over the national value","2007","2007","RATIO","Ratio","0","Units",,,0.1,,
"USA160","Yakima","T_T_SH_NAT","Share of population  in metropolitan area over the national value","2008","2008","RATIO","Ratio","0","Units",,,0.1,,
"USA160","Yakima","T_T_SH_NAT","Share of population  in metropolitan area over the national value","2009","2009","RATIO","Ratio","0","Units",,,0.1,,
"USA160","Yakima","T_T_SH_NAT","Share of population  in metropolitan area over the national value","2010","2010","RATIO","Ratio","0","Units",,,0.1,,
"USA160","Yakima","T_T_SH_NAT","Share of population  in metropolitan area over the national value","2011","2011","RATIO","Ratio","0","Units",,,0.1,,
"USA160","Yakima","T_T_SH_NAT","Share of population  in metropolitan area over the national value","2012","2012","RATIO","Ratio","0","Units",,,0.1,,
"USA160","Yakima","T_T_SH_NAT","Share of population  in metropolitan area over the national value","2013","2013","RATIO","Ratio","0","Units",,,0.1,,
"USA160","Yakima","T_T_SH_NAT","Share of population  in metropolitan area over the national value","2014","2014","RATIO","Ratio","0","Units",,,0.1,,
"USA160","Yakima","T_T_SH_NAT","Share of population  in metropolitan area over the national value","2015","2015","RATIO","Ratio","0","Units",,,0.1,,
"USA160","Yakima","T_T_SH_NAT","Share of population  in metropolitan area over the national value","2016","2016","RATIO","Ratio","0","Units",,,0.1,,
"IT503","Parma","POP_DEN","Population density (pop. per km2)","2000","2000","PER","Persons","0","Units",,,246,,
"IT503","Parma","POP_DEN","Population density (pop. per km2)","2001","2001","PER","Persons","0","Units",,,248,,
"IT503","Parma","POP_DEN","Population density (pop. per km2)","2002","2002","PER","Persons","0","Units",,,250,,
"IT503","Parma","POP_DEN","Population density (pop. per km2)","2003","2003","PER","Persons","0","Units",,,252,,
"IT503","Parma","POP_DEN","Population density (pop. per km2)","2004","2004","PER","Persons","0","Units",,,254,,
"IT503","Parma","POP_DEN","Population density (pop. per km2)","2005","2005","PER","Persons","0","Units",,,255,,
"IT503","Parma","POP_DEN","Population density (pop. per km2)","2006","2006","PER","Persons","0","Units",,,257,,
"IT503","Parma","POP_DEN","Population density (pop. per km2)","2007","2007","PER","Persons","0","Units",,,259,,
"IT503","Parma","POP_DEN","Population density (pop. per km2)","2008","2008","PER","Persons","0","Units",,,261,,
"IT503","Parma","POP_DEN","Population density (pop. per km2)","2009","2009","PER","Persons","0","Units",,,263,,
"IT503","Parma","POP_DEN","Population density (pop. per km2)","2010","2010","PER","Persons","0","Units",,,264,,
"IT503","Parma","POP_DEN","Population density (pop. per km2)","2011","2011","PER","Persons","0","Units",,,266,,
"IT503","Parma","POP_DEN","Population density (pop. per km2)","2012","2012","PER","Persons","0","Units",,,268,,
"IT503","Parma","POP_DEN","Population density (pop. per km2)","2013","2013","PER","Persons","0","Units",,,271,,
"IT503","Parma","POP_DEN","Population density (pop. per km2)","2014","2014","PER","Persons","0","Units",,,281,,
"IT503","Parma","POP_DEN","Population density (pop. per km2)","2015","2015","PER","Persons","0","Units",,,276,,
"IT503","Parma","POP_DEN","Population density (pop. per km2)","2016","2016","PER","Persons","0","Units",,,278,,
"USA16","San Diego","T_T_SH_NAT","Share of population  in metropolitan area over the national value","2001","2001","RATIO","Ratio","0","Units",,,1,,
"USA16","San Diego","T_T_SH_NAT","Share of population  in metropolitan area over the national value","2002","2002","RATIO","Ratio","0","Units",,,1,,
"USA16","San Diego","T_T_SH_NAT","Share of population  in metropolitan area over the national value","2003","2003","RATIO","Ratio","0","Units",,,1,,
"USA16","San Diego","T_T_SH_NAT","Share of population  in metropolitan area over the national value","2004","2004","RATIO","Ratio","0","Units",,,1,,
"USA16","San Diego","T_T_SH_NAT","Share of population  in metropolitan area over the national value","2005","2005","RATIO","Ratio","0","Units",,,1,,
"USA16","San Diego","T_T_SH_NAT","Share of population  in metropolitan area over the national value","2006","2006","RATIO","Ratio","0","Units",,,1,,
"USA16","San Diego","T_T_SH_NAT","Share of population  in metropolitan area over the national value","2007","2007","RATIO","Ratio","0","Units",,,1,,
"USA16","San Diego","T_T_SH_NAT","Share of population  in metropolitan area over the national value","2008","2008","RATIO","Ratio","0","Units",,,1,,
"USA16","San Diego","T_T_SH_NAT","Share of population  in metropolitan area over the national value","2009","2009","RATIO","Ratio","0","Units",,,1,,
"USA16","San Diego","T_T_SH_NAT","Share of population  in metropolitan area over the national value","2010","2010","RATIO","Ratio","0","Units",,,1,,
"USA16","San Diego","T_T_SH_NAT","Share of population  in metropolitan area over the national value","2011","2011","RATIO","Ratio","0","Units",,,1,,
"USA16","San Diego","T_T_SH_NAT","Share of population  in metropolitan area over the national value","2012","2012","RATIO","Ratio","0","Units",,,1,,
"USA16","San Diego","T_T_SH_NAT","Share of population  in metropolitan area over the national value","2013","2013","RATIO","Ratio","0","Units",,,1,,
"USA16","San Diego","T_T_SH_NAT","Share of population  in metropolitan area over the national value","2014","2014","RATIO","Ratio","0","Units",,,1,,
"USA16","San Diego","T_T_SH_NAT","Share of population  in metropolitan area over the national value","2015","2015","RATIO","Ratio","0","Units",,,1,,
"USA16","San Diego","T_T_SH_NAT","Share of population  in metropolitan area over the national value","2016","2016","RATIO","Ratio","0","Units",,,1,,
"LU001","Luxembourg","T_T","Population, All ages. Administrative data","2001","2001","PER","Persons","0","Units",,,439539,,
"LU001","Luxembourg","T_T","Population, All ages. Administrative data","2002","2002","PER","Persons","0","Units",,,446820,,
"LU001","Luxembourg","T_T","Population, All ages. Administrative data","2003","2003","PER","Persons","0","Units",,,454101,,
"LU001","Luxembourg","T_T","Population, All ages. Administrative data","2004","2004","PER","Persons","0","Units",,,461384,,
"LU001","Luxembourg","T_T","Population, All ages. Administrative data","2005","2005","PER","Persons","0","Units",,,468665,,
"LU001","Luxembourg","T_T","Population, All ages. Administrative data","2006","2006","PER","Persons","0","Units",,,475946,,
"LU001","Luxembourg","T_T","Population, All ages. Administrative data","2007","2007","PER","Persons","0","Units",,,483227,,
"LU001","Luxembourg","T_T","Population, All ages. Administrative data","2008","2008","PER","Persons","0","Units",,,490508,,
"LU001","Luxembourg","T_T","Population, All ages. Administrative data","2009","2009","PER","Persons","0","Units",,,497791,,
"LU001","Luxembourg","T_T","Population, All ages. Administrative data","2010","2010","PER","Persons","0","Units",,,505072,,
"LU001","Luxembourg","T_T","Population, All ages. Administrative data","2011","2011","PER","Persons","0","Units",,,512353,,
"LU001","Luxembourg","T_T","Population, All ages. Administrative data","2012","2012","PER","Persons","0","Units",,,525405,,
"LU001","Luxembourg","T_T","Population, All ages. Administrative data","2013","2013","PER","Persons","0","Units",,,538458,,
"LU001","Luxembourg","T_T","Population, All ages. Administrative data","2014","2014","PER","Persons","0","Units",,,551511,,
"LU001","Luxembourg","T_T","Population, All ages. Administrative data","2015","2015","PER","Persons","0","Units",,,564562,,
"LU001","Luxembourg","T_T","Population, All ages. Administrative data","2016","2016","PER","Persons","0","Units",,,577615,,
"JPN15","Niigata","POP_DEN","Population density (pop. per km2)","2000","2000","PER","Persons","0","Units",,,1108,,
"JPN15","Niigata","POP_DEN","Population density (pop. per km2)","2001","2001","PER","Persons","0","Units",,,1109,,
"JPN15","Niigata","POP_DEN","Population density (pop. per km2)","2002","2002","PER","Persons","0","Units",,,1110,,
"JPN15","Niigata","POP_DEN","Population density (pop. per km2)","2003","2003","PER","Persons","0","Units",,,1111,,
"JPN15","Niigata","POP_DEN","Population density (pop. per km2)","2004","2004","PER","Persons","0","Units",,,1113,,
"JPN15","Niigata","POP_DEN","Population density (pop. per km2)","2005","2005","PER","Persons","0","Units",,,1114,,
"JPN15","Niigata","POP_DEN","Population density (pop. per km2)","2006","2006","PER","Persons","0","Units",,,1113,,
"JPN15","Niigata","POP_DEN","Population density (pop. per km2)","2007","2007","PER","Persons","0","Units",,,1112,,
"JPN15","Niigata","POP_DEN","Population density (pop. per km2)","2008","2008","PER","Persons","0","Units",,,1111,,
"JPN15","Niigata","POP_DEN","Population density (pop. per km2)","2009","2009","PER","Persons","0","Units",,,1110,,
"JPN15","Niigata","POP_DEN","Population density (pop. per km2)","2010","2010","PER","Persons","0","Units",,,1109,,
"JPN15","Niigata","POP_DEN","Population density (pop. per km2)","2011","2011","PER","Persons","0","Units",,,1108,,
"JPN15","Niigata","POP_DEN","Population density (pop. per km2)","2012","2012","PER","Persons","0","Units",,,1107,,
"JPN15","Niigata","POP_DEN","Population density (pop. per km2)","2013","2013","PER","Persons","0","Units",,,1107,,
"JPN15","Niigata","POP_DEN","Population density (pop. per km2)","2014","2014","PER","Persons","0","Units",,,1106,,
"JPN15","Niigata","POP_DEN","Population density (pop. per km2)","2015","2015","PER","Persons","0","Units",,,1105,,
"AUS05","Greater Adelaide","T_T","Population, All ages. Administrative data","2001","2001","PER","Persons","0","Units",,,1148006,,
"AUS05","Greater Adelaide","T_T","Population, All ages. Administrative data","2002","2002","PER","Persons","0","Units",,,1154981,,
"AUS05","Greater Adelaide","T_T","Population, All ages. Administrative data","2003","2003","PER","Persons","0","Units",,,1162250,,
"AUS05","Greater Adelaide","T_T","Population, All ages. Administrative data","2004","2004","PER","Persons","0","Units",,,1168541,,
"AUS05","Greater Adelaide","T_T","Population, All ages. Administrative data","2005","2005","PER","Persons","0","Units",,,1177345,,
"AUS05","Greater Adelaide","T_T","Population, All ages. Administrative data","2006","2006","PER","Persons","0","Units",,,1189243,,
"AUS05","Greater Adelaide","T_T","Population, All ages. Administrative data","2007","2007","PER","Persons","0","Units",,,1204210,,
"AUS05","Greater Adelaide","T_T","Population, All ages. Administrative data","2008","2008","PER","Persons","0","Units",,,1219523,,
"AUS05","Greater Adelaide","T_T","Population, All ages. Administrative data","2009","2009","PER","Persons","0","Units",,,1237354,,
"AUS05","Greater Adelaide","T_T","Population, All ages. Administrative data","2010","2010","PER","Persons","0","Units",,,1253097,,
"AUS05","Greater Adelaide","T_T","Population, All ages. Administrative data","2011","2011","PER","Persons","0","Units",,,1264091,,
"AUS05","Greater Adelaide","T_T","Population, All ages. Administrative data","2012","2012","PER","Persons","0","Units",,,1277845,,
"AUS05","Greater Adelaide","T_T","Population, All ages. Administrative data","2013","2013","PER","Persons","0","Units",,,1289861,,
"AUS05","Greater Adelaide","T_T","Population, All ages. Administrative data","2014","2014","PER","Persons","0","Units",,,1302678,,
"AUS05","Greater Adelaide","T_T","Population, All ages. Administrative data","2015","2015","PER","Persons","0","Units",,,1314377,,
"AUS05","Greater Adelaide","T_T","Population, All ages. Administrative data","2016","2016","PER","Persons","0","Units",,,1324279,,
"USA57","Kern","POP_DEN","Population density (pop. per km2)","2000","2000","PER","Persons","0","Units",,,31,,
"USA57","Kern","POP_DEN","Population density (pop. per km2)","2001","2001","PER","Persons","0","Units",,,32,,
"USA57","Kern","POP_DEN","Population density (pop. per km2)","2002","2002","PER","Persons","0","Units",,,33,,
"USA57","Kern","POP_DEN","Population density (pop. per km2)","2003","2003","PER","Persons","0","Units",,,34,,
"USA57","Kern","POP_DEN","Population density (pop. per km2)","2004","2004","PER","Persons","0","Units",,,35,,
"USA57","Kern","POP_DEN","Population density (pop. per km2)","2005","2005","PER","Persons","0","Units",,,36,,
"USA57","Kern","POP_DEN","Population density (pop. per km2)","2006","2006","PER","Persons","0","Units",,,37,,
"USA57","Kern","POP_DEN","Population density (pop. per km2)","2007","2007","PER","Persons","0","Units",,,38,,
"USA57","Kern","POP_DEN","Population density (pop. per km2)","2008","2008","PER","Persons","0","Units",,,39,,
"USA57","Kern","POP_DEN","Population density (pop. per km2)","2009","2009","PER","Persons","0","Units",,,39,,
"USA57","Kern","POP_DEN","Population density (pop. per km2)","2010","2010","PER","Persons","0","Units",,,40,,
"USA57","Kern","POP_DEN","Population density (pop. per km2)","2011","2011","PER","Persons","0","Units",,,40,,
"USA57","Kern","POP_DEN","Population density (pop. per km2)","2012","2012","PER","Persons","0","Units",,,40,,
"USA57","Kern","POP_DEN","Population density (pop. per km2)","2013","2013","PER","Persons","0","Units",,,41,,
"USA57","Kern","POP_DEN","Population density (pop. per km2)","2014","2014","PER","Persons","0","Units",,,41,,
"USA57","Kern","POP_DEN","Population density (pop. per km2)","2015","2015","PER","Persons","0","Units",,,42,,
"USA57","Kern","POP_DEN","Population density (pop. per km2)","2016","2016","PER","Persons","0","Units",,,42,,
"USA80","Dane","T_T","Population, All ages. Administrative data","2000","2000","PER","Persons","0","Units",,,480909,,
"USA80","Dane","T_T","Population, All ages. Administrative data","2001","2001","PER","Persons","0","Units",,,487912,,
"USA80","Dane","T_T","Population, All ages. Administrative data","2002","2002","PER","Persons","0","Units",,,495111,,
"USA80","Dane","T_T","Population, All ages. Administrative data","2003","2003","PER","Persons","0","Units",,,501683,,
"USA80","Dane","T_T","Population, All ages. Administrative data","2004","2004","PER","Persons","0","Units",,,508375,,
"USA80","Dane","T_T","Population, All ages. Administrative data","2005","2005","PER","Persons","0","Units",,,514457,,
"USA80","Dane","T_T","Population, All ages. Administrative data","2006","2006","PER","Persons","0","Units",,,520838,,
"USA80","Dane","T_T","Population, All ages. Administrative data","2007","2007","PER","Persons","0","Units",,,527841,,
"USA80","Dane","T_T","Population, All ages. Administrative data","2008","2008","PER","Persons","0","Units",,,534153,,
"USA80","Dane","T_T","Population, All ages. Administrative data","2009","2009","PER","Persons","0","Units",,,541448,,
"USA80","Dane","T_T","Population, All ages. Administrative data","2010","2010","PER","Persons","0","Units",,,546031,,
"USA80","Dane","T_T","Population, All ages. Administrative data","2011","2011","PER","Persons","0","Units",,,552815,,
"USA80","Dane","T_T","Population, All ages. Administrative data","2012","2012","PER","Persons","0","Units",,,559581,,
"USA80","Dane","T_T","Population, All ages. Administrative data","2013","2013","PER","Persons","0","Units",,,566091,,
"USA80","Dane","T_T","Population, All ages. Administrative data","2014","2014","PER","Persons","0","Units",,,572513,,
"USA80","Dane","T_T","Population, All ages. Administrative data","2015","2015","PER","Persons","0","Units",,,578720,,
"USA80","Dane","T_T","Population, All ages. Administrative data","2016","2016","PER","Persons","0","Units",,,587150,,
"KOR10","Sebuk","POP_DEN","Population density (pop. per km2)","2000","2000","PER","Persons","0","Units",,,654,,
"KOR10","Sebuk","POP_DEN","Population density (pop. per km2)","2001","2001","PER","Persons","0","Units",,,676,,
"KOR10","Sebuk","POP_DEN","Population density (pop. per km2)","2002","2002","PER","Persons","0","Units",,,698,,
"KOR10","Sebuk","POP_DEN","Population density (pop. per km2)","2003","2003","PER","Persons","0","Units",,,720,,
"KOR10","Sebuk","POP_DEN","Population density (pop. per km2)","2004","2004","PER","Persons","0","Units",,,742,,
"KOR10","Sebuk","POP_DEN","Population density (pop. per km2)","2005","2005","PER","Persons","0","Units",,,764,,
"KOR10","Sebuk","POP_DEN","Population density (pop. per km2)","2006","2006","PER","Persons","0","Units",,,786,,
"KOR10","Sebuk","POP_DEN","Population density (pop. per km2)","2007","2007","PER","Persons","0","Units",,,809,,
"KOR10","Sebuk","POP_DEN","Population density (pop. per km2)","2008","2008","PER","Persons","0","Units",,,831,,
"KOR10","Sebuk","POP_DEN","Population density (pop. per km2)","2009","2009","PER","Persons","0","Units",,,853,,
"KOR10","Sebuk","POP_DEN","Population density (pop. per km2)","2010","2010","PER","Persons","0","Units",,,875,,
"KOR10","Sebuk","POP_DEN","Population density (pop. per km2)","2011","2011","PER","Persons","0","Units",,,897,,
"KOR10","Sebuk","POP_DEN","Population density (pop. per km2)","2012","2012","PER","Persons","0","Units",,,914,,
"KOR10","Sebuk","POP_DEN","Population density (pop. per km2)","2013","2013","PER","Persons","0","Units",,,928,,
"KOR10","Sebuk","POP_DEN","Population density (pop. per km2)","2014","2014","PER","Persons","0","Units",,,940,,
"KOR10","Sebuk","POP_DEN","Population density (pop. per km2)","2015","2015","PER","Persons","0","Units",,,951,,
"KOR10","Sebuk","POP_DEN","Population density (pop. per km2)","2016","2016","PER","Persons","0","Units",,,970,,
"USA38","Davidson","POP_DEN","Population density (pop. per km2)","2000","2000","PER","Persons","0","Units",,,101,,
"USA38","Davidson","POP_DEN","Population density (pop. per km2)","2001","2001","PER","Persons","0","Units",,,102,,
"USA38","Davidson","POP_DEN","Population density (pop. per km2)","2002","2002","PER","Persons","0","Units",,,103,,
"USA38","Davidson","POP_DEN","Population density (pop. per km2)","2003","2003","PER","Persons","0","Units",,,104,,
"USA38","Davidson","POP_DEN","Population density (pop. per km2)","2004","2004","PER","Persons","0","Units",,,106,,
"USA38","Davidson","POP_DEN","Population density (pop. per km2)","2005","2005","PER","Persons","0","Units",,,108,,
"USA38","Davidson","POP_DEN","Population density (pop. per km2)","2006","2006","PER","Persons","0","Units",,,111,,
"USA38","Davidson","POP_DEN","Population density (pop. per km2)","2007","2007","PER","Persons","0","Units",,,113,,
"USA38","Davidson","POP_DEN","Population density (pop. per km2)","2008","2008","PER","Persons","0","Units",,,115,,
"USA38","Davidson","POP_DEN","Population density (pop. per km2)","2009","2009","PER","Persons","0","Units",,,117,,
"USA38","Davidson","POP_DEN","Population density (pop. per km2)","2010","2010","PER","Persons","0","Units",,,118,,
"USA38","Davidson","POP_DEN","Population density (pop. per km2)","2011","2011","PER","Persons","0","Units",,,120,,
"USA38","Davidson","POP_DEN","Population density (pop. per km2)","2012","2012","PER","Persons","0","Units",,,122,,
"USA38","Davidson","POP_DEN","Population density (pop. per km2)","2013","2013","PER","Persons","0","Units",,,124,,
"USA38","Davidson","POP_DEN","Population density (pop. per km2)","2014","2014","PER","Persons","0","Units",,,127,,
"USA38","Davidson","POP_DEN","Population density (pop. per km2)","2015","2015","PER","Persons","0","Units",,,129,,
"USA38","Davidson","POP_DEN","Population density (pop. per km2)","2016","2016","PER","Persons","0","Units",,,131,,
"MEX25","Reynosa","T_T","Population, All ages. Administrative data","2000","2000","PER","Persons","0","Units",,,591897,,
"MEX25","Reynosa","T_T","Population, All ages. Administrative data","2005","2005","PER","Persons","0","Units",,,594185,,
"MEX25","Reynosa","T_T","Population, All ages. Administrative data","2010","2010","PER","Persons","0","Units",,,674001,,
"MEX25","Reynosa","T_T","Population, All ages. Administrative data","2015","2015","PER","Persons","0","Units",,,854526,,
"USA61","Worcester","T_T","Population, All ages. Administrative data","2000","2000","PER","Persons","0","Units",,,752512,,
"USA61","Worcester","T_T","Population, All ages. Administrative data","2001","2001","PER","Persons","0","Units",,,761211,,
"USA61","Worcester","T_T","Population, All ages. Administrative data","2002","2002","PER","Persons","0","Units",,,768490,,
"USA61","Worcester","T_T","Population, All ages. Administrative data","2003","2003","PER","Persons","0","Units",,,774476,,
"USA61","Worcester","T_T","Population, All ages. Administrative data","2004","2004","PER","Persons","0","Units",,,777855,,
"USA61","Worcester","T_T","Population, All ages. Administrative data","2005","2005","PER","Persons","0","Units",,,781265,,
"USA61","Worcester","T_T","Population, All ages. Administrative data","2006","2006","PER","Persons","0","Units",,,785345,,
"USA61","Worcester","T_T","Population, All ages. Administrative data","2007","2007","PER","Persons","0","Units",,,788280,,
"USA61","Worcester","T_T","Population, All ages. Administrative data","2008","2008","PER","Persons","0","Units",,,790847,,
"USA61","Worcester","T_T","Population, All ages. Administrative data","2009","2009","PER","Persons","0","Units",,,795251,,
"USA61","Worcester","T_T","Population, All ages. Administrative data","2010","2010","PER","Persons","0","Units",,,800290,,
"USA61","Worcester","T_T","Population, All ages. Administrative data","2011","2011","PER","Persons","0","Units",,,803984,,
"USA61","Worcester","T_T","Population, All ages. Administrative data","2012","2012","PER","Persons","0","Units",,,806765,,
"USA61","Worcester","T_T","Population, All ages. Administrative data","2013","2013","PER","Persons","0","Units",,,810849,,
"USA61","Worcester","T_T","Population, All ages. Administrative data","2014","2014","PER","Persons","0","Units",,,815262,,
"USA61","Worcester","T_T","Population, All ages. Administrative data","2015","2015","PER","Persons","0","Units",,,818339,,
"USA61","Worcester","T_T","Population, All ages. Administrative data","2016","2016","PER","Persons","0","Units",,,820681,,
"CAN06","Edmonton","T_T_SH_NAT","Share of population  in metropolitan area over the national value","2001","2001","RATIO","Ratio","0","Units",,,3.2,,
"CAN06","Edmonton","T_T_SH_NAT","Share of population  in metropolitan area over the national value","2002","2002","RATIO","Ratio","0","Units",,,3.3,,
"CAN06","Edmonton","T_T_SH_NAT","Share of population  in metropolitan area over the national value","2003","2003","RATIO","Ratio","0","Units",,,3.3,,
"CAN06","Edmonton","T_T_SH_NAT","Share of population  in metropolitan area over the national value","2004","2004","RATIO","Ratio","0","Units",,,3.3,,
"CAN06","Edmonton","T_T_SH_NAT","Share of population  in metropolitan area over the national value","2005","2005","RATIO","Ratio","0","Units",,,3.3,,
"CAN06","Edmonton","T_T_SH_NAT","Share of population  in metropolitan area over the national value","2006","2006","RATIO","Ratio","0","Units",,,3.4,,
"CAN06","Edmonton","T_T_SH_NAT","Share of population  in metropolitan area over the national value","2007","2007","RATIO","Ratio","0","Units",,,3.5,,
"CAN06","Edmonton","T_T_SH_NAT","Share of population  in metropolitan area over the national value","2008","2008","RATIO","Ratio","0","Units",,,3.5,,
"CAN06","Edmonton","T_T_SH_NAT","Share of population  in metropolitan area over the national value","2009","2009","RATIO","Ratio","0","Units",,,3.6,,
"CAN06","Edmonton","T_T_SH_NAT","Share of population  in metropolitan area over the national value","2010","2010","RATIO","Ratio","0","Units",,,3.5,,
"CAN06","Edmonton","T_T_SH_NAT","Share of population  in metropolitan area over the national value","2011","2011","RATIO","Ratio","0","Units",,,3.5,,
"CAN06","Edmonton","T_T_SH_NAT","Share of population  in metropolitan area over the national value","2012","2012","RATIO","Ratio","0","Units",,,3.5,,
"CAN06","Edmonton","T_T_SH_NAT","Share of population  in metropolitan area over the national value","2013","2013","RATIO","Ratio","0","Units",,,3.6,,
"CAN06","Edmonton","T_T_SH_NAT","Share of population  in metropolitan area over the national value","2014","2014","RATIO","Ratio","0","Units",,,3.6,,
"CAN06","Edmonton","T_T_SH_NAT","Share of population  in metropolitan area over the national value","2015","2015","RATIO","Ratio","0","Units",,,3.7,,
"CAN06","Edmonton","T_T_SH_NAT","Share of population  in metropolitan area over the national value","2016","2016","RATIO","Ratio","0","Units",,,3.7,,
"USA09","Miami (Greater)","T_T","Population, All ages. Administrative data","2000","2000","PER","Persons","0","Units",,,5153196,,
"USA09","Miami (Greater)","T_T","Population, All ages. Administrative data","2001","2001","PER","Persons","0","Units",,,5240636,,
"USA09","Miami (Greater)","T_T","Population, All ages. Administrative data","2002","2002","PER","Persons","0","Units",,,5330150,,
"USA09","Miami (Greater)","T_T","Population, All ages. Administrative data","2003","2003","PER","Persons","0","Units",,,5398311,,
"USA09","Miami (Greater)","T_T","Population, All ages. Administrative data","2004","2004","PER","Persons","0","Units",,,5476097,,
"USA09","Miami (Greater)","T_T","Population, All ages. Administrative data","2005","2005","PER","Persons","0","Units",,,5553060,,
"USA09","Miami (Greater)","T_T","Population, All ages. Administrative data","2006","2006","PER","Persons","0","Units",,,5571550,,
"USA09","Miami (Greater)","T_T","Population, All ages. Administrative data","2007","2007","PER","Persons","0","Units",,,5566529,,
"USA09","Miami (Greater)","T_T","Population, All ages. Administrative data","2008","2008","PER","Persons","0","Units",,,5599002,,
"USA09","Miami (Greater)","T_T","Population, All ages. Administrative data","2009","2009","PER","Persons","0","Units",,,5650130,,
"USA09","Miami (Greater)","T_T","Population, All ages. Administrative data","2010","2010","PER","Persons","0","Units",,,5730804,,
"USA09","Miami (Greater)","T_T","Population, All ages. Administrative data","2011","2011","PER","Persons","0","Units",,,5844164,,
"USA09","Miami (Greater)","T_T","Population, All ages. Administrative data","2012","2012","PER","Persons","0","Units",,,5929922,,
"USA09","Miami (Greater)","T_T","Population, All ages. Administrative data","2013","2013","PER","Persons","0","Units",,,6014211,,
"USA09","Miami (Greater)","T_T","Population, All ages. Administrative data","2014","2014","PER","Persons","0","Units",,,6096902,,
"USA09","Miami (Greater)","T_T","Population, All ages. Administrative data","2015","2015","PER","Persons","0","Units",,,6181765,,
"USA09","Miami (Greater)","T_T","Population, All ages. Administrative data","2016","2016","PER","Persons","0","Units",,,6265917,,
"FR004","Toulouse","T_T","Population, All ages. Administrative data","2000","2000","PER","Persons","0","Units",,,1029801,,
"FR004","Toulouse","T_T","Population, All ages. Administrative data","2001","2001","PER","Persons","0","Units",,,1049034,,
"FR004","Toulouse","T_T","Population, All ages. Administrative data","2002","2002","PER","Persons","0","Units",,,1068269,,
"FR004","Toulouse","T_T","Population, All ages. Administrative data","2003","2003","PER","Persons","0","Units",,,1087503,,
"FR004","Toulouse","T_T","Population, All ages. Administrative data","2004","2004","PER","Persons","0","Units",,,1106737,,
"FR004","Toulouse","T_T","Population, All ages. Administrative data","2005","2005","PER","Persons","0","Units",,,1125970,,
"FR004","Toulouse","T_T","Population, All ages. Administrative data","2006","2006","PER","Persons","0","Units",,,1145204,,
"FR004","Toulouse","T_T","Population, All ages. Administrative data","2007","2007","PER","Persons","0","Units",,,1164439,,
"FR004","Toulouse","T_T","Population, All ages. Administrative data","2008","2008","PER","Persons","0","Units",,,1183672,,
"FR004","Toulouse","T_T","Population, All ages. Administrative data","2009","2009","PER","Persons","0","Units",,,1202906,,
"FR004","Toulouse","T_T","Population, All ages. Administrative data","2010","2010","PER","Persons","0","Units",,,1221591,,
"FR004","Toulouse","T_T","Population, All ages. Administrative data","2011","2011","PER","Persons","0","Units",,,1240276,,
"FR004","Toulouse","T_T","Population, All ages. Administrative data","2012","2012","PER","Persons","0","Units",,,1258961,,
"FR004","Toulouse","T_T","Population, All ages. Administrative data","2013","2013","PER","Persons","0","Units",,,1277646,,
"FR004","Toulouse","T_T","Population, All ages. Administrative data","2014","2014","PER","Persons","0","Units",,,1296331,,
"FR004","Toulouse","T_T","Population, All ages. Administrative data","2015","2015","PER","Persons","0","Units",,,1328194,,
"CAN09","Hamilton","POP_DEN","Population density (pop. per km2)","2000","2000","PER","Persons","0","Units",,,202,,
"CAN09","Hamilton","POP_DEN","Population density (pop. per km2)","2001","2001","PER","Persons","0","Units",,,205,,
"CAN09","Hamilton","POP_DEN","Population density (pop. per km2)","2002","2002","PER","Persons","0","Units",,,207,,
"CAN09","Hamilton","POP_DEN","Population density (pop. per km2)","2003","2003","PER","Persons","0","Units",,,209,,
"CAN09","Hamilton","POP_DEN","Population density (pop. per km2)","2004","2004","PER","Persons","0","Units",,,210,,
"CAN09","Hamilton","POP_DEN","Population density (pop. per km2)","2005","2005","PER","Persons","0","Units",,,210,,
"CAN09","Hamilton","POP_DEN","Population density (pop. per km2)","2006","2006","PER","Persons","0","Units",,,211,,
"CAN09","Hamilton","POP_DEN","Population density (pop. per km2)","2007","2007","PER","Persons","0","Units",,,211,,
"CAN09","Hamilton","POP_DEN","Population density (pop. per km2)","2008","2008","PER","Persons","0","Units",,,212,,
"CAN09","Hamilton","POP_DEN","Population density (pop. per km2)","2009","2009","PER","Persons","0","Units",,,212,,
"CAN09","Hamilton","POP_DEN","Population density (pop. per km2)","2010","2010","PER","Persons","0","Units",,,211,,
"CAN09","Hamilton","POP_DEN","Population density (pop. per km2)","2011","2011","PER","Persons","0","Units",,,210,,
"CAN09","Hamilton","POP_DEN","Population density (pop. per km2)","2012","2012","PER","Persons","0","Units",,,211,,
"CAN09","Hamilton","POP_DEN","Population density (pop. per km2)","2013","2013","PER","Persons","0","Units",,,213,,
"CAN09","Hamilton","POP_DEN","Population density (pop. per km2)","2014","2014","PER","Persons","0","Units",,,214,,
"CAN09","Hamilton","POP_DEN","Population density (pop. per km2)","2015","2015","PER","Persons","0","Units",,,216,,
"CAN09","Hamilton","POP_DEN","Population density (pop. per km2)","2016","2016","PER","Persons","0","Units",,,217,,
"UK518","Derby","POP_DEN","Population density (pop. per km2)","2001","2001","PER","Persons","0","Units",,,630,,
"UK518","Derby","POP_DEN","Population density (pop. per km2)","2002","2002","PER","Persons","0","Units",,,636,,
"UK518","Derby","POP_DEN","Population density (pop. per km2)","2003","2003","PER","Persons","0","Units",,,640,,
"UK518","Derby","POP_DEN","Population density (pop. per km2)","2004","2004","PER","Persons","0","Units",,,645,,
"UK518","Derby","POP_DEN","Population density (pop. per km2)","2005","2005","PER","Persons","0","Units",,,651,,
"UK518","Derby","POP_DEN","Population density (pop. per km2)","2006","2006","PER","Persons","0","Units",,,657,,
"UK518","Derby","POP_DEN","Population density (pop. per km2)","2007","2007","PER","Persons","0","Units",,,662,,
"UK518","Derby","POP_DEN","Population density (pop. per km2)","2008","2008","PER","Persons","0","Units",,,668,,
"UK518","Derby","POP_DEN","Population density (pop. per km2)","2009","2009","PER","Persons","0","Units",,,673,,
"UK518","Derby","POP_DEN","Population density (pop. per km2)","2010","2010","PER","Persons","0","Units",,,680,,
"UK518","Derby","POP_DEN","Population density (pop. per km2)","2011","2011","PER","Persons","0","Units",,,685,,
"UK518","Derby","POP_DEN","Population density (pop. per km2)","2012","2012","PER","Persons","0","Units",,,689,,
"UK518","Derby","POP_DEN","Population density (pop. per km2)","2013","2013","PER","Persons","0","Units",,,693,,
"UK518","Derby","POP_DEN","Population density (pop. per km2)","2014","2014","PER","Persons","0","Units",,,697,,
"UK518","Derby","POP_DEN","Population density (pop. per km2)","2015","2015","PER","Persons","0","Units",,,701,,
"UK518","Derby","POP_DEN","Population density (pop. per km2)","2016","2016","PER","Persons","0","Units",,,707,,
"USA127","Madison","T_T","Population, All ages. Administrative data","2000","2000","PER","Persons","0","Units",,,278006,,
"USA127","Madison","T_T","Population, All ages. Administrative data","2001","2001","PER","Persons","0","Units",,,281517,,
"USA127","Madison","T_T","Population, All ages. Administrative data","2002","2002","PER","Persons","0","Units",,,286439,,
"USA127","Madison","T_T","Population, All ages. Administrative data","2003","2003","PER","Persons","0","Units",,,291342,,
"USA127","Madison","T_T","Population, All ages. Administrative data","2004","2004","PER","Persons","0","Units",,,295655,,
"USA127","Madison","T_T","Population, All ages. Administrative data","2005","2005","PER","Persons","0","Units",,,301474,,
"USA127","Madison","T_T","Population, All ages. Administrative data","2006","2006","PER","Persons","0","Units",,,309170,,
"USA127","Madison","T_T","Population, All ages. Administrative data","2007","2007","PER","Persons","0","Units",,,315859,,
"USA127","Madison","T_T","Population, All ages. Administrative data","2008","2008","PER","Persons","0","Units",,,323526,,
"USA127","Madison","T_T","Population, All ages. Administrative data","2009","2009","PER","Persons","0","Units",,,330856,,
"USA127","Madison","T_T","Population, All ages. Administrative data","2010","2010","PER","Persons","0","Units",,,336102,,
"USA127","Madison","T_T","Population, All ages. Administrative data","2011","2011","PER","Persons","0","Units",,,339519,,
"USA127","Madison","T_T","Population, All ages. Administrative data","2012","2012","PER","Persons","0","Units",,,342554,,
"USA127","Madison","T_T","Population, All ages. Administrative data","2013","2013","PER","Persons","0","Units",,,346373,,
"USA127","Madison","T_T","Population, All ages. Administrative data","2014","2014","PER","Persons","0","Units",,,349596,,
"USA127","Madison","T_T","Population, All ages. Administrative data","2015","2015","PER","Persons","0","Units",,,352740,,
"USA127","Madison","T_T","Population, All ages. Administrative data","2016","2016","PER","Persons","0","Units",,,356312,,
"USA37","Memphis","T_T_SH_NAT","Share of population  in metropolitan area over the national value","2001","2001","RATIO","Ratio","0","Units",,,0.4,,
"USA37","Memphis","T_T_SH_NAT","Share of population  in metropolitan area over the national value","2002","2002","RATIO","Ratio","0","Units",,,0.4,,
"USA37","Memphis","T_T_SH_NAT","Share of population  in metropolitan area over the national value","2003","2003","RATIO","Ratio","0","Units",,,0.4,,
"USA37","Memphis","T_T_SH_NAT","Share of population  in metropolitan area over the national value","2004","2004","RATIO","Ratio","0","Units",,,0.4,,
"USA37","Memphis","T_T_SH_NAT","Share of population  in metropolitan area over the national value","2005","2005","RATIO","Ratio","0","Units",,,0.4,,
"USA37","Memphis","T_T_SH_NAT","Share of population  in metropolitan area over the national value","2006","2006","RATIO","Ratio","0","Units",,,0.4,,
"USA37","Memphis","T_T_SH_NAT","Share of population  in metropolitan area over the national value","2007","2007","RATIO","Ratio","0","Units",,,0.4,,
"USA37","Memphis","T_T_SH_NAT","Share of population  in metropolitan area over the national value","2008","2008","RATIO","Ratio","0","Units",,,0.4,,
"USA37","Memphis","T_T_SH_NAT","Share of population  in metropolitan area over the national value","2009","2009","RATIO","Ratio","0","Units",,,0.4,,
"USA37","Memphis","T_T_SH_NAT","Share of population  in metropolitan area over the national value","2010","2010","RATIO","Ratio","0","Units",,,0.4,,
"USA37","Memphis","T_T_SH_NAT","Share of population  in metropolitan area over the national value","2011","2011","RATIO","Ratio","0","Units",,,0.4,,
"USA37","Memphis","T_T_SH_NAT","Share of population  in metropolitan area over the national value","2012","2012","RATIO","Ratio","0","Units",,,0.4,,
"USA37","Memphis","T_T_SH_NAT","Share of population  in metropolitan area over the national value","2013","2013","RATIO","Ratio","0","Units",,,0.4,,
"USA37","Memphis","T_T_SH_NAT","Share of population  in metropolitan area over the national value","2014","2014","RATIO","Ratio","0","Units",,,0.4,,
"USA37","Memphis","T_T_SH_NAT","Share of population  in metropolitan area over the national value","2015","2015","RATIO","Ratio","0","Units",,,0.4,,
"USA37","Memphis","T_T_SH_NAT","Share of population  in metropolitan area over the national value","2016","2016","RATIO","Ratio","0","Units",,,0.4,,
"FI001","Helsinki","POP_DEN","Population density (pop. per km2)","2000","2000","PER","Persons","0","Units",,,263,,
"FI001","Helsinki","POP_DEN","Population density (pop. per km2)","2001","2001","PER","Persons","0","Units",,,266,,
"FI001","Helsinki","POP_DEN","Population density (pop. per km2)","2002","2002","PER","Persons","0","Units",,,268,,
"FI001","Helsinki","POP_DEN","Population density (pop. per km2)","2003","2003","PER","Persons","0","Units",,,270,,
"FI001","Helsinki","POP_DEN","Population density (pop. per km2)","2004","2004","PER","Persons","0","Units",,,272,,
"FI001","Helsinki","POP_DEN","Population density (pop. per km2)","2005","2005","PER","Persons","0","Units",,,275,,
"FI001","Helsinki","POP_DEN","Population density (pop. per km2)","2006","2006","PER","Persons","0","Units",,,278,,
"FI001","Helsinki","POP_DEN","Population density (pop. per km2)","2007","2007","PER","Persons","0","Units",,,281,,
"FI001","Helsinki","POP_DEN","Population density (pop. per km2)","2008","2008","PER","Persons","0","Units",,,285,,
"FI001","Helsinki","POP_DEN","Population density (pop. per km2)","2009","2009","PER","Persons","0","Units",,,288,,
"FI001","Helsinki","POP_DEN","Population density (pop. per km2)","2010","2010","PER","Persons","0","Units",,,291,,
"FI001","Helsinki","POP_DEN","Population density (pop. per km2)","2011","2011","PER","Persons","0","Units",,,295,,
"FI001","Helsinki","POP_DEN","Population density (pop. per km2)","2012","2012","PER","Persons","0","Units",,,298,,
"FI001","Helsinki","POP_DEN","Population density (pop. per km2)","2013","2013","PER","Persons","0","Units",,,302,,
"FI001","Helsinki","POP_DEN","Population density (pop. per km2)","2014","2014","PER","Persons","0","Units",,,306,,
"FI001","Helsinki","POP_DEN","Population density (pop. per km2)","2015","2015","PER","Persons","0","Units",,,310,,
"FI001","Helsinki","POP_DEN","Population density (pop. per km2)","2016","2016","PER","Persons","0","Units",,,314,,
"MEX52","Cuautla","T_T","Population, All ages. Administrative data","2000","2000","PER","Persons","0","Units",,,260247,,
"MEX52","Cuautla","T_T","Population, All ages. Administrative data","2005","2005","PER","Persons","0","Units",,,262431,,
"MEX52","Cuautla","T_T","Population, All ages. Administrative data","2010","2010","PER","Persons","0","Units",,,299122,,
"MEX52","Cuautla","T_T","Population, All ages. Administrative data","2015","2015","PER","Persons","0","Units",,,344112,,
"CZ004","Plzen","T_T_SH_NAT","Share of population  in metropolitan area over the national value","2001","2001","RATIO","Ratio","0","Units",,,3.2,,
"CZ004","Plzen","T_T_SH_NAT","Share of population  in metropolitan area over the national value","2002","2002","RATIO","Ratio","0","Units",,,3.2,,
"CZ004","Plzen","T_T_SH_NAT","Share of population  in metropolitan area over the national value","2003","2003","RATIO","Ratio","0","Units",,,3.2,,
"CZ004","Plzen","T_T_SH_NAT","Share of population  in metropolitan area over the national value","2004","2004","RATIO","Ratio","0","Units",,,3.2,,
"CZ004","Plzen","T_T_SH_NAT","Share of population  in metropolitan area over the national value","2005","2005","RATIO","Ratio","0","Units",,,3.2,,
"CZ004","Plzen","T_T_SH_NAT","Share of population  in metropolitan area over the national value","2006","2006","RATIO","Ratio","0","Units",,,3.2,,
"CZ004","Plzen","T_T_SH_NAT","Share of population  in metropolitan area over the national value","2007","2007","RATIO","Ratio","0","Units",,,3.2,,
"CZ004","Plzen","T_T_SH_NAT","Share of population  in metropolitan area over the national value","2008","2008","RATIO","Ratio","0","Units",,,3.2,,
"CZ004","Plzen","T_T_SH_NAT","Share of population  in metropolitan area over the national value","2009","2009","RATIO","Ratio","0","Units",,,3.2,,
"CZ004","Plzen","T_T_SH_NAT","Share of population  in metropolitan area over the national value","2010","2010","RATIO","Ratio","0","Units",,,3.2,,
"CZ004","Plzen","T_T_SH_NAT","Share of population  in metropolitan area over the national value","2011","2011","RATIO","Ratio","0","Units",,,3.2,,
"CZ004","Plzen","T_T_SH_NAT","Share of population  in metropolitan area over the national value","2012","2012","RATIO","Ratio","0","Units",,,3.2,,
"CZ004","Plzen","T_T_SH_NAT","Share of population  in metropolitan area over the national value","2013","2013","RATIO","Ratio","0","Units",,,3.2,,
"CZ004","Plzen","T_T_SH_NAT","Share of population  in metropolitan area over the national value","2014","2014","RATIO","Ratio","0","Units",,,3.3,,
"CZ004","Plzen","T_T_SH_NAT","Share of population  in metropolitan area over the national value","2015","2015","RATIO","Ratio","0","Units",,,3.3,,
"CZ004","Plzen","T_T_SH_NAT","Share of population  in metropolitan area over the national value","2016","2016","RATIO","Ratio","0","Units",,,3.3,,
"MEX28","Benito Juarez","POP_DEN","Population density (pop. per km2)","2000","2000","PER","Persons","0","Units",,,252,,
"MEX28","Benito Juarez","POP_DEN","Population density (pop. per km2)","2005","2005","PER","Persons","0","Units",,,227,,
"MEX28","Benito Juarez","POP_DEN","Population density (pop. per km2)","2010","2010","PER","Persons","0","Units",,,306,,
"MEX28","Benito Juarez","POP_DEN","Population density (pop. per km2)","2015","2015","PER","Persons","0","Units",,,370,,
"MEX09","Merida","POP_DEN","Population density (pop. per km2)","2000","2000","PER","Persons","0","Units",,,95,,
"MEX09","Merida","POP_DEN","Population density (pop. per km2)","2005","2005","PER","Persons","0","Units",,,93,,
"MEX09","Merida","POP_DEN","Population density (pop. per km2)","2010","2010","PER","Persons","0","Units",,,102,,
"MEX09","Merida","POP_DEN","Population density (pop. per km2)","2015","2015","PER","Persons","0","Units",,,115,,
"USA153","Minnehaha","POP_DEN","Population density (pop. per km2)","2000","2000","PER","Persons","0","Units",,,20,,
"USA153","Minnehaha","POP_DEN","Population density (pop. per km2)","2001","2001","PER","Persons","0","Units",,,20,,
"USA153","Minnehaha","POP_DEN","Population density (pop. per km2)","2002","2002","PER","Persons","0","Units",,,21,,
"USA153","Minnehaha","POP_DEN","Population density (pop. per km2)","2003","2003","PER","Persons","0","Units",,,21,,
"USA153","Minnehaha","POP_DEN","Population density (pop. per km2)","2004","2004","PER","Persons","0","Units",,,21,,
"USA153","Minnehaha","POP_DEN","Population density (pop. per km2)","2005","2005","PER","Persons","0","Units",,,22,,
"USA153","Minnehaha","POP_DEN","Population density (pop. per km2)","2006","2006","PER","Persons","0","Units",,,22,,
"USA153","Minnehaha","POP_DEN","Population density (pop. per km2)","2007","2007","PER","Persons","0","Units",,,23,,
"USA153","Minnehaha","POP_DEN","Population density (pop. per km2)","2008","2008","PER","Persons","0","Units",,,23,,
"USA153","Minnehaha","POP_DEN","Population density (pop. per km2)","2009","2009","PER","Persons","0","Units",,,23,,
"USA153","Minnehaha","POP_DEN","Population density (pop. per km2)","2010","2010","PER","Persons","0","Units",,,24,,
"USA153","Minnehaha","POP_DEN","Population density (pop. per km2)","2011","2011","PER","Persons","0","Units",,,24,,
"USA153","Minnehaha","POP_DEN","Population density (pop. per km2)","2012","2012","PER","Persons","0","Units",,,24,,
"USA153","Minnehaha","POP_DEN","Population density (pop. per km2)","2013","2013","PER","Persons","0","Units",,,25,,
"USA153","Minnehaha","POP_DEN","Population density (pop. per km2)","2014","2014","PER","Persons","0","Units",,,25,,
"USA153","Minnehaha","POP_DEN","Population density (pop. per km2)","2015","2015","PER","Persons","0","Units",,,26,,
"USA153","Minnehaha","POP_DEN","Population density (pop. per km2)","2016","2016","PER","Persons","0","Units",,,26,,
"KOR14","Jeju","T_T","Population, All ages. Administrative data","2000","2000","PER","Persons","0","Units",,,361268,,
"KOR14","Jeju","T_T","Population, All ages. Administrative data","2001","2001","PER","Persons","0","Units",,,366861,,
"KOR14","Jeju","T_T","Population, All ages. Administrative data","2002","2002","PER","Persons","0","Units",,,372454,,
"KOR14","Jeju","T_T","Population, All ages. Administrative data","2003","2003","PER","Persons","0","Units",,,378047,,
"KOR14","Jeju","T_T","Population, All ages. Administrative data","2004","2004","PER","Persons","0","Units",,,383639,,
"KOR14","Jeju","T_T","Population, All ages. Administrative data","2005","2005","PER","Persons","0","Units",,,389232,,
"KOR14","Jeju","T_T","Population, All ages. Administrative data","2006","2006","PER","Persons","0","Units",,,394825,,
"KOR14","Jeju","T_T","Population, All ages. Administrative data","2007","2007","PER","Persons","0","Units",,,400418,,
"KOR14","Jeju","T_T","Population, All ages. Administrative data","2008","2008","PER","Persons","0","Units",,,406011,,
"KOR14","Jeju","T_T","Population, All ages. Administrative data","2009","2009","PER","Persons","0","Units",,,411604,,
"KOR14","Jeju","T_T","Population, All ages. Administrative data","2010","2010","PER","Persons","0","Units",,,417197,,
"KOR14","Jeju","T_T","Population, All ages. Administrative data","2011","2011","PER","Persons","0","Units",,,422790,,
"KOR14","Jeju","T_T","Population, All ages. Administrative data","2012","2012","PER","Persons","0","Units",,,429656,,
"KOR14","Jeju","T_T","Population, All ages. Administrative data","2013","2013","PER","Persons","0","Units",,,438165,,
"KOR14","Jeju","T_T","Population, All ages. Administrative data","2014","2014","PER","Persons","0","Units",,,448834,,
"KOR14","Jeju","T_T","Population, All ages. Administrative data","2015","2015","PER","Persons","0","Units",,,459876,,
"KOR14","Jeju","T_T","Population, All ages. Administrative data","2016","2016","PER","Persons","0","Units",,,470665,,
"KOR04","Gwangsan","T_T_SH_NAT","Share of population  in metropolitan area over the national value","2001","2001","RATIO","Ratio","0","Units",,,3.1,,
"KOR04","Gwangsan","T_T_SH_NAT","Share of population  in metropolitan area over the national value","2002","2002","RATIO","Ratio","0","Units",,,3.1,,
"KOR04","Gwangsan","T_T_SH_NAT","Share of population  in metropolitan area over the national value","2003","2003","RATIO","Ratio","0","Units",,,3.1,,
"KOR04","Gwangsan","T_T_SH_NAT","Share of population  in metropolitan area over the national value","2004","2004","RATIO","Ratio","0","Units",,,3.1,,
"KOR04","Gwangsan","T_T_SH_NAT","Share of population  in metropolitan area over the national value","2005","2005","RATIO","Ratio","0","Units",,,3.1,,
"KOR04","Gwangsan","T_T_SH_NAT","Share of population  in metropolitan area over the national value","2006","2006","RATIO","Ratio","0","Units",,,3.1,,
"KOR04","Gwangsan","T_T_SH_NAT","Share of population  in metropolitan area over the national value","2007","2007","RATIO","Ratio","0","Units",,,3.1,,
"KOR04","Gwangsan","T_T_SH_NAT","Share of population  in metropolitan area over the national value","2008","2008","RATIO","Ratio","0","Units",,,3.1,,
"KOR04","Gwangsan","T_T_SH_NAT","Share of population  in metropolitan area over the national value","2009","2009","RATIO","Ratio","0","Units",,,3.2,,
"KOR04","Gwangsan","T_T_SH_NAT","Share of population  in metropolitan area over the national value","2010","2010","RATIO","Ratio","0","Units",,,3.2,,
"KOR04","Gwangsan","T_T_SH_NAT","Share of population  in metropolitan area over the national value","2011","2011","RATIO","Ratio","0","Units",,,3.2,,
"KOR04","Gwangsan","T_T_SH_NAT","Share of population  in metropolitan area over the national value","2012","2012","RATIO","Ratio","0","Units",,,3.2,,
"KOR04","Gwangsan","T_T_SH_NAT","Share of population  in metropolitan area over the national value","2013","2013","RATIO","Ratio","0","Units",,,3.1,,
"KOR04","Gwangsan","T_T_SH_NAT","Share of population  in metropolitan area over the national value","2014","2014","RATIO","Ratio","0","Units",,,3.1,,
"KOR04","Gwangsan","T_T_SH_NAT","Share of population  in metropolitan area over the national value","2015","2015","RATIO","Ratio","0","Units",,,3.1,,
"KOR04","Gwangsan","T_T_SH_NAT","Share of population  in metropolitan area over the national value","2016","2016","RATIO","Ratio","0","Units",,,3.1,,
"JPN46","Fuji","POP_DEN","Population density (pop. per km2)","2000","2000","PER","Persons","0","Units",,,470,,
"JPN46","Fuji","POP_DEN","Population density (pop. per km2)","2001","2001","PER","Persons","0","Units",,,471,,
"JPN46","Fuji","POP_DEN","Population density (pop. per km2)","2002","2002","PER","Persons","0","Units",,,471,,
"JPN46","Fuji","POP_DEN","Population density (pop. per km2)","2003","2003","PER","Persons","0","Units",,,472,,
"JPN46","Fuji","POP_DEN","Population density (pop. per km2)","2004","2004","PER","Persons","0","Units",,,472,,
"JPN46","Fuji","POP_DEN","Population density (pop. per km2)","2005","2005","PER","Persons","0","Units",,,473,,
"JPN46","Fuji","POP_DEN","Population density (pop. per km2)","2006","2006","PER","Persons","0","Units",,,473,,
"JPN46","Fuji","POP_DEN","Population density (pop. per km2)","2007","2007","PER","Persons","0","Units",,,472,,
"JPN46","Fuji","POP_DEN","Population density (pop. per km2)","2008","2008","PER","Persons","0","Units",,,472,,
"JPN46","Fuji","POP_DEN","Population density (pop. per km2)","2009","2009","PER","Persons","0","Units",,,472,,
"JPN46","Fuji","POP_DEN","Population density (pop. per km2)","2010","2010","PER","Persons","0","Units",,,471,,
"JPN46","Fuji","POP_DEN","Population density (pop. per km2)","2011","2011","PER","Persons","0","Units",,,469,,
"JPN46","Fuji","POP_DEN","Population density (pop. per km2)","2012","2012","PER","Persons","0","Units",,,466,,
"JPN46","Fuji","POP_DEN","Population density (pop. per km2)","2013","2013","PER","Persons","0","Units",,,464,,
"JPN46","Fuji","POP_DEN","Population density (pop. per km2)","2014","2014","PER","Persons","0","Units",,,461,,
"JPN46","Fuji","POP_DEN","Population density (pop. per km2)","2015","2015","PER","Persons","0","Units",,,459,,
"USA30","Austin","T_T","Population, All ages. Administrative data","2000","2000","PER","Persons","0","Units",,,1273445,,
"USA30","Austin","T_T","Population, All ages. Administrative data","2001","2001","PER","Persons","0","Units",,,1330092,,
"USA30","Austin","T_T","Population, All ages. Administrative data","2002","2002","PER","Persons","0","Units",,,1356772,,
"USA30","Austin","T_T","Population, All ages. Administrative data","2003","2003","PER","Persons","0","Units",,,1385126,,
"USA30","Austin","T_T","Population, All ages. Administrative data","2004","2004","PER","Persons","0","Units",,,1419395,,
"USA30","Austin","T_T","Population, All ages. Administrative data","2005","2005","PER","Persons","0","Units",,,1462912,,
"USA30","Austin","T_T","Population, All ages. Administrative data","2006","2006","PER","Persons","0","Units",,,1525171,,
"USA30","Austin","T_T","Population, All ages. Administrative data","2007","2007","PER","Persons","0","Units",,,1587691,,
"USA30","Austin","T_T","Population, All ages. Administrative data","2008","2008","PER","Persons","0","Units",,,1643931,,
"USA30","Austin","T_T","Population, All ages. Administrative data","2009","2009","PER","Persons","0","Units",,,1692653,,
"USA30","Austin","T_T","Population, All ages. Administrative data","2010","2010","PER","Persons","0","Units",,,1738004,,
"USA30","Austin","T_T","Population, All ages. Administrative data","2011","2011","PER","Persons","0","Units",,,1791179,,
"USA30","Austin","T_T","Population, All ages. Administrative data","2012","2012","PER","Persons","0","Units",,,1845180,,
"USA30","Austin","T_T","Population, All ages. Administrative data","2013","2013","PER","Persons","0","Units",,,1894164,,
"USA30","Austin","T_T","Population, All ages. Administrative data","2014","2014","PER","Persons","0","Units",,,1953059,,
"USA30","Austin","T_T","Population, All ages. Administrative data","2015","2015","PER","Persons","0","Units",,,2011822,,
"USA30","Austin","T_T","Population, All ages. Administrative data","2016","2016","PER","Persons","0","Units",,,2071899,,
"ES001","Madrid","T_T","Population, All ages. Administrative data","2000","2000","PER","Persons","0","Units",,,5282010,,
"ES001","Madrid","T_T","Population, All ages. Administrative data","2001","2001","PER","Persons","0","Units",,,5366464,,
"ES001","Madrid","T_T","Population, All ages. Administrative data","2002","2002","PER","Persons","0","Units",,,5450919,,
"ES001","Madrid","T_T","Population, All ages. Administrative data","2003","2003","PER","Persons","0","Units",,,5535373,,
"ES001","Madrid","T_T","Population, All ages. Administrative data","2004","2004","PER","Persons","0","Units",,,5619827,,
"ES001","Madrid","T_T","Population, All ages. Administrative data","2005","2005","PER","Persons","0","Units",,,5704281,,
"ES001","Madrid","T_T","Population, All ages. Administrative data","2006","2006","PER","Persons","0","Units",,,5788736,,
"ES001","Madrid","T_T","Population, All ages. Administrative data","2007","2007","PER","Persons","0","Units",,,5873189,,
"ES001","Madrid","T_T","Population, All ages. Administrative data","2008","2008","PER","Persons","0","Units",,,5957643,,
"ES001","Madrid","T_T","Population, All ages. Administrative data","2009","2009","PER","Persons","0","Units",,,6042099,,
"ES001","Madrid","T_T","Population, All ages. Administrative data","2010","2010","PER","Persons","0","Units",,,6126553,,
"ES001","Madrid","T_T","Population, All ages. Administrative data","2011","2011","PER","Persons","0","Units",,,6211006,,
"ES001","Madrid","T_T","Population, All ages. Administrative data","2012","2012","PER","Persons","0","Units",,,6295461,,
"ES001","Madrid","T_T","Population, All ages. Administrative data","2013","2013","PER","Persons","0","Units",,,6379915,,
"ES001","Madrid","T_T","Population, All ages. Administrative data","2014","2014","PER","Persons","0","Units",,,6464369,,
"ES001","Madrid","T_T","Population, All ages. Administrative data","2015","2015","PER","Persons","0","Units",,,6548823,,
"ES001","Madrid","T_T","Population, All ages. Administrative data","2016","2016","PER","Persons","0","Units",,,6633278,,
"USA136","Muscogee","POP_DEN","Population density (pop. per km2)","2000","2000","PER","Persons","0","Units",,,40,,
"USA136","Muscogee","POP_DEN","Population density (pop. per km2)","2001","2001","PER","Persons","0","Units",,,40,,
"USA136","Muscogee","POP_DEN","Population density (pop. per km2)","2002","2002","PER","Persons","0","Units",,,41,,
"USA136","Muscogee","POP_DEN","Population density (pop. per km2)","2003","2003","PER","Persons","0","Units",,,40,,
"USA136","Muscogee","POP_DEN","Population density (pop. per km2)","2004","2004","PER","Persons","0","Units",,,41,,
"USA136","Muscogee","POP_DEN","Population density (pop. per km2)","2005","2005","PER","Persons","0","Units",,,41,,
"USA136","Muscogee","POP_DEN","Population density (pop. per km2)","2006","2006","PER","Persons","0","Units",,,41,,
"USA136","Muscogee","POP_DEN","Population density (pop. per km2)","2007","2007","PER","Persons","0","Units",,,41,,
"USA136","Muscogee","POP_DEN","Population density (pop. per km2)","2008","2008","PER","Persons","0","Units",,,41,,
"USA136","Muscogee","POP_DEN","Population density (pop. per km2)","2009","2009","PER","Persons","0","Units",,,42,,
"USA136","Muscogee","POP_DEN","Population density (pop. per km2)","2010","2010","PER","Persons","0","Units",,,42,,
"USA136","Muscogee","POP_DEN","Population density (pop. per km2)","2011","2011","PER","Persons","0","Units",,,43,,
"USA136","Muscogee","POP_DEN","Population density (pop. per km2)","2012","2012","PER","Persons","0","Units",,,44,,
"USA136","Muscogee","POP_DEN","Population density (pop. per km2)","2013","2013","PER","Persons","0","Units",,,45,,
"USA136","Muscogee","POP_DEN","Population density (pop. per km2)","2014","2014","PER","Persons","0","Units",,,44,,
"USA136","Muscogee","POP_DEN","Population density (pop. per km2)","2015","2015","PER","Persons","0","Units",,,44,,
"USA136","Muscogee","POP_DEN","Population density (pop. per km2)","2016","2016","PER","Persons","0","Units",,,44,,
"JPN38","Fujieda","T_T","Population, All ages. Administrative data","2000","2000","PER","Persons","0","Units",,,464791,,
"JPN38","Fujieda","T_T","Population, All ages. Administrative data","2001","2001","PER","Persons","0","Units",,,465092,,
"JPN38","Fujieda","T_T","Population, All ages. Administrative data","2002","2002","PER","Persons","0","Units",,,465393,,
"JPN38","Fujieda","T_T","Population, All ages. Administrative data","2003","2003","PER","Persons","0","Units",,,465695,,
"JPN38","Fujieda","T_T","Population, All ages. Administrative data","2004","2004","PER","Persons","0","Units",,,465996,,
"JPN38","Fujieda","T_T","Population, All ages. Administrative data","2005","2005","PER","Persons","0","Units",,,466297,,
"JPN38","Fujieda","T_T","Population, All ages. Administrative data","2006","2006","PER","Persons","0","Units",,,465635,,
"JPN38","Fujieda","T_T","Population, All ages. Administrative data","2007","2007","PER","Persons","0","Units",,,464973,,
"JPN38","Fujieda","T_T","Population, All ages. Administrative data","2008","2008","PER","Persons","0","Units",,,464310,,
"JPN38","Fujieda","T_T","Population, All ages. Administrative data","2009","2009","PER","Persons","0","Units",,,463648,,
"JPN38","Fujieda","T_T","Population, All ages. Administrative data","2010","2010","PER","Persons","0","Units",,,462986,,
"JPN38","Fujieda","T_T","Population, All ages. Administrative data","2011","2011","PER","Persons","0","Units",,,461207,,
"JPN38","Fujieda","T_T","Population, All ages. Administrative data","2012","2012","PER","Persons","0","Units",,,459428,,
"JPN38","Fujieda","T_T","Population, All ages. Administrative data","2013","2013","PER","Persons","0","Units",,,457650,,
"JPN38","Fujieda","T_T","Population, All ages. Administrative data","2014","2014","PER","Persons","0","Units",,,455871,,
"JPN38","Fujieda","T_T","Population, All ages. Administrative data","2015","2015","PER","Persons","0","Units",,,454092,,
"USA157","Kalamazoo","T_T","Population, All ages. Administrative data","2000","2000","PER","Persons","0","Units",,,239008,,
"USA157","Kalamazoo","T_T","Population, All ages. Administrative data","2001","2001","PER","Persons","0","Units",,,240080,,
"USA157","Kalamazoo","T_T","Population, All ages. Administrative data","2002","2002","PER","Persons","0","Units",,,241937,,
"USA157","Kalamazoo","T_T","Population, All ages. Administrative data","2003","2003","PER","Persons","0","Units",,,243834,,
"USA157","Kalamazoo","T_T","Population, All ages. Administrative data","2004","2004","PER","Persons","0","Units",,,242505,,
"USA157","Kalamazoo","T_T","Population, All ages. Administrative data","2005","2005","PER","Persons","0","Units",,,243259,,
"USA157","Kalamazoo","T_T","Population, All ages. Administrative data","2006","2006","PER","Persons","0","Units",,,244178,,
"USA157","Kalamazoo","T_T","Population, All ages. Administrative data","2007","2007","PER","Persons","0","Units",,,245431,,
"USA157","Kalamazoo","T_T","Population, All ages. Administrative data","2008","2008","PER","Persons","0","Units",,,246862,,
"USA157","Kalamazoo","T_T","Population, All ages. Administrative data","2009","2009","PER","Persons","0","Units",,,249023,,
"USA157","Kalamazoo","T_T","Population, All ages. Administrative data","2010","2010","PER","Persons","0","Units",,,250723,,
"USA157","Kalamazoo","T_T","Population, All ages. Administrative data","2011","2011","PER","Persons","0","Units",,,252430,,
"USA157","Kalamazoo","T_T","Population, All ages. Administrative data","2012","2012","PER","Persons","0","Units",,,255085,,
"USA157","Kalamazoo","T_T","Population, All ages. Administrative data","2013","2013","PER","Persons","0","Units",,,256956,,
"USA157","Kalamazoo","T_T","Population, All ages. Administrative data","2014","2014","PER","Persons","0","Units",,,258626,,
"USA157","Kalamazoo","T_T","Population, All ages. Administrative data","2015","2015","PER","Persons","0","Units",,,259525,,
"USA157","Kalamazoo","T_T","Population, All ages. Administrative data","2016","2016","PER","Persons","0","Units",,,261056,,
"JPN10","Naha","POP_DEN","Population density (pop. per km2)","2000","2000","PER","Persons","0","Units",,,2063,,
"JPN10","Naha","POP_DEN","Population density (pop. per km2)","2001","2001","PER","Persons","0","Units",,,2081,,
"JPN10","Naha","POP_DEN","Population density (pop. per km2)","2002","2002","PER","Persons","0","Units",,,2100,,
"JPN10","Naha","POP_DEN","Population density (pop. per km2)","2003","2003","PER","Persons","0","Units",,,2118,,
"JPN10","Naha","POP_DEN","Population density (pop. per km2)","2004","2004","PER","Persons","0","Units",,,2136,,
"JPN10","Naha","POP_DEN","Population density (pop. per km2)","2005","2005","PER","Persons","0","Units",,,2154,,
"JPN10","Naha","POP_DEN","Population density (pop. per km2)","2006","2006","PER","Persons","0","Units",,,2165,,
"JPN10","Naha","POP_DEN","Population density (pop. per km2)","2007","2007","PER","Persons","0","Units",,,2175,,
"JPN10","Naha","POP_DEN","Population density (pop. per km2)","2008","2008","PER","Persons","0","Units",,,2186,,
"JPN10","Naha","POP_DEN","Population density (pop. per km2)","2009","2009","PER","Persons","0","Units",,,2196,,
"JPN10","Naha","POP_DEN","Population density (pop. per km2)","2010","2010","PER","Persons","0","Units",,,2206,,
"JPN10","Naha","POP_DEN","Population density (pop. per km2)","2011","2011","PER","Persons","0","Units",,,2219,,
"JPN10","Naha","POP_DEN","Population density (pop. per km2)","2012","2012","PER","Persons","0","Units",,,2232,,
"JPN10","Naha","POP_DEN","Population density (pop. per km2)","2013","2013","PER","Persons","0","Units",,,2244,,
"JPN10","Naha","POP_DEN","Population density (pop. per km2)","2014","2014","PER","Persons","0","Units",,,2257,,
"JPN10","Naha","POP_DEN","Population density (pop. per km2)","2015","2015","PER","Persons","0","Units",,,2270,,
"IT005","Palermo","T_T","Population, All ages. Administrative data","2000","2000","PER","Persons","0","Units",,,1000611,,
"IT005","Palermo","T_T","Population, All ages. Administrative data","2001","2001","PER","Persons","0","Units",,,1000787,,
"IT005","Palermo","T_T","Population, All ages. Administrative data","2002","2002","PER","Persons","0","Units",,,1000963,,
"IT005","Palermo","T_T","Population, All ages. Administrative data","2003","2003","PER","Persons","0","Units",,,1001139,,
"IT005","Palermo","T_T","Population, All ages. Administrative data","2004","2004","PER","Persons","0","Units",,,1001315,,
"IT005","Palermo","T_T","Population, All ages. Administrative data","2005","2005","PER","Persons","0","Units",,,1001492,,
"IT005","Palermo","T_T","Population, All ages. Administrative data","2006","2006","PER","Persons","0","Units",,,1001667,,
"IT005","Palermo","T_T","Population, All ages. Administrative data","2007","2007","PER","Persons","0","Units",,,1001843,,
"IT005","Palermo","T_T","Population, All ages. Administrative data","2008","2008","PER","Persons","0","Units",,,1002019,,
"IT005","Palermo","T_T","Population, All ages. Administrative data","2009","2009","PER","Persons","0","Units",,,1002195,,
"IT005","Palermo","T_T","Population, All ages. Administrative data","2010","2010","PER","Persons","0","Units",,,1002371,,
"IT005","Palermo","T_T","Population, All ages. Administrative data","2011","2011","PER","Persons","0","Units",,,1002547,,
"IT005","Palermo","T_T","Population, All ages. Administrative data","2012","2012","PER","Persons","0","Units",,,1002723,,
"IT005","Palermo","T_T","Population, All ages. Administrative data","2013","2013","PER","Persons","0","Units",,,1003626,,
"IT005","Palermo","T_T","Population, All ages. Administrative data","2014","2014","PER","Persons","0","Units",,,1035347,,
"IT005","Palermo","T_T","Population, All ages. Administrative data","2015","2015","PER","Persons","0","Units",,,1036973,,
"IT005","Palermo","T_T","Population, All ages. Administrative data","2016","2016","PER","Persons","0","Units",,,1033226,,
"PL514","Tarnow","POP_DEN","Population density (pop. per km2)","2001","2001","PER","Persons","0","Units",,,222,,
"PL514","Tarnow","POP_DEN","Population density (pop. per km2)","2002","2002","PER","Persons","0","Units",,,223,,
"PL514","Tarnow","POP_DEN","Population density (pop. per km2)","2003","2003","PER","Persons","0","Units",,,223,,
"PL514","Tarnow","POP_DEN","Population density (pop. per km2)","2004","2004","PER","Persons","0","Units",,,223,,
"PL514","Tarnow","POP_DEN","Population density (pop. per km2)","2005","2005","PER","Persons","0","Units",,,223,,
"PL514","Tarnow","POP_DEN","Population density (pop. per km2)","2006","2006","PER","Persons","0","Units",,,223,,
"PL514","Tarnow","POP_DEN","Population density (pop. per km2)","2007","2007","PER","Persons","0","Units",,,233,,
"PL514","Tarnow","POP_DEN","Population density (pop. per km2)","2008","2008","PER","Persons","0","Units",,,233,,
"PL514","Tarnow","POP_DEN","Population density (pop. per km2)","2009","2009","PER","Persons","0","Units",,,234,,
"PL514","Tarnow","POP_DEN","Population density (pop. per km2)","2010","2010","PER","Persons","0","Units",,,243,,
"PL514","Tarnow","POP_DEN","Population density (pop. per km2)","2011","2011","PER","Persons","0","Units",,,243,,
"PL514","Tarnow","POP_DEN","Population density (pop. per km2)","2012","2012","PER","Persons","0","Units",,,243,,
"PL514","Tarnow","POP_DEN","Population density (pop. per km2)","2013","2013","PER","Persons","0","Units",,,243,,
"PL514","Tarnow","POP_DEN","Population density (pop. per km2)","2014","2014","PER","Persons","0","Units",,,243,,
"PL514","Tarnow","POP_DEN","Population density (pop. per km2)","2015","2015","PER","Persons","0","Units",,,243,,
"PL514","Tarnow","POP_DEN","Population density (pop. per km2)","2016","2016","PER","Persons","0","Units",,,243,,
"DE014","Nuremberg","POP_DEN","Population density (pop. per km2)","2001","2001","PER","Persons","0","Units",,,434,,
"DE014","Nuremberg","POP_DEN","Population density (pop. per km2)","2002","2002","PER","Persons","0","Units",,,436,,
"DE014","Nuremberg","POP_DEN","Population density (pop. per km2)","2003","2003","PER","Persons","0","Units",,,438,,
"DE014","Nuremberg","POP_DEN","Population density (pop. per km2)","2004","2004","PER","Persons","0","Units",,,439,,
"DE014","Nuremberg","POP_DEN","Population density (pop. per km2)","2005","2005","PER","Persons","0","Units",,,440,,
"DE014","Nuremberg","POP_DEN","Population density (pop. per km2)","2006","2006","PER","Persons","0","Units",,,441,,
"DE014","Nuremberg","POP_DEN","Population density (pop. per km2)","2007","2007","PER","Persons","0","Units",,,442,,
"DE014","Nuremberg","POP_DEN","Population density (pop. per km2)","2008","2008","PER","Persons","0","Units",,,443,,
"DE014","Nuremberg","POP_DEN","Population density (pop. per km2)","2009","2009","PER","Persons","0","Units",,,443,,
"DE014","Nuremberg","POP_DEN","Population density (pop. per km2)","2010","2010","PER","Persons","0","Units",,,443,,
"DE014","Nuremberg","POP_DEN","Population density (pop. per km2)","2011","2011","PER","Persons","0","Units",,,434,,
"DE014","Nuremberg","POP_DEN","Population density (pop. per km2)","2012","2012","PER","Persons","0","Units",,,437,,
"DE014","Nuremberg","POP_DEN","Population density (pop. per km2)","2013","2013","PER","Persons","0","Units",,,440,,
"DE014","Nuremberg","POP_DEN","Population density (pop. per km2)","2014","2014","PER","Persons","0","Units",,,443,,
"DE014","Nuremberg","POP_DEN","Population density (pop. per km2)","2015","2015","PER","Persons","0","Units",,,445,,
"DE014","Nuremberg","POP_DEN","Population density (pop. per km2)","2016","2016","PER","Persons","0","Units",,,452,,
"MEX56","Colima","POP_DEN","Population density (pop. per km2)","2000","2000","PER","Persons","0","Units",,,210,,
"MEX56","Colima","POP_DEN","Population density (pop. per km2)","2005","2005","PER","Persons","0","Units",,,214,,
"MEX56","Colima","POP_DEN","Population density (pop. per km2)","2010","2010","PER","Persons","0","Units",,,252,,
"MEX56","Colima","POP_DEN","Population density (pop. per km2)","2015","2015","PER","Persons","0","Units",,,303,,
"UK546","Colchester","T_T","Population, All ages. Administrative data","2001","2001","PER","Persons","0","Units",,,294818,,
"UK546","Colchester","T_T","Population, All ages. Administrative data","2002","2002","PER","Persons","0","Units",,,295373,,
"UK546","Colchester","T_T","Population, All ages. Administrative data","2003","2003","PER","Persons","0","Units",,,297073,,
"UK546","Colchester","T_T","Population, All ages. Administrative data","2004","2004","PER","Persons","0","Units",,,298992,,
"UK546","Colchester","T_T","Population, All ages. Administrative data","2005","2005","PER","Persons","0","Units",,,302363,,
"UK546","Colchester","T_T","Population, All ages. Administrative data","2006","2006","PER","Persons","0","Units",,,304270,,
"UK546","Colchester","T_T","Population, All ages. Administrative data","2007","2007","PER","Persons","0","Units",,,306197,,
"UK546","Colchester","T_T","Population, All ages. Administrative data","2008","2008","PER","Persons","0","Units",,,308348,,
"UK546","Colchester","T_T","Population, All ages. Administrative data","2009","2009","PER","Persons","0","Units",,,308620,,
"UK546","Colchester","T_T","Population, All ages. Administrative data","2010","2010","PER","Persons","0","Units",,,310737,,
"UK546","Colchester","T_T","Population, All ages. Administrative data","2011","2011","PER","Persons","0","Units",,,311676,,
"UK546","Colchester","T_T","Population, All ages. Administrative data","2012","2012","PER","Persons","0","Units",,,314580,,
"UK546","Colchester","T_T","Population, All ages. Administrative data","2013","2013","PER","Persons","0","Units",,,317030,,
"UK546","Colchester","T_T","Population, All ages. Administrative data","2014","2014","PER","Persons","0","Units",,,321368,,
"UK546","Colchester","T_T","Population, All ages. Administrative data","2015","2015","PER","Persons","0","Units",,,326706,,
"UK546","Colchester","T_T","Population, All ages. Administrative data","2016","2016","PER","Persons","0","Units",,,330986,,
"DE517","Osnabruck","POP_DEN","Population density (pop. per km2)","2001","2001","PER","Persons","0","Units",,,231,,
"DE517","Osnabruck","POP_DEN","Population density (pop. per km2)","2002","2002","PER","Persons","0","Units",,,233,,
"DE517","Osnabruck","POP_DEN","Population density (pop. per km2)","2003","2003","PER","Persons","0","Units",,,233,,
"DE517","Osnabruck","POP_DEN","Population density (pop. per km2)","2004","2004","PER","Persons","0","Units",,,234,,
"DE517","Osnabruck","POP_DEN","Population density (pop. per km2)","2005","2005","PER","Persons","0","Units",,,234,,
"DE517","Osnabruck","POP_DEN","Population density (pop. per km2)","2006","2006","PER","Persons","0","Units",,,234,,
"DE517","Osnabruck","POP_DEN","Population density (pop. per km2)","2007","2007","PER","Persons","0","Units",,,234,,
"DE517","Osnabruck","POP_DEN","Population density (pop. per km2)","2008","2008","PER","Persons","0","Units",,,233,,
"DE517","Osnabruck","POP_DEN","Population density (pop. per km2)","2009","2009","PER","Persons","0","Units",,,233,,
"DE517","Osnabruck","POP_DEN","Population density (pop. per km2)","2010","2010","PER","Persons","0","Units",,,233,,
"DE517","Osnabruck","POP_DEN","Population density (pop. per km2)","2011","2011","PER","Persons","0","Units",,,226,,
"DE517","Osnabruck","POP_DEN","Population density (pop. per km2)","2012","2012","PER","Persons","0","Units",,,226,,
"DE517","Osnabruck","POP_DEN","Population density (pop. per km2)","2013","2013","PER","Persons","0","Units",,,226,,
"DE517","Osnabruck","POP_DEN","Population density (pop. per km2)","2014","2014","PER","Persons","0","Units",,,227,,
"DE517","Osnabruck","POP_DEN","Population density (pop. per km2)","2015","2015","PER","Persons","0","Units",,,227,,
"DE517","Osnabruck","POP_DEN","Population density (pop. per km2)","2016","2016","PER","Persons","0","Units",,,233,,
"IT001","Rome","POP_DEN","Population density (pop. per km2)","2000","2000","PER","Persons","0","Units",,,614,,
"IT001","Rome","POP_DEN","Population density (pop. per km2)","2001","2001","PER","Persons","0","Units",,,618,,
"IT001","Rome","POP_DEN","Population density (pop. per km2)","2002","2002","PER","Persons","0","Units",,,622,,
"IT001","Rome","POP_DEN","Population density (pop. per km2)","2003","2003","PER","Persons","0","Units",,,625,,
"IT001","Rome","POP_DEN","Population density (pop. per km2)","2004","2004","PER","Persons","0","Units",,,629,,
"IT001","Rome","POP_DEN","Population density (pop. per km2)","2005","2005","PER","Persons","0","Units",,,633,,
"IT001","Rome","POP_DEN","Population density (pop. per km2)","2006","2006","PER","Persons","0","Units",,,637,,
"IT001","Rome","POP_DEN","Population density (pop. per km2)","2007","2007","PER","Persons","0","Units",,,641,,
"IT001","Rome","POP_DEN","Population density (pop. per km2)","2008","2008","PER","Persons","0","Units",,,644,,
"IT001","Rome","POP_DEN","Population density (pop. per km2)","2009","2009","PER","Persons","0","Units",,,648,,
"IT001","Rome","POP_DEN","Population density (pop. per km2)","2010","2010","PER","Persons","0","Units",,,652,,
"IT001","Rome","POP_DEN","Population density (pop. per km2)","2011","2011","PER","Persons","0","Units",,,656,,
"IT001","Rome","POP_DEN","Population density (pop. per km2)","2012","2012","PER","Persons","0","Units",,,660,,
"IT001","Rome","POP_DEN","Population density (pop. per km2)","2013","2013","PER","Persons","0","Units",,,667,,
"IT001","Rome","POP_DEN","Population density (pop. per km2)","2014","2014","PER","Persons","0","Units",,,713,,
"IT001","Rome","POP_DEN","Population density (pop. per km2)","2015","2015","PER","Persons","0","Units",,,717,,
"IT001","Rome","POP_DEN","Population density (pop. per km2)","2016","2016","PER","Persons","0","Units",,,716,,
"USA133","Thurston","T_T","Population, All ages. Administrative data","2000","2000","PER","Persons","0","Units",,,257918,,
"USA133","Thurston","T_T","Population, All ages. Administrative data","2001","2001","PER","Persons","0","Units",,,262719,,
"USA133","Thurston","T_T","Population, All ages. Administrative data","2002","2002","PER","Persons","0","Units",,,267528,,
"USA133","Thurston","T_T","Population, All ages. Administrative data","2003","2003","PER","Persons","0","Units",,,271850,,
"USA133","Thurston","T_T","Population, All ages. Administrative data","2004","2004","PER","Persons","0","Units",,,276804,,
"USA133","Thurston","T_T","Population, All ages. Administrative data","2005","2005","PER","Persons","0","Units",,,282221,,
"USA133","Thurston","T_T","Population, All ages. Administrative data","2006","2006","PER","Persons","0","Units",,,289560,,
"USA133","Thurston","T_T","Population, All ages. Administrative data","2007","2007","PER","Persons","0","Units",,,296451,,
"USA133","Thurston","T_T","Population, All ages. Administrative data","2008","2008","PER","Persons","0","Units",,,304117,,
"USA133","Thurston","T_T","Population, All ages. Administrative data","2009","2009","PER","Persons","0","Units",,,310269,,
"USA133","Thurston","T_T","Population, All ages. Administrative data","2010","2010","PER","Persons","0","Units",,,313687,,
"USA133","Thurston","T_T","Population, All ages. Administrative data","2011","2011","PER","Persons","0","Units",,,317099,,
"USA133","Thurston","T_T","Population, All ages. Administrative data","2012","2012","PER","Persons","0","Units",,,319087,,
"USA133","Thurston","T_T","Population, All ages. Administrative data","2013","2013","PER","Persons","0","Units",,,322260,,
"USA133","Thurston","T_T","Population, All ages. Administrative data","2014","2014","PER","Persons","0","Units",,,325537,,
"USA133","Thurston","T_T","Population, All ages. Administrative data","2015","2015","PER","Persons","0","Units",,,329132,,
"USA133","Thurston","T_T","Population, All ages. Administrative data","2016","2016","PER","Persons","0","Units",,,336046,,
"DE061","Aschaffenburg","T_T","Population, All ages. Administrative data","2001","2001","PER","Persons","0","Units",,,372917,,
"DE061","Aschaffenburg","T_T","Population, All ages. Administrative data","2002","2002","PER","Persons","0","Units",,,374457,,
"DE061","Aschaffenburg","T_T","Population, All ages. Administrative data","2003","2003","PER","Persons","0","Units",,,375264,,
"DE061","Aschaffenburg","T_T","Population, All ages. Administrative data","2004","2004","PER","Persons","0","Units",,,375520,,
"DE061","Aschaffenburg","T_T","Population, All ages. Administrative data","2005","2005","PER","Persons","0","Units",,,375804,,
"DE061","Aschaffenburg","T_T","Population, All ages. Administrative data","2006","2006","PER","Persons","0","Units",,,375144,,
"DE061","Aschaffenburg","T_T","Population, All ages. Administrative data","2007","2007","PER","Persons","0","Units",,,374050,,
"DE061","Aschaffenburg","T_T","Population, All ages. Administrative data","2008","2008","PER","Persons","0","Units",,,373267,,
"DE061","Aschaffenburg","T_T","Population, All ages. Administrative data","2009","2009","PER","Persons","0","Units",,,372252,,
"DE061","Aschaffenburg","T_T","Population, All ages. Administrative data","2010","2010","PER","Persons","0","Units",,,370910,,
"DE061","Aschaffenburg","T_T","Population, All ages. Administrative data","2011","2011","PER","Persons","0","Units",,,368864,,
"DE061","Aschaffenburg","T_T","Population, All ages. Administrative data","2012","2012","PER","Persons","0","Units",,,368090,,
"DE061","Aschaffenburg","T_T","Population, All ages. Administrative data","2013","2013","PER","Persons","0","Units",,,368348,,
"DE061","Aschaffenburg","T_T","Population, All ages. Administrative data","2014","2014","PER","Persons","0","Units",,,368693,,
"DE061","Aschaffenburg","T_T","Population, All ages. Administrative data","2015","2015","PER","Persons","0","Units",,,369035,,
"DE061","Aschaffenburg","T_T","Population, All ages. Administrative data","2016","2016","PER","Persons","0","Units",,,371281,,
"MEX54","Monclova","T_T_SH_NAT","Share of population  in metropolitan area over the national value","2005","2005","RATIO","Ratio","0","Units",,,0.3,,
"MEX54","Monclova","T_T_SH_NAT","Share of population  in metropolitan area over the national value","2010","2010","RATIO","Ratio","0","Units",,,0.3,,
"MEX54","Monclova","T_T_SH_NAT","Share of population  in metropolitan area over the national value","2015","2015","RATIO","Ratio","0","Units",,,0.3,,
"BE005","Liege","T_T","Population, All ages. Administrative data","2000","2000","PER","Persons","0","Units",,,697256,,
"BE005","Liege","T_T","Population, All ages. Administrative data","2001","2001","PER","Persons","0","Units",,,696649,,
"BE005","Liege","T_T","Population, All ages. Administrative data","2002","2002","PER","Persons","0","Units",,,698531,,
"BE005","Liege","T_T","Population, All ages. Administrative data","2003","2003","PER","Persons","0","Units",,,698656,,
"BE005","Liege","T_T","Population, All ages. Administrative data","2004","2004","PER","Persons","0","Units",,,700952,,
"BE005","Liege","T_T","Population, All ages. Administrative data","2005","2005","PER","Persons","0","Units",,,703215,,
"BE005","Liege","T_T","Population, All ages. Administrative data","2006","2006","PER","Persons","0","Units",,,706406,,
"BE005","Liege","T_T","Population, All ages. Administrative data","2007","2007","PER","Persons","0","Units",,,710819,,
"BE005","Liege","T_T","Population, All ages. Administrative data","2008","2008","PER","Persons","0","Units",,,714742,,
"BE005","Liege","T_T","Population, All ages. Administrative data","2009","2009","PER","Persons","0","Units",,,718414,,
"BE005","Liege","T_T","Population, All ages. Administrative data","2010","2010","PER","Persons","0","Units",,,723312,,
"BE005","Liege","T_T","Population, All ages. Administrative data","2011","2011","PER","Persons","0","Units",,,729740,,
"BE005","Liege","T_T","Population, All ages. Administrative data","2012","2012","PER","Persons","0","Units",,,733920,,
"BE005","Liege","T_T","Population, All ages. Administrative data","2013","2013","PER","Persons","0","Units",,,737269,,
"BE005","Liege","T_T","Population, All ages. Administrative data","2014","2014","PER","Persons","0","Units",,,740290,,
"BE005","Liege","T_T","Population, All ages. Administrative data","2015","2015","PER","Persons","0","Units",,,742276,,
"BE005","Liege","T_T","Population, All ages. Administrative data","2016","2016","PER","Persons","0","Units",,,745146,,
"JPN04","Fukuoka","POP_DEN","Population density (pop. per km2)","2000","2000","PER","Persons","0","Units",,,1624,,
"JPN04","Fukuoka","POP_DEN","Population density (pop. per km2)","2001","2001","PER","Persons","0","Units",,,1635,,
"JPN04","Fukuoka","POP_DEN","Population density (pop. per km2)","2002","2002","PER","Persons","0","Units",,,1646,,
"JPN04","Fukuoka","POP_DEN","Population density (pop. per km2)","2003","2003","PER","Persons","0","Units",,,1657,,
"JPN04","Fukuoka","POP_DEN","Population density (pop. per km2)","2004","2004","PER","Persons","0","Units",,,1668,,
"JPN04","Fukuoka","POP_DEN","Population density (pop. per km2)","2005","2005","PER","Persons","0","Units",,,1679,,
"JPN04","Fukuoka","POP_DEN","Population density (pop. per km2)","2006","2006","PER","Persons","0","Units",,,1690,,
"JPN04","Fukuoka","POP_DEN","Population density (pop. per km2)","2007","2007","PER","Persons","0","Units",,,1702,,
"JPN04","Fukuoka","POP_DEN","Population density (pop. per km2)","2008","2008","PER","Persons","0","Units",,,1713,,
"JPN04","Fukuoka","POP_DEN","Population density (pop. per km2)","2009","2009","PER","Persons","0","Units",,,1724,,
"JPN04","Fukuoka","POP_DEN","Population density (pop. per km2)","2010","2010","PER","Persons","0","Units",,,1736,,
"JPN04","Fukuoka","POP_DEN","Population density (pop. per km2)","2011","2011","PER","Persons","0","Units",,,1747,,
"JPN04","Fukuoka","POP_DEN","Population density (pop. per km2)","2012","2012","PER","Persons","0","Units",,,1759,,
"JPN04","Fukuoka","POP_DEN","Population density (pop. per km2)","2013","2013","PER","Persons","0","Units",,,1771,,
"JPN04","Fukuoka","POP_DEN","Population density (pop. per km2)","2014","2014","PER","Persons","0","Units",,,1783,,
"JPN04","Fukuoka","POP_DEN","Population density (pop. per km2)","2015","2015","PER","Persons","0","Units",,,1794,,
"MEX20","Hermosillo","T_T_SH_NAT","Share of population  in metropolitan area over the national value","2005","2005","RATIO","Ratio","0","Units",,,0.6,,
"MEX20","Hermosillo","T_T_SH_NAT","Share of population  in metropolitan area over the national value","2010","2010","RATIO","Ratio","0","Units",,,0.7,,
"MEX20","Hermosillo","T_T_SH_NAT","Share of population  in metropolitan area over the national value","2015","2015","RATIO","Ratio","0","Units",,,0.7,,
"NO003","Trondheim","T_T","Population, All ages. Administrative data","2000","2000","PER","Persons","0","Units",,,221836,,
"NO003","Trondheim","T_T","Population, All ages. Administrative data","2001","2001","PER","Persons","0","Units",,,223889,,
"NO003","Trondheim","T_T","Population, All ages. Administrative data","2002","2002","PER","Persons","0","Units",,,225759,,
"NO003","Trondheim","T_T","Population, All ages. Administrative data","2003","2003","PER","Persons","0","Units",,,227833,,
"NO003","Trondheim","T_T","Population, All ages. Administrative data","2004","2004","PER","Persons","0","Units",,,230111,,
"NO003","Trondheim","T_T","Population, All ages. Administrative data","2005","2005","PER","Persons","0","Units",,,232863,,
"NO003","Trondheim","T_T","Population, All ages. Administrative data","2006","2006","PER","Persons","0","Units",,,236119,,
"NO003","Trondheim","T_T","Population, All ages. Administrative data","2007","2007","PER","Persons","0","Units",,,239995,,
"NO003","Trondheim","T_T","Population, All ages. Administrative data","2008","2008","PER","Persons","0","Units",,,244302,,
"NO003","Trondheim","T_T","Population, All ages. Administrative data","2009","2009","PER","Persons","0","Units",,,248260,,
"NO003","Trondheim","T_T","Population, All ages. Administrative data","2010","2010","PER","Persons","0","Units",,,252115,,
"NO003","Trondheim","T_T","Population, All ages. Administrative data","2011","2011","PER","Persons","0","Units",,,255576,,
"NO003","Trondheim","T_T","Population, All ages. Administrative data","2012","2012","PER","Persons","0","Units",,,259719,,
"NO003","Trondheim","T_T","Population, All ages. Administrative data","2013","2013","PER","Persons","0","Units",,,264396,,
"NO003","Trondheim","T_T","Population, All ages. Administrative data","2014","2014","PER","Persons","0","Units",,,267887,,
"NO003","Trondheim","T_T","Population, All ages. Administrative data","2015","2015","PER","Persons","0","Units",,,271590,,
"NO003","Trondheim","T_T","Population, All ages. Administrative data","2016","2016","PER","Persons","0","Units",,,274922,,
"PL015","Rzeszow","POP_DEN","Population density (pop. per km2)","2000","2000","PER","Persons","0","Units",,,201,,
"PL015","Rzeszow","POP_DEN","Population density (pop. per km2)","2001","2001","PER","Persons","0","Units",,,201,,
"PL015","Rzeszow","POP_DEN","Population density (pop. per km2)","2002","2002","PER","Persons","0","Units",,,202,,
"PL015","Rzeszow","POP_DEN","Population density (pop. per km2)","2003","2003","PER","Persons","0","Units",,,202,,
"PL015","Rzeszow","POP_DEN","Population density (pop. per km2)","2004","2004","PER","Persons","0","Units",,,202,,
"PL015","Rzeszow","POP_DEN","Population density (pop. per km2)","2005","2005","PER","Persons","0","Units",,,203,,
"PL015","Rzeszow","POP_DEN","Population density (pop. per km2)","2006","2006","PER","Persons","0","Units",,,203,,
"PL015","Rzeszow","POP_DEN","Population density (pop. per km2)","2007","2007","PER","Persons","0","Units",,,203,,
"PL015","Rzeszow","POP_DEN","Population density (pop. per km2)","2008","2008","PER","Persons","0","Units",,,214,,
"PL015","Rzeszow","POP_DEN","Population density (pop. per km2)","2009","2009","PER","Persons","0","Units",,,214,,
"PL015","Rzeszow","POP_DEN","Population density (pop. per km2)","2010","2010","PER","Persons","0","Units",,,217,,
"PL015","Rzeszow","POP_DEN","Population density (pop. per km2)","2011","2011","PER","Persons","0","Units",,,218,,
"PL015","Rzeszow","POP_DEN","Population density (pop. per km2)","2012","2012","PER","Persons","0","Units",,,219,,
"PL015","Rzeszow","POP_DEN","Population density (pop. per km2)","2013","2013","PER","Persons","0","Units",,,220,,
"PL015","Rzeszow","POP_DEN","Population density (pop. per km2)","2014","2014","PER","Persons","0","Units",,,221,,
"PL015","Rzeszow","POP_DEN","Population density (pop. per km2)","2015","2015","PER","Persons","0","Units",,,222,,
"PL015","Rzeszow","POP_DEN","Population density (pop. per km2)","2016","2016","PER","Persons","0","Units",,,223,,
"COL06","Bucaramanga","POP_DEN","Population density (pop. per km2)","2000","2000","PER","Persons","0","Units",,,770,,
"COL06","Bucaramanga","POP_DEN","Population density (pop. per km2)","2001","2001","PER","Persons","0","Units",,,781,,
"COL06","Bucaramanga","POP_DEN","Population density (pop. per km2)","2002","2002","PER","Persons","0","Units",,,793,,
"COL06","Bucaramanga","POP_DEN","Population density (pop. per km2)","2003","2003","PER","Persons","0","Units",,,804,,
"COL06","Bucaramanga","POP_DEN","Population density (pop. per km2)","2004","2004","PER","Persons","0","Units",,,816,,
"COL06","Bucaramanga","POP_DEN","Population density (pop. per km2)","2005","2005","PER","Persons","0","Units",,,827,,
"COL06","Bucaramanga","POP_DEN","Population density (pop. per km2)","2006","2006","PER","Persons","0","Units",,,839,,
"COL06","Bucaramanga","POP_DEN","Population density (pop. per km2)","2007","2007","PER","Persons","0","Units",,,850,,
"COL06","Bucaramanga","POP_DEN","Population density (pop. per km2)","2008","2008","PER","Persons","0","Units",,,862,,
"COL06","Bucaramanga","POP_DEN","Population density (pop. per km2)","2009","2009","PER","Persons","0","Units",,,873,,
"COL06","Bucaramanga","POP_DEN","Population density (pop. per km2)","2010","2010","PER","Persons","0","Units",,,884,,
"COL06","Bucaramanga","POP_DEN","Population density (pop. per km2)","2011","2011","PER","Persons","0","Units",,,896,,
"COL06","Bucaramanga","POP_DEN","Population density (pop. per km2)","2012","2012","PER","Persons","0","Units",,,907,,
"COL06","Bucaramanga","POP_DEN","Population density (pop. per km2)","2013","2013","PER","Persons","0","Units",,,919,,
"COL06","Bucaramanga","POP_DEN","Population density (pop. per km2)","2014","2014","PER","Persons","0","Units",,,930,,
"COL06","Bucaramanga","POP_DEN","Population density (pop. per km2)","2015","2015","PER","Persons","0","Units",,,942,,
"USA130","Collier","T_T_SH_NAT","Share of population  in metropolitan area over the national value","2001","2001","RATIO","Ratio","0","Units",,,0.1,,
"USA130","Collier","T_T_SH_NAT","Share of population  in metropolitan area over the national value","2002","2002","RATIO","Ratio","0","Units",,,0.1,,
"USA130","Collier","T_T_SH_NAT","Share of population  in metropolitan area over the national value","2003","2003","RATIO","Ratio","0","Units",,,0.1,,
"USA130","Collier","T_T_SH_NAT","Share of population  in metropolitan area over the national value","2004","2004","RATIO","Ratio","0","Units",,,0.1,,
"USA130","Collier","T_T_SH_NAT","Share of population  in metropolitan area over the national value","2005","2005","RATIO","Ratio","0","Units",,,0.1,,
"USA130","Collier","T_T_SH_NAT","Share of population  in metropolitan area over the national value","2006","2006","RATIO","Ratio","0","Units",,,0.1,,
"USA130","Collier","T_T_SH_NAT","Share of population  in metropolitan area over the national value","2007","2007","RATIO","Ratio","0","Units",,,0.1,,
"USA130","Collier","T_T_SH_NAT","Share of population  in metropolitan area over the national value","2008","2008","RATIO","Ratio","0","Units",,,0.1,,
"USA130","Collier","T_T_SH_NAT","Share of population  in metropolitan area over the national value","2009","2009","RATIO","Ratio","0","Units",,,0.1,,
"USA130","Collier","T_T_SH_NAT","Share of population  in metropolitan area over the national value","2010","2010","RATIO","Ratio","0","Units",,,0.1,,
"USA130","Collier","T_T_SH_NAT","Share of population  in metropolitan area over the national value","2011","2011","RATIO","Ratio","0","Units",,,0.1,,
"USA130","Collier","T_T_SH_NAT","Share of population  in metropolitan area over the national value","2012","2012","RATIO","Ratio","0","Units",,,0.1,,
"USA130","Collier","T_T_SH_NAT","Share of population  in metropolitan area over the national value","2013","2013","RATIO","Ratio","0","Units",,,0.1,,
"USA130","Collier","T_T_SH_NAT","Share of population  in metropolitan area over the national value","2014","2014","RATIO","Ratio","0","Units",,,0.1,,
"USA130","Collier","T_T_SH_NAT","Share of population  in metropolitan area over the national value","2015","2015","RATIO","Ratio","0","Units",,,0.1,,
"USA130","Collier","T_T_SH_NAT","Share of population  in metropolitan area over the national value","2016","2016","RATIO","Ratio","0","Units",,,0.1,,
"AUS02","Greater Melbourne","T_T_SH_NAT","Share of population  in metropolitan area over the national value","2001","2001","RATIO","Ratio","0","Units",,,18.2,,
"AUS02","Greater Melbourne","T_T_SH_NAT","Share of population  in metropolitan area over the national value","2002","2002","RATIO","Ratio","0","Units",,,18.2,,
"AUS02","Greater Melbourne","T_T_SH_NAT","Share of population  in metropolitan area over the national value","2003","2003","RATIO","Ratio","0","Units",,,18.2,,
"AUS02","Greater Melbourne","T_T_SH_NAT","Share of population  in metropolitan area over the national value","2004","2004","RATIO","Ratio","0","Units",,,18.3,,
"AUS02","Greater Melbourne","T_T_SH_NAT","Share of population  in metropolitan area over the national value","2005","2005","RATIO","Ratio","0","Units",,,18.3,,
"AUS02","Greater Melbourne","T_T_SH_NAT","Share of population  in metropolitan area over the national value","2006","2006","RATIO","Ratio","0","Units",,,18.4,,
"AUS02","Greater Melbourne","T_T_SH_NAT","Share of population  in metropolitan area over the national value","2007","2007","RATIO","Ratio","0","Units",,,18.4,,
"AUS02","Greater Melbourne","T_T_SH_NAT","Share of population  in metropolitan area over the national value","2008","2008","RATIO","Ratio","0","Units",,,18.5,,
"AUS02","Greater Melbourne","T_T_SH_NAT","Share of population  in metropolitan area over the national value","2009","2009","RATIO","Ratio","0","Units",,,18.6,,
"AUS02","Greater Melbourne","T_T_SH_NAT","Share of population  in metropolitan area over the national value","2010","2010","RATIO","Ratio","0","Units",,,18.6,,
"AUS02","Greater Melbourne","T_T_SH_NAT","Share of population  in metropolitan area over the national value","2011","2011","RATIO","Ratio","0","Units",,,18.7,,
"AUS02","Greater Melbourne","T_T_SH_NAT","Share of population  in metropolitan area over the national value","2012","2012","RATIO","Ratio","0","Units",,,18.8,,
"AUS02","Greater Melbourne","T_T_SH_NAT","Share of population  in metropolitan area over the national value","2013","2013","RATIO","Ratio","0","Units",,,18.9,,
"AUS02","Greater Melbourne","T_T_SH_NAT","Share of population  in metropolitan area over the national value","2014","2014","RATIO","Ratio","0","Units",,,19.1,,
"AUS02","Greater Melbourne","T_T_SH_NAT","Share of population  in metropolitan area over the national value","2015","2015","RATIO","Ratio","0","Units",,,19.3,,
"AUS02","Greater Melbourne","T_T_SH_NAT","Share of population  in metropolitan area over the national value","2016","2016","RATIO","Ratio","0","Units",,,19.6,,
"DE035","Karlsruhe","POP_DEN","Population density (pop. per km2)","2001","2001","PER","Persons","0","Units",,,555,,
"DE035","Karlsruhe","POP_DEN","Population density (pop. per km2)","2002","2002","PER","Persons","0","Units",,,559,,
"DE035","Karlsruhe","POP_DEN","Population density (pop. per km2)","2003","2003","PER","Persons","0","Units",,,562,,
"DE035","Karlsruhe","POP_DEN","Population density (pop. per km2)","2004","2004","PER","Persons","0","Units",,,564,,
"DE035","Karlsruhe","POP_DEN","Population density (pop. per km2)","2005","2005","PER","Persons","0","Units",,,566,,
"DE035","Karlsruhe","POP_DEN","Population density (pop. per km2)","2006","2006","PER","Persons","0","Units",,,568,,
"DE035","Karlsruhe","POP_DEN","Population density (pop. per km2)","2007","2007","PER","Persons","0","Units",,,570,,
"DE035","Karlsruhe","POP_DEN","Population density (pop. per km2)","2008","2008","PER","Persons","0","Units",,,573,,
"DE035","Karlsruhe","POP_DEN","Population density (pop. per km2)","2009","2009","PER","Persons","0","Units",,,574,,
"DE035","Karlsruhe","POP_DEN","Population density (pop. per km2)","2010","2010","PER","Persons","0","Units",,,575,,
"DE035","Karlsruhe","POP_DEN","Population density (pop. per km2)","2011","2011","PER","Persons","0","Units",,,567,,
"DE035","Karlsruhe","POP_DEN","Population density (pop. per km2)","2012","2012","PER","Persons","0","Units",,,570,,
"DE035","Karlsruhe","POP_DEN","Population density (pop. per km2)","2013","2013","PER","Persons","0","Units",,,575,,
"DE035","Karlsruhe","POP_DEN","Population density (pop. per km2)","2014","2014","PER","Persons","0","Units",,,579,,
"DE035","Karlsruhe","POP_DEN","Population density (pop. per km2)","2015","2015","PER","Persons","0","Units",,,581,,
"DE035","Karlsruhe","POP_DEN","Population density (pop. per km2)","2016","2016","PER","Persons","0","Units",,,591,,
"ES501","Granada","T_T","Population, All ages. Administrative data","2000","2000","PER","Persons","0","Units",,,463383,,
"ES501","Granada","T_T","Population, All ages. Administrative data","2001","2001","PER","Persons","0","Units",,,469173,,
"ES501","Granada","T_T","Population, All ages. Administrative data","2002","2002","PER","Persons","0","Units",,,474964,,
"ES501","Granada","T_T","Population, All ages. Administrative data","2003","2003","PER","Persons","0","Units",,,480754,,
"ES501","Granada","T_T","Population, All ages. Administrative data","2004","2004","PER","Persons","0","Units",,,486544,,
"ES501","Granada","T_T","Population, All ages. Administrative data","2005","2005","PER","Persons","0","Units",,,492334,,
"ES501","Granada","T_T","Population, All ages. Administrative data","2006","2006","PER","Persons","0","Units",,,498125,,
"ES501","Granada","T_T","Population, All ages. Administrative data","2007","2007","PER","Persons","0","Units",,,503915,,
"ES501","Granada","T_T","Population, All ages. Administrative data","2008","2008","PER","Persons","0","Units",,,509705,,
"ES501","Granada","T_T","Population, All ages. Administrative data","2009","2009","PER","Persons","0","Units",,,515496,,
"ES501","Granada","T_T","Population, All ages. Administrative data","2010","2010","PER","Persons","0","Units",,,521286,,
"ES501","Granada","T_T","Population, All ages. Administrative data","2011","2011","PER","Persons","0","Units",,,527076,,
"ES501","Granada","T_T","Population, All ages. Administrative data","2012","2012","PER","Persons","0","Units",,,532867,,
"ES501","Granada","T_T","Population, All ages. Administrative data","2013","2013","PER","Persons","0","Units",,,538657,,
"ES501","Granada","T_T","Population, All ages. Administrative data","2014","2014","PER","Persons","0","Units",,,544447,,
"ES501","Granada","T_T","Population, All ages. Administrative data","2015","2015","PER","Persons","0","Units",,,550237,,
"ES501","Granada","T_T","Population, All ages. Administrative data","2016","2016","PER","Persons","0","Units",,,556028,,
"DE054","Constance","T_T_SH_NAT","Share of population  in metropolitan area over the national value","2001","2001","RATIO","Ratio","0","Units",,,0.3,,
"DE054","Constance","T_T_SH_NAT","Share of population  in metropolitan area over the national value","2002","2002","RATIO","Ratio","0","Units",,,0.3,,
"DE054","Constance","T_T_SH_NAT","Share of population  in metropolitan area over the national value","2003","2003","RATIO","Ratio","0","Units",,,0.3,,
"DE054","Constance","T_T_SH_NAT","Share of population  in metropolitan area over the national value","2004","2004","RATIO","Ratio","0","Units",,,0.3,,
"DE054","Constance","T_T_SH_NAT","Share of population  in metropolitan area over the national value","2005","2005","RATIO","Ratio","0","Units",,,0.3,,
"DE054","Constance","T_T_SH_NAT","Share of population  in metropolitan area over the national value","2006","2006","RATIO","Ratio","0","Units",,,0.3,,
"DE054","Constance","T_T_SH_NAT","Share of population  in metropolitan area over the national value","2007","2007","RATIO","Ratio","0","Units",,,0.3,,
"DE054","Constance","T_T_SH_NAT","Share of population  in metropolitan area over the national value","2008","2008","RATIO","Ratio","0","Units",,,0.3,,
"DE054","Constance","T_T_SH_NAT","Share of population  in metropolitan area over the national value","2009","2009","RATIO","Ratio","0","Units",,,0.3,,
"DE054","Constance","T_T_SH_NAT","Share of population  in metropolitan area over the national value","2010","2010","RATIO","Ratio","0","Units",,,0.3,,
"DE054","Constance","T_T_SH_NAT","Share of population  in metropolitan area over the national value","2011","2011","RATIO","Ratio","0","Units",,,0.3,,
"DE054","Constance","T_T_SH_NAT","Share of population  in metropolitan area over the national value","2012","2012","RATIO","Ratio","0","Units",,,0.3,,
"DE054","Constance","T_T_SH_NAT","Share of population  in metropolitan area over the national value","2013","2013","RATIO","Ratio","0","Units",,,0.3,,
"DE054","Constance","T_T_SH_NAT","Share of population  in metropolitan area over the national value","2014","2014","RATIO","Ratio","0","Units",,,0.3,,
"DE054","Constance","T_T_SH_NAT","Share of population  in metropolitan area over the national value","2015","2015","RATIO","Ratio","0","Units",,,0.3,,
"DE054","Constance","T_T_SH_NAT","Share of population  in metropolitan area over the national value","2016","2016","RATIO","Ratio","0","Units",,,0.3,,
"DE083","Braunschweig-Salzgitter Wolfsburg","POP_DEN","Population density (pop. per km2)","2001","2001","PER","Persons","0","Units",,,245,,
"DE083","Braunschweig-Salzgitter Wolfsburg","POP_DEN","Population density (pop. per km2)","2002","2002","PER","Persons","0","Units",,,245,,
"DE083","Braunschweig-Salzgitter Wolfsburg","POP_DEN","Population density (pop. per km2)","2003","2003","PER","Persons","0","Units",,,246,,
"DE083","Braunschweig-Salzgitter Wolfsburg","POP_DEN","Population density (pop. per km2)","2004","2004","PER","Persons","0","Units",,,246,,
"DE083","Braunschweig-Salzgitter Wolfsburg","POP_DEN","Population density (pop. per km2)","2005","2005","PER","Persons","0","Units",,,246,,
"DE083","Braunschweig-Salzgitter Wolfsburg","POP_DEN","Population density (pop. per km2)","2006","2006","PER","Persons","0","Units",,,245,,
"DE083","Braunschweig-Salzgitter Wolfsburg","POP_DEN","Population density (pop. per km2)","2007","2007","PER","Persons","0","Units",,,244,,
"DE083","Braunschweig-Salzgitter Wolfsburg","POP_DEN","Population density (pop. per km2)","2008","2008","PER","Persons","0","Units",,,243,,
"DE083","Braunschweig-Salzgitter Wolfsburg","POP_DEN","Population density (pop. per km2)","2009","2009","PER","Persons","0","Units",,,242,,
"DE083","Braunschweig-Salzgitter Wolfsburg","POP_DEN","Population density (pop. per km2)","2010","2010","PER","Persons","0","Units",,,241,,
"DE083","Braunschweig-Salzgitter Wolfsburg","POP_DEN","Population density (pop. per km2)","2011","2011","PER","Persons","0","Units",,,237,,
"DE083","Braunschweig-Salzgitter Wolfsburg","POP_DEN","Population density (pop. per km2)","2012","2012","PER","Persons","0","Units",,,237,,
"DE083","Braunschweig-Salzgitter Wolfsburg","POP_DEN","Population density (pop. per km2)","2013","2013","PER","Persons","0","Units",,,237,,
"DE083","Braunschweig-Salzgitter Wolfsburg","POP_DEN","Population density (pop. per km2)","2014","2014","PER","Persons","0","Units",,,238,,
"DE083","Braunschweig-Salzgitter Wolfsburg","POP_DEN","Population density (pop. per km2)","2015","2015","PER","Persons","0","Units",,,239,,
"DE083","Braunschweig-Salzgitter Wolfsburg","POP_DEN","Population density (pop. per km2)","2016","2016","PER","Persons","0","Units",,,242,,
"HU009","Szekesfehervar","T_T_SH_NAT","Share of population  in metropolitan area over the national value","2001","2001","RATIO","Ratio","0","Units",,,2.7,,
"HU009","Szekesfehervar","T_T_SH_NAT","Share of population  in metropolitan area over the national value","2002","2002","RATIO","Ratio","0","Units",,,2.7,,
"HU009","Szekesfehervar","T_T_SH_NAT","Share of population  in metropolitan area over the national value","2003","2003","RATIO","Ratio","0","Units",,,2.7,,
"HU009","Szekesfehervar","T_T_SH_NAT","Share of population  in metropolitan area over the national value","2004","2004","RATIO","Ratio","0","Units",,,2.7,,
"HU009","Szekesfehervar","T_T_SH_NAT","Share of population  in metropolitan area over the national value","2005","2005","RATIO","Ratio","0","Units",,,2.7,,
"HU009","Szekesfehervar","T_T_SH_NAT","Share of population  in metropolitan area over the national value","2006","2006","RATIO","Ratio","0","Units",,,2.7,,
"HU009","Szekesfehervar","T_T_SH_NAT","Share of population  in metropolitan area over the national value","2007","2007","RATIO","Ratio","0","Units",,,2.7,,
"HU009","Szekesfehervar","T_T_SH_NAT","Share of population  in metropolitan area over the national value","2008","2008","RATIO","Ratio","0","Units",,,2.7,,
"HU009","Szekesfehervar","T_T_SH_NAT","Share of population  in metropolitan area over the national value","2009","2009","RATIO","Ratio","0","Units",,,2.7,,
"HU009","Szekesfehervar","T_T_SH_NAT","Share of population  in metropolitan area over the national value","2010","2010","RATIO","Ratio","0","Units",,,2.7,,
"HU009","Szekesfehervar","T_T_SH_NAT","Share of population  in metropolitan area over the national value","2011","2011","RATIO","Ratio","0","Units",,,2.7,,
"HU009","Szekesfehervar","T_T_SH_NAT","Share of population  in metropolitan area over the national value","2012","2012","RATIO","Ratio","0","Units",,,2.7,,
"HU009","Szekesfehervar","T_T_SH_NAT","Share of population  in metropolitan area over the national value","2013","2013","RATIO","Ratio","0","Units",,,2.7,,
"HU009","Szekesfehervar","T_T_SH_NAT","Share of population  in metropolitan area over the national value","2014","2014","RATIO","Ratio","0","Units",,,2.7,,
"HU009","Szekesfehervar","T_T_SH_NAT","Share of population  in metropolitan area over the national value","2015","2015","RATIO","Ratio","0","Units",,,2.7,,
"HU009","Szekesfehervar","T_T_SH_NAT","Share of population  in metropolitan area over the national value","2016","2016","RATIO","Ratio","0","Units",,,2.7,,
"USA142","Cumberland (ME)","POP_DEN","Population density (pop. per km2)","2000","2000","PER","Persons","0","Units",,,107,,
"USA142","Cumberland (ME)","POP_DEN","Population density (pop. per km2)","2001","2001","PER","Persons","0","Units",,,108,,
"USA142","Cumberland (ME)","POP_DEN","Population density (pop. per km2)","2002","2002","PER","Persons","0","Units",,,109,,
"USA142","Cumberland (ME)","POP_DEN","Population density (pop. per km2)","2003","2003","PER","Persons","0","Units",,,110,,
"USA142","Cumberland (ME)","POP_DEN","Population density (pop. per km2)","2004","2004","PER","Persons","0","Units",,,111,,
"USA142","Cumberland (ME)","POP_DEN","Population density (pop. per km2)","2005","2005","PER","Persons","0","Units",,,112,,
"USA142","Cumberland (ME)","POP_DEN","Population density (pop. per km2)","2006","2006","PER","Persons","0","Units",,,112,,
"USA142","Cumberland (ME)","POP_DEN","Population density (pop. per km2)","2007","2007","PER","Persons","0","Units",,,113,,
"USA142","Cumberland (ME)","POP_DEN","Population density (pop. per km2)","2008","2008","PER","Persons","0","Units",,,113,,
"USA142","Cumberland (ME)","POP_DEN","Population density (pop. per km2)","2009","2009","PER","Persons","0","Units",,,114,,
"USA142","Cumberland (ME)","POP_DEN","Population density (pop. per km2)","2010","2010","PER","Persons","0","Units",,,114,,
"USA142","Cumberland (ME)","POP_DEN","Population density (pop. per km2)","2011","2011","PER","Persons","0","Units",,,114,,
"USA142","Cumberland (ME)","POP_DEN","Population density (pop. per km2)","2012","2012","PER","Persons","0","Units",,,115,,
"USA142","Cumberland (ME)","POP_DEN","Population density (pop. per km2)","2013","2013","PER","Persons","0","Units",,,115,,
"USA142","Cumberland (ME)","POP_DEN","Population density (pop. per km2)","2014","2014","PER","Persons","0","Units",,,116,,
"USA142","Cumberland (ME)","POP_DEN","Population density (pop. per km2)","2015","2015","PER","Persons","0","Units",,,117,,
"USA142","Cumberland (ME)","POP_DEN","Population density (pop. per km2)","2016","2016","PER","Persons","0","Units",,,118,,
"JPN09","Kitakyushu","T_T","Population, All ages. Administrative data","2000","2000","PER","Persons","0","Units",,,1406375,,
"JPN09","Kitakyushu","T_T","Population, All ages. Administrative data","2001","2001","PER","Persons","0","Units",,,1401526,,
"JPN09","Kitakyushu","T_T","Population, All ages. Administrative data","2002","2002","PER","Persons","0","Units",,,1396678,,
"JPN09","Kitakyushu","T_T","Population, All ages. Administrative data","2003","2003","PER","Persons","0","Units",,,1391831,,
"JPN09","Kitakyushu","T_T","Population, All ages. Administrative data","2004","2004","PER","Persons","0","Units",,,1386983,,
"JPN09","Kitakyushu","T_T","Population, All ages. Administrative data","2005","2005","PER","Persons","0","Units",,,1382134,,
"JPN09","Kitakyushu","T_T","Population, All ages. Administrative data","2006","2006","PER","Persons","0","Units",,,1376462,,
"JPN09","Kitakyushu","T_T","Population, All ages. Administrative data","2007","2007","PER","Persons","0","Units",,,1370791,,
"JPN09","Kitakyushu","T_T","Population, All ages. Administrative data","2008","2008","PER","Persons","0","Units",,,1365121,,
"JPN09","Kitakyushu","T_T","Population, All ages. Administrative data","2009","2009","PER","Persons","0","Units",,,1359450,,
"JPN09","Kitakyushu","T_T","Population, All ages. Administrative data","2010","2010","PER","Persons","0","Units",,,1353778,,
"JPN09","Kitakyushu","T_T","Population, All ages. Administrative data","2011","2011","PER","Persons","0","Units",,,1346580,,
"JPN09","Kitakyushu","T_T","Population, All ages. Administrative data","2012","2012","PER","Persons","0","Units",,,1339382,,
"JPN09","Kitakyushu","T_T","Population, All ages. Administrative data","2013","2013","PER","Persons","0","Units",,,1332183,,
"JPN09","Kitakyushu","T_T","Population, All ages. Administrative data","2014","2014","PER","Persons","0","Units",,,1324985,,
"JPN09","Kitakyushu","T_T","Population, All ages. Administrative data","2015","2015","PER","Persons","0","Units",,,1317787,,
"ES002","Barcelona","POP_DEN","Population density (pop. per km2)","2000","2000","PER","Persons","0","Units",,,1617,,
"ES002","Barcelona","POP_DEN","Population density (pop. per km2)","2001","2001","PER","Persons","0","Units",,,1611,,
"ES002","Barcelona","POP_DEN","Population density (pop. per km2)","2002","2002","PER","Persons","0","Units",,,1605,,
"ES002","Barcelona","POP_DEN","Population density (pop. per km2)","2003","2003","PER","Persons","0","Units",,,1598,,
"ES002","Barcelona","POP_DEN","Population density (pop. per km2)","2004","2004","PER","Persons","0","Units",,,1592,,
"ES002","Barcelona","POP_DEN","Population density (pop. per km2)","2005","2005","PER","Persons","0","Units",,,1586,,
"ES002","Barcelona","POP_DEN","Population density (pop. per km2)","2006","2006","PER","Persons","0","Units",,,1579,,
"ES002","Barcelona","POP_DEN","Population density (pop. per km2)","2007","2007","PER","Persons","0","Units",,,1573,,
"ES002","Barcelona","POP_DEN","Population density (pop. per km2)","2008","2008","PER","Persons","0","Units",,,1567,,
"ES002","Barcelona","POP_DEN","Population density (pop. per km2)","2009","2009","PER","Persons","0","Units",,,1561,,
"ES002","Barcelona","POP_DEN","Population density (pop. per km2)","2010","2010","PER","Persons","0","Units",,,1554,,
"ES002","Barcelona","POP_DEN","Population density (pop. per km2)","2011","2011","PER","Persons","0","Units",,,1548,,
"ES002","Barcelona","POP_DEN","Population density (pop. per km2)","2012","2012","PER","Persons","0","Units",,,1542,,
"ES002","Barcelona","POP_DEN","Population density (pop. per km2)","2013","2013","PER","Persons","0","Units",,,1535,,
"ES002","Barcelona","POP_DEN","Population density (pop. per km2)","2014","2014","PER","Persons","0","Units",,,1529,,
"ES002","Barcelona","POP_DEN","Population density (pop. per km2)","2015","2015","PER","Persons","0","Units",,,1523,,
"ES002","Barcelona","POP_DEN","Population density (pop. per km2)","2016","2016","PER","Persons","0","Units",,,1517,,
"NL007","Groningen","T_T_SH_NAT","Share of population  in metropolitan area over the national value","2001","2001","RATIO","Ratio","0","Units",,,3.1,,
"NL007","Groningen","T_T_SH_NAT","Share of population  in metropolitan area over the national value","2002","2002","RATIO","Ratio","0","Units",,,3,,
"NL007","Groningen","T_T_SH_NAT","Share of population  in metropolitan area over the national value","2003","2003","RATIO","Ratio","0","Units",,,2.9,,
"NL007","Groningen","T_T_SH_NAT","Share of population  in metropolitan area over the national value","2004","2004","RATIO","Ratio","0","Units",,,2.9,,
"NL007","Groningen","T_T_SH_NAT","Share of population  in metropolitan area over the national value","2005","2005","RATIO","Ratio","0","Units",,,2.9,,
"NL007","Groningen","T_T_SH_NAT","Share of population  in metropolitan area over the national value","2006","2006","RATIO","Ratio","0","Units",,,2.8,,
"NL007","Groningen","T_T_SH_NAT","Share of population  in metropolitan area over the national value","2007","2007","RATIO","Ratio","0","Units",,,2.8,,
"NL007","Groningen","T_T_SH_NAT","Share of population  in metropolitan area over the national value","2008","2008","RATIO","Ratio","0","Units",,,2.8,,
"NL007","Groningen","T_T_SH_NAT","Share of population  in metropolitan area over the national value","2009","2009","RATIO","Ratio","0","Units",,,2.8,,
"NL007","Groningen","T_T_SH_NAT","Share of population  in metropolitan area over the national value","2010","2010","RATIO","Ratio","0","Units",,,2.8,,
"NL007","Groningen","T_T_SH_NAT","Share of population  in metropolitan area over the national value","2011","2011","RATIO","Ratio","0","Units",,,2.8,,
"NL007","Groningen","T_T_SH_NAT","Share of population  in metropolitan area over the national value","2012","2012","RATIO","Ratio","0","Units",,,2.8,,
"NL007","Groningen","T_T_SH_NAT","Share of population  in metropolitan area over the national value","2013","2013","RATIO","Ratio","0","Units",,,2.8,,
"NL007","Groningen","T_T_SH_NAT","Share of population  in metropolitan area over the national value","2014","2014","RATIO","Ratio","0","Units",,,2.8,,
"NL007","Groningen","T_T_SH_NAT","Share of population  in metropolitan area over the national value","2015","2015","RATIO","Ratio","0","Units",,,2.8,,
"NL007","Groningen","T_T_SH_NAT","Share of population  in metropolitan area over the national value","2016","2016","RATIO","Ratio","0","Units",,,2.8,,
"FR016","Nancy","POP_DEN","Population density (pop. per km2)","2000","2000","PER","Persons","0","Units",,,164,,
"FR016","Nancy","POP_DEN","Population density (pop. per km2)","2001","2001","PER","Persons","0","Units",,,165,,
"FR016","Nancy","POP_DEN","Population density (pop. per km2)","2002","2002","PER","Persons","0","Units",,,165,,
"FR016","Nancy","POP_DEN","Population density (pop. per km2)","2003","2003","PER","Persons","0","Units",,,166,,
"FR016","Nancy","POP_DEN","Population density (pop. per km2)","2004","2004","PER","Persons","0","Units",,,166,,
"FR016","Nancy","POP_DEN","Population density (pop. per km2)","2005","2005","PER","Persons","0","Units",,,166,,
"FR016","Nancy","POP_DEN","Population density (pop. per km2)","2006","2006","PER","Persons","0","Units",,,167,,
"FR016","Nancy","POP_DEN","Population density (pop. per km2)","2007","2007","PER","Persons","0","Units",,,167,,
"FR016","Nancy","POP_DEN","Population density (pop. per km2)","2008","2008","PER","Persons","0","Units",,,167,,
"FR016","Nancy","POP_DEN","Population density (pop. per km2)","2009","2009","PER","Persons","0","Units",,,168,,
"FR016","Nancy","POP_DEN","Population density (pop. per km2)","2010","2010","PER","Persons","0","Units",,,168,,
"FR016","Nancy","POP_DEN","Population density (pop. per km2)","2011","2011","PER","Persons","0","Units",,,168,,
"FR016","Nancy","POP_DEN","Population density (pop. per km2)","2012","2012","PER","Persons","0","Units",,,168,,
"FR016","Nancy","POP_DEN","Population density (pop. per km2)","2013","2013","PER","Persons","0","Units",,,168,,
"FR016","Nancy","POP_DEN","Population density (pop. per km2)","2014","2014","PER","Persons","0","Units",,,168,,
"FR016","Nancy","POP_DEN","Population density (pop. per km2)","2015","2015","PER","Persons","0","Units",,,168,,
"USA146","Atlantic City","T_T","Population, All ages. Administrative data","2000","2000","PER","Persons","0","Units",,,253674,,
"USA146","Atlantic City","T_T","Population, All ages. Administrative data","2001","2001","PER","Persons","0","Units",,,255737,,
"USA146","Atlantic City","T_T","Population, All ages. Administrative data","2002","2002","PER","Persons","0","Units",,,259263,,
"USA146","Atlantic City","T_T","Population, All ages. Administrative data","2003","2003","PER","Persons","0","Units",,,263285,,
"USA146","Atlantic City","T_T","Population, All ages. Administrative data","2004","2004","PER","Persons","0","Units",,,267723,,
"USA146","Atlantic City","T_T","Population, All ages. Administrative data","2005","2005","PER","Persons","0","Units",,,270332,,
"USA146","Atlantic City","T_T","Population, All ages. Administrative data","2006","2006","PER","Persons","0","Units",,,271759,,
"USA146","Atlantic City","T_T","Population, All ages. Administrative data","2007","2007","PER","Persons","0","Units",,,272303,,
"USA146","Atlantic City","T_T","Population, All ages. Administrative data","2008","2008","PER","Persons","0","Units",,,273014,,
"USA146","Atlantic City","T_T","Population, All ages. Administrative data","2009","2009","PER","Persons","0","Units",,,274049,,
"USA146","Atlantic City","T_T","Population, All ages. Administrative data","2010","2010","PER","Persons","0","Units",,,274761,,
"USA146","Atlantic City","T_T","Population, All ages. Administrative data","2011","2011","PER","Persons","0","Units",,,275107,,
"USA146","Atlantic City","T_T","Population, All ages. Administrative data","2012","2012","PER","Persons","0","Units",,,275732,,
"USA146","Atlantic City","T_T","Population, All ages. Administrative data","2013","2013","PER","Persons","0","Units",,,275954,,
"USA146","Atlantic City","T_T","Population, All ages. Administrative data","2014","2014","PER","Persons","0","Units",,,274842,,
"USA146","Atlantic City","T_T","Population, All ages. Administrative data","2015","2015","PER","Persons","0","Units",,,273088,,
"USA146","Atlantic City","T_T","Population, All ages. Administrative data","2016","2016","PER","Persons","0","Units",,,270830,,
"KOR19","Gunsan","POP_DEN","Population density (pop. per km2)","2000","2000","PER","Persons","0","Units",,,698,,
"KOR19","Gunsan","POP_DEN","Population density (pop. per km2)","2001","2001","PER","Persons","0","Units",,,697,,
"KOR19","Gunsan","POP_DEN","Population density (pop. per km2)","2002","2002","PER","Persons","0","Units",,,697,,
"KOR19","Gunsan","POP_DEN","Population density (pop. per km2)","2003","2003","PER","Persons","0","Units",,,696,,
"KOR19","Gunsan","POP_DEN","Population density (pop. per km2)","2004","2004","PER","Persons","0","Units",,,696,,
"KOR19","Gunsan","POP_DEN","Population density (pop. per km2)","2005","2005","PER","Persons","0","Units",,,695,,
"KOR19","Gunsan","POP_DEN","Population density (pop. per km2)","2006","2006","PER","Persons","0","Units",,,695,,
"KOR19","Gunsan","POP_DEN","Population density (pop. per km2)","2007","2007","PER","Persons","0","Units",,,694,,
"KOR19","Gunsan","POP_DEN","Population density (pop. per km2)","2008","2008","PER","Persons","0","Units",,,694,,
"KOR19","Gunsan","POP_DEN","Population density (pop. per km2)","2009","2009","PER","Persons","0","Units",,,693,,
"KOR19","Gunsan","POP_DEN","Population density (pop. per km2)","2010","2010","PER","Persons","0","Units",,,693,,
"KOR19","Gunsan","POP_DEN","Population density (pop. per km2)","2011","2011","PER","Persons","0","Units",,,692,,
"KOR19","Gunsan","POP_DEN","Population density (pop. per km2)","2012","2012","PER","Persons","0","Units",,,699,,
"KOR19","Gunsan","POP_DEN","Population density (pop. per km2)","2013","2013","PER","Persons","0","Units",,,699,,
"KOR19","Gunsan","POP_DEN","Population density (pop. per km2)","2014","2014","PER","Persons","0","Units",,,698,,
"KOR19","Gunsan","POP_DEN","Population density (pop. per km2)","2015","2015","PER","Persons","0","Units",,,699,,
"KOR19","Gunsan","POP_DEN","Population density (pop. per km2)","2016","2016","PER","Persons","0","Units",,,697,,
"USA59","El Paso (TX)","POP_DEN","Population density (pop. per km2)","2000","2000","PER","Persons","0","Units",,,47,,
"USA59","El Paso (TX)","POP_DEN","Population density (pop. per km2)","2001","2001","PER","Persons","0","Units",,,48,,
"USA59","El Paso (TX)","POP_DEN","Population density (pop. per km2)","2002","2002","PER","Persons","0","Units",,,48,,
"USA59","El Paso (TX)","POP_DEN","Population density (pop. per km2)","2003","2003","PER","Persons","0","Units",,,49,,
"USA59","El Paso (TX)","POP_DEN","Population density (pop. per km2)","2004","2004","PER","Persons","0","Units",,,50,,
"USA59","El Paso (TX)","POP_DEN","Population density (pop. per km2)","2005","2005","PER","Persons","0","Units",,,50,,
"USA59","El Paso (TX)","POP_DEN","Population density (pop. per km2)","2006","2006","PER","Persons","0","Units",,,52,,
"USA59","El Paso (TX)","POP_DEN","Population density (pop. per km2)","2007","2007","PER","Persons","0","Units",,,52,,
"USA59","El Paso (TX)","POP_DEN","Population density (pop. per km2)","2008","2008","PER","Persons","0","Units",,,53,,
"USA59","El Paso (TX)","POP_DEN","Population density (pop. per km2)","2009","2009","PER","Persons","0","Units",,,54,,
"USA59","El Paso (TX)","POP_DEN","Population density (pop. per km2)","2010","2010","PER","Persons","0","Units",,,56,,
"USA59","El Paso (TX)","POP_DEN","Population density (pop. per km2)","2011","2011","PER","Persons","0","Units",,,57,,
"USA59","El Paso (TX)","POP_DEN","Population density (pop. per km2)","2012","2012","PER","Persons","0","Units",,,58,,
"USA59","El Paso (TX)","POP_DEN","Population density (pop. per km2)","2013","2013","PER","Persons","0","Units",,,57,,
"USA59","El Paso (TX)","POP_DEN","Population density (pop. per km2)","2014","2014","PER","Persons","0","Units",,,58,,
"USA59","El Paso (TX)","POP_DEN","Population density (pop. per km2)","2015","2015","PER","Persons","0","Units",,,58,,
"USA59","El Paso (TX)","POP_DEN","Population density (pop. per km2)","2016","2016","PER","Persons","0","Units",,,58,,
"DE064","Neubrandenburg","T_T","Population, All ages. Administrative data","2001","2001","PER","Persons","0","Units",,,322341,,
"DE064","Neubrandenburg","T_T","Population, All ages. Administrative data","2002","2002","PER","Persons","0","Units",,,318235,,
"DE064","Neubrandenburg","T_T","Population, All ages. Administrative data","2003","2003","PER","Persons","0","Units",,,314077,,
"DE064","Neubrandenburg","T_T","Population, All ages. Administrative data","2004","2004","PER","Persons","0","Units",,,310487,,
"DE064","Neubrandenburg","T_T","Population, All ages. Administrative data","2005","2005","PER","Persons","0","Units",,,306827,,
"DE064","Neubrandenburg","T_T","Population, All ages. Administrative data","2006","2006","PER","Persons","0","Units",,,303451,,
"DE064","Neubrandenburg","T_T","Population, All ages. Administrative data","2007","2007","PER","Persons","0","Units",,,299819,,
"DE064","Neubrandenburg","T_T","Population, All ages. Administrative data","2008","2008","PER","Persons","0","Units",,,295598,,
"DE064","Neubrandenburg","T_T","Population, All ages. Administrative data","2009","2009","PER","Persons","0","Units",,,291277,,
"DE064","Neubrandenburg","T_T","Population, All ages. Administrative data","2010","2010","PER","Persons","0","Units",,,287794,,
"DE064","Neubrandenburg","T_T","Population, All ages. Administrative data","2011","2011","PER","Persons","0","Units",,,282721,,
"DE064","Neubrandenburg","T_T","Population, All ages. Administrative data","2012","2012","PER","Persons","0","Units",,,280472,,
"DE064","Neubrandenburg","T_T","Population, All ages. Administrative data","2013","2013","PER","Persons","0","Units",,,278044,,
"DE064","Neubrandenburg","T_T","Population, All ages. Administrative data","2014","2014","PER","Persons","0","Units",,,276131,,
"DE064","Neubrandenburg","T_T","Population, All ages. Administrative data","2015","2015","PER","Persons","0","Units",,,275424,,
"DE064","Neubrandenburg","T_T","Population, All ages. Administrative data","2016","2016","PER","Persons","0","Units",,,276246,,
"ES021","Alicante","T_T_SH_NAT","Share of population  in metropolitan area over the national value","2001","2001","RATIO","Ratio","0","Units",,,0.9,,
"ES021","Alicante","T_T_SH_NAT","Share of population  in metropolitan area over the national value","2002","2002","RATIO","Ratio","0","Units",,,0.9,,
"ES021","Alicante","T_T_SH_NAT","Share of population  in metropolitan area over the national value","2003","2003","RATIO","Ratio","0","Units",,,0.9,,
"ES021","Alicante","T_T_SH_NAT","Share of population  in metropolitan area over the national value","2004","2004","RATIO","Ratio","0","Units",,,0.9,,
"ES021","Alicante","T_T_SH_NAT","Share of population  in metropolitan area over the national value","2005","2005","RATIO","Ratio","0","Units",,,0.9,,
"ES021","Alicante","T_T_SH_NAT","Share of population  in metropolitan area over the national value","2006","2006","RATIO","Ratio","0","Units",,,0.9,,
"ES021","Alicante","T_T_SH_NAT","Share of population  in metropolitan area over the national value","2007","2007","RATIO","Ratio","0","Units",,,0.9,,
"ES021","Alicante","T_T_SH_NAT","Share of population  in metropolitan area over the national value","2008","2008","RATIO","Ratio","0","Units",,,0.9,,
"ES021","Alicante","T_T_SH_NAT","Share of population  in metropolitan area over the national value","2009","2009","RATIO","Ratio","0","Units",,,0.9,,
"ES021","Alicante","T_T_SH_NAT","Share of population  in metropolitan area over the national value","2010","2010","RATIO","Ratio","0","Units",,,0.9,,
"ES021","Alicante","T_T_SH_NAT","Share of population  in metropolitan area over the national value","2011","2011","RATIO","Ratio","0","Units",,,0.9,,
"ES021","Alicante","T_T_SH_NAT","Share of population  in metropolitan area over the national value","2012","2012","RATIO","Ratio","0","Units",,,0.9,,
"ES021","Alicante","T_T_SH_NAT","Share of population  in metropolitan area over the national value","2013","2013","RATIO","Ratio","0","Units",,,0.9,,
"ES021","Alicante","T_T_SH_NAT","Share of population  in metropolitan area over the national value","2014","2014","RATIO","Ratio","0","Units",,,1,,
"ES021","Alicante","T_T_SH_NAT","Share of population  in metropolitan area over the national value","2015","2015","RATIO","Ratio","0","Units",,,1,,
"ES021","Alicante","T_T_SH_NAT","Share of population  in metropolitan area over the national value","2016","2016","RATIO","Ratio","0","Units",,,1,,
"USA32","Milwaukee","T_T_SH_NAT","Share of population  in metropolitan area over the national value","2001","2001","RATIO","Ratio","0","Units",,,0.5,,
"USA32","Milwaukee","T_T_SH_NAT","Share of population  in metropolitan area over the national value","2002","2002","RATIO","Ratio","0","Units",,,0.5,,
"USA32","Milwaukee","T_T_SH_NAT","Share of population  in metropolitan area over the national value","2003","2003","RATIO","Ratio","0","Units",,,0.5,,
"USA32","Milwaukee","T_T_SH_NAT","Share of population  in metropolitan area over the national value","2004","2004","RATIO","Ratio","0","Units",,,0.5,,
"USA32","Milwaukee","T_T_SH_NAT","Share of population  in metropolitan area over the national value","2005","2005","RATIO","Ratio","0","Units",,,0.5,,
"USA32","Milwaukee","T_T_SH_NAT","Share of population  in metropolitan area over the national value","2006","2006","RATIO","Ratio","0","Units",,,0.5,,
"USA32","Milwaukee","T_T_SH_NAT","Share of population  in metropolitan area over the national value","2007","2007","RATIO","Ratio","0","Units",,,0.5,,
"USA32","Milwaukee","T_T_SH_NAT","Share of population  in metropolitan area over the national value","2008","2008","RATIO","Ratio","0","Units",,,0.5,,
"USA32","Milwaukee","T_T_SH_NAT","Share of population  in metropolitan area over the national value","2009","2009","RATIO","Ratio","0","Units",,,0.5,,
"USA32","Milwaukee","T_T_SH_NAT","Share of population  in metropolitan area over the national value","2010","2010","RATIO","Ratio","0","Units",,,0.5,,
"USA32","Milwaukee","T_T_SH_NAT","Share of population  in metropolitan area over the national value","2011","2011","RATIO","Ratio","0","Units",,,0.5,,
"USA32","Milwaukee","T_T_SH_NAT","Share of population  in metropolitan area over the national value","2012","2012","RATIO","Ratio","0","Units",,,0.5,,
"USA32","Milwaukee","T_T_SH_NAT","Share of population  in metropolitan area over the national value","2013","2013","RATIO","Ratio","0","Units",,,0.5,,
"USA32","Milwaukee","T_T_SH_NAT","Share of population  in metropolitan area over the national value","2014","2014","RATIO","Ratio","0","Units",,,0.5,,
"USA32","Milwaukee","T_T_SH_NAT","Share of population  in metropolitan area over the national value","2015","2015","RATIO","Ratio","0","Units",,,0.5,,
"USA32","Milwaukee","T_T_SH_NAT","Share of population  in metropolitan area over the national value","2016","2016","RATIO","Ratio","0","Units",,,0.5,,
"CAN05","Calgary","POP_DEN","Population density (pop. per km2)","2000","2000","PER","Persons","0","Units",,,59,,
"CAN05","Calgary","POP_DEN","Population density (pop. per km2)","2001","2001","PER","Persons","0","Units",,,61,,
"CAN05","Calgary","POP_DEN","Population density (pop. per km2)","2002","2002","PER","Persons","0","Units",,,63,,
"CAN05","Calgary","POP_DEN","Population density (pop. per km2)","2003","2003","PER","Persons","0","Units",,,64,,
"CAN05","Calgary","POP_DEN","Population density (pop. per km2)","2004","2004","PER","Persons","0","Units",,,66,,
"CAN05","Calgary","POP_DEN","Population density (pop. per km2)","2005","2005","PER","Persons","0","Units",,,68,,
"CAN05","Calgary","POP_DEN","Population density (pop. per km2)","2006","2006","PER","Persons","0","Units",,,70,,
"CAN05","Calgary","POP_DEN","Population density (pop. per km2)","2007","2007","PER","Persons","0","Units",,,72,,
"CAN05","Calgary","POP_DEN","Population density (pop. per km2)","2008","2008","PER","Persons","0","Units",,,74,,
"CAN05","Calgary","POP_DEN","Population density (pop. per km2)","2009","2009","PER","Persons","0","Units",,,76,,
"CAN05","Calgary","POP_DEN","Population density (pop. per km2)","2010","2010","PER","Persons","0","Units",,,76,,
"CAN05","Calgary","POP_DEN","Population density (pop. per km2)","2011","2011","PER","Persons","0","Units",,,76,,
"CAN05","Calgary","POP_DEN","Population density (pop. per km2)","2012","2012","PER","Persons","0","Units",,,78,,
"CAN05","Calgary","POP_DEN","Population density (pop. per km2)","2013","2013","PER","Persons","0","Units",,,80,,
"CAN05","Calgary","POP_DEN","Population density (pop. per km2)","2014","2014","PER","Persons","0","Units",,,82,,
"CAN05","Calgary","POP_DEN","Population density (pop. per km2)","2015","2015","PER","Persons","0","Units",,,85,,
"CAN05","Calgary","POP_DEN","Population density (pop. per km2)","2016","2016","PER","Persons","0","Units",,,87,,
"FR215","Rouen","T_T_SH_NAT","Share of population  in metropolitan area over the national value","2001","2001","RATIO","Ratio","0","Units",,,1.1,,
"FR215","Rouen","T_T_SH_NAT","Share of population  in metropolitan area over the national value","2002","2002","RATIO","Ratio","0","Units",,,1.1,,
"FR215","Rouen","T_T_SH_NAT","Share of population  in metropolitan area over the national value","2003","2003","RATIO","Ratio","0","Units",,,1.1,,
"FR215","Rouen","T_T_SH_NAT","Share of population  in metropolitan area over the national value","2004","2004","RATIO","Ratio","0","Units",,,1.1,,
"FR215","Rouen","T_T_SH_NAT","Share of population  in metropolitan area over the national value","2005","2005","RATIO","Ratio","0","Units",,,1.1,,
"FR215","Rouen","T_T_SH_NAT","Share of population  in metropolitan area over the national value","2006","2006","RATIO","Ratio","0","Units",,,1.1,,
"FR215","Rouen","T_T_SH_NAT","Share of population  in metropolitan area over the national value","2007","2007","RATIO","Ratio","0","Units",,,1.1,,
"FR215","Rouen","T_T_SH_NAT","Share of population  in metropolitan area over the national value","2008","2008","RATIO","Ratio","0","Units",,,1.1,,
"FR215","Rouen","T_T_SH_NAT","Share of population  in metropolitan area over the national value","2009","2009","RATIO","Ratio","0","Units",,,1.1,,
"FR215","Rouen","T_T_SH_NAT","Share of population  in metropolitan area over the national value","2010","2010","RATIO","Ratio","0","Units",,,1.1,,
"FR215","Rouen","T_T_SH_NAT","Share of population  in metropolitan area over the national value","2011","2011","RATIO","Ratio","0","Units",,,1.1,,
"FR215","Rouen","T_T_SH_NAT","Share of population  in metropolitan area over the national value","2012","2012","RATIO","Ratio","0","Units",,,1.1,,
"FR215","Rouen","T_T_SH_NAT","Share of population  in metropolitan area over the national value","2013","2013","RATIO","Ratio","0","Units",,,1.1,,
"FR215","Rouen","T_T_SH_NAT","Share of population  in metropolitan area over the national value","2014","2014","RATIO","Ratio","0","Units",,,1.1,,
"FR215","Rouen","T_T_SH_NAT","Share of population  in metropolitan area over the national value","2015","2015","RATIO","Ratio","0","Units",,,1,,
"USA07","Dallas","POP_DEN","Population density (pop. per km2)","2000","2000","PER","Persons","0","Units",,,153,,
"USA07","Dallas","POP_DEN","Population density (pop. per km2)","2001","2001","PER","Persons","0","Units",,,157,,
"USA07","Dallas","POP_DEN","Population density (pop. per km2)","2002","2002","PER","Persons","0","Units",,,160,,
"USA07","Dallas","POP_DEN","Population density (pop. per km2)","2003","2003","PER","Persons","0","Units",,,163,,
"USA07","Dallas","POP_DEN","Population density (pop. per km2)","2004","2004","PER","Persons","0","Units",,,166,,
"USA07","Dallas","POP_DEN","Population density (pop. per km2)","2005","2005","PER","Persons","0","Units",,,169,,
"USA07","Dallas","POP_DEN","Population density (pop. per km2)","2006","2006","PER","Persons","0","Units",,,174,,
"USA07","Dallas","POP_DEN","Population density (pop. per km2)","2007","2007","PER","Persons","0","Units",,,178,,
"USA07","Dallas","POP_DEN","Population density (pop. per km2)","2008","2008","PER","Persons","0","Units",,,181,,
"USA07","Dallas","POP_DEN","Population density (pop. per km2)","2009","2009","PER","Persons","0","Units",,,185,,
"USA07","Dallas","POP_DEN","Population density (pop. per km2)","2010","2010","PER","Persons","0","Units",,,188,,
"USA07","Dallas","POP_DEN","Population density (pop. per km2)","2011","2011","PER","Persons","0","Units",,,192,,
"USA07","Dallas","POP_DEN","Population density (pop. per km2)","2012","2012","PER","Persons","0","Units",,,195,,
"USA07","Dallas","POP_DEN","Population density (pop. per km2)","2013","2013","PER","Persons","0","Units",,,199,,
"USA07","Dallas","POP_DEN","Population density (pop. per km2)","2014","2014","PER","Persons","0","Units",,,202,,
"USA07","Dallas","POP_DEN","Population density (pop. per km2)","2015","2015","PER","Persons","0","Units",,,207,,
"USA07","Dallas","POP_DEN","Population density (pop. per km2)","2016","2016","PER","Persons","0","Units",,,211,,
"USA118","Stark","T_T","Population, All ages. Administrative data","2000","2000","PER","Persons","0","Units",,,378036,,
"USA118","Stark","T_T","Population, All ages. Administrative data","2001","2001","PER","Persons","0","Units",,,377295,,
"USA118","Stark","T_T","Population, All ages. Administrative data","2002","2002","PER","Persons","0","Units",,,376867,,
"USA118","Stark","T_T","Population, All ages. Administrative data","2003","2003","PER","Persons","0","Units",,,376721,,
"USA118","Stark","T_T","Population, All ages. Administrative data","2004","2004","PER","Persons","0","Units",,,376663,,
"USA118","Stark","T_T","Population, All ages. Administrative data","2005","2005","PER","Persons","0","Units",,,376050,,
"USA118","Stark","T_T","Population, All ages. Administrative data","2006","2006","PER","Persons","0","Units",,,376180,,
"USA118","Stark","T_T","Population, All ages. Administrative data","2007","2007","PER","Persons","0","Units",,,376877,,
"USA118","Stark","T_T","Population, All ages. Administrative data","2008","2008","PER","Persons","0","Units",,,377141,,
"USA118","Stark","T_T","Population, All ages. Administrative data","2009","2009","PER","Persons","0","Units",,,376210,,
"USA118","Stark","T_T","Population, All ages. Administrative data","2010","2010","PER","Persons","0","Units",,,375366,,
"USA118","Stark","T_T","Population, All ages. Administrative data","2011","2011","PER","Persons","0","Units",,,374470,,
"USA118","Stark","T_T","Population, All ages. Administrative data","2012","2012","PER","Persons","0","Units",,,374863,,
"USA118","Stark","T_T","Population, All ages. Administrative data","2013","2013","PER","Persons","0","Units",,,375025,,
"USA118","Stark","T_T","Population, All ages. Administrative data","2014","2014","PER","Persons","0","Units",,,375549,,
"USA118","Stark","T_T","Population, All ages. Administrative data","2015","2015","PER","Persons","0","Units",,,374719,,
"USA118","Stark","T_T","Population, All ages. Administrative data","2016","2016","PER","Persons","0","Units",,,373528,,
"MEX18","Chihuahua","T_T","Population, All ages. Administrative data","2000","2000","PER","Persons","0","Units",,,755778,,
"MEX18","Chihuahua","T_T","Population, All ages. Administrative data","2005","2005","PER","Persons","0","Units",,,712031,,
"MEX18","Chihuahua","T_T","Population, All ages. Administrative data","2010","2010","PER","Persons","0","Units",,,793583,,
"MEX18","Chihuahua","T_T","Population, All ages. Administrative data","2015","2015","PER","Persons","0","Units",,,911834,,
"DE533","Pforzheim","T_T_SH_NAT","Share of population  in metropolitan area over the national value","2001","2001","RATIO","Ratio","0","Units",,,0.4,,
"DE533","Pforzheim","T_T_SH_NAT","Share of population  in metropolitan area over the national value","2002","2002","RATIO","Ratio","0","Units",,,0.4,,
"DE533","Pforzheim","T_T_SH_NAT","Share of population  in metropolitan area over the national value","2003","2003","RATIO","Ratio","0","Units",,,0.4,,
"DE533","Pforzheim","T_T_SH_NAT","Share of population  in metropolitan area over the national value","2004","2004","RATIO","Ratio","0","Units",,,0.4,,
"DE533","Pforzheim","T_T_SH_NAT","Share of population  in metropolitan area over the national value","2005","2005","RATIO","Ratio","0","Units",,,0.4,,
"DE533","Pforzheim","T_T_SH_NAT","Share of population  in metropolitan area over the national value","2006","2006","RATIO","Ratio","0","Units",,,0.4,,
"DE533","Pforzheim","T_T_SH_NAT","Share of population  in metropolitan area over the national value","2007","2007","RATIO","Ratio","0","Units",,,0.4,,
"DE533","Pforzheim","T_T_SH_NAT","Share of population  in metropolitan area over the national value","2008","2008","RATIO","Ratio","0","Units",,,0.4,,
"DE533","Pforzheim","T_T_SH_NAT","Share of population  in metropolitan area over the national value","2009","2009","RATIO","Ratio","0","Units",,,0.4,,
"DE533","Pforzheim","T_T_SH_NAT","Share of population  in metropolitan area over the national value","2010","2010","RATIO","Ratio","0","Units",,,0.4,,
"DE533","Pforzheim","T_T_SH_NAT","Share of population  in metropolitan area over the national value","2011","2011","RATIO","Ratio","0","Units",,,0.4,,
"DE533","Pforzheim","T_T_SH_NAT","Share of population  in metropolitan area over the national value","2012","2012","RATIO","Ratio","0","Units",,,0.4,,
"DE533","Pforzheim","T_T_SH_NAT","Share of population  in metropolitan area over the national value","2013","2013","RATIO","Ratio","0","Units",,,0.4,,
"DE533","Pforzheim","T_T_SH_NAT","Share of population  in metropolitan area over the national value","2014","2014","RATIO","Ratio","0","Units",,,0.4,,
"DE533","Pforzheim","T_T_SH_NAT","Share of population  in metropolitan area over the national value","2015","2015","RATIO","Ratio","0","Units",,,0.4,,
"DE533","Pforzheim","T_T_SH_NAT","Share of population  in metropolitan area over the national value","2016","2016","RATIO","Ratio","0","Units",,,0.4,,
"MEX34","Ahome","T_T","Population, All ages. Administrative data","2000","2000","PER","Persons","0","Units",,,487009,,
"MEX34","Ahome","T_T","Population, All ages. Administrative data","2005","2005","PER","Persons","0","Units",,,463693,,
"MEX34","Ahome","T_T","Population, All ages. Administrative data","2010","2010","PER","Persons","0","Units",,,512586,,
"MEX34","Ahome","T_T","Population, All ages. Administrative data","2015","2015","PER","Persons","0","Units",,,567612,,
"MEX36","Ensenada","T_T","Population, All ages. Administrative data","2000","2000","PER","Persons","0","Units",,,389443,,
"MEX36","Ensenada","T_T","Population, All ages. Administrative data","2005","2005","PER","Persons","0","Units",,,396387,,
"MEX36","Ensenada","T_T","Population, All ages. Administrative data","2010","2010","PER","Persons","0","Units",,,463968,,
"MEX36","Ensenada","T_T","Population, All ages. Administrative data","2015","2015","PER","Persons","0","Units",,,535535,,
"UK528","Northampton","POP_DEN","Population density (pop. per km2)","2001","2001","PER","Persons","0","Units",,,271,,
"UK528","Northampton","POP_DEN","Population density (pop. per km2)","2002","2002","PER","Persons","0","Units",,,274,,
"UK528","Northampton","POP_DEN","Population density (pop. per km2)","2003","2003","PER","Persons","0","Units",,,275,,
"UK528","Northampton","POP_DEN","Population density (pop. per km2)","2004","2004","PER","Persons","0","Units",,,276,,
"UK528","Northampton","POP_DEN","Population density (pop. per km2)","2005","2005","PER","Persons","0","Units",,,280,,
"UK528","Northampton","POP_DEN","Population density (pop. per km2)","2006","2006","PER","Persons","0","Units",,,283,,
"UK528","Northampton","POP_DEN","Population density (pop. per km2)","2007","2007","PER","Persons","0","Units",,,286,,
"UK528","Northampton","POP_DEN","Population density (pop. per km2)","2008","2008","PER","Persons","0","Units",,,288,,
"UK528","Northampton","POP_DEN","Population density (pop. per km2)","2009","2009","PER","Persons","0","Units",,,289,,
"UK528","Northampton","POP_DEN","Population density (pop. per km2)","2010","2010","PER","Persons","0","Units",,,291,,
"UK528","Northampton","POP_DEN","Population density (pop. per km2)","2011","2011","PER","Persons","0","Units",,,293,,
"UK528","Northampton","POP_DEN","Population density (pop. per km2)","2012","2012","PER","Persons","0","Units",,,295,,
"UK528","Northampton","POP_DEN","Population density (pop. per km2)","2013","2013","PER","Persons","0","Units",,,297,,
"UK528","Northampton","POP_DEN","Population density (pop. per km2)","2014","2014","PER","Persons","0","Units",,,300,,
"UK528","Northampton","POP_DEN","Population density (pop. per km2)","2015","2015","PER","Persons","0","Units",,,303,,
"UK528","Northampton","POP_DEN","Population density (pop. per km2)","2016","2016","PER","Persons","0","Units",,,307,,
"PT005","Coimbra","T_T_SH_NAT","Share of population  in metropolitan area over the national value","2001","2001","RATIO","Ratio","0","Units",,,2.7,,
"PT005","Coimbra","T_T_SH_NAT","Share of population  in metropolitan area over the national value","2002","2002","RATIO","Ratio","0","Units",,,2.7,,
"PT005","Coimbra","T_T_SH_NAT","Share of population  in metropolitan area over the national value","2003","2003","RATIO","Ratio","0","Units",,,2.7,,
"PT005","Coimbra","T_T_SH_NAT","Share of population  in metropolitan area over the national value","2004","2004","RATIO","Ratio","0","Units",,,2.7,,
"PT005","Coimbra","T_T_SH_NAT","Share of population  in metropolitan area over the national value","2005","2005","RATIO","Ratio","0","Units",,,2.7,,
"PT005","Coimbra","T_T_SH_NAT","Share of population  in metropolitan area over the national value","2006","2006","RATIO","Ratio","0","Units",,,2.7,,
"PT005","Coimbra","T_T_SH_NAT","Share of population  in metropolitan area over the national value","2007","2007","RATIO","Ratio","0","Units",,,2.7,,
"PT005","Coimbra","T_T_SH_NAT","Share of population  in metropolitan area over the national value","2008","2008","RATIO","Ratio","0","Units",,,2.7,,
"PT005","Coimbra","T_T_SH_NAT","Share of population  in metropolitan area over the national value","2009","2009","RATIO","Ratio","0","Units",,,2.7,,
"PT005","Coimbra","T_T_SH_NAT","Share of population  in metropolitan area over the national value","2010","2010","RATIO","Ratio","0","Units",,,2.6,,
"PT005","Coimbra","T_T_SH_NAT","Share of population  in metropolitan area over the national value","2011","2011","RATIO","Ratio","0","Units",,,2.6,,
"PT005","Coimbra","T_T_SH_NAT","Share of population  in metropolitan area over the national value","2012","2012","RATIO","Ratio","0","Units",,,2.6,,
"PT005","Coimbra","T_T_SH_NAT","Share of population  in metropolitan area over the national value","2013","2013","RATIO","Ratio","0","Units",,,2.6,,
"PT005","Coimbra","T_T_SH_NAT","Share of population  in metropolitan area over the national value","2014","2014","RATIO","Ratio","0","Units",,,2.6,,
"PT005","Coimbra","T_T_SH_NAT","Share of population  in metropolitan area over the national value","2015","2015","RATIO","Ratio","0","Units",,,2.6,,
"PT005","Coimbra","T_T_SH_NAT","Share of population  in metropolitan area over the national value","2016","2016","RATIO","Ratio","0","Units",,,2.6,,
"MEX22","Acapulco de Juarez","POP_DEN","Population density (pop. per km2)","2000","2000","PER","Persons","0","Units",,,398,,
"MEX22","Acapulco de Juarez","POP_DEN","Population density (pop. per km2)","2005","2005","PER","Persons","0","Units",,,395,,
"MEX22","Acapulco de Juarez","POP_DEN","Population density (pop. per km2)","2010","2010","PER","Persons","0","Units",,,451,,
"MEX22","Acapulco de Juarez","POP_DEN","Population density (pop. per km2)","2015","2015","PER","Persons","0","Units",,,506,,
"CZ004","Plzen","T_T","Population, All ages. Administrative data","2000","2000","PER","Persons","0","Units",,,331542,,
"CZ004","Plzen","T_T","Population, All ages. Administrative data","2001","2001","PER","Persons","0","Units",,,330931,,
"CZ004","Plzen","T_T","Population, All ages. Administrative data","2002","2002","PER","Persons","0","Units",,,330320,,
"CZ004","Plzen","T_T","Population, All ages. Administrative data","2003","2003","PER","Persons","0","Units",,,329709,,
"CZ004","Plzen","T_T","Population, All ages. Administrative data","2004","2004","PER","Persons","0","Units",,,329098,,
"CZ004","Plzen","T_T","Population, All ages. Administrative data","2005","2005","PER","Persons","0","Units",,,328486,,
"CZ004","Plzen","T_T","Population, All ages. Administrative data","2006","2006","PER","Persons","0","Units",,,327875,,
"CZ004","Plzen","T_T","Population, All ages. Administrative data","2007","2007","PER","Persons","0","Units",,,327264,,
"CZ004","Plzen","T_T","Population, All ages. Administrative data","2008","2008","PER","Persons","0","Units",,,333892,,
"CZ004","Plzen","T_T","Population, All ages. Administrative data","2009","2009","PER","Persons","0","Units",,,335813,,
"CZ004","Plzen","T_T","Population, All ages. Administrative data","2010","2010","PER","Persons","0","Units",,,335743,,
"CZ004","Plzen","T_T","Population, All ages. Administrative data","2011","2011","PER","Persons","0","Units",,,336743,,
"CZ004","Plzen","T_T","Population, All ages. Administrative data","2012","2012","PER","Persons","0","Units",,,338061,,
"CZ004","Plzen","T_T","Population, All ages. Administrative data","2013","2013","PER","Persons","0","Units",,,339400,,
"CZ004","Plzen","T_T","Population, All ages. Administrative data","2014","2014","PER","Persons","0","Units",,,341349,,
"CZ004","Plzen","T_T","Population, All ages. Administrative data","2015","2015","PER","Persons","0","Units",,,342875,,
"CZ004","Plzen","T_T","Population, All ages. Administrative data","2016","2016","PER","Persons","0","Units",,,344693,,
"MEX04","Puebla","POP_DEN","Population density (pop. per km2)","2000","2000","PER","Persons","0","Units",,,981,,
"MEX04","Puebla","POP_DEN","Population density (pop. per km2)","2005","2005","PER","Persons","0","Units",,,944,,
"MEX04","Puebla","POP_DEN","Population density (pop. per km2)","2010","2010","PER","Persons","0","Units",,,1040,,
"MEX04","Puebla","POP_DEN","Population density (pop. per km2)","2015","2015","PER","Persons","0","Units",,,1183,,
"FR020","Dijon","T_T_SH_NAT","Share of population  in metropolitan area over the national value","2001","2001","RATIO","Ratio","0","Units",,,0.6,,
"FR020","Dijon","T_T_SH_NAT","Share of population  in metropolitan area over the national value","2002","2002","RATIO","Ratio","0","Units",,,0.6,,
"FR020","Dijon","T_T_SH_NAT","Share of population  in metropolitan area over the national value","2003","2003","RATIO","Ratio","0","Units",,,0.6,,
"FR020","Dijon","T_T_SH_NAT","Share of population  in metropolitan area over the national value","2004","2004","RATIO","Ratio","0","Units",,,0.6,,
"FR020","Dijon","T_T_SH_NAT","Share of population  in metropolitan area over the national value","2005","2005","RATIO","Ratio","0","Units",,,0.6,,
"FR020","Dijon","T_T_SH_NAT","Share of population  in metropolitan area over the national value","2006","2006","RATIO","Ratio","0","Units",,,0.6,,
"FR020","Dijon","T_T_SH_NAT","Share of population  in metropolitan area over the national value","2007","2007","RATIO","Ratio","0","Units",,,0.6,,
"FR020","Dijon","T_T_SH_NAT","Share of population  in metropolitan area over the national value","2008","2008","RATIO","Ratio","0","Units",,,0.6,,
"FR020","Dijon","T_T_SH_NAT","Share of population  in metropolitan area over the national value","2009","2009","RATIO","Ratio","0","Units",,,0.6,,
"FR020","Dijon","T_T_SH_NAT","Share of population  in metropolitan area over the national value","2010","2010","RATIO","Ratio","0","Units",,,0.6,,
"FR020","Dijon","T_T_SH_NAT","Share of population  in metropolitan area over the national value","2011","2011","RATIO","Ratio","0","Units",,,0.6,,
"FR020","Dijon","T_T_SH_NAT","Share of population  in metropolitan area over the national value","2012","2012","RATIO","Ratio","0","Units",,,0.6,,
"FR020","Dijon","T_T_SH_NAT","Share of population  in metropolitan area over the national value","2013","2013","RATIO","Ratio","0","Units",,,0.6,,
"FR020","Dijon","T_T_SH_NAT","Share of population  in metropolitan area over the national value","2014","2014","RATIO","Ratio","0","Units",,,0.6,,
"FR020","Dijon","T_T_SH_NAT","Share of population  in metropolitan area over the national value","2015","2015","RATIO","Ratio","0","Units",,,0.6,,
"IT003","Naples","T_T","Population, All ages. Administrative data","2000","2000","PER","Persons","0","Units",,,3342739,,
"IT003","Naples","T_T","Population, All ages. Administrative data","2001","2001","PER","Persons","0","Units",,,3343004,,
"IT003","Naples","T_T","Population, All ages. Administrative data","2002","2002","PER","Persons","0","Units",,,3343269,,
"IT003","Naples","T_T","Population, All ages. Administrative data","2003","2003","PER","Persons","0","Units",,,3343534,,
"IT003","Naples","T_T","Population, All ages. Administrative data","2004","2004","PER","Persons","0","Units",,,3343798,,
"IT003","Naples","T_T","Population, All ages. Administrative data","2005","2005","PER","Persons","0","Units",,,3344062,,
"IT003","Naples","T_T","Population, All ages. Administrative data","2006","2006","PER","Persons","0","Units",,,3344327,,
"IT003","Naples","T_T","Population, All ages. Administrative data","2007","2007","PER","Persons","0","Units",,,3344592,,
"IT003","Naples","T_T","Population, All ages. Administrative data","2008","2008","PER","Persons","0","Units",,,3344857,,
"IT003","Naples","T_T","Population, All ages. Administrative data","2009","2009","PER","Persons","0","Units",,,3345122,,
"IT003","Naples","T_T","Population, All ages. Administrative data","2010","2010","PER","Persons","0","Units",,,3345386,,
"IT003","Naples","T_T","Population, All ages. Administrative data","2011","2011","PER","Persons","0","Units",,,3345651,,
"IT003","Naples","T_T","Population, All ages. Administrative data","2012","2012","PER","Persons","0","Units",,,3345916,,
"IT003","Naples","T_T","Population, All ages. Administrative data","2013","2013","PER","Persons","0","Units",,,3351118,,
"IT003","Naples","T_T","Population, All ages. Administrative data","2014","2014","PER","Persons","0","Units",,,3429594,,
"IT003","Naples","T_T","Population, All ages. Administrative data","2015","2015","PER","Persons","0","Units",,,3421906,,
"IT003","Naples","T_T","Population, All ages. Administrative data","2016","2016","PER","Persons","0","Units",,,3418061,,
"EL001","Athens","POP_DEN","Population density (pop. per km2)","2002","2002","PER","Persons","0","Units",,,1917,,
"EL001","Athens","POP_DEN","Population density (pop. per km2)","2003","2003","PER","Persons","0","Units",,,1927,,
"EL001","Athens","POP_DEN","Population density (pop. per km2)","2004","2004","PER","Persons","0","Units",,,1936,,
"EL001","Athens","POP_DEN","Population density (pop. per km2)","2005","2005","PER","Persons","0","Units",,,1944,,
"EL001","Athens","POP_DEN","Population density (pop. per km2)","2006","2006","PER","Persons","0","Units",,,1953,,
"EL001","Athens","POP_DEN","Population density (pop. per km2)","2007","2007","PER","Persons","0","Units",,,1958,,
"EL001","Athens","POP_DEN","Population density (pop. per km2)","2008","2008","PER","Persons","0","Units",,,1961,,
"EL001","Athens","POP_DEN","Population density (pop. per km2)","2009","2009","PER","Persons","0","Units",,,1965,,
"EL001","Athens","POP_DEN","Population density (pop. per km2)","2010","2010","PER","Persons","0","Units",,,1966,,
"EL001","Athens","POP_DEN","Population density (pop. per km2)","2011","2011","PER","Persons","0","Units",,,1961,,
"EL001","Athens","POP_DEN","Population density (pop. per km2)","2012","2012","PER","Persons","0","Units",,,1945,,
"EL001","Athens","POP_DEN","Population density (pop. per km2)","2013","2013","PER","Persons","0","Units",,,1918,,
"EL001","Athens","POP_DEN","Population density (pop. per km2)","2014","2014","PER","Persons","0","Units",,,1893,,
"EL001","Athens","POP_DEN","Population density (pop. per km2)","2015","2015","PER","Persons","0","Units",,,1871,,
"EL001","Athens","POP_DEN","Population density (pop. per km2)","2016","2016","PER","Persons","0","Units",,,1850,,
"USA75","Sedgwick","T_T","Population, All ages. Administrative data","2000","2000","PER","Persons","0","Units",,,539332,,
"USA75","Sedgwick","T_T","Population, All ages. Administrative data","2001","2001","PER","Persons","0","Units",,,542485,,
"USA75","Sedgwick","T_T","Population, All ages. Administrative data","2002","2002","PER","Persons","0","Units",,,546993,,
"USA75","Sedgwick","T_T","Population, All ages. Administrative data","2003","2003","PER","Persons","0","Units",,,548746,,
"USA75","Sedgwick","T_T","Population, All ages. Administrative data","2004","2004","PER","Persons","0","Units",,,551016,,
"USA75","Sedgwick","T_T","Population, All ages. Administrative data","2005","2005","PER","Persons","0","Units",,,554455,,
"USA75","Sedgwick","T_T","Population, All ages. Administrative data","2006","2006","PER","Persons","0","Units",,,559723,,
"USA75","Sedgwick","T_T","Population, All ages. Administrative data","2007","2007","PER","Persons","0","Units",,,566982,,
"USA75","Sedgwick","T_T","Population, All ages. Administrative data","2008","2008","PER","Persons","0","Units",,,575256,,
"USA75","Sedgwick","T_T","Population, All ages. Administrative data","2009","2009","PER","Persons","0","Units",,,584783,,
"USA75","Sedgwick","T_T","Population, All ages. Administrative data","2010","2010","PER","Persons","0","Units",,,589192,,
"USA75","Sedgwick","T_T","Population, All ages. Administrative data","2011","2011","PER","Persons","0","Units",,,590529,,
"USA75","Sedgwick","T_T","Population, All ages. Administrative data","2012","2012","PER","Persons","0","Units",,,593409,,
"USA75","Sedgwick","T_T","Population, All ages. Administrative data","2013","2013","PER","Persons","0","Units",,,595648,,
"USA75","Sedgwick","T_T","Population, All ages. Administrative data","2014","2014","PER","Persons","0","Units",,,598167,,
"USA75","Sedgwick","T_T","Population, All ages. Administrative data","2015","2015","PER","Persons","0","Units",,,600371,,
"USA75","Sedgwick","T_T","Population, All ages. Administrative data","2016","2016","PER","Persons","0","Units",,,602492,,
"USA58","Ventura","T_T_SH_NAT","Share of population  in metropolitan area over the national value","2001","2001","RATIO","Ratio","0","Units",,,0.3,,
"USA58","Ventura","T_T_SH_NAT","Share of population  in metropolitan area over the national value","2002","2002","RATIO","Ratio","0","Units",,,0.3,,
"USA58","Ventura","T_T_SH_NAT","Share of population  in metropolitan area over the national value","2003","2003","RATIO","Ratio","0","Units",,,0.3,,
"USA58","Ventura","T_T_SH_NAT","Share of population  in metropolitan area over the national value","2004","2004","RATIO","Ratio","0","Units",,,0.3,,
"USA58","Ventura","T_T_SH_NAT","Share of population  in metropolitan area over the national value","2005","2005","RATIO","Ratio","0","Units",,,0.3,,
"USA58","Ventura","T_T_SH_NAT","Share of population  in metropolitan area over the national value","2006","2006","RATIO","Ratio","0","Units",,,0.3,,
"USA58","Ventura","T_T_SH_NAT","Share of population  in metropolitan area over the national value","2007","2007","RATIO","Ratio","0","Units",,,0.3,,
"USA58","Ventura","T_T_SH_NAT","Share of population  in metropolitan area over the national value","2008","2008","RATIO","Ratio","0","Units",,,0.3,,
"USA58","Ventura","T_T_SH_NAT","Share of population  in metropolitan area over the national value","2009","2009","RATIO","Ratio","0","Units",,,0.3,,
"USA58","Ventura","T_T_SH_NAT","Share of population  in metropolitan area over the national value","2010","2010","RATIO","Ratio","0","Units",,,0.3,,
"USA58","Ventura","T_T_SH_NAT","Share of population  in metropolitan area over the national value","2011","2011","RATIO","Ratio","0","Units",,,0.3,,
"USA58","Ventura","T_T_SH_NAT","Share of population  in metropolitan area over the national value","2012","2012","RATIO","Ratio","0","Units",,,0.3,,
"USA58","Ventura","T_T_SH_NAT","Share of population  in metropolitan area over the national value","2013","2013","RATIO","Ratio","0","Units",,,0.3,,
"USA58","Ventura","T_T_SH_NAT","Share of population  in metropolitan area over the national value","2014","2014","RATIO","Ratio","0","Units",,,0.3,,
"USA58","Ventura","T_T_SH_NAT","Share of population  in metropolitan area over the national value","2015","2015","RATIO","Ratio","0","Units",,,0.3,,
"USA58","Ventura","T_T_SH_NAT","Share of population  in metropolitan area over the national value","2016","2016","RATIO","Ratio","0","Units",,,0.3,,
"MEX12","Torreon","T_T","Population, All ages. Administrative data","2000","2000","PER","Persons","0","Units",,,987411,,
"MEX12","Torreon","T_T","Population, All ages. Administrative data","2005","2005","PER","Persons","0","Units",,,994180,,
"MEX12","Torreon","T_T","Population, All ages. Administrative data","2010","2010","PER","Persons","0","Units",,,1086569,,
"MEX12","Torreon","T_T","Population, All ages. Administrative data","2015","2015","PER","Persons","0","Units",,,1248269,,
"FR035","Tours","T_T_SH_NAT","Share of population  in metropolitan area over the national value","2001","2001","RATIO","Ratio","0","Units",,,0.7,,
"FR035","Tours","T_T_SH_NAT","Share of population  in metropolitan area over the national value","2002","2002","RATIO","Ratio","0","Units",,,0.7,,
"FR035","Tours","T_T_SH_NAT","Share of population  in metropolitan area over the national value","2003","2003","RATIO","Ratio","0","Units",,,0.7,,
"FR035","Tours","T_T_SH_NAT","Share of population  in metropolitan area over the national value","2004","2004","RATIO","Ratio","0","Units",,,0.7,,
"FR035","Tours","T_T_SH_NAT","Share of population  in metropolitan area over the national value","2005","2005","RATIO","Ratio","0","Units",,,0.7,,
"FR035","Tours","T_T_SH_NAT","Share of population  in metropolitan area over the national value","2006","2006","RATIO","Ratio","0","Units",,,0.7,,
"FR035","Tours","T_T_SH_NAT","Share of population  in metropolitan area over the national value","2007","2007","RATIO","Ratio","0","Units",,,0.7,,
"FR035","Tours","T_T_SH_NAT","Share of population  in metropolitan area over the national value","2008","2008","RATIO","Ratio","0","Units",,,0.7,,
"FR035","Tours","T_T_SH_NAT","Share of population  in metropolitan area over the national value","2009","2009","RATIO","Ratio","0","Units",,,0.7,,
"FR035","Tours","T_T_SH_NAT","Share of population  in metropolitan area over the national value","2010","2010","RATIO","Ratio","0","Units",,,0.7,,
"FR035","Tours","T_T_SH_NAT","Share of population  in metropolitan area over the national value","2011","2011","RATIO","Ratio","0","Units",,,0.7,,
"FR035","Tours","T_T_SH_NAT","Share of population  in metropolitan area over the national value","2012","2012","RATIO","Ratio","0","Units",,,0.7,,
"FR035","Tours","T_T_SH_NAT","Share of population  in metropolitan area over the national value","2013","2013","RATIO","Ratio","0","Units",,,0.7,,
"FR035","Tours","T_T_SH_NAT","Share of population  in metropolitan area over the national value","2014","2014","RATIO","Ratio","0","Units",,,0.7,,
"FR035","Tours","T_T_SH_NAT","Share of population  in metropolitan area over the national value","2015","2015","RATIO","Ratio","0","Units",,,0.7,,
"FR010","Montpellier","T_T","Population, All ages. Administrative data","2000","2000","PER","Persons","0","Units",,,555252,,
"FR010","Montpellier","T_T","Population, All ages. Administrative data","2001","2001","PER","Persons","0","Units",,,563336,,
"FR010","Montpellier","T_T","Population, All ages. Administrative data","2002","2002","PER","Persons","0","Units",,,571420,,
"FR010","Montpellier","T_T","Population, All ages. Administrative data","2003","2003","PER","Persons","0","Units",,,579505,,
"FR010","Montpellier","T_T","Population, All ages. Administrative data","2004","2004","PER","Persons","0","Units",,,587589,,
"FR010","Montpellier","T_T","Population, All ages. Administrative data","2005","2005","PER","Persons","0","Units",,,595671,,
"FR010","Montpellier","T_T","Population, All ages. Administrative data","2006","2006","PER","Persons","0","Units",,,603756,,
"FR010","Montpellier","T_T","Population, All ages. Administrative data","2007","2007","PER","Persons","0","Units",,,611840,,
"FR010","Montpellier","T_T","Population, All ages. Administrative data","2008","2008","PER","Persons","0","Units",,,619924,,
"FR010","Montpellier","T_T","Population, All ages. Administrative data","2009","2009","PER","Persons","0","Units",,,628008,,
"FR010","Montpellier","T_T","Population, All ages. Administrative data","2010","2010","PER","Persons","0","Units",,,638102,,
"FR010","Montpellier","T_T","Population, All ages. Administrative data","2011","2011","PER","Persons","0","Units",,,648195,,
"FR010","Montpellier","T_T","Population, All ages. Administrative data","2012","2012","PER","Persons","0","Units",,,658287,,
"FR010","Montpellier","T_T","Population, All ages. Administrative data","2013","2013","PER","Persons","0","Units",,,668380,,
"FR010","Montpellier","T_T","Population, All ages. Administrative data","2014","2014","PER","Persons","0","Units",,,678474,,
"FR010","Montpellier","T_T","Population, All ages. Administrative data","2015","2015","PER","Persons","0","Units",,,671773,,
"MEX10","Juarez","T_T","Population, All ages. Administrative data","2000","2000","PER","Persons","0","Units",,,1389935,,
"MEX10","Juarez","T_T","Population, All ages. Administrative data","2005","2005","PER","Persons","0","Units",,,1225333,,
"MEX10","Juarez","T_T","Population, All ages. Administrative data","2010","2010","PER","Persons","0","Units",,,1266172,,
"MEX10","Juarez","T_T","Population, All ages. Administrative data","2015","2015","PER","Persons","0","Units",,,1386108,,
"NO001","Oslo","T_T_SH_NAT","Share of population  in metropolitan area over the national value","2001","2001","RATIO","Ratio","0","Units",,,23.5,,
"NO001","Oslo","T_T_SH_NAT","Share of population  in metropolitan area over the national value","2002","2002","RATIO","Ratio","0","Units",,,23.6,,
"NO001","Oslo","T_T_SH_NAT","Share of population  in metropolitan area over the national value","2003","2003","RATIO","Ratio","0","Units",,,23.7,,
"NO001","Oslo","T_T_SH_NAT","Share of population  in metropolitan area over the national value","2004","2004","RATIO","Ratio","0","Units",,,23.8,,
"NO001","Oslo","T_T_SH_NAT","Share of population  in metropolitan area over the national value","2005","2005","RATIO","Ratio","0","Units",,,24,,
"NO001","Oslo","T_T_SH_NAT","Share of population  in metropolitan area over the national value","2006","2006","RATIO","Ratio","0","Units",,,24.2,,
"NO001","Oslo","T_T_SH_NAT","Share of population  in metropolitan area over the national value","2007","2007","RATIO","Ratio","0","Units",,,24.4,,
"NO001","Oslo","T_T_SH_NAT","Share of population  in metropolitan area over the national value","2008","2008","RATIO","Ratio","0","Units",,,24.5,,
"NO001","Oslo","T_T_SH_NAT","Share of population  in metropolitan area over the national value","2009","2009","RATIO","Ratio","0","Units",,,24.7,,
"NO001","Oslo","T_T_SH_NAT","Share of population  in metropolitan area over the national value","2010","2010","RATIO","Ratio","0","Units",,,24.9,,
"NO001","Oslo","T_T_SH_NAT","Share of population  in metropolitan area over the national value","2011","2011","RATIO","Ratio","0","Units",,,25,,
"NO001","Oslo","T_T_SH_NAT","Share of population  in metropolitan area over the national value","2012","2012","RATIO","Ratio","0","Units",,,25.2,,
"NO001","Oslo","T_T_SH_NAT","Share of population  in metropolitan area over the national value","2013","2013","RATIO","Ratio","0","Units",,,25.3,,
"NO001","Oslo","T_T_SH_NAT","Share of population  in metropolitan area over the national value","2014","2014","RATIO","Ratio","0","Units",,,25.4,,
"NO001","Oslo","T_T_SH_NAT","Share of population  in metropolitan area over the national value","2015","2015","RATIO","Ratio","0","Units",,,25.6,,
"NO001","Oslo","T_T_SH_NAT","Share of population  in metropolitan area over the national value","2016","2016","RATIO","Ratio","0","Units",,,25.8,,
"JPN40","Matsumoto","T_T","Population, All ages. Administrative data","2000","2000","PER","Persons","0","Units",,,428360,,
"JPN40","Matsumoto","T_T","Population, All ages. Administrative data","2001","2001","PER","Persons","0","Units",,,428930,,
"JPN40","Matsumoto","T_T","Population, All ages. Administrative data","2002","2002","PER","Persons","0","Units",,,429498,,
"JPN40","Matsumoto","T_T","Population, All ages. Administrative data","2003","2003","PER","Persons","0","Units",,,430069,,
"JPN40","Matsumoto","T_T","Population, All ages. Administrative data","2004","2004","PER","Persons","0","Units",,,430637,,
"JPN40","Matsumoto","T_T","Population, All ages. Administrative data","2005","2005","PER","Persons","0","Units",,,431207,,
"JPN40","Matsumoto","T_T","Population, All ages. Administrative data","2006","2006","PER","Persons","0","Units",,,430844,,
"JPN40","Matsumoto","T_T","Population, All ages. Administrative data","2007","2007","PER","Persons","0","Units",,,430483,,
"JPN40","Matsumoto","T_T","Population, All ages. Administrative data","2008","2008","PER","Persons","0","Units",,,430119,,
"JPN40","Matsumoto","T_T","Population, All ages. Administrative data","2009","2009","PER","Persons","0","Units",,,429758,,
"JPN40","Matsumoto","T_T","Population, All ages. Administrative data","2010","2010","PER","Persons","0","Units",,,429395,,
"JPN40","Matsumoto","T_T","Population, All ages. Administrative data","2011","2011","PER","Persons","0","Units",,,428297,,
"JPN40","Matsumoto","T_T","Population, All ages. Administrative data","2012","2012","PER","Persons","0","Units",,,427200,,
"JPN40","Matsumoto","T_T","Population, All ages. Administrative data","2013","2013","PER","Persons","0","Units",,,426101,,
"JPN40","Matsumoto","T_T","Population, All ages. Administrative data","2014","2014","PER","Persons","0","Units",,,425004,,
"JPN40","Matsumoto","T_T","Population, All ages. Administrative data","2015","2015","PER","Persons","0","Units",,,423906,,
"UK029","Nottingham","POP_DEN","Population density (pop. per km2)","2001","2001","PER","Persons","0","Units",,,904,,
"UK029","Nottingham","POP_DEN","Population density (pop. per km2)","2002","2002","PER","Persons","0","Units",,,910,,
"UK029","Nottingham","POP_DEN","Population density (pop. per km2)","2003","2003","PER","Persons","0","Units",,,915,,
"UK029","Nottingham","POP_DEN","Population density (pop. per km2)","2004","2004","PER","Persons","0","Units",,,921,,
"UK029","Nottingham","POP_DEN","Population density (pop. per km2)","2005","2005","PER","Persons","0","Units",,,929,,
"UK029","Nottingham","POP_DEN","Population density (pop. per km2)","2006","2006","PER","Persons","0","Units",,,932,,
"UK029","Nottingham","POP_DEN","Population density (pop. per km2)","2007","2007","PER","Persons","0","Units",,,935,,
"UK029","Nottingham","POP_DEN","Population density (pop. per km2)","2008","2008","PER","Persons","0","Units",,,941,,
"UK029","Nottingham","POP_DEN","Population density (pop. per km2)","2009","2009","PER","Persons","0","Units",,,949,,
"UK029","Nottingham","POP_DEN","Population density (pop. per km2)","2010","2010","PER","Persons","0","Units",,,957,,
"UK029","Nottingham","POP_DEN","Population density (pop. per km2)","2011","2011","PER","Persons","0","Units",,,965,,
"UK029","Nottingham","POP_DEN","Population density (pop. per km2)","2012","2012","PER","Persons","0","Units",,,973,,
"UK029","Nottingham","POP_DEN","Population density (pop. per km2)","2013","2013","PER","Persons","0","Units",,,980,,
"UK029","Nottingham","POP_DEN","Population density (pop. per km2)","2014","2014","PER","Persons","0","Units",,,989,,
"UK029","Nottingham","POP_DEN","Population density (pop. per km2)","2015","2015","PER","Persons","0","Units",,,997,,
"UK029","Nottingham","POP_DEN","Population density (pop. per km2)","2016","2016","PER","Persons","0","Units",,,1007,,
"USA85","Lancaster (PA)","POP_DEN","Population density (pop. per km2)","2000","2000","PER","Persons","0","Units",,,185,,
"USA85","Lancaster (PA)","POP_DEN","Population density (pop. per km2)","2001","2001","PER","Persons","0","Units",,,186,,
"USA85","Lancaster (PA)","POP_DEN","Population density (pop. per km2)","2002","2002","PER","Persons","0","Units",,,188,,
"USA85","Lancaster (PA)","POP_DEN","Population density (pop. per km2)","2003","2003","PER","Persons","0","Units",,,190,,
"USA85","Lancaster (PA)","POP_DEN","Population density (pop. per km2)","2004","2004","PER","Persons","0","Units",,,192,,
"USA85","Lancaster (PA)","POP_DEN","Population density (pop. per km2)","2005","2005","PER","Persons","0","Units",,,194,,
"USA85","Lancaster (PA)","POP_DEN","Population density (pop. per km2)","2006","2006","PER","Persons","0","Units",,,196,,
"USA85","Lancaster (PA)","POP_DEN","Population density (pop. per km2)","2007","2007","PER","Persons","0","Units",,,199,,
"USA85","Lancaster (PA)","POP_DEN","Population density (pop. per km2)","2008","2008","PER","Persons","0","Units",,,201,,
"USA85","Lancaster (PA)","POP_DEN","Population density (pop. per km2)","2009","2009","PER","Persons","0","Units",,,203,,
"USA85","Lancaster (PA)","POP_DEN","Population density (pop. per km2)","2010","2010","PER","Persons","0","Units",,,204,,
"USA85","Lancaster (PA)","POP_DEN","Population density (pop. per km2)","2011","2011","PER","Persons","0","Units",,,205,,
"USA85","Lancaster (PA)","POP_DEN","Population density (pop. per km2)","2012","2012","PER","Persons","0","Units",,,207,,
"USA85","Lancaster (PA)","POP_DEN","Population density (pop. per km2)","2013","2013","PER","Persons","0","Units",,,208,,
"USA85","Lancaster (PA)","POP_DEN","Population density (pop. per km2)","2014","2014","PER","Persons","0","Units",,,209,,
"USA85","Lancaster (PA)","POP_DEN","Population density (pop. per km2)","2015","2015","PER","Persons","0","Units",,,210,,
"USA85","Lancaster (PA)","POP_DEN","Population density (pop. per km2)","2016","2016","PER","Persons","0","Units",,,211,,
"MEX42","Nuevo Laredo","POP_DEN","Population density (pop. per km2)","2000","2000","PER","Persons","0","Units",,,288,,
"MEX42","Nuevo Laredo","POP_DEN","Population density (pop. per km2)","2005","2005","PER","Persons","0","Units",,,281,,
"MEX42","Nuevo Laredo","POP_DEN","Population density (pop. per km2)","2010","2010","PER","Persons","0","Units",,,295,,
"MEX42","Nuevo Laredo","POP_DEN","Population density (pop. per km2)","2015","2015","PER","Persons","0","Units",,,347,,
"USA107","Santa Barbara","T_T_SH_NAT","Share of population  in metropolitan area over the national value","2001","2001","RATIO","Ratio","0","Units",,,0.1,,
"USA107","Santa Barbara","T_T_SH_NAT","Share of population  in metropolitan area over the national value","2002","2002","RATIO","Ratio","0","Units",,,0.1,,
"USA107","Santa Barbara","T_T_SH_NAT","Share of population  in metropolitan area over the national value","2003","2003","RATIO","Ratio","0","Units",,,0.1,,
"USA107","Santa Barbara","T_T_SH_NAT","Share of population  in metropolitan area over the national value","2004","2004","RATIO","Ratio","0","Units",,,0.1,,
"USA107","Santa Barbara","T_T_SH_NAT","Share of population  in metropolitan area over the national value","2005","2005","RATIO","Ratio","0","Units",,,0.1,,
"USA107","Santa Barbara","T_T_SH_NAT","Share of population  in metropolitan area over the national value","2006","2006","RATIO","Ratio","0","Units",,,0.1,,
"USA107","Santa Barbara","T_T_SH_NAT","Share of population  in metropolitan area over the national value","2007","2007","RATIO","Ratio","0","Units",,,0.1,,
"USA107","Santa Barbara","T_T_SH_NAT","Share of population  in metropolitan area over the national value","2008","2008","RATIO","Ratio","0","Units",,,0.1,,
"USA107","Santa Barbara","T_T_SH_NAT","Share of population  in metropolitan area over the national value","2009","2009","RATIO","Ratio","0","Units",,,0.1,,
"USA107","Santa Barbara","T_T_SH_NAT","Share of population  in metropolitan area over the national value","2010","2010","RATIO","Ratio","0","Units",,,0.1,,
"USA107","Santa Barbara","T_T_SH_NAT","Share of population  in metropolitan area over the national value","2011","2011","RATIO","Ratio","0","Units",,,0.1,,
"USA107","Santa Barbara","T_T_SH_NAT","Share of population  in metropolitan area over the national value","2012","2012","RATIO","Ratio","0","Units",,,0.1,,
"USA107","Santa Barbara","T_T_SH_NAT","Share of population  in metropolitan area over the national value","2013","2013","RATIO","Ratio","0","Units",,,0.1,,
"USA107","Santa Barbara","T_T_SH_NAT","Share of population  in metropolitan area over the national value","2014","2014","RATIO","Ratio","0","Units",,,0.1,,
"USA107","Santa Barbara","T_T_SH_NAT","Share of population  in metropolitan area over the national value","2015","2015","RATIO","Ratio","0","Units",,,0.1,,
"USA107","Santa Barbara","T_T_SH_NAT","Share of population  in metropolitan area over the national value","2016","2016","RATIO","Ratio","0","Units",,,0.1,,
"MEX26","Xalapa","POP_DEN","Population density (pop. per km2)","2000","2000","PER","Persons","0","Units",,,460,,
"MEX26","Xalapa","POP_DEN","Population density (pop. per km2)","2005","2005","PER","Persons","0","Units",,,469,,
"MEX26","Xalapa","POP_DEN","Population density (pop. per km2)","2010","2010","PER","Persons","0","Units",,,518,,
"MEX26","Xalapa","POP_DEN","Population density (pop. per km2)","2015","2015","PER","Persons","0","Units",,,614,,
"CAN03","Vancouver","T_T_SH_NAT","Share of population  in metropolitan area over the national value","2001","2001","RATIO","Ratio","0","Units",,,6.7,,
"CAN03","Vancouver","T_T_SH_NAT","Share of population  in metropolitan area over the national value","2002","2002","RATIO","Ratio","0","Units",,,6.7,,
"CAN03","Vancouver","T_T_SH_NAT","Share of population  in metropolitan area over the national value","2003","2003","RATIO","Ratio","0","Units",,,6.7,,
"CAN03","Vancouver","T_T_SH_NAT","Share of population  in metropolitan area over the national value","2004","2004","RATIO","Ratio","0","Units",,,6.6,,
"CAN03","Vancouver","T_T_SH_NAT","Share of population  in metropolitan area over the national value","2005","2005","RATIO","Ratio","0","Units",,,6.7,,
"CAN03","Vancouver","T_T_SH_NAT","Share of population  in metropolitan area over the national value","2006","2006","RATIO","Ratio","0","Units",,,6.7,,
"CAN03","Vancouver","T_T_SH_NAT","Share of population  in metropolitan area over the national value","2007","2007","RATIO","Ratio","0","Units",,,6.7,,
"CAN03","Vancouver","T_T_SH_NAT","Share of population  in metropolitan area over the national value","2008","2008","RATIO","Ratio","0","Units",,,6.7,,
"CAN03","Vancouver","T_T_SH_NAT","Share of population  in metropolitan area over the national value","2009","2009","RATIO","Ratio","0","Units",,,6.8,,
"CAN03","Vancouver","T_T_SH_NAT","Share of population  in metropolitan area over the national value","2010","2010","RATIO","Ratio","0","Units",,,6.8,,
"CAN03","Vancouver","T_T_SH_NAT","Share of population  in metropolitan area over the national value","2011","2011","RATIO","Ratio","0","Units",,,6.7,,
"CAN03","Vancouver","T_T_SH_NAT","Share of population  in metropolitan area over the national value","2012","2012","RATIO","Ratio","0","Units",,,6.7,,
"CAN03","Vancouver","T_T_SH_NAT","Share of population  in metropolitan area over the national value","2013","2013","RATIO","Ratio","0","Units",,,6.7,,
"CAN03","Vancouver","T_T_SH_NAT","Share of population  in metropolitan area over the national value","2014","2014","RATIO","Ratio","0","Units",,,6.8,,
"CAN03","Vancouver","T_T_SH_NAT","Share of population  in metropolitan area over the national value","2015","2015","RATIO","Ratio","0","Units",,,6.8,,
"CAN03","Vancouver","T_T_SH_NAT","Share of population  in metropolitan area over the national value","2016","2016","RATIO","Ratio","0","Units",,,6.8,,
"USA118","Stark","T_T_SH_NAT","Share of population  in metropolitan area over the national value","2001","2001","RATIO","Ratio","0","Units",,,0.1,,
"USA118","Stark","T_T_SH_NAT","Share of population  in metropolitan area over the national value","2002","2002","RATIO","Ratio","0","Units",,,0.1,,
"USA118","Stark","T_T_SH_NAT","Share of population  in metropolitan area over the national value","2003","2003","RATIO","Ratio","0","Units",,,0.1,,
"USA118","Stark","T_T_SH_NAT","Share of population  in metropolitan area over the national value","2004","2004","RATIO","Ratio","0","Units",,,0.1,,
"USA118","Stark","T_T_SH_NAT","Share of population  in metropolitan area over the national value","2005","2005","RATIO","Ratio","0","Units",,,0.1,,
"USA118","Stark","T_T_SH_NAT","Share of population  in metropolitan area over the national value","2006","2006","RATIO","Ratio","0","Units",,,0.1,,
"USA118","Stark","T_T_SH_NAT","Share of population  in metropolitan area over the national value","2007","2007","RATIO","Ratio","0","Units",,,0.1,,
"USA118","Stark","T_T_SH_NAT","Share of population  in metropolitan area over the national value","2008","2008","RATIO","Ratio","0","Units",,,0.1,,
"USA118","Stark","T_T_SH_NAT","Share of population  in metropolitan area over the national value","2009","2009","RATIO","Ratio","0","Units",,,0.1,,
"USA118","Stark","T_T_SH_NAT","Share of population  in metropolitan area over the national value","2010","2010","RATIO","Ratio","0","Units",,,0.1,,
"USA118","Stark","T_T_SH_NAT","Share of population  in metropolitan area over the national value","2011","2011","RATIO","Ratio","0","Units",,,0.1,,
"USA118","Stark","T_T_SH_NAT","Share of population  in metropolitan area over the national value","2012","2012","RATIO","Ratio","0","Units",,,0.1,,
"USA118","Stark","T_T_SH_NAT","Share of population  in metropolitan area over the national value","2013","2013","RATIO","Ratio","0","Units",,,0.1,,
"USA118","Stark","T_T_SH_NAT","Share of population  in metropolitan area over the national value","2014","2014","RATIO","Ratio","0","Units",,,0.1,,
"USA118","Stark","T_T_SH_NAT","Share of population  in metropolitan area over the national value","2015","2015","RATIO","Ratio","0","Units",,,0.1,,
"USA118","Stark","T_T_SH_NAT","Share of population  in metropolitan area over the national value","2016","2016","RATIO","Ratio","0","Units",,,0.1,,
"JPN17","Kanazawa","T_T","Population, All ages. Administrative data","2000","2000","PER","Persons","0","Units",,,676624,,
"JPN17","Kanazawa","T_T","Population, All ages. Administrative data","2001","2001","PER","Persons","0","Units",,,677655,,
"JPN17","Kanazawa","T_T","Population, All ages. Administrative data","2002","2002","PER","Persons","0","Units",,,678685,,
"JPN17","Kanazawa","T_T","Population, All ages. Administrative data","2003","2003","PER","Persons","0","Units",,,679714,,
"JPN17","Kanazawa","T_T","Population, All ages. Administrative data","2004","2004","PER","Persons","0","Units",,,680744,,
"JPN17","Kanazawa","T_T","Population, All ages. Administrative data","2005","2005","PER","Persons","0","Units",,,681775,,
"JPN17","Kanazawa","T_T","Population, All ages. Administrative data","2006","2006","PER","Persons","0","Units",,,682387,,
"JPN17","Kanazawa","T_T","Population, All ages. Administrative data","2007","2007","PER","Persons","0","Units",,,683001,,
"JPN17","Kanazawa","T_T","Population, All ages. Administrative data","2008","2008","PER","Persons","0","Units",,,683612,,
"JPN17","Kanazawa","T_T","Population, All ages. Administrative data","2009","2009","PER","Persons","0","Units",,,684226,,
"JPN17","Kanazawa","T_T","Population, All ages. Administrative data","2010","2010","PER","Persons","0","Units",,,684838,,
"JPN17","Kanazawa","T_T","Population, All ages. Administrative data","2011","2011","PER","Persons","0","Units",,,684565,,
"JPN17","Kanazawa","T_T","Population, All ages. Administrative data","2012","2012","PER","Persons","0","Units",,,684292,,
"JPN17","Kanazawa","T_T","Population, All ages. Administrative data","2013","2013","PER","Persons","0","Units",,,684018,,
"JPN17","Kanazawa","T_T","Population, All ages. Administrative data","2014","2014","PER","Persons","0","Units",,,683745,,
"JPN17","Kanazawa","T_T","Population, All ages. Administrative data","2015","2015","PER","Persons","0","Units",,,683472,,
"NO001","Oslo","T_T","Population, All ages. Administrative data","2000","2000","PER","Persons","0","Units",,,1051449,,
"NO001","Oslo","T_T","Population, All ages. Administrative data","2001","2001","PER","Persons","0","Units",,,1058863,,
"NO001","Oslo","T_T","Population, All ages. Administrative data","2002","2002","PER","Persons","0","Units",,,1068620,,
"NO001","Oslo","T_T","Population, All ages. Administrative data","2003","2003","PER","Persons","0","Units",,,1080170,,
"NO001","Oslo","T_T","Population, All ages. Administrative data","2004","2004","PER","Persons","0","Units",,,1090513,,
"NO001","Oslo","T_T","Population, All ages. Administrative data","2005","2005","PER","Persons","0","Units",,,1104718,,
"NO001","Oslo","T_T","Population, All ages. Administrative data","2006","2006","PER","Persons","0","Units",,,1121020,,
"NO001","Oslo","T_T","Population, All ages. Administrative data","2007","2007","PER","Persons","0","Units",,,1139865,,
"NO001","Oslo","T_T","Population, All ages. Administrative data","2008","2008","PER","Persons","0","Units",,,1162255,,
"NO001","Oslo","T_T","Population, All ages. Administrative data","2009","2009","PER","Persons","0","Units",,,1187279,,
"NO001","Oslo","T_T","Population, All ages. Administrative data","2010","2010","PER","Persons","0","Units",,,1208284,,
"NO001","Oslo","T_T","Population, All ages. Administrative data","2011","2011","PER","Persons","0","Units",,,1230794,,
"NO001","Oslo","T_T","Population, All ages. Administrative data","2012","2012","PER","Persons","0","Units",,,1256554,,
"NO001","Oslo","T_T","Population, All ages. Administrative data","2013","2013","PER","Persons","0","Units",,,1278827,,
"NO001","Oslo","T_T","Population, All ages. Administrative data","2014","2014","PER","Persons","0","Units",,,1300044,,
"NO001","Oslo","T_T","Population, All ages. Administrative data","2015","2015","PER","Persons","0","Units",,,1323244,,
"NO001","Oslo","T_T","Population, All ages. Administrative data","2016","2016","PER","Persons","0","Units",,,1344368,,
"LU001","Luxembourg","T_T_SH_NAT","Share of population  in metropolitan area over the national value","2001","2001","RATIO","Ratio","0","Units",,,100,,
"LU001","Luxembourg","T_T_SH_NAT","Share of population  in metropolitan area over the national value","2002","2002","RATIO","Ratio","0","Units",,,100,,
"LU001","Luxembourg","T_T_SH_NAT","Share of population  in metropolitan area over the national value","2003","2003","RATIO","Ratio","0","Units",,,100,,
"LU001","Luxembourg","T_T_SH_NAT","Share of population  in metropolitan area over the national value","2004","2004","RATIO","Ratio","0","Units",,,100,,
"LU001","Luxembourg","T_T_SH_NAT","Share of population  in metropolitan area over the national value","2005","2005","RATIO","Ratio","0","Units",,,100,,
"LU001","Luxembourg","T_T_SH_NAT","Share of population  in metropolitan area over the national value","2006","2006","RATIO","Ratio","0","Units",,,100,,
"LU001","Luxembourg","T_T_SH_NAT","Share of population  in metropolitan area over the national value","2007","2007","RATIO","Ratio","0","Units",,,100,,
"LU001","Luxembourg","T_T_SH_NAT","Share of population  in metropolitan area over the national value","2008","2008","RATIO","Ratio","0","Units",,,100,,
"LU001","Luxembourg","T_T_SH_NAT","Share of population  in metropolitan area over the national value","2009","2009","RATIO","Ratio","0","Units",,,100,,
"LU001","Luxembourg","T_T_SH_NAT","Share of population  in metropolitan area over the national value","2010","2010","RATIO","Ratio","0","Units",,,100,,
"LU001","Luxembourg","T_T_SH_NAT","Share of population  in metropolitan area over the national value","2011","2011","RATIO","Ratio","0","Units",,,100,,
"LU001","Luxembourg","T_T_SH_NAT","Share of population  in metropolitan area over the national value","2012","2012","RATIO","Ratio","0","Units",,,100,,
"LU001","Luxembourg","T_T_SH_NAT","Share of population  in metropolitan area over the national value","2013","2013","RATIO","Ratio","0","Units",,,100,,
"LU001","Luxembourg","T_T_SH_NAT","Share of population  in metropolitan area over the national value","2014","2014","RATIO","Ratio","0","Units",,,100,,
"LU001","Luxembourg","T_T_SH_NAT","Share of population  in metropolitan area over the national value","2015","2015","RATIO","Ratio","0","Units",,,100,,
"LU001","Luxembourg","T_T_SH_NAT","Share of population  in metropolitan area over the national value","2016","2016","RATIO","Ratio","0","Units",,,100,,
"UK010","Sheffield","T_T","Population, All ages. Administrative data","2001","2001","PER","Persons","0","Units",,,1076502,,
"UK010","Sheffield","T_T","Population, All ages. Administrative data","2002","2002","PER","Persons","0","Units",,,1079578,,
"UK010","Sheffield","T_T","Population, All ages. Administrative data","2003","2003","PER","Persons","0","Units",,,1083517,,
"UK010","Sheffield","T_T","Population, All ages. Administrative data","2004","2004","PER","Persons","0","Units",,,1090121,,
"UK010","Sheffield","T_T","Population, All ages. Administrative data","2005","2005","PER","Persons","0","Units",,,1098680,,
"UK010","Sheffield","T_T","Population, All ages. Administrative data","2006","2006","PER","Persons","0","Units",,,1103426,,
"UK010","Sheffield","T_T","Population, All ages. Administrative data","2007","2007","PER","Persons","0","Units",,,1108141,,
"UK010","Sheffield","T_T","Population, All ages. Administrative data","2008","2008","PER","Persons","0","Units",,,1115321,,
"UK010","Sheffield","T_T","Population, All ages. Administrative data","2009","2009","PER","Persons","0","Units",,,1122145,,
"UK010","Sheffield","T_T","Population, All ages. Administrative data","2010","2010","PER","Persons","0","Units",,,1130404,,
"UK010","Sheffield","T_T","Population, All ages. Administrative data","2011","2011","PER","Persons","0","Units",,,1140437,,
"UK010","Sheffield","T_T","Population, All ages. Administrative data","2012","2012","PER","Persons","0","Units",,,1148809,,
"UK010","Sheffield","T_T","Population, All ages. Administrative data","2013","2013","PER","Persons","0","Units",,,1154133,,
"UK010","Sheffield","T_T","Population, All ages. Administrative data","2014","2014","PER","Persons","0","Units",,,1161073,,
"UK010","Sheffield","T_T","Population, All ages. Administrative data","2015","2015","PER","Persons","0","Units",,,1169622,,
"UK010","Sheffield","T_T","Population, All ages. Administrative data","2016","2016","PER","Persons","0","Units",,,1178489,,
"IT027","Cagliari","POP_DEN","Population density (pop. per km2)","2012","2012","PER","Persons","0","Units",,,245,,
"IT027","Cagliari","POP_DEN","Population density (pop. per km2)","2013","2013","PER","Persons","0","Units",,,246,,
"IT027","Cagliari","POP_DEN","Population density (pop. per km2)","2014","2014","PER","Persons","0","Units",,,250,,
"IT027","Cagliari","POP_DEN","Population density (pop. per km2)","2015","2015","PER","Persons","0","Units",,,251,,
"IT027","Cagliari","POP_DEN","Population density (pop. per km2)","2016","2016","PER","Persons","0","Units",,,251,,
"NL013","Nijmegen","T_T_SH_NAT","Share of population  in metropolitan area over the national value","2001","2001","RATIO","Ratio","0","Units",,,1.9,,
"NL013","Nijmegen","T_T_SH_NAT","Share of population  in metropolitan area over the national value","2002","2002","RATIO","Ratio","0","Units",,,1.8,,
"NL013","Nijmegen","T_T_SH_NAT","Share of population  in metropolitan area over the national value","2003","2003","RATIO","Ratio","0","Units",,,1.8,,
"NL013","Nijmegen","T_T_SH_NAT","Share of population  in metropolitan area over the national value","2004","2004","RATIO","Ratio","0","Units",,,1.7,,
"NL013","Nijmegen","T_T_SH_NAT","Share of population  in metropolitan area over the national value","2005","2005","RATIO","Ratio","0","Units",,,1.7,,
"NL013","Nijmegen","T_T_SH_NAT","Share of population  in metropolitan area over the national value","2006","2006","RATIO","Ratio","0","Units",,,1.7,,
"NL013","Nijmegen","T_T_SH_NAT","Share of population  in metropolitan area over the national value","2007","2007","RATIO","Ratio","0","Units",,,1.7,,
"NL013","Nijmegen","T_T_SH_NAT","Share of population  in metropolitan area over the national value","2008","2008","RATIO","Ratio","0","Units",,,1.7,,
"NL013","Nijmegen","T_T_SH_NAT","Share of population  in metropolitan area over the national value","2009","2009","RATIO","Ratio","0","Units",,,1.7,,
"NL013","Nijmegen","T_T_SH_NAT","Share of population  in metropolitan area over the national value","2010","2010","RATIO","Ratio","0","Units",,,1.7,,
"NL013","Nijmegen","T_T_SH_NAT","Share of population  in metropolitan area over the national value","2011","2011","RATIO","Ratio","0","Units",,,1.7,,
"NL013","Nijmegen","T_T_SH_NAT","Share of population  in metropolitan area over the national value","2012","2012","RATIO","Ratio","0","Units",,,1.7,,
"NL013","Nijmegen","T_T_SH_NAT","Share of population  in metropolitan area over the national value","2013","2013","RATIO","Ratio","0","Units",,,1.7,,
"NL013","Nijmegen","T_T_SH_NAT","Share of population  in metropolitan area over the national value","2014","2014","RATIO","Ratio","0","Units",,,1.7,,
"NL013","Nijmegen","T_T_SH_NAT","Share of population  in metropolitan area over the national value","2015","2015","RATIO","Ratio","0","Units",,,1.7,,
"NL013","Nijmegen","T_T_SH_NAT","Share of population  in metropolitan area over the national value","2016","2016","RATIO","Ratio","0","Units",,,1.7,,
"DE052","Flensburg","T_T_SH_NAT","Share of population  in metropolitan area over the national value","2001","2001","RATIO","Ratio","0","Units",,,0.3,,
"DE052","Flensburg","T_T_SH_NAT","Share of population  in metropolitan area over the national value","2002","2002","RATIO","Ratio","0","Units",,,0.3,,
"DE052","Flensburg","T_T_SH_NAT","Share of population  in metropolitan area over the national value","2003","2003","RATIO","Ratio","0","Units",,,0.3,,
"DE052","Flensburg","T_T_SH_NAT","Share of population  in metropolitan area over the national value","2004","2004","RATIO","Ratio","0","Units",,,0.3,,
"DE052","Flensburg","T_T_SH_NAT","Share of population  in metropolitan area over the national value","2005","2005","RATIO","Ratio","0","Units",,,0.3,,
"DE052","Flensburg","T_T_SH_NAT","Share of population  in metropolitan area over the national value","2006","2006","RATIO","Ratio","0","Units",,,0.3,,
"DE052","Flensburg","T_T_SH_NAT","Share of population  in metropolitan area over the national value","2007","2007","RATIO","Ratio","0","Units",,,0.3,,
"DE052","Flensburg","T_T_SH_NAT","Share of population  in metropolitan area over the national value","2008","2008","RATIO","Ratio","0","Units",,,0.3,,
"DE052","Flensburg","T_T_SH_NAT","Share of population  in metropolitan area over the national value","2009","2009","RATIO","Ratio","0","Units",,,0.4,,
"DE052","Flensburg","T_T_SH_NAT","Share of population  in metropolitan area over the national value","2010","2010","RATIO","Ratio","0","Units",,,0.4,,
"DE052","Flensburg","T_T_SH_NAT","Share of population  in metropolitan area over the national value","2011","2011","RATIO","Ratio","0","Units",,,0.3,,
"DE052","Flensburg","T_T_SH_NAT","Share of population  in metropolitan area over the national value","2012","2012","RATIO","Ratio","0","Units",,,0.3,,
"DE052","Flensburg","T_T_SH_NAT","Share of population  in metropolitan area over the national value","2013","2013","RATIO","Ratio","0","Units",,,0.3,,
"DE052","Flensburg","T_T_SH_NAT","Share of population  in metropolitan area over the national value","2014","2014","RATIO","Ratio","0","Units",,,0.3,,
"DE052","Flensburg","T_T_SH_NAT","Share of population  in metropolitan area over the national value","2015","2015","RATIO","Ratio","0","Units",,,0.3,,
"DE052","Flensburg","T_T_SH_NAT","Share of population  in metropolitan area over the national value","2016","2016","RATIO","Ratio","0","Units",,,0.3,,
"FR040","Mulhouse","T_T_SH_NAT","Share of population  in metropolitan area over the national value","2001","2001","RATIO","Ratio","0","Units",,,0.6,,
"FR040","Mulhouse","T_T_SH_NAT","Share of population  in metropolitan area over the national value","2002","2002","RATIO","Ratio","0","Units",,,0.6,,
"FR040","Mulhouse","T_T_SH_NAT","Share of population  in metropolitan area over the national value","2003","2003","RATIO","Ratio","0","Units",,,0.6,,
"FR040","Mulhouse","T_T_SH_NAT","Share of population  in metropolitan area over the national value","2004","2004","RATIO","Ratio","0","Units",,,0.6,,
"FR040","Mulhouse","T_T_SH_NAT","Share of population  in metropolitan area over the national value","2005","2005","RATIO","Ratio","0","Units",,,0.6,,
"FR040","Mulhouse","T_T_SH_NAT","Share of population  in metropolitan area over the national value","2006","2006","RATIO","Ratio","0","Units",,,0.6,,
"FR040","Mulhouse","T_T_SH_NAT","Share of population  in metropolitan area over the national value","2007","2007","RATIO","Ratio","0","Units",,,0.6,,
"FR040","Mulhouse","T_T_SH_NAT","Share of population  in metropolitan area over the national value","2008","2008","RATIO","Ratio","0","Units",,,0.6,,
"FR040","Mulhouse","T_T_SH_NAT","Share of population  in metropolitan area over the national value","2009","2009","RATIO","Ratio","0","Units",,,0.6,,
"FR040","Mulhouse","T_T_SH_NAT","Share of population  in metropolitan area over the national value","2010","2010","RATIO","Ratio","0","Units",,,0.6,,
"FR040","Mulhouse","T_T_SH_NAT","Share of population  in metropolitan area over the national value","2011","2011","RATIO","Ratio","0","Units",,,0.6,,
"FR040","Mulhouse","T_T_SH_NAT","Share of population  in metropolitan area over the national value","2012","2012","RATIO","Ratio","0","Units",,,0.6,,
"FR040","Mulhouse","T_T_SH_NAT","Share of population  in metropolitan area over the national value","2013","2013","RATIO","Ratio","0","Units",,,0.6,,
"FR040","Mulhouse","T_T_SH_NAT","Share of population  in metropolitan area over the national value","2014","2014","RATIO","Ratio","0","Units",,,0.6,,
"FR040","Mulhouse","T_T_SH_NAT","Share of population  in metropolitan area over the national value","2015","2015","RATIO","Ratio","0","Units",,,0.6,,
"PL006","Gdansk","T_T_SH_NAT","Share of population  in metropolitan area over the national value","2001","2001","RATIO","Ratio","0","Units",,,2.8,,
"PL006","Gdansk","T_T_SH_NAT","Share of population  in metropolitan area over the national value","2002","2002","RATIO","Ratio","0","Units",,,2.8,,
"PL006","Gdansk","T_T_SH_NAT","Share of population  in metropolitan area over the national value","2003","2003","RATIO","Ratio","0","Units",,,2.8,,
"PL006","Gdansk","T_T_SH_NAT","Share of population  in metropolitan area over the national value","2004","2004","RATIO","Ratio","0","Units",,,2.8,,
"PL006","Gdansk","T_T_SH_NAT","Share of population  in metropolitan area over the national value","2005","2005","RATIO","Ratio","0","Units",,,2.8,,
"PL006","Gdansk","T_T_SH_NAT","Share of population  in metropolitan area over the national value","2006","2006","RATIO","Ratio","0","Units",,,2.8,,
"PL006","Gdansk","T_T_SH_NAT","Share of population  in metropolitan area over the national value","2007","2007","RATIO","Ratio","0","Units",,,2.9,,
"PL006","Gdansk","T_T_SH_NAT","Share of population  in metropolitan area over the national value","2008","2008","RATIO","Ratio","0","Units",,,2.9,,
"PL006","Gdansk","T_T_SH_NAT","Share of population  in metropolitan area over the national value","2009","2009","RATIO","Ratio","0","Units",,,2.9,,
"PL006","Gdansk","T_T_SH_NAT","Share of population  in metropolitan area over the national value","2010","2010","RATIO","Ratio","0","Units",,,2.9,,
"PL006","Gdansk","T_T_SH_NAT","Share of population  in metropolitan area over the national value","2011","2011","RATIO","Ratio","0","Units",,,3,,
"PL006","Gdansk","T_T_SH_NAT","Share of population  in metropolitan area over the national value","2012","2012","RATIO","Ratio","0","Units",,,3,,
"PL006","Gdansk","T_T_SH_NAT","Share of population  in metropolitan area over the national value","2013","2013","RATIO","Ratio","0","Units",,,3,,
"PL006","Gdansk","T_T_SH_NAT","Share of population  in metropolitan area over the national value","2014","2014","RATIO","Ratio","0","Units",,,3,,
"PL006","Gdansk","T_T_SH_NAT","Share of population  in metropolitan area over the national value","2015","2015","RATIO","Ratio","0","Units",,,3,,
"PL006","Gdansk","T_T_SH_NAT","Share of population  in metropolitan area over the national value","2016","2016","RATIO","Ratio","0","Units",,,3,,
"MEX24","Oaxaca de Juarez","T_T_SH_NAT","Share of population  in metropolitan area over the national value","2005","2005","RATIO","Ratio","0","Units",,,0.6,,
"MEX24","Oaxaca de Juarez","T_T_SH_NAT","Share of population  in metropolitan area over the national value","2010","2010","RATIO","Ratio","0","Units",,,0.7,,
"MEX24","Oaxaca de Juarez","T_T_SH_NAT","Share of population  in metropolitan area over the national value","2015","2015","RATIO","Ratio","0","Units",,,0.7,,
"LV001","Riga","POP_DEN","Population density (pop. per km2)","2000","2000","PER","Persons","0","Units",,,170,,
"LV001","Riga","POP_DEN","Population density (pop. per km2)","2001","2001","PER","Persons","0","Units",,,168,,
"LV001","Riga","POP_DEN","Population density (pop. per km2)","2002","2002","PER","Persons","0","Units",,,167,,
"LV001","Riga","POP_DEN","Population density (pop. per km2)","2003","2003","PER","Persons","0","Units",,,166,,
"LV001","Riga","POP_DEN","Population density (pop. per km2)","2004","2004","PER","Persons","0","Units",,,165,,
"LV001","Riga","POP_DEN","Population density (pop. per km2)","2005","2005","PER","Persons","0","Units",,,164,,
"LV001","Riga","POP_DEN","Population density (pop. per km2)","2006","2006","PER","Persons","0","Units",,,162,,
"LV001","Riga","POP_DEN","Population density (pop. per km2)","2007","2007","PER","Persons","0","Units",,,161,,
"LV001","Riga","POP_DEN","Population density (pop. per km2)","2008","2008","PER","Persons","0","Units",,,160,,
"LV001","Riga","POP_DEN","Population density (pop. per km2)","2009","2009","PER","Persons","0","Units",,,159,,
"LV001","Riga","POP_DEN","Population density (pop. per km2)","2010","2010","PER","Persons","0","Units",,,157,,
"LV001","Riga","POP_DEN","Population density (pop. per km2)","2011","2011","PER","Persons","0","Units",,,156,,
"LV001","Riga","POP_DEN","Population density (pop. per km2)","2012","2012","PER","Persons","0","Units",,,156,,
"LV001","Riga","POP_DEN","Population density (pop. per km2)","2013","2013","PER","Persons","0","Units",,,155,,
"LV001","Riga","POP_DEN","Population density (pop. per km2)","2014","2014","PER","Persons","0","Units",,,154,,
"LV001","Riga","POP_DEN","Population density (pop. per km2)","2015","2015","PER","Persons","0","Units",,,154,,
"LV001","Riga","POP_DEN","Population density (pop. per km2)","2016","2016","PER","Persons","0","Units",,,153,,
"DE524","Wurzburg","T_T","Population, All ages. Administrative data","2001","2001","PER","Persons","0","Units",,,508470,,
"DE524","Wurzburg","T_T","Population, All ages. Administrative data","2002","2002","PER","Persons","0","Units",,,511124,,
"DE524","Wurzburg","T_T","Population, All ages. Administrative data","2003","2003","PER","Persons","0","Units",,,513742,,
"DE524","Wurzburg","T_T","Population, All ages. Administrative data","2004","2004","PER","Persons","0","Units",,,514699,,
"DE524","Wurzburg","T_T","Population, All ages. Administrative data","2005","2005","PER","Persons","0","Units",,,515503,,
"DE524","Wurzburg","T_T","Population, All ages. Administrative data","2006","2006","PER","Persons","0","Units",,,515189,,
"DE524","Wurzburg","T_T","Population, All ages. Administrative data","2007","2007","PER","Persons","0","Units",,,515773,,
"DE524","Wurzburg","T_T","Population, All ages. Administrative data","2008","2008","PER","Persons","0","Units",,,515991,,
"DE524","Wurzburg","T_T","Population, All ages. Administrative data","2009","2009","PER","Persons","0","Units",,,512763,,
"DE524","Wurzburg","T_T","Population, All ages. Administrative data","2010","2010","PER","Persons","0","Units",,,511058,,
"DE524","Wurzburg","T_T","Population, All ages. Administrative data","2011","2011","PER","Persons","0","Units",,,498610,,
"DE524","Wurzburg","T_T","Population, All ages. Administrative data","2012","2012","PER","Persons","0","Units",,,498017,,
"DE524","Wurzburg","T_T","Population, All ages. Administrative data","2013","2013","PER","Persons","0","Units",,,497551,,
"DE524","Wurzburg","T_T","Population, All ages. Administrative data","2014","2014","PER","Persons","0","Units",,,498222,,
"DE524","Wurzburg","T_T","Population, All ages. Administrative data","2015","2015","PER","Persons","0","Units",,,498434,,
"DE524","Wurzburg","T_T","Population, All ages. Administrative data","2016","2016","PER","Persons","0","Units",,,501290,,
"DE037","Mainz","T_T","Population, All ages. Administrative data","2001","2001","PER","Persons","0","Units",,,377951,,
"DE037","Mainz","T_T","Population, All ages. Administrative data","2002","2002","PER","Persons","0","Units",,,382288,,
"DE037","Mainz","T_T","Population, All ages. Administrative data","2003","2003","PER","Persons","0","Units",,,384765,,
"DE037","Mainz","T_T","Population, All ages. Administrative data","2004","2004","PER","Persons","0","Units",,,385280,,
"DE037","Mainz","T_T","Population, All ages. Administrative data","2005","2005","PER","Persons","0","Units",,,387097,,
"DE037","Mainz","T_T","Population, All ages. Administrative data","2006","2006","PER","Persons","0","Units",,,395779,,
"DE037","Mainz","T_T","Population, All ages. Administrative data","2007","2007","PER","Persons","0","Units",,,398279,,
"DE037","Mainz","T_T","Population, All ages. Administrative data","2008","2008","PER","Persons","0","Units",,,400482,,
"DE037","Mainz","T_T","Population, All ages. Administrative data","2009","2009","PER","Persons","0","Units",,,399939,,
"DE037","Mainz","T_T","Population, All ages. Administrative data","2010","2010","PER","Persons","0","Units",,,400262,,
"DE037","Mainz","T_T","Population, All ages. Administrative data","2011","2011","PER","Persons","0","Units",,,401152,,
"DE037","Mainz","T_T","Population, All ages. Administrative data","2012","2012","PER","Persons","0","Units",,,403164,,
"DE037","Mainz","T_T","Population, All ages. Administrative data","2013","2013","PER","Persons","0","Units",,,405874,,
"DE037","Mainz","T_T","Population, All ages. Administrative data","2014","2014","PER","Persons","0","Units",,,408501,,
"DE037","Mainz","T_T","Population, All ages. Administrative data","2015","2015","PER","Persons","0","Units",,,412403,,
"DE037","Mainz","T_T","Population, All ages. Administrative data","2016","2016","PER","Persons","0","Units",,,419426,,
"USA18","Denver","T_T_SH_NAT","Share of population  in metropolitan area over the national value","2001","2001","RATIO","Ratio","0","Units",,,0.8,,
"USA18","Denver","T_T_SH_NAT","Share of population  in metropolitan area over the national value","2002","2002","RATIO","Ratio","0","Units",,,0.8,,
"USA18","Denver","T_T_SH_NAT","Share of population  in metropolitan area over the national value","2003","2003","RATIO","Ratio","0","Units",,,0.8,,
"USA18","Denver","T_T_SH_NAT","Share of population  in metropolitan area over the national value","2004","2004","RATIO","Ratio","0","Units",,,0.8,,
"USA18","Denver","T_T_SH_NAT","Share of population  in metropolitan area over the national value","2005","2005","RATIO","Ratio","0","Units",,,0.8,,
"USA18","Denver","T_T_SH_NAT","Share of population  in metropolitan area over the national value","2006","2006","RATIO","Ratio","0","Units",,,0.8,,
"USA18","Denver","T_T_SH_NAT","Share of population  in metropolitan area over the national value","2007","2007","RATIO","Ratio","0","Units",,,0.8,,
"USA18","Denver","T_T_SH_NAT","Share of population  in metropolitan area over the national value","2008","2008","RATIO","Ratio","0","Units",,,0.8,,
"USA18","Denver","T_T_SH_NAT","Share of population  in metropolitan area over the national value","2009","2009","RATIO","Ratio","0","Units",,,0.8,,
"USA18","Denver","T_T_SH_NAT","Share of population  in metropolitan area over the national value","2010","2010","RATIO","Ratio","0","Units",,,0.8,,
"USA18","Denver","T_T_SH_NAT","Share of population  in metropolitan area over the national value","2011","2011","RATIO","Ratio","0","Units",,,0.8,,
"USA18","Denver","T_T_SH_NAT","Share of population  in metropolitan area over the national value","2012","2012","RATIO","Ratio","0","Units",,,0.8,,
"USA18","Denver","T_T_SH_NAT","Share of population  in metropolitan area over the national value","2013","2013","RATIO","Ratio","0","Units",,,0.9,,
"USA18","Denver","T_T_SH_NAT","Share of population  in metropolitan area over the national value","2014","2014","RATIO","Ratio","0","Units",,,0.9,,
"USA18","Denver","T_T_SH_NAT","Share of population  in metropolitan area over the national value","2015","2015","RATIO","Ratio","0","Units",,,0.9,,
"USA18","Denver","T_T_SH_NAT","Share of population  in metropolitan area over the national value","2016","2016","RATIO","Ratio","0","Units",,,0.9,,
"CAN12","Halifax","POP_DEN","Population density (pop. per km2)","2000","2000","PER","Persons","0","Units",,,40,,
"CAN12","Halifax","POP_DEN","Population density (pop. per km2)","2001","2001","PER","Persons","0","Units",,,41,,
"CAN12","Halifax","POP_DEN","Population density (pop. per km2)","2002","2002","PER","Persons","0","Units",,,41,,
"CAN12","Halifax","POP_DEN","Population density (pop. per km2)","2003","2003","PER","Persons","0","Units",,,41,,
"CAN12","Halifax","POP_DEN","Population density (pop. per km2)","2004","2004","PER","Persons","0","Units",,,42,,
"CAN12","Halifax","POP_DEN","Population density (pop. per km2)","2005","2005","PER","Persons","0","Units",,,42,,
"CAN12","Halifax","POP_DEN","Population density (pop. per km2)","2006","2006","PER","Persons","0","Units",,,42,,
"CAN12","Halifax","POP_DEN","Population density (pop. per km2)","2007","2007","PER","Persons","0","Units",,,42,,
"CAN12","Halifax","POP_DEN","Population density (pop. per km2)","2008","2008","PER","Persons","0","Units",,,43,,
"CAN12","Halifax","POP_DEN","Population density (pop. per km2)","2009","2009","PER","Persons","0","Units",,,43,,
"CAN12","Halifax","POP_DEN","Population density (pop. per km2)","2010","2010","PER","Persons","0","Units",,,43,,
"CAN12","Halifax","POP_DEN","Population density (pop. per km2)","2011","2011","PER","Persons","0","Units",,,43,,
"CAN12","Halifax","POP_DEN","Population density (pop. per km2)","2012","2012","PER","Persons","0","Units",,,43,,
"CAN12","Halifax","POP_DEN","Population density (pop. per km2)","2013","2013","PER","Persons","0","Units",,,43,,
"CAN12","Halifax","POP_DEN","Population density (pop. per km2)","2014","2014","PER","Persons","0","Units",,,44,,
"CAN12","Halifax","POP_DEN","Population density (pop. per km2)","2015","2015","PER","Persons","0","Units",,,44,,
"CAN12","Halifax","POP_DEN","Population density (pop. per km2)","2016","2016","PER","Persons","0","Units",,,44,,
"JPN45","Kusatsu","T_T_SH_NAT","Share of population  in metropolitan area over the national value","2001","2001","RATIO","Ratio","0","Units",,,0.3,,
"JPN45","Kusatsu","T_T_SH_NAT","Share of population  in metropolitan area over the national value","2002","2002","RATIO","Ratio","0","Units",,,0.3,,
"JPN45","Kusatsu","T_T_SH_NAT","Share of population  in metropolitan area over the national value","2003","2003","RATIO","Ratio","0","Units",,,0.3,,
"JPN45","Kusatsu","T_T_SH_NAT","Share of population  in metropolitan area over the national value","2004","2004","RATIO","Ratio","0","Units",,,0.3,,
"JPN45","Kusatsu","T_T_SH_NAT","Share of population  in metropolitan area over the national value","2005","2005","RATIO","Ratio","0","Units",,,0.3,,
"JPN45","Kusatsu","T_T_SH_NAT","Share of population  in metropolitan area over the national value","2006","2006","RATIO","Ratio","0","Units",,,0.3,,
"JPN45","Kusatsu","T_T_SH_NAT","Share of population  in metropolitan area over the national value","2007","2007","RATIO","Ratio","0","Units",,,0.3,,
"JPN45","Kusatsu","T_T_SH_NAT","Share of population  in metropolitan area over the national value","2008","2008","RATIO","Ratio","0","Units",,,0.3,,
"JPN45","Kusatsu","T_T_SH_NAT","Share of population  in metropolitan area over the national value","2009","2009","RATIO","Ratio","0","Units",,,0.3,,
"JPN45","Kusatsu","T_T_SH_NAT","Share of population  in metropolitan area over the national value","2010","2010","RATIO","Ratio","0","Units",,,0.3,,
"JPN45","Kusatsu","T_T_SH_NAT","Share of population  in metropolitan area over the national value","2011","2011","RATIO","Ratio","0","Units",,,0.3,,
"JPN45","Kusatsu","T_T_SH_NAT","Share of population  in metropolitan area over the national value","2012","2012","RATIO","Ratio","0","Units",,,0.3,,
"JPN45","Kusatsu","T_T_SH_NAT","Share of population  in metropolitan area over the national value","2013","2013","RATIO","Ratio","0","Units",,,0.3,,
"JPN45","Kusatsu","T_T_SH_NAT","Share of population  in metropolitan area over the national value","2014","2014","RATIO","Ratio","0","Units",,,0.3,,
"JPN45","Kusatsu","T_T_SH_NAT","Share of population  in metropolitan area over the national value","2015","2015","RATIO","Ratio","0","Units",,,0.3,,
"FR013","Rennes","T_T_SH_NAT","Share of population  in metropolitan area over the national value","2001","2001","RATIO","Ratio","0","Units",,,1,,
"FR013","Rennes","T_T_SH_NAT","Share of population  in metropolitan area over the national value","2002","2002","RATIO","Ratio","0","Units",,,1,,
"FR013","Rennes","T_T_SH_NAT","Share of population  in metropolitan area over the national value","2003","2003","RATIO","Ratio","0","Units",,,1,,
"FR013","Rennes","T_T_SH_NAT","Share of population  in metropolitan area over the national value","2004","2004","RATIO","Ratio","0","Units",,,1,,
"FR013","Rennes","T_T_SH_NAT","Share of population  in metropolitan area over the national value","2005","2005","RATIO","Ratio","0","Units",,,1,,
"FR013","Rennes","T_T_SH_NAT","Share of population  in metropolitan area over the national value","2006","2006","RATIO","Ratio","0","Units",,,1,,
"FR013","Rennes","T_T_SH_NAT","Share of population  in metropolitan area over the national value","2007","2007","RATIO","Ratio","0","Units",,,1,,
"FR013","Rennes","T_T_SH_NAT","Share of population  in metropolitan area over the national value","2008","2008","RATIO","Ratio","0","Units",,,1,,
"FR013","Rennes","T_T_SH_NAT","Share of population  in metropolitan area over the national value","2009","2009","RATIO","Ratio","0","Units",,,1,,
"FR013","Rennes","T_T_SH_NAT","Share of population  in metropolitan area over the national value","2010","2010","RATIO","Ratio","0","Units",,,1,,
"FR013","Rennes","T_T_SH_NAT","Share of population  in metropolitan area over the national value","2011","2011","RATIO","Ratio","0","Units",,,1.1,,
"FR013","Rennes","T_T_SH_NAT","Share of population  in metropolitan area over the national value","2012","2012","RATIO","Ratio","0","Units",,,1.1,,
"FR013","Rennes","T_T_SH_NAT","Share of population  in metropolitan area over the national value","2013","2013","RATIO","Ratio","0","Units",,,1.1,,
"FR013","Rennes","T_T_SH_NAT","Share of population  in metropolitan area over the national value","2014","2014","RATIO","Ratio","0","Units",,,1.1,,
"FR013","Rennes","T_T_SH_NAT","Share of population  in metropolitan area over the national value","2015","2015","RATIO","Ratio","0","Units",,,1.1,,
"PL506","Bielsko-Biala","T_T_SH_NAT","Share of population  in metropolitan area over the national value","2001","2001","RATIO","Ratio","0","Units",,,0.9,,
"PL506","Bielsko-Biala","T_T_SH_NAT","Share of population  in metropolitan area over the national value","2002","2002","RATIO","Ratio","0","Units",,,0.9,,
"PL506","Bielsko-Biala","T_T_SH_NAT","Share of population  in metropolitan area over the national value","2003","2003","RATIO","Ratio","0","Units",,,0.9,,
"PL506","Bielsko-Biala","T_T_SH_NAT","Share of population  in metropolitan area over the national value","2004","2004","RATIO","Ratio","0","Units",,,0.9,,
"PL506","Bielsko-Biala","T_T_SH_NAT","Share of population  in metropolitan area over the national value","2005","2005","RATIO","Ratio","0","Units",,,0.9,,
"PL506","Bielsko-Biala","T_T_SH_NAT","Share of population  in metropolitan area over the national value","2006","2006","RATIO","Ratio","0","Units",,,0.9,,
"PL506","Bielsko-Biala","T_T_SH_NAT","Share of population  in metropolitan area over the national value","2007","2007","RATIO","Ratio","0","Units",,,0.9,,
"PL506","Bielsko-Biala","T_T_SH_NAT","Share of population  in metropolitan area over the national value","2008","2008","RATIO","Ratio","0","Units",,,0.9,,
"PL506","Bielsko-Biala","T_T_SH_NAT","Share of population  in metropolitan area over the national value","2009","2009","RATIO","Ratio","0","Units",,,1,,
"PL506","Bielsko-Biala","T_T_SH_NAT","Share of population  in metropolitan area over the national value","2010","2010","RATIO","Ratio","0","Units",,,1,,
"PL506","Bielsko-Biala","T_T_SH_NAT","Share of population  in metropolitan area over the national value","2011","2011","RATIO","Ratio","0","Units",,,1,,
"PL506","Bielsko-Biala","T_T_SH_NAT","Share of population  in metropolitan area over the national value","2012","2012","RATIO","Ratio","0","Units",,,1,,
"PL506","Bielsko-Biala","T_T_SH_NAT","Share of population  in metropolitan area over the national value","2013","2013","RATIO","Ratio","0","Units",,,1,,
"PL506","Bielsko-Biala","T_T_SH_NAT","Share of population  in metropolitan area over the national value","2014","2014","RATIO","Ratio","0","Units",,,1,,
"PL506","Bielsko-Biala","T_T_SH_NAT","Share of population  in metropolitan area over the national value","2015","2015","RATIO","Ratio","0","Units",,,1,,
"PL506","Bielsko-Biala","T_T_SH_NAT","Share of population  in metropolitan area over the national value","2016","2016","RATIO","Ratio","0","Units",,,1,,
"UK006","Liverpool","POP_DEN","Population density (pop. per km2)","2001","2001","PER","Persons","0","Units",,,1392,,
"UK006","Liverpool","POP_DEN","Population density (pop. per km2)","2002","2002","PER","Persons","0","Units",,,1390,,
"UK006","Liverpool","POP_DEN","Population density (pop. per km2)","2003","2003","PER","Persons","0","Units",,,1390,,
"UK006","Liverpool","POP_DEN","Population density (pop. per km2)","2004","2004","PER","Persons","0","Units",,,1392,,
"UK006","Liverpool","POP_DEN","Population density (pop. per km2)","2005","2005","PER","Persons","0","Units",,,1394,,
"UK006","Liverpool","POP_DEN","Population density (pop. per km2)","2006","2006","PER","Persons","0","Units",,,1394,,
"UK006","Liverpool","POP_DEN","Population density (pop. per km2)","2007","2007","PER","Persons","0","Units",,,1393,,
"UK006","Liverpool","POP_DEN","Population density (pop. per km2)","2008","2008","PER","Persons","0","Units",,,1393,,
"UK006","Liverpool","POP_DEN","Population density (pop. per km2)","2009","2009","PER","Persons","0","Units",,,1396,,
"UK006","Liverpool","POP_DEN","Population density (pop. per km2)","2010","2010","PER","Persons","0","Units",,,1399,,
"UK006","Liverpool","POP_DEN","Population density (pop. per km2)","2011","2011","PER","Persons","0","Units",,,1404,,
"UK006","Liverpool","POP_DEN","Population density (pop. per km2)","2012","2012","PER","Persons","0","Units",,,1410,,
"UK006","Liverpool","POP_DEN","Population density (pop. per km2)","2013","2013","PER","Persons","0","Units",,,1412,,
"UK006","Liverpool","POP_DEN","Population density (pop. per km2)","2014","2014","PER","Persons","0","Units",,,1419,,
"UK006","Liverpool","POP_DEN","Population density (pop. per km2)","2015","2015","PER","Persons","0","Units",,,1429,,
"UK006","Liverpool","POP_DEN","Population density (pop. per km2)","2016","2016","PER","Persons","0","Units",,,1440,,
"DE013","Hanover","T_T_SH_NAT","Share of population  in metropolitan area over the national value","2001","2001","RATIO","Ratio","0","Units",,,1.6,,
"DE013","Hanover","T_T_SH_NAT","Share of population  in metropolitan area over the national value","2002","2002","RATIO","Ratio","0","Units",,,1.6,,
"DE013","Hanover","T_T_SH_NAT","Share of population  in metropolitan area over the national value","2003","2003","RATIO","Ratio","0","Units",,,1.6,,
"DE013","Hanover","T_T_SH_NAT","Share of population  in metropolitan area over the national value","2004","2004","RATIO","Ratio","0","Units",,,1.6,,
"DE013","Hanover","T_T_SH_NAT","Share of population  in metropolitan area over the national value","2005","2005","RATIO","Ratio","0","Units",,,1.6,,
"DE013","Hanover","T_T_SH_NAT","Share of population  in metropolitan area over the national value","2006","2006","RATIO","Ratio","0","Units",,,1.6,,
"DE013","Hanover","T_T_SH_NAT","Share of population  in metropolitan area over the national value","2007","2007","RATIO","Ratio","0","Units",,,1.6,,
"DE013","Hanover","T_T_SH_NAT","Share of population  in metropolitan area over the national value","2008","2008","RATIO","Ratio","0","Units",,,1.6,,
"DE013","Hanover","T_T_SH_NAT","Share of population  in metropolitan area over the national value","2009","2009","RATIO","Ratio","0","Units",,,1.6,,
"DE013","Hanover","T_T_SH_NAT","Share of population  in metropolitan area over the national value","2010","2010","RATIO","Ratio","0","Units",,,1.6,,
"DE013","Hanover","T_T_SH_NAT","Share of population  in metropolitan area over the national value","2011","2011","RATIO","Ratio","0","Units",,,1.6,,
"DE013","Hanover","T_T_SH_NAT","Share of population  in metropolitan area over the national value","2012","2012","RATIO","Ratio","0","Units",,,1.6,,
"DE013","Hanover","T_T_SH_NAT","Share of population  in metropolitan area over the national value","2013","2013","RATIO","Ratio","0","Units",,,1.6,,
"DE013","Hanover","T_T_SH_NAT","Share of population  in metropolitan area over the national value","2014","2014","RATIO","Ratio","0","Units",,,1.6,,
"DE013","Hanover","T_T_SH_NAT","Share of population  in metropolitan area over the national value","2015","2015","RATIO","Ratio","0","Units",,,1.6,,
"DE013","Hanover","T_T_SH_NAT","Share of population  in metropolitan area over the national value","2016","2016","RATIO","Ratio","0","Units",,,1.6,,
"MEX07","Leon","T_T_SH_NAT","Share of population  in metropolitan area over the national value","2005","2005","RATIO","Ratio","0","Units",,,1.2,,
"MEX07","Leon","T_T_SH_NAT","Share of population  in metropolitan area over the national value","2010","2010","RATIO","Ratio","0","Units",,,1.3,,
"MEX07","Leon","T_T_SH_NAT","Share of population  in metropolitan area over the national value","2015","2015","RATIO","Ratio","0","Units",,,1.4,,
"JPN24","Nagasaki","T_T_SH_NAT","Share of population  in metropolitan area over the national value","2001","2001","RATIO","Ratio","0","Units",,,0.5,,
"JPN24","Nagasaki","T_T_SH_NAT","Share of population  in metropolitan area over the national value","2002","2002","RATIO","Ratio","0","Units",,,0.5,,
"JPN24","Nagasaki","T_T_SH_NAT","Share of population  in metropolitan area over the national value","2003","2003","RATIO","Ratio","0","Units",,,0.5,,
"JPN24","Nagasaki","T_T_SH_NAT","Share of population  in metropolitan area over the national value","2004","2004","RATIO","Ratio","0","Units",,,0.5,,
"JPN24","Nagasaki","T_T_SH_NAT","Share of population  in metropolitan area over the national value","2005","2005","RATIO","Ratio","0","Units",,,0.5,,
"JPN24","Nagasaki","T_T_SH_NAT","Share of population  in metropolitan area over the national value","2006","2006","RATIO","Ratio","0","Units",,,0.5,,
"JPN24","Nagasaki","T_T_SH_NAT","Share of population  in metropolitan area over the national value","2007","2007","RATIO","Ratio","0","Units",,,0.5,,
"JPN24","Nagasaki","T_T_SH_NAT","Share of population  in metropolitan area over the national value","2008","2008","RATIO","Ratio","0","Units",,,0.5,,
"JPN24","Nagasaki","T_T_SH_NAT","Share of population  in metropolitan area over the national value","2009","2009","RATIO","Ratio","0","Units",,,0.5,,
"JPN24","Nagasaki","T_T_SH_NAT","Share of population  in metropolitan area over the national value","2010","2010","RATIO","Ratio","0","Units",,,0.5,,
"JPN24","Nagasaki","T_T_SH_NAT","Share of population  in metropolitan area over the national value","2011","2011","RATIO","Ratio","0","Units",,,0.5,,
"JPN24","Nagasaki","T_T_SH_NAT","Share of population  in metropolitan area over the national value","2012","2012","RATIO","Ratio","0","Units",,,0.5,,
"JPN24","Nagasaki","T_T_SH_NAT","Share of population  in metropolitan area over the national value","2013","2013","RATIO","Ratio","0","Units",,,0.5,,
"JPN24","Nagasaki","T_T_SH_NAT","Share of population  in metropolitan area over the national value","2014","2014","RATIO","Ratio","0","Units",,,0.5,,
"JPN24","Nagasaki","T_T_SH_NAT","Share of population  in metropolitan area over the national value","2015","2015","RATIO","Ratio","0","Units",,,0.5,,
"CH004","Bern","T_T","Population, All ages. Administrative data","2000","2000","PER","Persons","0","Units",,,374812,,
"CH004","Bern","T_T","Population, All ages. Administrative data","2001","2001","PER","Persons","0","Units",,,376525,,
"CH004","Bern","T_T","Population, All ages. Administrative data","2002","2002","PER","Persons","0","Units",,,378236,,
"CH004","Bern","T_T","Population, All ages. Administrative data","2003","2003","PER","Persons","0","Units",,,379948,,
"CH004","Bern","T_T","Population, All ages. Administrative data","2004","2004","PER","Persons","0","Units",,,381660,,
"CH004","Bern","T_T","Population, All ages. Administrative data","2005","2005","PER","Persons","0","Units",,,383372,,
"CH004","Bern","T_T","Population, All ages. Administrative data","2006","2006","PER","Persons","0","Units",,,385084,,
"CH004","Bern","T_T","Population, All ages. Administrative data","2007","2007","PER","Persons","0","Units",,,386795,,
"CH004","Bern","T_T","Population, All ages. Administrative data","2008","2008","PER","Persons","0","Units",,,388508,,
"CH004","Bern","T_T","Population, All ages. Administrative data","2009","2009","PER","Persons","0","Units",,,390218,,
"CH004","Bern","T_T","Population, All ages. Administrative data","2010","2010","PER","Persons","0","Units",,,391931,,
"CH004","Bern","T_T","Population, All ages. Administrative data","2011","2011","PER","Persons","0","Units",,,394593,,
"CH004","Bern","T_T","Population, All ages. Administrative data","2012","2012","PER","Persons","0","Units",,,398873,,
"CH004","Bern","T_T","Population, All ages. Administrative data","2013","2013","PER","Persons","0","Units",,,403103,,
"CH004","Bern","T_T","Population, All ages. Administrative data","2014","2014","PER","Persons","0","Units",,,406852,,
"CH004","Bern","T_T","Population, All ages. Administrative data","2015","2015","PER","Persons","0","Units",,,410894,,
"CH004","Bern","T_T","Population, All ages. Administrative data","2016","2016","PER","Persons","0","Units",,,415485,,
"USA144","St. Lucie","T_T","Population, All ages. Administrative data","2000","2000","PER","Persons","0","Units",,,193518,,
"USA144","St. Lucie","T_T","Population, All ages. Administrative data","2001","2001","PER","Persons","0","Units",,,198459,,
"USA144","St. Lucie","T_T","Population, All ages. Administrative data","2002","2002","PER","Persons","0","Units",,,205796,,
"USA144","St. Lucie","T_T","Population, All ages. Administrative data","2003","2003","PER","Persons","0","Units",,,214924,,
"USA144","St. Lucie","T_T","Population, All ages. Administrative data","2004","2004","PER","Persons","0","Units",,,228548,,
"USA144","St. Lucie","T_T","Population, All ages. Administrative data","2005","2005","PER","Persons","0","Units",,,241965,,
"USA144","St. Lucie","T_T","Population, All ages. Administrative data","2006","2006","PER","Persons","0","Units",,,255251,,
"USA144","St. Lucie","T_T","Population, All ages. Administrative data","2007","2007","PER","Persons","0","Units",,,266860,,
"USA144","St. Lucie","T_T","Population, All ages. Administrative data","2008","2008","PER","Persons","0","Units",,,273151,,
"USA144","St. Lucie","T_T","Population, All ages. Administrative data","2009","2009","PER","Persons","0","Units",,,274344,,
"USA144","St. Lucie","T_T","Population, All ages. Administrative data","2010","2010","PER","Persons","0","Units",,,278277,,
"USA144","St. Lucie","T_T","Population, All ages. Administrative data","2011","2011","PER","Persons","0","Units",,,280487,,
"USA144","St. Lucie","T_T","Population, All ages. Administrative data","2012","2012","PER","Persons","0","Units",,,283189,,
"USA144","St. Lucie","T_T","Population, All ages. Administrative data","2013","2013","PER","Persons","0","Units",,,285708,,
"USA144","St. Lucie","T_T","Population, All ages. Administrative data","2014","2014","PER","Persons","0","Units",,,290594,,
"USA144","St. Lucie","T_T","Population, All ages. Administrative data","2015","2015","PER","Persons","0","Units",,,297929,,
"USA144","St. Lucie","T_T","Population, All ages. Administrative data","2016","2016","PER","Persons","0","Units",,,306079,,
"USA135","Roanoke","T_T_SH_NAT","Share of population  in metropolitan area over the national value","2001","2001","RATIO","Ratio","0","Units",,,0.1,,
"USA135","Roanoke","T_T_SH_NAT","Share of population  in metropolitan area over the national value","2002","2002","RATIO","Ratio","0","Units",,,0.1,,
"USA135","Roanoke","T_T_SH_NAT","Share of population  in metropolitan area over the national value","2003","2003","RATIO","Ratio","0","Units",,,0.1,,
"USA135","Roanoke","T_T_SH_NAT","Share of population  in metropolitan area over the national value","2004","2004","RATIO","Ratio","0","Units",,,0.1,,
"USA135","Roanoke","T_T_SH_NAT","Share of population  in metropolitan area over the national value","2005","2005","RATIO","Ratio","0","Units",,,0.1,,
"USA135","Roanoke","T_T_SH_NAT","Share of population  in metropolitan area over the national value","2006","2006","RATIO","Ratio","0","Units",,,0.1,,
"USA135","Roanoke","T_T_SH_NAT","Share of population  in metropolitan area over the national value","2007","2007","RATIO","Ratio","0","Units",,,0.1,,
"USA135","Roanoke","T_T_SH_NAT","Share of population  in metropolitan area over the national value","2008","2008","RATIO","Ratio","0","Units",,,0.1,,
"USA135","Roanoke","T_T_SH_NAT","Share of population  in metropolitan area over the national value","2009","2009","RATIO","Ratio","0","Units",,,0.1,,
"USA135","Roanoke","T_T_SH_NAT","Share of population  in metropolitan area over the national value","2010","2010","RATIO","Ratio","0","Units",,,0.1,,
"USA135","Roanoke","T_T_SH_NAT","Share of population  in metropolitan area over the national value","2011","2011","RATIO","Ratio","0","Units",,,0.1,,
"USA135","Roanoke","T_T_SH_NAT","Share of population  in metropolitan area over the national value","2012","2012","RATIO","Ratio","0","Units",,,0.1,,
"USA135","Roanoke","T_T_SH_NAT","Share of population  in metropolitan area over the national value","2013","2013","RATIO","Ratio","0","Units",,,0.1,,
"USA135","Roanoke","T_T_SH_NAT","Share of population  in metropolitan area over the national value","2014","2014","RATIO","Ratio","0","Units",,,0.1,,
"USA135","Roanoke","T_T_SH_NAT","Share of population  in metropolitan area over the national value","2015","2015","RATIO","Ratio","0","Units",,,0.1,,
"USA135","Roanoke","T_T_SH_NAT","Share of population  in metropolitan area over the national value","2016","2016","RATIO","Ratio","0","Units",,,0.1,,
"DE031","Schwerin","T_T_SH_NAT","Share of population  in metropolitan area over the national value","2001","2001","RATIO","Ratio","0","Units",,,0.4,,
"DE031","Schwerin","T_T_SH_NAT","Share of population  in metropolitan area over the national value","2002","2002","RATIO","Ratio","0","Units",,,0.4,,
"DE031","Schwerin","T_T_SH_NAT","Share of population  in metropolitan area over the national value","2003","2003","RATIO","Ratio","0","Units",,,0.4,,
"DE031","Schwerin","T_T_SH_NAT","Share of population  in metropolitan area over the national value","2004","2004","RATIO","Ratio","0","Units",,,0.4,,
"DE031","Schwerin","T_T_SH_NAT","Share of population  in metropolitan area over the national value","2005","2005","RATIO","Ratio","0","Units",,,0.4,,
"DE031","Schwerin","T_T_SH_NAT","Share of population  in metropolitan area over the national value","2006","2006","RATIO","Ratio","0","Units",,,0.4,,
"DE031","Schwerin","T_T_SH_NAT","Share of population  in metropolitan area over the national value","2007","2007","RATIO","Ratio","0","Units",,,0.4,,
"DE031","Schwerin","T_T_SH_NAT","Share of population  in metropolitan area over the national value","2008","2008","RATIO","Ratio","0","Units",,,0.4,,
"DE031","Schwerin","T_T_SH_NAT","Share of population  in metropolitan area over the national value","2009","2009","RATIO","Ratio","0","Units",,,0.4,,
"DE031","Schwerin","T_T_SH_NAT","Share of population  in metropolitan area over the national value","2010","2010","RATIO","Ratio","0","Units",,,0.4,,
"DE031","Schwerin","T_T_SH_NAT","Share of population  in metropolitan area over the national value","2011","2011","RATIO","Ratio","0","Units",,,0.4,,
"DE031","Schwerin","T_T_SH_NAT","Share of population  in metropolitan area over the national value","2012","2012","RATIO","Ratio","0","Units",,,0.4,,
"DE031","Schwerin","T_T_SH_NAT","Share of population  in metropolitan area over the national value","2013","2013","RATIO","Ratio","0","Units",,,0.4,,
"DE031","Schwerin","T_T_SH_NAT","Share of population  in metropolitan area over the national value","2014","2014","RATIO","Ratio","0","Units",,,0.4,,
"DE031","Schwerin","T_T_SH_NAT","Share of population  in metropolitan area over the national value","2015","2015","RATIO","Ratio","0","Units",,,0.4,,
"DE031","Schwerin","T_T_SH_NAT","Share of population  in metropolitan area over the national value","2016","2016","RATIO","Ratio","0","Units",,,0.4,,
"USA96","Montgomery (AL)","T_T_SH_NAT","Share of population  in metropolitan area over the national value","2001","2001","RATIO","Ratio","0","Units",,,0.1,,
"USA96","Montgomery (AL)","T_T_SH_NAT","Share of population  in metropolitan area over the national value","2002","2002","RATIO","Ratio","0","Units",,,0.1,,
"USA96","Montgomery (AL)","T_T_SH_NAT","Share of population  in metropolitan area over the national value","2003","2003","RATIO","Ratio","0","Units",,,0.1,,
"USA96","Montgomery (AL)","T_T_SH_NAT","Share of population  in metropolitan area over the national value","2004","2004","RATIO","Ratio","0","Units",,,0.1,,
"USA96","Montgomery (AL)","T_T_SH_NAT","Share of population  in metropolitan area over the national value","2005","2005","RATIO","Ratio","0","Units",,,0.1,,
"USA96","Montgomery (AL)","T_T_SH_NAT","Share of population  in metropolitan area over the national value","2006","2006","RATIO","Ratio","0","Units",,,0.1,,
"USA96","Montgomery (AL)","T_T_SH_NAT","Share of population  in metropolitan area over the national value","2007","2007","RATIO","Ratio","0","Units",,,0.1,,
"USA96","Montgomery (AL)","T_T_SH_NAT","Share of population  in metropolitan area over the national value","2008","2008","RATIO","Ratio","0","Units",,,0.1,,
"USA96","Montgomery (AL)","T_T_SH_NAT","Share of population  in metropolitan area over the national value","2009","2009","RATIO","Ratio","0","Units",,,0.1,,
"USA96","Montgomery (AL)","T_T_SH_NAT","Share of population  in metropolitan area over the national value","2010","2010","RATIO","Ratio","0","Units",,,0.1,,
"USA96","Montgomery (AL)","T_T_SH_NAT","Share of population  in metropolitan area over the national value","2011","2011","RATIO","Ratio","0","Units",,,0.1,,
"USA96","Montgomery (AL)","T_T_SH_NAT","Share of population  in metropolitan area over the national value","2012","2012","RATIO","Ratio","0","Units",,,0.1,,
"USA96","Montgomery (AL)","T_T_SH_NAT","Share of population  in metropolitan area over the national value","2013","2013","RATIO","Ratio","0","Units",,,0.1,,
"USA96","Montgomery (AL)","T_T_SH_NAT","Share of population  in metropolitan area over the national value","2014","2014","RATIO","Ratio","0","Units",,,0.1,,
"USA96","Montgomery (AL)","T_T_SH_NAT","Share of population  in metropolitan area over the national value","2015","2015","RATIO","Ratio","0","Units",,,0.1,,
"USA96","Montgomery (AL)","T_T_SH_NAT","Share of population  in metropolitan area over the national value","2016","2016","RATIO","Ratio","0","Units",,,0.1,,
"FR036","Angers","POP_DEN","Population density (pop. per km2)","2000","2000","PER","Persons","0","Units",,,163,,
"FR036","Angers","POP_DEN","Population density (pop. per km2)","2001","2001","PER","Persons","0","Units",,,164,,
"FR036","Angers","POP_DEN","Population density (pop. per km2)","2002","2002","PER","Persons","0","Units",,,165,,
"FR036","Angers","POP_DEN","Population density (pop. per km2)","2003","2003","PER","Persons","0","Units",,,166,,
"FR036","Angers","POP_DEN","Population density (pop. per km2)","2004","2004","PER","Persons","0","Units",,,166,,
"FR036","Angers","POP_DEN","Population density (pop. per km2)","2005","2005","PER","Persons","0","Units",,,167,,
"FR036","Angers","POP_DEN","Population density (pop. per km2)","2006","2006","PER","Persons","0","Units",,,168,,
"FR036","Angers","POP_DEN","Population density (pop. per km2)","2007","2007","PER","Persons","0","Units",,,169,,
"FR036","Angers","POP_DEN","Population density (pop. per km2)","2008","2008","PER","Persons","0","Units",,,170,,
"FR036","Angers","POP_DEN","Population density (pop. per km2)","2009","2009","PER","Persons","0","Units",,,171,,
"FR036","Angers","POP_DEN","Population density (pop. per km2)","2010","2010","PER","Persons","0","Units",,,172,,
"FR036","Angers","POP_DEN","Population density (pop. per km2)","2011","2011","PER","Persons","0","Units",,,174,,
"FR036","Angers","POP_DEN","Population density (pop. per km2)","2012","2012","PER","Persons","0","Units",,,175,,
"FR036","Angers","POP_DEN","Population density (pop. per km2)","2013","2013","PER","Persons","0","Units",,,176,,
"FR036","Angers","POP_DEN","Population density (pop. per km2)","2014","2014","PER","Persons","0","Units",,,177,,
"FR036","Angers","POP_DEN","Population density (pop. per km2)","2015","2015","PER","Persons","0","Units",,,176,,
"FR203","Marseille","T_T","Population, All ages. Administrative data","2000","2000","PER","Persons","0","Units",,,1605397,,
"FR203","Marseille","T_T","Population, All ages. Administrative data","2001","2001","PER","Persons","0","Units",,,1617934,,
"FR203","Marseille","T_T","Population, All ages. Administrative data","2002","2002","PER","Persons","0","Units",,,1630474,,
"FR203","Marseille","T_T","Population, All ages. Administrative data","2003","2003","PER","Persons","0","Units",,,1643012,,
"FR203","Marseille","T_T","Population, All ages. Administrative data","2004","2004","PER","Persons","0","Units",,,1655551,,
"FR203","Marseille","T_T","Population, All ages. Administrative data","2005","2005","PER","Persons","0","Units",,,1668088,,
"FR203","Marseille","T_T","Population, All ages. Administrative data","2006","2006","PER","Persons","0","Units",,,1680627,,
"FR203","Marseille","T_T","Population, All ages. Administrative data","2007","2007","PER","Persons","0","Units",,,1693166,,
"FR203","Marseille","T_T","Population, All ages. Administrative data","2008","2008","PER","Persons","0","Units",,,1705704,,
"FR203","Marseille","T_T","Population, All ages. Administrative data","2009","2009","PER","Persons","0","Units",,,1718242,,
"FR203","Marseille","T_T","Population, All ages. Administrative data","2010","2010","PER","Persons","0","Units",,,1724797,,
"FR203","Marseille","T_T","Population, All ages. Administrative data","2011","2011","PER","Persons","0","Units",,,1731353,,
"FR203","Marseille","T_T","Population, All ages. Administrative data","2012","2012","PER","Persons","0","Units",,,1737909,,
"FR203","Marseille","T_T","Population, All ages. Administrative data","2013","2013","PER","Persons","0","Units",,,1744465,,
"FR203","Marseille","T_T","Population, All ages. Administrative data","2014","2014","PER","Persons","0","Units",,,1751020,,
"FR004","Toulouse","T_T_SH_NAT","Share of population  in metropolitan area over the national value","2001","2001","RATIO","Ratio","0","Units",,,1.7,,
"FR004","Toulouse","T_T_SH_NAT","Share of population  in metropolitan area over the national value","2002","2002","RATIO","Ratio","0","Units",,,1.7,,
"FR004","Toulouse","T_T_SH_NAT","Share of population  in metropolitan area over the national value","2003","2003","RATIO","Ratio","0","Units",,,1.8,,
"FR004","Toulouse","T_T_SH_NAT","Share of population  in metropolitan area over the national value","2004","2004","RATIO","Ratio","0","Units",,,1.8,,
"FR004","Toulouse","T_T_SH_NAT","Share of population  in metropolitan area over the national value","2005","2005","RATIO","Ratio","0","Units",,,1.8,,
"FR004","Toulouse","T_T_SH_NAT","Share of population  in metropolitan area over the national value","2006","2006","RATIO","Ratio","0","Units",,,1.8,,
"FR004","Toulouse","T_T_SH_NAT","Share of population  in metropolitan area over the national value","2007","2007","RATIO","Ratio","0","Units",,,1.8,,
"FR004","Toulouse","T_T_SH_NAT","Share of population  in metropolitan area over the national value","2008","2008","RATIO","Ratio","0","Units",,,1.9,,
"FR004","Toulouse","T_T_SH_NAT","Share of population  in metropolitan area over the national value","2009","2009","RATIO","Ratio","0","Units",,,1.9,,
"FR004","Toulouse","T_T_SH_NAT","Share of population  in metropolitan area over the national value","2010","2010","RATIO","Ratio","0","Units",,,1.9,,
"FR004","Toulouse","T_T_SH_NAT","Share of population  in metropolitan area over the national value","2011","2011","RATIO","Ratio","0","Units",,,1.9,,
"FR004","Toulouse","T_T_SH_NAT","Share of population  in metropolitan area over the national value","2012","2012","RATIO","Ratio","0","Units",,,1.9,,
"FR004","Toulouse","T_T_SH_NAT","Share of population  in metropolitan area over the national value","2013","2013","RATIO","Ratio","0","Units",,,2,,
"FR004","Toulouse","T_T_SH_NAT","Share of population  in metropolitan area over the national value","2014","2014","RATIO","Ratio","0","Units",,,2,,
"FR004","Toulouse","T_T_SH_NAT","Share of population  in metropolitan area over the national value","2015","2015","RATIO","Ratio","0","Units",,,2,,
"IT022","Taranto","T_T","Population, All ages. Administrative data","2000","2000","PER","Persons","0","Units",,,411049,,
"IT022","Taranto","T_T","Population, All ages. Administrative data","2001","2001","PER","Persons","0","Units",,,411651,,
"IT022","Taranto","T_T","Population, All ages. Administrative data","2002","2002","PER","Persons","0","Units",,,412252,,
"IT022","Taranto","T_T","Population, All ages. Administrative data","2003","2003","PER","Persons","0","Units",,,412854,,
"IT022","Taranto","T_T","Population, All ages. Administrative data","2004","2004","PER","Persons","0","Units",,,413454,,
"IT022","Taranto","T_T","Population, All ages. Administrative data","2005","2005","PER","Persons","0","Units",,,414057,,
"IT022","Taranto","T_T","Population, All ages. Administrative data","2006","2006","PER","Persons","0","Units",,,414659,,
"IT022","Taranto","T_T","Population, All ages. Administrative data","2007","2007","PER","Persons","0","Units",,,415260,,
"IT022","Taranto","T_T","Population, All ages. Administrative data","2008","2008","PER","Persons","0","Units",,,415861,,
"IT022","Taranto","T_T","Population, All ages. Administrative data","2009","2009","PER","Persons","0","Units",,,416462,,
"IT022","Taranto","T_T","Population, All ages. Administrative data","2010","2010","PER","Persons","0","Units",,,417065,,
"IT022","Taranto","T_T","Population, All ages. Administrative data","2011","2011","PER","Persons","0","Units",,,417665,,
"IT022","Taranto","T_T","Population, All ages. Administrative data","2012","2012","PER","Persons","0","Units",,,418267,,
"IT022","Taranto","T_T","Population, All ages. Administrative data","2013","2013","PER","Persons","0","Units",,,417195,,
"IT022","Taranto","T_T","Population, All ages. Administrative data","2014","2014","PER","Persons","0","Units",,,422834,,
"IT022","Taranto","T_T","Population, All ages. Administrative data","2015","2015","PER","Persons","0","Units",,,421542,,
"IT022","Taranto","T_T","Population, All ages. Administrative data","2016","2016","PER","Persons","0","Units",,,419784,,
"FR040","Mulhouse","T_T","Population, All ages. Administrative data","2000","2000","PER","Persons","0","Units",,,385963,,
"FR040","Mulhouse","T_T","Population, All ages. Administrative data","2001","2001","PER","Persons","0","Units",,,387853,,
"FR040","Mulhouse","T_T","Population, All ages. Administrative data","2002","2002","PER","Persons","0","Units",,,389742,,
"FR040","Mulhouse","T_T","Population, All ages. Administrative data","2003","2003","PER","Persons","0","Units",,,391632,,
"FR040","Mulhouse","T_T","Population, All ages. Administrative data","2004","2004","PER","Persons","0","Units",,,393523,,
"FR040","Mulhouse","T_T","Population, All ages. Administrative data","2005","2005","PER","Persons","0","Units",,,395414,,
"FR040","Mulhouse","T_T","Population, All ages. Administrative data","2006","2006","PER","Persons","0","Units",,,397304,,
"FR040","Mulhouse","T_T","Population, All ages. Administrative data","2007","2007","PER","Persons","0","Units",,,399193,,
"FR040","Mulhouse","T_T","Population, All ages. Administrative data","2008","2008","PER","Persons","0","Units",,,401083,,
"FR040","Mulhouse","T_T","Population, All ages. Administrative data","2009","2009","PER","Persons","0","Units",,,402974,,
"FR040","Mulhouse","T_T","Population, All ages. Administrative data","2010","2010","PER","Persons","0","Units",,,404052,,
"FR040","Mulhouse","T_T","Population, All ages. Administrative data","2011","2011","PER","Persons","0","Units",,,405128,,
"FR040","Mulhouse","T_T","Population, All ages. Administrative data","2012","2012","PER","Persons","0","Units",,,406206,,
"FR040","Mulhouse","T_T","Population, All ages. Administrative data","2013","2013","PER","Persons","0","Units",,,407282,,
"FR040","Mulhouse","T_T","Population, All ages. Administrative data","2014","2014","PER","Persons","0","Units",,,408360,,
"FR040","Mulhouse","T_T","Population, All ages. Administrative data","2015","2015","PER","Persons","0","Units",,,411081,,
"JPN35","Kochi","T_T_SH_NAT","Share of population  in metropolitan area over the national value","2001","2001","RATIO","Ratio","0","Units",,,0.4,,
"JPN35","Kochi","T_T_SH_NAT","Share of population  in metropolitan area over the national value","2002","2002","RATIO","Ratio","0","Units",,,0.4,,
"JPN35","Kochi","T_T_SH_NAT","Share of population  in metropolitan area over the national value","2003","2003","RATIO","Ratio","0","Units",,,0.4,,
"JPN35","Kochi","T_T_SH_NAT","Share of population  in metropolitan area over the national value","2004","2004","RATIO","Ratio","0","Units",,,0.4,,
"JPN35","Kochi","T_T_SH_NAT","Share of population  in metropolitan area over the national value","2005","2005","RATIO","Ratio","0","Units",,,0.4,,
"JPN35","Kochi","T_T_SH_NAT","Share of population  in metropolitan area over the national value","2006","2006","RATIO","Ratio","0","Units",,,0.4,,
"JPN35","Kochi","T_T_SH_NAT","Share of population  in metropolitan area over the national value","2007","2007","RATIO","Ratio","0","Units",,,0.4,,
"JPN35","Kochi","T_T_SH_NAT","Share of population  in metropolitan area over the national value","2008","2008","RATIO","Ratio","0","Units",,,0.4,,
"JPN35","Kochi","T_T_SH_NAT","Share of population  in metropolitan area over the national value","2009","2009","RATIO","Ratio","0","Units",,,0.4,,
"JPN35","Kochi","T_T_SH_NAT","Share of population  in metropolitan area over the national value","2010","2010","RATIO","Ratio","0","Units",,,0.4,,
"JPN35","Kochi","T_T_SH_NAT","Share of population  in metropolitan area over the national value","2011","2011","RATIO","Ratio","0","Units",,,0.4,,
"JPN35","Kochi","T_T_SH_NAT","Share of population  in metropolitan area over the national value","2012","2012","RATIO","Ratio","0","Units",,,0.4,,
"JPN35","Kochi","T_T_SH_NAT","Share of population  in metropolitan area over the national value","2013","2013","RATIO","Ratio","0","Units",,,0.4,,
"JPN35","Kochi","T_T_SH_NAT","Share of population  in metropolitan area over the national value","2014","2014","RATIO","Ratio","0","Units",,,0.4,,
"JPN35","Kochi","T_T_SH_NAT","Share of population  in metropolitan area over the national value","2015","2015","RATIO","Ratio","0","Units",,,0.4,,
"CL006","Coquimbo-La Serena","POP_DEN","Population density (pop. per km2)","2000","2000","PER","Persons","0","Units",,,82,,
"CL006","Coquimbo-La Serena","POP_DEN","Population density (pop. per km2)","2002","2002","PER","Persons","0","Units",,,90,,
"CL006","Coquimbo-La Serena","POP_DEN","Population density (pop. per km2)","2003","2003","PER","Persons","0","Units",,,92,,
"CL006","Coquimbo-La Serena","POP_DEN","Population density (pop. per km2)","2004","2004","PER","Persons","0","Units",,,94,,
"CL006","Coquimbo-La Serena","POP_DEN","Population density (pop. per km2)","2005","2005","PER","Persons","0","Units",,,96,,
"CL006","Coquimbo-La Serena","POP_DEN","Population density (pop. per km2)","2006","2006","PER","Persons","0","Units",,,98,,
"CL006","Coquimbo-La Serena","POP_DEN","Population density (pop. per km2)","2007","2007","PER","Persons","0","Units",,,100,,
"CL006","Coquimbo-La Serena","POP_DEN","Population density (pop. per km2)","2008","2008","PER","Persons","0","Units",,,102,,
"CL006","Coquimbo-La Serena","POP_DEN","Population density (pop. per km2)","2009","2009","PER","Persons","0","Units",,,105,,
"CL006","Coquimbo-La Serena","POP_DEN","Population density (pop. per km2)","2010","2010","PER","Persons","0","Units",,,107,,
"CL006","Coquimbo-La Serena","POP_DEN","Population density (pop. per km2)","2011","2011","PER","Persons","0","Units",,,109,,
"CL006","Coquimbo-La Serena","POP_DEN","Population density (pop. per km2)","2012","2012","PER","Persons","0","Units",,,112,,
"CL006","Coquimbo-La Serena","POP_DEN","Population density (pop. per km2)","2013","2013","PER","Persons","0","Units",,,114,,
"CL006","Coquimbo-La Serena","POP_DEN","Population density (pop. per km2)","2014","2014","PER","Persons","0","Units",,,117,,
"CL006","Coquimbo-La Serena","POP_DEN","Population density (pop. per km2)","2015","2015","PER","Persons","0","Units",,,119,,
"CL006","Coquimbo-La Serena","POP_DEN","Population density (pop. per km2)","2016","2016","PER","Persons","0","Units",,,122,,
"MEX55","Los Cabos","POP_DEN","Population density (pop. per km2)","2000","2000","PER","Persons","0","Units",,,32,,
"MEX55","Los Cabos","POP_DEN","Population density (pop. per km2)","2005","2005","PER","Persons","0","Units",,,41,,
"MEX55","Los Cabos","POP_DEN","Population density (pop. per km2)","2010","2010","PER","Persons","0","Units",,,62,,
"MEX55","Los Cabos","POP_DEN","Population density (pop. per km2)","2015","2015","PER","Persons","0","Units",,,93,,
"CAN11","Kitchener","T_T","Population, All ages. Administrative data","2000","2000","PER","Persons","0","Units",,,470841,,
"CAN11","Kitchener","T_T","Population, All ages. Administrative data","2001","2001","PER","Persons","0","Units",,,479279,,
"CAN11","Kitchener","T_T","Population, All ages. Administrative data","2002","2002","PER","Persons","0","Units",,,488393,,
"CAN11","Kitchener","T_T","Population, All ages. Administrative data","2003","2003","PER","Persons","0","Units",,,495988,,
"CAN11","Kitchener","T_T","Population, All ages. Administrative data","2004","2004","PER","Persons","0","Units",,,505612,,
"CAN11","Kitchener","T_T","Population, All ages. Administrative data","2005","2005","PER","Persons","0","Units",,,514344,,
"CAN11","Kitchener","T_T","Population, All ages. Administrative data","2006","2006","PER","Persons","0","Units",,,522059,,
"CAN11","Kitchener","T_T","Population, All ages. Administrative data","2007","2007","PER","Persons","0","Units",,,526420,,
"CAN11","Kitchener","T_T","Population, All ages. Administrative data","2008","2008","PER","Persons","0","Units",,,531961,,
"CAN11","Kitchener","T_T","Population, All ages. Administrative data","2009","2009","PER","Persons","0","Units",,,536160,,
"CAN11","Kitchener","T_T","Population, All ages. Administrative data","2010","2010","PER","Persons","0","Units",,,533715,,
"CAN11","Kitchener","T_T","Population, All ages. Administrative data","2011","2011","PER","Persons","0","Units",,,531270,,
"CAN11","Kitchener","T_T","Population, All ages. Administrative data","2012","2012","PER","Persons","0","Units",,,537057,,
"CAN11","Kitchener","T_T","Population, All ages. Administrative data","2013","2013","PER","Persons","0","Units",,,542844,,
"CAN11","Kitchener","T_T","Population, All ages. Administrative data","2014","2014","PER","Persons","0","Units",,,548631,,
"CAN11","Kitchener","T_T","Population, All ages. Administrative data","2015","2015","PER","Persons","0","Units",,,554418,,
"CAN11","Kitchener","T_T","Population, All ages. Administrative data","2016","2016","PER","Persons","0","Units",,,560205,,
"KOR04","Gwangsan","T_T","Population, All ages. Administrative data","2000","2000","PER","Persons","0","Units",,,1449265,,
"KOR04","Gwangsan","T_T","Population, All ages. Administrative data","2001","2001","PER","Persons","0","Units",,,1461174,,
"KOR04","Gwangsan","T_T","Population, All ages. Administrative data","2002","2002","PER","Persons","0","Units",,,1473084,,
"KOR04","Gwangsan","T_T","Population, All ages. Administrative data","2003","2003","PER","Persons","0","Units",,,1484993,,
"KOR04","Gwangsan","T_T","Population, All ages. Administrative data","2004","2004","PER","Persons","0","Units",,,1496903,,
"KOR04","Gwangsan","T_T","Population, All ages. Administrative data","2005","2005","PER","Persons","0","Units",,,1508812,,
"KOR04","Gwangsan","T_T","Population, All ages. Administrative data","2006","2006","PER","Persons","0","Units",,,1520721,,
"KOR04","Gwangsan","T_T","Population, All ages. Administrative data","2007","2007","PER","Persons","0","Units",,,1532631,,
"KOR04","Gwangsan","T_T","Population, All ages. Administrative data","2008","2008","PER","Persons","0","Units",,,1544540,,
"KOR04","Gwangsan","T_T","Population, All ages. Administrative data","2009","2009","PER","Persons","0","Units",,,1556449,,
"KOR04","Gwangsan","T_T","Population, All ages. Administrative data","2010","2010","PER","Persons","0","Units",,,1568359,,
"KOR04","Gwangsan","T_T","Population, All ages. Administrative data","2011","2011","PER","Persons","0","Units",,,1580268,,
"KOR04","Gwangsan","T_T","Population, All ages. Administrative data","2012","2012","PER","Persons","0","Units",,,1585206,,
"KOR04","Gwangsan","T_T","Population, All ages. Administrative data","2013","2013","PER","Persons","0","Units",,,1588104,,
"KOR04","Gwangsan","T_T","Population, All ages. Administrative data","2014","2014","PER","Persons","0","Units",,,1589833,,
"KOR04","Gwangsan","T_T","Population, All ages. Administrative data","2015","2015","PER","Persons","0","Units",,,1585056,,
"KOR04","Gwangsan","T_T","Population, All ages. Administrative data","2016","2016","PER","Persons","0","Units",,,1581746,,
"SK001","Bratislava","POP_DEN","Population density (pop. per km2)","2000","2000","PER","Persons","0","Units",,,301,,
"SK001","Bratislava","POP_DEN","Population density (pop. per km2)","2001","2001","PER","Persons","0","Units",,,292,,
"SK001","Bratislava","POP_DEN","Population density (pop. per km2)","2002","2002","PER","Persons","0","Units",,,293,,
"SK001","Bratislava","POP_DEN","Population density (pop. per km2)","2003","2003","PER","Persons","0","Units",,,293,,
"SK001","Bratislava","POP_DEN","Population density (pop. per km2)","2004","2004","PER","Persons","0","Units",,,293,,
"SK001","Bratislava","POP_DEN","Population density (pop. per km2)","2005","2005","PER","Persons","0","Units",,,294,,
"SK001","Bratislava","POP_DEN","Population density (pop. per km2)","2006","2006","PER","Persons","0","Units",,,296,,
"SK001","Bratislava","POP_DEN","Population density (pop. per km2)","2007","2007","PER","Persons","0","Units",,,298,,
"SK001","Bratislava","POP_DEN","Population density (pop. per km2)","2008","2008","PER","Persons","0","Units",,,301,,
"SK001","Bratislava","POP_DEN","Population density (pop. per km2)","2009","2009","PER","Persons","0","Units",,,304,,
"SK001","Bratislava","POP_DEN","Population density (pop. per km2)","2010","2010","PER","Persons","0","Units",,,307,,
"SK001","Bratislava","POP_DEN","Population density (pop. per km2)","2011","2011","PER","Persons","0","Units",,,296,,
"SK001","Bratislava","POP_DEN","Population density (pop. per km2)","2012","2012","PER","Persons","0","Units",,,299,,
"SK001","Bratislava","POP_DEN","Population density (pop. per km2)","2013","2013","PER","Persons","0","Units",,,302,,
"SK001","Bratislava","POP_DEN","Population density (pop. per km2)","2014","2014","PER","Persons","0","Units",,,305,,
"SK001","Bratislava","POP_DEN","Population density (pop. per km2)","2015","2015","PER","Persons","0","Units",,,309,,
"SK001","Bratislava","POP_DEN","Population density (pop. per km2)","2016","2016","PER","Persons","0","Units",,,313,,
"KOR11","Gyeongsan","T_T_SH_NAT","Share of population  in metropolitan area over the national value","2001","2001","RATIO","Ratio","0","Units",,,1.1,,
"KOR11","Gyeongsan","T_T_SH_NAT","Share of population  in metropolitan area over the national value","2002","2002","RATIO","Ratio","0","Units",,,1.1,,
"KOR11","Gyeongsan","T_T_SH_NAT","Share of population  in metropolitan area over the national value","2003","2003","RATIO","Ratio","0","Units",,,1.1,,
"KOR11","Gyeongsan","T_T_SH_NAT","Share of population  in metropolitan area over the national value","2004","2004","RATIO","Ratio","0","Units",,,1.1,,
"KOR11","Gyeongsan","T_T_SH_NAT","Share of population  in metropolitan area over the national value","2005","2005","RATIO","Ratio","0","Units",,,1.1,,
"KOR11","Gyeongsan","T_T_SH_NAT","Share of population  in metropolitan area over the national value","2006","2006","RATIO","Ratio","0","Units",,,1.1,,
"KOR11","Gyeongsan","T_T_SH_NAT","Share of population  in metropolitan area over the national value","2007","2007","RATIO","Ratio","0","Units",,,1.1,,
"KOR11","Gyeongsan","T_T_SH_NAT","Share of population  in metropolitan area over the national value","2008","2008","RATIO","Ratio","0","Units",,,1.1,,
"KOR11","Gyeongsan","T_T_SH_NAT","Share of population  in metropolitan area over the national value","2009","2009","RATIO","Ratio","0","Units",,,1.1,,
"KOR11","Gyeongsan","T_T_SH_NAT","Share of population  in metropolitan area over the national value","2010","2010","RATIO","Ratio","0","Units",,,1.1,,
"KOR11","Gyeongsan","T_T_SH_NAT","Share of population  in metropolitan area over the national value","2011","2011","RATIO","Ratio","0","Units",,,1.1,,
"KOR11","Gyeongsan","T_T_SH_NAT","Share of population  in metropolitan area over the national value","2012","2012","RATIO","Ratio","0","Units",,,1.1,,
"KOR11","Gyeongsan","T_T_SH_NAT","Share of population  in metropolitan area over the national value","2013","2013","RATIO","Ratio","0","Units",,,1.1,,
"KOR11","Gyeongsan","T_T_SH_NAT","Share of population  in metropolitan area over the national value","2014","2014","RATIO","Ratio","0","Units",,,1.1,,
"KOR11","Gyeongsan","T_T_SH_NAT","Share of population  in metropolitan area over the national value","2015","2015","RATIO","Ratio","0","Units",,,1.1,,
"JPN36","Miyazaki","POP_DEN","Population density (pop. per km2)","2000","2000","PER","Persons","0","Units",,,352,,
"JPN36","Miyazaki","POP_DEN","Population density (pop. per km2)","2001","2001","PER","Persons","0","Units",,,352,,
"JPN36","Miyazaki","POP_DEN","Population density (pop. per km2)","2002","2002","PER","Persons","0","Units",,,352,,
"JPN36","Miyazaki","POP_DEN","Population density (pop. per km2)","2003","2003","PER","Persons","0","Units",,,352,,
"JPN36","Miyazaki","POP_DEN","Population density (pop. per km2)","2004","2004","PER","Persons","0","Units",,,352,,
"JPN36","Miyazaki","POP_DEN","Population density (pop. per km2)","2005","2005","PER","Persons","0","Units",,,352,,
"JPN36","Miyazaki","POP_DEN","Population density (pop. per km2)","2006","2006","PER","Persons","0","Units",,,352,,
"JPN36","Miyazaki","POP_DEN","Population density (pop. per km2)","2007","2007","PER","Persons","0","Units",,,352,,
"JPN36","Miyazaki","POP_DEN","Population density (pop. per km2)","2008","2008","PER","Persons","0","Units",,,352,,
"JPN36","Miyazaki","POP_DEN","Population density (pop. per km2)","2009","2009","PER","Persons","0","Units",,,351,,
"JPN36","Miyazaki","POP_DEN","Population density (pop. per km2)","2010","2010","PER","Persons","0","Units",,,351,,
"JPN36","Miyazaki","POP_DEN","Population density (pop. per km2)","2011","2011","PER","Persons","0","Units",,,350,,
"JPN36","Miyazaki","POP_DEN","Population density (pop. per km2)","2012","2012","PER","Persons","0","Units",,,349,,
"JPN36","Miyazaki","POP_DEN","Population density (pop. per km2)","2013","2013","PER","Persons","0","Units",,,348,,
"JPN36","Miyazaki","POP_DEN","Population density (pop. per km2)","2014","2014","PER","Persons","0","Units",,,347,,
"JPN36","Miyazaki","POP_DEN","Population density (pop. per km2)","2015","2015","PER","Persons","0","Units",,,346,,
"DE052","Flensburg","T_T","Population, All ages. Administrative data","2001","2001","PER","Persons","0","Units",,,278273,,
"DE052","Flensburg","T_T","Population, All ages. Administrative data","2002","2002","PER","Persons","0","Units",,,279097,,
"DE052","Flensburg","T_T","Population, All ages. Administrative data","2003","2003","PER","Persons","0","Units",,,280145,,
"DE052","Flensburg","T_T","Population, All ages. Administrative data","2004","2004","PER","Persons","0","Units",,,281106,,
"DE052","Flensburg","T_T","Population, All ages. Administrative data","2005","2005","PER","Persons","0","Units",,,281945,,
"DE052","Flensburg","T_T","Population, All ages. Administrative data","2006","2006","PER","Persons","0","Units",,,281932,,
"DE052","Flensburg","T_T","Population, All ages. Administrative data","2007","2007","PER","Persons","0","Units",,,282067,,
"DE052","Flensburg","T_T","Population, All ages. Administrative data","2008","2008","PER","Persons","0","Units",,,283044,,
"DE052","Flensburg","T_T","Population, All ages. Administrative data","2009","2009","PER","Persons","0","Units",,,283503,,
"DE052","Flensburg","T_T","Population, All ages. Administrative data","2010","2010","PER","Persons","0","Units",,,283071,,
"DE052","Flensburg","T_T","Population, All ages. Administrative data","2011","2011","PER","Persons","0","Units",,,274811,,
"DE052","Flensburg","T_T","Population, All ages. Administrative data","2012","2012","PER","Persons","0","Units",,,274810,,
"DE052","Flensburg","T_T","Population, All ages. Administrative data","2013","2013","PER","Persons","0","Units",,,274656,,
"DE052","Flensburg","T_T","Population, All ages. Administrative data","2014","2014","PER","Persons","0","Units",,,275375,,
"DE052","Flensburg","T_T","Population, All ages. Administrative data","2015","2015","PER","Persons","0","Units",,,276537,,
"DE052","Flensburg","T_T","Population, All ages. Administrative data","2016","2016","PER","Persons","0","Units",,,278992,,
"ES510","Donostia-San Sebastian","T_T_SH_NAT","Share of population  in metropolitan area over the national value","2001","2001","RATIO","Ratio","0","Units",,,0.8,,
"ES510","Donostia-San Sebastian","T_T_SH_NAT","Share of population  in metropolitan area over the national value","2002","2002","RATIO","Ratio","0","Units",,,0.8,,
"ES510","Donostia-San Sebastian","T_T_SH_NAT","Share of population  in metropolitan area over the national value","2003","2003","RATIO","Ratio","0","Units",,,0.8,,
"ES510","Donostia-San Sebastian","T_T_SH_NAT","Share of population  in metropolitan area over the national value","2004","2004","RATIO","Ratio","0","Units",,,0.8,,
"ES510","Donostia-San Sebastian","T_T_SH_NAT","Share of population  in metropolitan area over the national value","2005","2005","RATIO","Ratio","0","Units",,,0.8,,
"ES510","Donostia-San Sebastian","T_T_SH_NAT","Share of population  in metropolitan area over the national value","2006","2006","RATIO","Ratio","0","Units",,,0.8,,
"ES510","Donostia-San Sebastian","T_T_SH_NAT","Share of population  in metropolitan area over the national value","2007","2007","RATIO","Ratio","0","Units",,,0.7,,
"ES510","Donostia-San Sebastian","T_T_SH_NAT","Share of population  in metropolitan area over the national value","2008","2008","RATIO","Ratio","0","Units",,,0.7,,
"ES510","Donostia-San Sebastian","T_T_SH_NAT","Share of population  in metropolitan area over the national value","2009","2009","RATIO","Ratio","0","Units",,,0.7,,
"ES510","Donostia-San Sebastian","T_T_SH_NAT","Share of population  in metropolitan area over the national value","2010","2010","RATIO","Ratio","0","Units",,,0.7,,
"ES510","Donostia-San Sebastian","T_T_SH_NAT","Share of population  in metropolitan area over the national value","2011","2011","RATIO","Ratio","0","Units",,,0.7,,
"ES510","Donostia-San Sebastian","T_T_SH_NAT","Share of population  in metropolitan area over the national value","2012","2012","RATIO","Ratio","0","Units",,,0.7,,
"ES510","Donostia-San Sebastian","T_T_SH_NAT","Share of population  in metropolitan area over the national value","2013","2013","RATIO","Ratio","0","Units",,,0.7,,
"ES510","Donostia-San Sebastian","T_T_SH_NAT","Share of population  in metropolitan area over the national value","2014","2014","RATIO","Ratio","0","Units",,,0.7,,
"ES510","Donostia-San Sebastian","T_T_SH_NAT","Share of population  in metropolitan area over the national value","2015","2015","RATIO","Ratio","0","Units",,,0.7,,
"ES510","Donostia-San Sebastian","T_T_SH_NAT","Share of population  in metropolitan area over the national value","2016","2016","RATIO","Ratio","0","Units",,,0.7,,
"DK004","Aalborg","T_T_SH_NAT","Share of population  in metropolitan area over the national value","2001","2001","RATIO","Ratio","0","Units",,,5.5,,
"DK004","Aalborg","T_T_SH_NAT","Share of population  in metropolitan area over the national value","2002","2002","RATIO","Ratio","0","Units",,,5.5,,
"DK004","Aalborg","T_T_SH_NAT","Share of population  in metropolitan area over the national value","2003","2003","RATIO","Ratio","0","Units",,,5.5,,
"DK004","Aalborg","T_T_SH_NAT","Share of population  in metropolitan area over the national value","2004","2004","RATIO","Ratio","0","Units",,,5.5,,
"DK004","Aalborg","T_T_SH_NAT","Share of population  in metropolitan area over the national value","2005","2005","RATIO","Ratio","0","Units",,,5.5,,
"DK004","Aalborg","T_T_SH_NAT","Share of population  in metropolitan area over the national value","2006","2006","RATIO","Ratio","0","Units",,,5.5,,
"DK004","Aalborg","T_T_SH_NAT","Share of population  in metropolitan area over the national value","2007","2007","RATIO","Ratio","0","Units",,,5.5,,
"DK004","Aalborg","T_T_SH_NAT","Share of population  in metropolitan area over the national value","2008","2008","RATIO","Ratio","0","Units",,,5.5,,
"DK004","Aalborg","T_T_SH_NAT","Share of population  in metropolitan area over the national value","2009","2009","RATIO","Ratio","0","Units",,,5.4,,
"DK004","Aalborg","T_T_SH_NAT","Share of population  in metropolitan area over the national value","2010","2010","RATIO","Ratio","0","Units",,,5.4,,
"DK004","Aalborg","T_T_SH_NAT","Share of population  in metropolitan area over the national value","2011","2011","RATIO","Ratio","0","Units",,,5.4,,
"DK004","Aalborg","T_T_SH_NAT","Share of population  in metropolitan area over the national value","2012","2012","RATIO","Ratio","0","Units",,,5.5,,
"DK004","Aalborg","T_T_SH_NAT","Share of population  in metropolitan area over the national value","2013","2013","RATIO","Ratio","0","Units",,,5.5,,
"DK004","Aalborg","T_T_SH_NAT","Share of population  in metropolitan area over the national value","2014","2014","RATIO","Ratio","0","Units",,,5.5,,
"DK004","Aalborg","T_T_SH_NAT","Share of population  in metropolitan area over the national value","2015","2015","RATIO","Ratio","0","Units",,,5.5,,
"DK004","Aalborg","T_T_SH_NAT","Share of population  in metropolitan area over the national value","2016","2016","RATIO","Ratio","0","Units",,,5.5,,
"JPN12","Yokkaichi","T_T_SH_NAT","Share of population  in metropolitan area over the national value","2001","2001","RATIO","Ratio","0","Units",,,0.8,,
"JPN12","Yokkaichi","T_T_SH_NAT","Share of population  in metropolitan area over the national value","2002","2002","RATIO","Ratio","0","Units",,,0.8,,
"JPN12","Yokkaichi","T_T_SH_NAT","Share of population  in metropolitan area over the national value","2003","2003","RATIO","Ratio","0","Units",,,0.8,,
"JPN12","Yokkaichi","T_T_SH_NAT","Share of population  in metropolitan area over the national value","2004","2004","RATIO","Ratio","0","Units",,,0.8,,
"JPN12","Yokkaichi","T_T_SH_NAT","Share of population  in metropolitan area over the national value","2005","2005","RATIO","Ratio","0","Units",,,0.8,,
"JPN12","Yokkaichi","T_T_SH_NAT","Share of population  in metropolitan area over the national value","2006","2006","RATIO","Ratio","0","Units",,,0.8,,
"JPN12","Yokkaichi","T_T_SH_NAT","Share of population  in metropolitan area over the national value","2007","2007","RATIO","Ratio","0","Units",,,0.8,,
"JPN12","Yokkaichi","T_T_SH_NAT","Share of population  in metropolitan area over the national value","2008","2008","RATIO","Ratio","0","Units",,,0.8,,
"JPN12","Yokkaichi","T_T_SH_NAT","Share of population  in metropolitan area over the national value","2009","2009","RATIO","Ratio","0","Units",,,0.8,,
"JPN12","Yokkaichi","T_T_SH_NAT","Share of population  in metropolitan area over the national value","2010","2010","RATIO","Ratio","0","Units",,,0.8,,
"JPN12","Yokkaichi","T_T_SH_NAT","Share of population  in metropolitan area over the national value","2011","2011","RATIO","Ratio","0","Units",,,0.8,,
"JPN12","Yokkaichi","T_T_SH_NAT","Share of population  in metropolitan area over the national value","2012","2012","RATIO","Ratio","0","Units",,,0.8,,
"JPN12","Yokkaichi","T_T_SH_NAT","Share of population  in metropolitan area over the national value","2013","2013","RATIO","Ratio","0","Units",,,0.8,,
"JPN12","Yokkaichi","T_T_SH_NAT","Share of population  in metropolitan area over the national value","2014","2014","RATIO","Ratio","0","Units",,,0.8,,
"JPN12","Yokkaichi","T_T_SH_NAT","Share of population  in metropolitan area over the national value","2015","2015","RATIO","Ratio","0","Units",,,0.8,,
"DE534","Ingolstadt","POP_DEN","Population density (pop. per km2)","2001","2001","PER","Persons","0","Units",,,153,,
"DE534","Ingolstadt","POP_DEN","Population density (pop. per km2)","2002","2002","PER","Persons","0","Units",,,155,,
"DE534","Ingolstadt","POP_DEN","Population density (pop. per km2)","2003","2003","PER","Persons","0","Units",,,157,,
"DE534","Ingolstadt","POP_DEN","Population density (pop. per km2)","2004","2004","PER","Persons","0","Units",,,157,,
"DE534","Ingolstadt","POP_DEN","Population density (pop. per km2)","2005","2005","PER","Persons","0","Units",,,158,,
"DE534","Ingolstadt","POP_DEN","Population density (pop. per km2)","2006","2006","PER","Persons","0","Units",,,159,,
"DE534","Ingolstadt","POP_DEN","Population density (pop. per km2)","2007","2007","PER","Persons","0","Units",,,159,,
"DE534","Ingolstadt","POP_DEN","Population density (pop. per km2)","2008","2008","PER","Persons","0","Units",,,160,,
"DE534","Ingolstadt","POP_DEN","Population density (pop. per km2)","2009","2009","PER","Persons","0","Units",,,160,,
"DE534","Ingolstadt","POP_DEN","Population density (pop. per km2)","2010","2010","PER","Persons","0","Units",,,161,,
"DE534","Ingolstadt","POP_DEN","Population density (pop. per km2)","2011","2011","PER","Persons","0","Units",,,160,,
"DE534","Ingolstadt","POP_DEN","Population density (pop. per km2)","2012","2012","PER","Persons","0","Units",,,161,,
"DE534","Ingolstadt","POP_DEN","Population density (pop. per km2)","2013","2013","PER","Persons","0","Units",,,163,,
"DE534","Ingolstadt","POP_DEN","Population density (pop. per km2)","2014","2014","PER","Persons","0","Units",,,164,,
"DE534","Ingolstadt","POP_DEN","Population density (pop. per km2)","2015","2015","PER","Persons","0","Units",,,166,,
"DE534","Ingolstadt","POP_DEN","Population density (pop. per km2)","2016","2016","PER","Persons","0","Units",,,169,,
"AUS07","Australian Capital Territory","T_T_SH_NAT","Share of population  in metropolitan area over the national value","2001","2001","RATIO","Ratio","0","Units",,,1.7,,
"AUS07","Australian Capital Territory","T_T_SH_NAT","Share of population  in metropolitan area over the national value","2002","2002","RATIO","Ratio","0","Units",,,1.7,,
"AUS07","Australian Capital Territory","T_T_SH_NAT","Share of population  in metropolitan area over the national value","2003","2003","RATIO","Ratio","0","Units",,,1.7,,
"AUS07","Australian Capital Territory","T_T_SH_NAT","Share of population  in metropolitan area over the national value","2004","2004","RATIO","Ratio","0","Units",,,1.7,,
"AUS07","Australian Capital Territory","T_T_SH_NAT","Share of population  in metropolitan area over the national value","2005","2005","RATIO","Ratio","0","Units",,,1.6,,
"AUS07","Australian Capital Territory","T_T_SH_NAT","Share of population  in metropolitan area over the national value","2006","2006","RATIO","Ratio","0","Units",,,1.6,,
"AUS07","Australian Capital Territory","T_T_SH_NAT","Share of population  in metropolitan area over the national value","2007","2007","RATIO","Ratio","0","Units",,,1.7,,
"AUS07","Australian Capital Territory","T_T_SH_NAT","Share of population  in metropolitan area over the national value","2008","2008","RATIO","Ratio","0","Units",,,1.6,,
"AUS07","Australian Capital Territory","T_T_SH_NAT","Share of population  in metropolitan area over the national value","2009","2009","RATIO","Ratio","0","Units",,,1.6,,
"AUS07","Australian Capital Territory","T_T_SH_NAT","Share of population  in metropolitan area over the national value","2010","2010","RATIO","Ratio","0","Units",,,1.6,,
"AUS07","Australian Capital Territory","T_T_SH_NAT","Share of population  in metropolitan area over the national value","2011","2011","RATIO","Ratio","0","Units",,,1.7,,
"AUS07","Australian Capital Territory","T_T_SH_NAT","Share of population  in metropolitan area over the national value","2012","2012","RATIO","Ratio","0","Units",,,1.7,,
"AUS07","Australian Capital Territory","T_T_SH_NAT","Share of population  in metropolitan area over the national value","2013","2013","RATIO","Ratio","0","Units",,,1.7,,
"AUS07","Australian Capital Territory","T_T_SH_NAT","Share of population  in metropolitan area over the national value","2014","2014","RATIO","Ratio","0","Units",,,1.7,,
"AUS07","Australian Capital Territory","T_T_SH_NAT","Share of population  in metropolitan area over the national value","2015","2015","RATIO","Ratio","0","Units",,,1.7,,
"AUS07","Australian Capital Territory","T_T_SH_NAT","Share of population  in metropolitan area over the national value","2016","2016","RATIO","Ratio","0","Units",,,1.7,,
"MEX14","Cuernavaca","T_T_SH_NAT","Share of population  in metropolitan area over the national value","2005","2005","RATIO","Ratio","0","Units",,,0.8,,
"MEX14","Cuernavaca","T_T_SH_NAT","Share of population  in metropolitan area over the national value","2010","2010","RATIO","Ratio","0","Units",,,0.8,,
"MEX14","Cuernavaca","T_T_SH_NAT","Share of population  in metropolitan area over the national value","2015","2015","RATIO","Ratio","0","Units",,,0.9,,
"DE073","Offenburg","POP_DEN","Population density (pop. per km2)","2001","2001","PER","Persons","0","Units",,,220,,
"DE073","Offenburg","POP_DEN","Population density (pop. per km2)","2002","2002","PER","Persons","0","Units",,,222,,
"DE073","Offenburg","POP_DEN","Population density (pop. per km2)","2003","2003","PER","Persons","0","Units",,,223,,
"DE073","Offenburg","POP_DEN","Population density (pop. per km2)","2004","2004","PER","Persons","0","Units",,,223,,
"DE073","Offenburg","POP_DEN","Population density (pop. per km2)","2005","2005","PER","Persons","0","Units",,,224,,
"DE073","Offenburg","POP_DEN","Population density (pop. per km2)","2006","2006","PER","Persons","0","Units",,,224,,
"DE073","Offenburg","POP_DEN","Population density (pop. per km2)","2007","2007","PER","Persons","0","Units",,,225,,
"DE073","Offenburg","POP_DEN","Population density (pop. per km2)","2008","2008","PER","Persons","0","Units",,,225,,
"DE073","Offenburg","POP_DEN","Population density (pop. per km2)","2009","2009","PER","Persons","0","Units",,,225,,
"DE073","Offenburg","POP_DEN","Population density (pop. per km2)","2010","2010","PER","Persons","0","Units",,,225,,
"DE073","Offenburg","POP_DEN","Population density (pop. per km2)","2011","2011","PER","Persons","0","Units",,,221,,
"DE073","Offenburg","POP_DEN","Population density (pop. per km2)","2012","2012","PER","Persons","0","Units",,,221,,
"DE073","Offenburg","POP_DEN","Population density (pop. per km2)","2013","2013","PER","Persons","0","Units",,,222,,
"DE073","Offenburg","POP_DEN","Population density (pop. per km2)","2014","2014","PER","Persons","0","Units",,,222,,
"DE073","Offenburg","POP_DEN","Population density (pop. per km2)","2015","2015","PER","Persons","0","Units",,,224,,
"DE073","Offenburg","POP_DEN","Population density (pop. per km2)","2016","2016","PER","Persons","0","Units",,,226,,
"USA33","Jacksonville","POP_DEN","Population density (pop. per km2)","2000","2000","PER","Persons","0","Units",,,89,,
"USA33","Jacksonville","POP_DEN","Population density (pop. per km2)","2001","2001","PER","Persons","0","Units",,,91,,
"USA33","Jacksonville","POP_DEN","Population density (pop. per km2)","2002","2002","PER","Persons","0","Units",,,93,,
"USA33","Jacksonville","POP_DEN","Population density (pop. per km2)","2003","2003","PER","Persons","0","Units",,,95,,
"USA33","Jacksonville","POP_DEN","Population density (pop. per km2)","2004","2004","PER","Persons","0","Units",,,97,,
"USA33","Jacksonville","POP_DEN","Population density (pop. per km2)","2005","2005","PER","Persons","0","Units",,,99,,
"USA33","Jacksonville","POP_DEN","Population density (pop. per km2)","2006","2006","PER","Persons","0","Units",,,101,,
"USA33","Jacksonville","POP_DEN","Population density (pop. per km2)","2007","2007","PER","Persons","0","Units",,,103,,
"USA33","Jacksonville","POP_DEN","Population density (pop. per km2)","2008","2008","PER","Persons","0","Units",,,105,,
"USA33","Jacksonville","POP_DEN","Population density (pop. per km2)","2009","2009","PER","Persons","0","Units",,,106,,
"USA33","Jacksonville","POP_DEN","Population density (pop. per km2)","2010","2010","PER","Persons","0","Units",,,107,,
"USA33","Jacksonville","POP_DEN","Population density (pop. per km2)","2011","2011","PER","Persons","0","Units",,,108,,
"USA33","Jacksonville","POP_DEN","Population density (pop. per km2)","2012","2012","PER","Persons","0","Units",,,109,,
"USA33","Jacksonville","POP_DEN","Population density (pop. per km2)","2013","2013","PER","Persons","0","Units",,,110,,
"USA33","Jacksonville","POP_DEN","Population density (pop. per km2)","2014","2014","PER","Persons","0","Units",,,112,,
"USA33","Jacksonville","POP_DEN","Population density (pop. per km2)","2015","2015","PER","Persons","0","Units",,,114,,
"USA33","Jacksonville","POP_DEN","Population density (pop. per km2)","2016","2016","PER","Persons","0","Units",,,116,,
"USA56","Rochester (NY)","T_T","Population, All ages. Administrative data","2000","2000","PER","Persons","0","Units",,,847862,,
"USA56","Rochester (NY)","T_T","Population, All ages. Administrative data","2001","2001","PER","Persons","0","Units",,,848877,,
"USA56","Rochester (NY)","T_T","Population, All ages. Administrative data","2002","2002","PER","Persons","0","Units",,,850169,,
"USA56","Rochester (NY)","T_T","Population, All ages. Administrative data","2003","2003","PER","Persons","0","Units",,,850394,,
"USA56","Rochester (NY)","T_T","Population, All ages. Administrative data","2004","2004","PER","Persons","0","Units",,,850241,,
"USA56","Rochester (NY)","T_T","Population, All ages. Administrative data","2005","2005","PER","Persons","0","Units",,,847303,,
"USA56","Rochester (NY)","T_T","Population, All ages. Administrative data","2006","2006","PER","Persons","0","Units",,,847106,,
"USA56","Rochester (NY)","T_T","Population, All ages. Administrative data","2007","2007","PER","Persons","0","Units",,,848051,,
"USA56","Rochester (NY)","T_T","Population, All ages. Administrative data","2008","2008","PER","Persons","0","Units",,,849909,,
"USA56","Rochester (NY)","T_T","Population, All ages. Administrative data","2009","2009","PER","Persons","0","Units",,,851781,,
"USA56","Rochester (NY)","T_T","Population, All ages. Administrative data","2010","2010","PER","Persons","0","Units",,,852991,,
"USA56","Rochester (NY)","T_T","Population, All ages. Administrative data","2011","2011","PER","Persons","0","Units",,,854963,,
"USA56","Rochester (NY)","T_T","Population, All ages. Administrative data","2012","2012","PER","Persons","0","Units",,,855751,,
"USA56","Rochester (NY)","T_T","Population, All ages. Administrative data","2013","2013","PER","Persons","0","Units",,,857051,,
"USA56","Rochester (NY)","T_T","Population, All ages. Administrative data","2014","2014","PER","Persons","0","Units",,,856359,,
"USA56","Rochester (NY)","T_T","Population, All ages. Administrative data","2015","2015","PER","Persons","0","Units",,,854530,,
"USA56","Rochester (NY)","T_T","Population, All ages. Administrative data","2016","2016","PER","Persons","0","Units",,,852820,,
"AT003","Linz","T_T_SH_NAT","Share of population  in metropolitan area over the national value","2001","2001","RATIO","Ratio","0","Units",,,7.4,,
"AT003","Linz","T_T_SH_NAT","Share of population  in metropolitan area over the national value","2002","2002","RATIO","Ratio","0","Units",,,7.4,,
"AT003","Linz","T_T_SH_NAT","Share of population  in metropolitan area over the national value","2003","2003","RATIO","Ratio","0","Units",,,7.4,,
"AT003","Linz","T_T_SH_NAT","Share of population  in metropolitan area over the national value","2004","2004","RATIO","Ratio","0","Units",,,7.3,,
"AT003","Linz","T_T_SH_NAT","Share of population  in metropolitan area over the national value","2005","2005","RATIO","Ratio","0","Units",,,7.3,,
"AT003","Linz","T_T_SH_NAT","Share of population  in metropolitan area over the national value","2006","2006","RATIO","Ratio","0","Units",,,7.3,,
"AT003","Linz","T_T_SH_NAT","Share of population  in metropolitan area over the national value","2007","2007","RATIO","Ratio","0","Units",,,7.3,,
"AT003","Linz","T_T_SH_NAT","Share of population  in metropolitan area over the national value","2008","2008","RATIO","Ratio","0","Units",,,7.3,,
"AT003","Linz","T_T_SH_NAT","Share of population  in metropolitan area over the national value","2009","2009","RATIO","Ratio","0","Units",,,7.3,,
"AT003","Linz","T_T_SH_NAT","Share of population  in metropolitan area over the national value","2010","2010","RATIO","Ratio","0","Units",,,7.3,,
"AT003","Linz","T_T_SH_NAT","Share of population  in metropolitan area over the national value","2011","2011","RATIO","Ratio","0","Units",,,7.3,,
"AT003","Linz","T_T_SH_NAT","Share of population  in metropolitan area over the national value","2012","2012","RATIO","Ratio","0","Units",,,7.3,,
"AT003","Linz","T_T_SH_NAT","Share of population  in metropolitan area over the national value","2013","2013","RATIO","Ratio","0","Units",,,7.3,,
"AT003","Linz","T_T_SH_NAT","Share of population  in metropolitan area over the national value","2014","2014","RATIO","Ratio","0","Units",,,7.3,,
"AT003","Linz","T_T_SH_NAT","Share of population  in metropolitan area over the national value","2015","2015","RATIO","Ratio","0","Units",,,7.3,,
"USA162","Tuscaloosa","POP_DEN","Population density (pop. per km2)","2000","2000","PER","Persons","0","Units",,,23,,
"USA162","Tuscaloosa","POP_DEN","Population density (pop. per km2)","2001","2001","PER","Persons","0","Units",,,23,,
"USA162","Tuscaloosa","POP_DEN","Population density (pop. per km2)","2002","2002","PER","Persons","0","Units",,,23,,
"USA162","Tuscaloosa","POP_DEN","Population density (pop. per km2)","2003","2003","PER","Persons","0","Units",,,24,,
"USA162","Tuscaloosa","POP_DEN","Population density (pop. per km2)","2004","2004","PER","Persons","0","Units",,,24,,
"USA162","Tuscaloosa","POP_DEN","Population density (pop. per km2)","2005","2005","PER","Persons","0","Units",,,24,,
"USA162","Tuscaloosa","POP_DEN","Population density (pop. per km2)","2006","2006","PER","Persons","0","Units",,,25,,
"USA162","Tuscaloosa","POP_DEN","Population density (pop. per km2)","2007","2007","PER","Persons","0","Units",,,25,,
"USA162","Tuscaloosa","POP_DEN","Population density (pop. per km2)","2008","2008","PER","Persons","0","Units",,,25,,
"USA162","Tuscaloosa","POP_DEN","Population density (pop. per km2)","2009","2009","PER","Persons","0","Units",,,26,,
"USA162","Tuscaloosa","POP_DEN","Population density (pop. per km2)","2010","2010","PER","Persons","0","Units",,,26,,
"USA162","Tuscaloosa","POP_DEN","Population density (pop. per km2)","2011","2011","PER","Persons","0","Units",,,26,,
"USA162","Tuscaloosa","POP_DEN","Population density (pop. per km2)","2012","2012","PER","Persons","0","Units",,,26,,
"USA162","Tuscaloosa","POP_DEN","Population density (pop. per km2)","2013","2013","PER","Persons","0","Units",,,26,,
"USA162","Tuscaloosa","POP_DEN","Population density (pop. per km2)","2014","2014","PER","Persons","0","Units",,,27,,
"USA162","Tuscaloosa","POP_DEN","Population density (pop. per km2)","2015","2015","PER","Persons","0","Units",,,27,,
"USA162","Tuscaloosa","POP_DEN","Population density (pop. per km2)","2016","2016","PER","Persons","0","Units",,,27,,
"USA06","Philadelphia (Greater)","T_T_SH_NAT","Share of population  in metropolitan area over the national value","2001","2001","RATIO","Ratio","0","Units",,,2.1,,
"USA06","Philadelphia (Greater)","T_T_SH_NAT","Share of population  in metropolitan area over the national value","2002","2002","RATIO","Ratio","0","Units",,,2.1,,
"USA06","Philadelphia (Greater)","T_T_SH_NAT","Share of population  in metropolitan area over the national value","2003","2003","RATIO","Ratio","0","Units",,,2.1,,
"USA06","Philadelphia (Greater)","T_T_SH_NAT","Share of population  in metropolitan area over the national value","2004","2004","RATIO","Ratio","0","Units",,,2.1,,
"USA06","Philadelphia (Greater)","T_T_SH_NAT","Share of population  in metropolitan area over the national value","2005","2005","RATIO","Ratio","0","Units",,,2.1,,
"USA06","Philadelphia (Greater)","T_T_SH_NAT","Share of population  in metropolitan area over the national value","2006","2006","RATIO","Ratio","0","Units",,,2.1,,
"USA06","Philadelphia (Greater)","T_T_SH_NAT","Share of population  in metropolitan area over the national value","2007","2007","RATIO","Ratio","0","Units",,,2.1,,
"USA06","Philadelphia (Greater)","T_T_SH_NAT","Share of population  in metropolitan area over the national value","2008","2008","RATIO","Ratio","0","Units",,,2.1,,
"USA06","Philadelphia (Greater)","T_T_SH_NAT","Share of population  in metropolitan area over the national value","2009","2009","RATIO","Ratio","0","Units",,,2.1,,
"USA06","Philadelphia (Greater)","T_T_SH_NAT","Share of population  in metropolitan area over the national value","2010","2010","RATIO","Ratio","0","Units",,,2,,
"USA06","Philadelphia (Greater)","T_T_SH_NAT","Share of population  in metropolitan area over the national value","2011","2011","RATIO","Ratio","0","Units",,,2,,
"USA06","Philadelphia (Greater)","T_T_SH_NAT","Share of population  in metropolitan area over the national value","2012","2012","RATIO","Ratio","0","Units",,,2,,
"USA06","Philadelphia (Greater)","T_T_SH_NAT","Share of population  in metropolitan area over the national value","2013","2013","RATIO","Ratio","0","Units",,,2,,
"USA06","Philadelphia (Greater)","T_T_SH_NAT","Share of population  in metropolitan area over the national value","2014","2014","RATIO","Ratio","0","Units",,,2,,
"USA06","Philadelphia (Greater)","T_T_SH_NAT","Share of population  in metropolitan area over the national value","2015","2015","RATIO","Ratio","0","Units",,,2,,
"USA06","Philadelphia (Greater)","T_T_SH_NAT","Share of population  in metropolitan area over the national value","2016","2016","RATIO","Ratio","0","Units",,,2,,
"JPN07","Kurashiki","T_T","Population, All ages. Administrative data","2000","2000","PER","Persons","0","Units",,,1510318,,
"JPN07","Kurashiki","T_T","Population, All ages. Administrative data","2001","2001","PER","Persons","0","Units",,,1513685,,
"JPN07","Kurashiki","T_T","Population, All ages. Administrative data","2002","2002","PER","Persons","0","Units",,,1517053,,
"JPN07","Kurashiki","T_T","Population, All ages. Administrative data","2003","2003","PER","Persons","0","Units",,,1520420,,
"JPN07","Kurashiki","T_T","Population, All ages. Administrative data","2004","2004","PER","Persons","0","Units",,,1523788,,
"JPN07","Kurashiki","T_T","Population, All ages. Administrative data","2005","2005","PER","Persons","0","Units",,,1527155,,
"JPN07","Kurashiki","T_T","Population, All ages. Administrative data","2006","2006","PER","Persons","0","Units",,,1527156,,
"JPN07","Kurashiki","T_T","Population, All ages. Administrative data","2007","2007","PER","Persons","0","Units",,,1527157,,
"JPN07","Kurashiki","T_T","Population, All ages. Administrative data","2008","2008","PER","Persons","0","Units",,,1527159,,
"JPN07","Kurashiki","T_T","Population, All ages. Administrative data","2009","2009","PER","Persons","0","Units",,,1527160,,
"JPN07","Kurashiki","T_T","Population, All ages. Administrative data","2010","2010","PER","Persons","0","Units",,,1527161,,
"JPN07","Kurashiki","T_T","Population, All ages. Administrative data","2011","2011","PER","Persons","0","Units",,,1523570,,
"JPN07","Kurashiki","T_T","Population, All ages. Administrative data","2012","2012","PER","Persons","0","Units",,,1519978,,
"JPN07","Kurashiki","T_T","Population, All ages. Administrative data","2013","2013","PER","Persons","0","Units",,,1516388,,
"JPN07","Kurashiki","T_T","Population, All ages. Administrative data","2014","2014","PER","Persons","0","Units",,,1512796,,
"JPN07","Kurashiki","T_T","Population, All ages. Administrative data","2015","2015","PER","Persons","0","Units",,,1509205,,
"COL21","Sincelejo","POP_DEN","Population density (pop. per km2)","2000","2000","PER","Persons","0","Units",,,787,,
"COL21","Sincelejo","POP_DEN","Population density (pop. per km2)","2001","2001","PER","Persons","0","Units",,,799,,
"COL21","Sincelejo","POP_DEN","Population density (pop. per km2)","2002","2002","PER","Persons","0","Units",,,810,,
"COL21","Sincelejo","POP_DEN","Population density (pop. per km2)","2003","2003","PER","Persons","0","Units",,,822,,
"COL21","Sincelejo","POP_DEN","Population density (pop. per km2)","2004","2004","PER","Persons","0","Units",,,833,,
"COL21","Sincelejo","POP_DEN","Population density (pop. per km2)","2005","2005","PER","Persons","0","Units",,,845,,
"COL21","Sincelejo","POP_DEN","Population density (pop. per km2)","2006","2006","PER","Persons","0","Units",,,856,,
"COL21","Sincelejo","POP_DEN","Population density (pop. per km2)","2007","2007","PER","Persons","0","Units",,,868,,
"COL21","Sincelejo","POP_DEN","Population density (pop. per km2)","2008","2008","PER","Persons","0","Units",,,880,,
"COL21","Sincelejo","POP_DEN","Population density (pop. per km2)","2009","2009","PER","Persons","0","Units",,,891,,
"COL21","Sincelejo","POP_DEN","Population density (pop. per km2)","2010","2010","PER","Persons","0","Units",,,903,,
"COL21","Sincelejo","POP_DEN","Population density (pop. per km2)","2011","2011","PER","Persons","0","Units",,,914,,
"COL21","Sincelejo","POP_DEN","Population density (pop. per km2)","2012","2012","PER","Persons","0","Units",,,926,,
"COL21","Sincelejo","POP_DEN","Population density (pop. per km2)","2013","2013","PER","Persons","0","Units",,,937,,
"COL21","Sincelejo","POP_DEN","Population density (pop. per km2)","2014","2014","PER","Persons","0","Units",,,949,,
"COL21","Sincelejo","POP_DEN","Population density (pop. per km2)","2015","2015","PER","Persons","0","Units",,,961,,
"DE011","Dusseldorf","T_T","Population, All ages. Administrative data","2001","2001","PER","Persons","0","Units",,,1522783,,
"DE011","Dusseldorf","T_T","Population, All ages. Administrative data","2002","2002","PER","Persons","0","Units",,,1527298,,
"DE011","Dusseldorf","T_T","Population, All ages. Administrative data","2003","2003","PER","Persons","0","Units",,,1528882,,
"DE011","Dusseldorf","T_T","Population, All ages. Administrative data","2004","2004","PER","Persons","0","Units",,,1527767,,
"DE011","Dusseldorf","T_T","Population, All ages. Administrative data","2005","2005","PER","Persons","0","Units",,,1526799,,
"DE011","Dusseldorf","T_T","Population, All ages. Administrative data","2006","2006","PER","Persons","0","Units",,,1526498,,
"DE011","Dusseldorf","T_T","Population, All ages. Administrative data","2007","2007","PER","Persons","0","Units",,,1527439,,
"DE011","Dusseldorf","T_T","Population, All ages. Administrative data","2008","2008","PER","Persons","0","Units",,,1529407,,
"DE011","Dusseldorf","T_T","Population, All ages. Administrative data","2009","2009","PER","Persons","0","Units",,,1528727,,
"DE011","Dusseldorf","T_T","Population, All ages. Administrative data","2010","2010","PER","Persons","0","Units",,,1527465,,
"DE011","Dusseldorf","T_T","Population, All ages. Administrative data","2011","2011","PER","Persons","0","Units",,,1503111,,
"DE011","Dusseldorf","T_T","Population, All ages. Administrative data","2012","2012","PER","Persons","0","Units",,,1506975,,
"DE011","Dusseldorf","T_T","Population, All ages. Administrative data","2013","2013","PER","Persons","0","Units",,,1511967,,
"DE011","Dusseldorf","T_T","Population, All ages. Administrative data","2014","2014","PER","Persons","0","Units",,,1517579,,
"DE011","Dusseldorf","T_T","Population, All ages. Administrative data","2015","2015","PER","Persons","0","Units",,,1526459,,
"DE011","Dusseldorf","T_T","Population, All ages. Administrative data","2016","2016","PER","Persons","0","Units",,,1547143,,
"FR006","Strasbourg","POP_DEN","Population density (pop. per km2)","2000","2000","PER","Persons","0","Units",,,352,,
"FR006","Strasbourg","POP_DEN","Population density (pop. per km2)","2001","2001","PER","Persons","0","Units",,,355,,
"FR006","Strasbourg","POP_DEN","Population density (pop. per km2)","2002","2002","PER","Persons","0","Units",,,357,,
"FR006","Strasbourg","POP_DEN","Population density (pop. per km2)","2003","2003","PER","Persons","0","Units",,,359,,
"FR006","Strasbourg","POP_DEN","Population density (pop. per km2)","2004","2004","PER","Persons","0","Units",,,361,,
"FR006","Strasbourg","POP_DEN","Population density (pop. per km2)","2005","2005","PER","Persons","0","Units",,,363,,
"FR006","Strasbourg","POP_DEN","Population density (pop. per km2)","2006","2006","PER","Persons","0","Units",,,365,,
"FR006","Strasbourg","POP_DEN","Population density (pop. per km2)","2007","2007","PER","Persons","0","Units",,,368,,
"FR006","Strasbourg","POP_DEN","Population density (pop. per km2)","2008","2008","PER","Persons","0","Units",,,370,,
"FR006","Strasbourg","POP_DEN","Population density (pop. per km2)","2009","2009","PER","Persons","0","Units",,,372,,
"FR006","Strasbourg","POP_DEN","Population density (pop. per km2)","2010","2010","PER","Persons","0","Units",,,374,,
"FR006","Strasbourg","POP_DEN","Population density (pop. per km2)","2011","2011","PER","Persons","0","Units",,,375,,
"FR006","Strasbourg","POP_DEN","Population density (pop. per km2)","2012","2012","PER","Persons","0","Units",,,377,,
"FR006","Strasbourg","POP_DEN","Population density (pop. per km2)","2013","2013","PER","Persons","0","Units",,,379,,
"FR006","Strasbourg","POP_DEN","Population density (pop. per km2)","2014","2014","PER","Persons","0","Units",,,381,,
"FR006","Strasbourg","POP_DEN","Population density (pop. per km2)","2015","2015","PER","Persons","0","Units",,,380,,
"UK010","Sheffield","T_T_SH_NAT","Share of population  in metropolitan area over the national value","2001","2001","RATIO","Ratio","0","Units",,,1.8,,
"UK010","Sheffield","T_T_SH_NAT","Share of population  in metropolitan area over the national value","2002","2002","RATIO","Ratio","0","Units",,,1.8,,
"UK010","Sheffield","T_T_SH_NAT","Share of population  in metropolitan area over the national value","2003","2003","RATIO","Ratio","0","Units",,,1.8,,
"UK010","Sheffield","T_T_SH_NAT","Share of population  in metropolitan area over the national value","2004","2004","RATIO","Ratio","0","Units",,,1.8,,
"UK010","Sheffield","T_T_SH_NAT","Share of population  in metropolitan area over the national value","2005","2005","RATIO","Ratio","0","Units",,,1.8,,
"UK010","Sheffield","T_T_SH_NAT","Share of population  in metropolitan area over the national value","2006","2006","RATIO","Ratio","0","Units",,,1.8,,
"UK010","Sheffield","T_T_SH_NAT","Share of population  in metropolitan area over the national value","2007","2007","RATIO","Ratio","0","Units",,,1.8,,
"UK010","Sheffield","T_T_SH_NAT","Share of population  in metropolitan area over the national value","2008","2008","RATIO","Ratio","0","Units",,,1.8,,
"UK010","Sheffield","T_T_SH_NAT","Share of population  in metropolitan area over the national value","2009","2009","RATIO","Ratio","0","Units",,,1.8,,
"UK010","Sheffield","T_T_SH_NAT","Share of population  in metropolitan area over the national value","2010","2010","RATIO","Ratio","0","Units",,,1.8,,
"UK010","Sheffield","T_T_SH_NAT","Share of population  in metropolitan area over the national value","2011","2011","RATIO","Ratio","0","Units",,,1.8,,
"UK010","Sheffield","T_T_SH_NAT","Share of population  in metropolitan area over the national value","2012","2012","RATIO","Ratio","0","Units",,,1.8,,
"UK010","Sheffield","T_T_SH_NAT","Share of population  in metropolitan area over the national value","2013","2013","RATIO","Ratio","0","Units",,,1.8,,
"UK010","Sheffield","T_T_SH_NAT","Share of population  in metropolitan area over the national value","2014","2014","RATIO","Ratio","0","Units",,,1.8,,
"UK010","Sheffield","T_T_SH_NAT","Share of population  in metropolitan area over the national value","2015","2015","RATIO","Ratio","0","Units",,,1.8,,
"UK010","Sheffield","T_T_SH_NAT","Share of population  in metropolitan area over the national value","2016","2016","RATIO","Ratio","0","Units",,,1.8,,
"DE032","Erfurt","POP_DEN","Population density (pop. per km2)","2001","2001","PER","Persons","0","Units",,,194,,
"DE032","Erfurt","POP_DEN","Population density (pop. per km2)","2002","2002","PER","Persons","0","Units",,,192,,
"DE032","Erfurt","POP_DEN","Population density (pop. per km2)","2003","2003","PER","Persons","0","Units",,,192,,
"DE032","Erfurt","POP_DEN","Population density (pop. per km2)","2004","2004","PER","Persons","0","Units",,,191,,
"DE032","Erfurt","POP_DEN","Population density (pop. per km2)","2005","2005","PER","Persons","0","Units",,,190,,
"DE032","Erfurt","POP_DEN","Population density (pop. per km2)","2006","2006","PER","Persons","0","Units",,,189,,
"DE032","Erfurt","POP_DEN","Population density (pop. per km2)","2007","2007","PER","Persons","0","Units",,,188,,
"DE032","Erfurt","POP_DEN","Population density (pop. per km2)","2008","2008","PER","Persons","0","Units",,,187,,
"DE032","Erfurt","POP_DEN","Population density (pop. per km2)","2009","2009","PER","Persons","0","Units",,,186,,
"DE032","Erfurt","POP_DEN","Population density (pop. per km2)","2010","2010","PER","Persons","0","Units",,,186,,
"DE032","Erfurt","POP_DEN","Population density (pop. per km2)","2011","2011","PER","Persons","0","Units",,,182,,
"DE032","Erfurt","POP_DEN","Population density (pop. per km2)","2012","2012","PER","Persons","0","Units",,,182,,
"DE032","Erfurt","POP_DEN","Population density (pop. per km2)","2013","2013","PER","Persons","0","Units",,,182,,
"DE032","Erfurt","POP_DEN","Population density (pop. per km2)","2014","2014","PER","Persons","0","Units",,,182,,
"DE032","Erfurt","POP_DEN","Population density (pop. per km2)","2015","2015","PER","Persons","0","Units",,,183,,
"DE032","Erfurt","POP_DEN","Population density (pop. per km2)","2016","2016","PER","Persons","0","Units",,,185,,
"USA25","Indianapolis","T_T","Population, All ages. Administrative data","2000","2000","PER","Persons","0","Units",,,1648997,,
"USA25","Indianapolis","T_T","Population, All ages. Administrative data","2001","2001","PER","Persons","0","Units",,,1672009,,
"USA25","Indianapolis","T_T","Population, All ages. Administrative data","2002","2002","PER","Persons","0","Units",,,1692679,,
"USA25","Indianapolis","T_T","Population, All ages. Administrative data","2003","2003","PER","Persons","0","Units",,,1713922,,
"USA25","Indianapolis","T_T","Population, All ages. Administrative data","2004","2004","PER","Persons","0","Units",,,1735249,,
"USA25","Indianapolis","T_T","Population, All ages. Administrative data","2005","2005","PER","Persons","0","Units",,,1757676,,
"USA25","Indianapolis","T_T","Population, All ages. Administrative data","2006","2006","PER","Persons","0","Units",,,1785395,,
"USA25","Indianapolis","T_T","Population, All ages. Administrative data","2007","2007","PER","Persons","0","Units",,,1811241,,
"USA25","Indianapolis","T_T","Population, All ages. Administrative data","2008","2008","PER","Persons","0","Units",,,1835047,,
"USA25","Indianapolis","T_T","Population, All ages. Administrative data","2009","2009","PER","Persons","0","Units",,,1858199,,
"USA25","Indianapolis","T_T","Population, All ages. Administrative data","2010","2010","PER","Persons","0","Units",,,1877264,,
"USA25","Indianapolis","T_T","Population, All ages. Administrative data","2011","2011","PER","Persons","0","Units",,,1895355,,
"USA25","Indianapolis","T_T","Population, All ages. Administrative data","2012","2012","PER","Persons","0","Units",,,1913939,,
"USA25","Indianapolis","T_T","Population, All ages. Administrative data","2013","2013","PER","Persons","0","Units",,,1938160,,
"USA25","Indianapolis","T_T","Population, All ages. Administrative data","2014","2014","PER","Persons","0","Units",,,1955907,,
"USA25","Indianapolis","T_T","Population, All ages. Administrative data","2015","2015","PER","Persons","0","Units",,,1971878,,
"USA25","Indianapolis","T_T","Population, All ages. Administrative data","2016","2016","PER","Persons","0","Units",,,1990604,,
"ES009","Valladolid","T_T","Population, All ages. Administrative data","2000","2000","PER","Persons","0","Units",,,386651,,
"ES009","Valladolid","T_T","Population, All ages. Administrative data","2001","2001","PER","Persons","0","Units",,,388769,,
"ES009","Valladolid","T_T","Population, All ages. Administrative data","2002","2002","PER","Persons","0","Units",,,390888,,
"ES009","Valladolid","T_T","Population, All ages. Administrative data","2003","2003","PER","Persons","0","Units",,,393008,,
"ES009","Valladolid","T_T","Population, All ages. Administrative data","2004","2004","PER","Persons","0","Units",,,395127,,
"ES009","Valladolid","T_T","Population, All ages. Administrative data","2005","2005","PER","Persons","0","Units",,,397245,,
"ES009","Valladolid","T_T","Population, All ages. Administrative data","2006","2006","PER","Persons","0","Units",,,399364,,
"ES009","Valladolid","T_T","Population, All ages. Administrative data","2007","2007","PER","Persons","0","Units",,,401483,,
"ES009","Valladolid","T_T","Population, All ages. Administrative data","2008","2008","PER","Persons","0","Units",,,403602,,
"ES009","Valladolid","T_T","Population, All ages. Administrative data","2009","2009","PER","Persons","0","Units",,,405721,,
"ES009","Valladolid","T_T","Population, All ages. Administrative data","2010","2010","PER","Persons","0","Units",,,407840,,
"ES009","Valladolid","T_T","Population, All ages. Administrative data","2011","2011","PER","Persons","0","Units",,,409959,,
"ES009","Valladolid","T_T","Population, All ages. Administrative data","2012","2012","PER","Persons","0","Units",,,412078,,
"ES009","Valladolid","T_T","Population, All ages. Administrative data","2013","2013","PER","Persons","0","Units",,,414196,,
"ES009","Valladolid","T_T","Population, All ages. Administrative data","2014","2014","PER","Persons","0","Units",,,416315,,
"ES009","Valladolid","T_T","Population, All ages. Administrative data","2015","2015","PER","Persons","0","Units",,,418435,,
"ES009","Valladolid","T_T","Population, All ages. Administrative data","2016","2016","PER","Persons","0","Units",,,420554,,
"FR028","Saint Denis","POP_DEN","Population density (pop. per km2)","2015","2015","PER","Persons","0","Units",,,425,,
"JPN50","Hitachi","POP_DEN","Population density (pop. per km2)","2000","2000","PER","Persons","0","Units",,,362,,
"JPN50","Hitachi","POP_DEN","Population density (pop. per km2)","2001","2001","PER","Persons","0","Units",,,359,,
"JPN50","Hitachi","POP_DEN","Population density (pop. per km2)","2002","2002","PER","Persons","0","Units",,,357,,
"JPN50","Hitachi","POP_DEN","Population density (pop. per km2)","2003","2003","PER","Persons","0","Units",,,354,,
"JPN50","Hitachi","POP_DEN","Population density (pop. per km2)","2004","2004","PER","Persons","0","Units",,,351,,
"JPN50","Hitachi","POP_DEN","Population density (pop. per km2)","2005","2005","PER","Persons","0","Units",,,349,,
"JPN50","Hitachi","POP_DEN","Population density (pop. per km2)","2006","2006","PER","Persons","0","Units",,,345,,
"JPN50","Hitachi","POP_DEN","Population density (pop. per km2)","2007","2007","PER","Persons","0","Units",,,342,,
"JPN50","Hitachi","POP_DEN","Population density (pop. per km2)","2008","2008","PER","Persons","0","Units",,,339,,
"JPN50","Hitachi","POP_DEN","Population density (pop. per km2)","2009","2009","PER","Persons","0","Units",,,336,,
"JPN50","Hitachi","POP_DEN","Population density (pop. per km2)","2010","2010","PER","Persons","0","Units",,,333,,
"JPN50","Hitachi","POP_DEN","Population density (pop. per km2)","2011","2011","PER","Persons","0","Units",,,330,,
"JPN50","Hitachi","POP_DEN","Population density (pop. per km2)","2012","2012","PER","Persons","0","Units",,,326,,
"JPN50","Hitachi","POP_DEN","Population density (pop. per km2)","2013","2013","PER","Persons","0","Units",,,323,,
"JPN50","Hitachi","POP_DEN","Population density (pop. per km2)","2014","2014","PER","Persons","0","Units",,,319,,
"JPN50","Hitachi","POP_DEN","Population density (pop. per km2)","2015","2015","PER","Persons","0","Units",,,316,,
"UK010","Sheffield","POP_DEN","Population density (pop. per km2)","2001","2001","PER","Persons","0","Units",,,856,,
"UK010","Sheffield","POP_DEN","Population density (pop. per km2)","2002","2002","PER","Persons","0","Units",,,858,,
"UK010","Sheffield","POP_DEN","Population density (pop. per km2)","2003","2003","PER","Persons","0","Units",,,861,,
"UK010","Sheffield","POP_DEN","Population density (pop. per km2)","2004","2004","PER","Persons","0","Units",,,867,,
"UK010","Sheffield","POP_DEN","Population density (pop. per km2)","2005","2005","PER","Persons","0","Units",,,874,,
"UK010","Sheffield","POP_DEN","Population density (pop. per km2)","2006","2006","PER","Persons","0","Units",,,877,,
"UK010","Sheffield","POP_DEN","Population density (pop. per km2)","2007","2007","PER","Persons","0","Units",,,881,,
"UK010","Sheffield","POP_DEN","Population density (pop. per km2)","2008","2008","PER","Persons","0","Units",,,887,,
"UK010","Sheffield","POP_DEN","Population density (pop. per km2)","2009","2009","PER","Persons","0","Units",,,892,,
"UK010","Sheffield","POP_DEN","Population density (pop. per km2)","2010","2010","PER","Persons","0","Units",,,899,,
"UK010","Sheffield","POP_DEN","Population density (pop. per km2)","2011","2011","PER","Persons","0","Units",,,907,,
"UK010","Sheffield","POP_DEN","Population density (pop. per km2)","2012","2012","PER","Persons","0","Units",,,913,,
"UK010","Sheffield","POP_DEN","Population density (pop. per km2)","2013","2013","PER","Persons","0","Units",,,918,,
"UK010","Sheffield","POP_DEN","Population density (pop. per km2)","2014","2014","PER","Persons","0","Units",,,923,,
"UK010","Sheffield","POP_DEN","Population density (pop. per km2)","2015","2015","PER","Persons","0","Units",,,930,,
"UK010","Sheffield","POP_DEN","Population density (pop. per km2)","2016","2016","PER","Persons","0","Units",,,937,,
"SI002","Maribor","T_T_SH_NAT","Share of population  in metropolitan area over the national value","2001","2001","RATIO","Ratio","0","Units",,,16.1,,
"SI002","Maribor","T_T_SH_NAT","Share of population  in metropolitan area over the national value","2002","2002","RATIO","Ratio","0","Units",,,16.1,,
"SI002","Maribor","T_T_SH_NAT","Share of population  in metropolitan area over the national value","2003","2003","RATIO","Ratio","0","Units",,,16,,
"SI002","Maribor","T_T_SH_NAT","Share of population  in metropolitan area over the national value","2004","2004","RATIO","Ratio","0","Units",,,16,,
"SI002","Maribor","T_T_SH_NAT","Share of population  in metropolitan area over the national value","2005","2005","RATIO","Ratio","0","Units",,,16,,
"SI002","Maribor","T_T_SH_NAT","Share of population  in metropolitan area over the national value","2006","2006","RATIO","Ratio","0","Units",,,15.9,,
"SI002","Maribor","T_T_SH_NAT","Share of population  in metropolitan area over the national value","2007","2007","RATIO","Ratio","0","Units",,,15.9,,
"SI002","Maribor","T_T_SH_NAT","Share of population  in metropolitan area over the national value","2008","2008","RATIO","Ratio","0","Units",,,16,,
"SI002","Maribor","T_T_SH_NAT","Share of population  in metropolitan area over the national value","2009","2009","RATIO","Ratio","0","Units",,,15.9,,
"SI002","Maribor","T_T_SH_NAT","Share of population  in metropolitan area over the national value","2010","2010","RATIO","Ratio","0","Units",,,15.8,,
"SI002","Maribor","T_T_SH_NAT","Share of population  in metropolitan area over the national value","2011","2011","RATIO","Ratio","0","Units",,,15.8,,
"SI002","Maribor","T_T_SH_NAT","Share of population  in metropolitan area over the national value","2012","2012","RATIO","Ratio","0","Units",,,15.7,,
"SI002","Maribor","T_T_SH_NAT","Share of population  in metropolitan area over the national value","2013","2013","RATIO","Ratio","0","Units",,,15.7,,
"SI002","Maribor","T_T_SH_NAT","Share of population  in metropolitan area over the national value","2014","2014","RATIO","Ratio","0","Units",,,15.7,,
"SI002","Maribor","T_T_SH_NAT","Share of population  in metropolitan area over the national value","2015","2015","RATIO","Ratio","0","Units",,,15.7,,
"SI002","Maribor","T_T_SH_NAT","Share of population  in metropolitan area over the national value","2016","2016","RATIO","Ratio","0","Units",,,15.6,,
"JPN28","Takamatsu","POP_DEN","Population density (pop. per km2)","2000","2000","PER","Persons","0","Units",,,722,,
"JPN28","Takamatsu","POP_DEN","Population density (pop. per km2)","2001","2001","PER","Persons","0","Units",,,721,,
"JPN28","Takamatsu","POP_DEN","Population density (pop. per km2)","2002","2002","PER","Persons","0","Units",,,720,,
"JPN28","Takamatsu","POP_DEN","Population density (pop. per km2)","2003","2003","PER","Persons","0","Units",,,719,,
"JPN28","Takamatsu","POP_DEN","Population density (pop. per km2)","2004","2004","PER","Persons","0","Units",,,718,,
"JPN28","Takamatsu","POP_DEN","Population density (pop. per km2)","2005","2005","PER","Persons","0","Units",,,717,,
"JPN28","Takamatsu","POP_DEN","Population density (pop. per km2)","2006","2006","PER","Persons","0","Units",,,714,,
"JPN28","Takamatsu","POP_DEN","Population density (pop. per km2)","2007","2007","PER","Persons","0","Units",,,710,,
"JPN28","Takamatsu","POP_DEN","Population density (pop. per km2)","2008","2008","PER","Persons","0","Units",,,706,,
"JPN28","Takamatsu","POP_DEN","Population density (pop. per km2)","2009","2009","PER","Persons","0","Units",,,702,,
"JPN28","Takamatsu","POP_DEN","Population density (pop. per km2)","2010","2010","PER","Persons","0","Units",,,698,,
"JPN28","Takamatsu","POP_DEN","Population density (pop. per km2)","2011","2011","PER","Persons","0","Units",,,696,,
"JPN28","Takamatsu","POP_DEN","Population density (pop. per km2)","2012","2012","PER","Persons","0","Units",,,693,,
"JPN28","Takamatsu","POP_DEN","Population density (pop. per km2)","2013","2013","PER","Persons","0","Units",,,691,,
"JPN28","Takamatsu","POP_DEN","Population density (pop. per km2)","2014","2014","PER","Persons","0","Units",,,689,,
"JPN28","Takamatsu","POP_DEN","Population density (pop. per km2)","2015","2015","PER","Persons","0","Units",,,687,,
"MEX31","Tuxtla Gutierrez","T_T_SH_NAT","Share of population  in metropolitan area over the national value","2005","2005","RATIO","Ratio","0","Units",,,0.5,,
"MEX31","Tuxtla Gutierrez","T_T_SH_NAT","Share of population  in metropolitan area over the national value","2010","2010","RATIO","Ratio","0","Units",,,0.5,,
"MEX31","Tuxtla Gutierrez","T_T_SH_NAT","Share of population  in metropolitan area over the national value","2015","2015","RATIO","Ratio","0","Units",,,0.5,,
"USA77","Dauphin","T_T","Population, All ages. Administrative data","2000","2000","PER","Persons","0","Units",,,532301,,
"USA77","Dauphin","T_T","Population, All ages. Administrative data","2001","2001","PER","Persons","0","Units",,,534283,,
"USA77","Dauphin","T_T","Population, All ages. Administrative data","2002","2002","PER","Persons","0","Units",,,538682,,
"USA77","Dauphin","T_T","Population, All ages. Administrative data","2003","2003","PER","Persons","0","Units",,,542586,,
"USA77","Dauphin","T_T","Population, All ages. Administrative data","2004","2004","PER","Persons","0","Units",,,545649,,
"USA77","Dauphin","T_T","Population, All ages. Administrative data","2005","2005","PER","Persons","0","Units",,,549761,,
"USA77","Dauphin","T_T","Population, All ages. Administrative data","2006","2006","PER","Persons","0","Units",,,556375,,
"USA77","Dauphin","T_T","Population, All ages. Administrative data","2007","2007","PER","Persons","0","Units",,,561506,,
"USA77","Dauphin","T_T","Population, All ages. Administrative data","2008","2008","PER","Persons","0","Units",,,566710,,
"USA77","Dauphin","T_T","Population, All ages. Administrative data","2009","2009","PER","Persons","0","Units",,,571423,,
"USA77","Dauphin","T_T","Population, All ages. Administrative data","2010","2010","PER","Persons","0","Units",,,574731,,
"USA77","Dauphin","T_T","Population, All ages. Administrative data","2011","2011","PER","Persons","0","Units",,,576823,,
"USA77","Dauphin","T_T","Population, All ages. Administrative data","2012","2012","PER","Persons","0","Units",,,579678,,
"USA77","Dauphin","T_T","Population, All ages. Administrative data","2013","2013","PER","Persons","0","Units",,,582766,,
"USA77","Dauphin","T_T","Population, All ages. Administrative data","2014","2014","PER","Persons","0","Units",,,585943,,
"USA77","Dauphin","T_T","Population, All ages. Administrative data","2015","2015","PER","Persons","0","Units",,,589677,,
"USA77","Dauphin","T_T","Population, All ages. Administrative data","2016","2016","PER","Persons","0","Units",,,592483,,
"HU009","Szekesfehervar","T_T","Population, All ages. Administrative data","2000","2000","PER","Persons","0","Units",,,275074,,
"HU009","Szekesfehervar","T_T","Population, All ages. Administrative data","2001","2001","PER","Persons","0","Units",,,272952,,
"HU009","Szekesfehervar","T_T","Population, All ages. Administrative data","2002","2002","PER","Persons","0","Units",,,273312,,
"HU009","Szekesfehervar","T_T","Population, All ages. Administrative data","2003","2003","PER","Persons","0","Units",,,272615,,
"HU009","Szekesfehervar","T_T","Population, All ages. Administrative data","2004","2004","PER","Persons","0","Units",,,272599,,
"HU009","Szekesfehervar","T_T","Population, All ages. Administrative data","2005","2005","PER","Persons","0","Units",,,272549,,
"HU009","Szekesfehervar","T_T","Population, All ages. Administrative data","2006","2006","PER","Persons","0","Units",,,272146,,
"HU009","Szekesfehervar","T_T","Population, All ages. Administrative data","2007","2007","PER","Persons","0","Units",,,272242,,
"HU009","Szekesfehervar","T_T","Population, All ages. Administrative data","2008","2008","PER","Persons","0","Units",,,271976,,
"HU009","Szekesfehervar","T_T","Population, All ages. Administrative data","2009","2009","PER","Persons","0","Units",,,271707,,
"HU009","Szekesfehervar","T_T","Population, All ages. Administrative data","2010","2010","PER","Persons","0","Units",,,271070,,
"HU009","Szekesfehervar","T_T","Population, All ages. Administrative data","2011","2011","PER","Persons","0","Units",,,270144,,
"HU009","Szekesfehervar","T_T","Population, All ages. Administrative data","2012","2012","PER","Persons","0","Units",,,267560,,
"HU009","Szekesfehervar","T_T","Population, All ages. Administrative data","2013","2013","PER","Persons","0","Units",,,266859,,
"HU009","Szekesfehervar","T_T","Population, All ages. Administrative data","2014","2014","PER","Persons","0","Units",,,265783,,
"HU009","Szekesfehervar","T_T","Population, All ages. Administrative data","2015","2015","PER","Persons","0","Units",,,264535,,
"HU009","Szekesfehervar","T_T","Population, All ages. Administrative data","2016","2016","PER","Persons","0","Units",,,264797,,
"MEX49","Uruapan","T_T","Population, All ages. Administrative data","2000","2000","PER","Persons","0","Units",,,265408,,
"MEX49","Uruapan","T_T","Population, All ages. Administrative data","2005","2005","PER","Persons","0","Units",,,275935,,
"MEX49","Uruapan","T_T","Population, All ages. Administrative data","2010","2010","PER","Persons","0","Units",,,307784,,
"MEX49","Uruapan","T_T","Population, All ages. Administrative data","2015","2015","PER","Persons","0","Units",,,365527,,
"USA22","Las Vegas","T_T_SH_NAT","Share of population  in metropolitan area over the national value","2001","2001","RATIO","Ratio","0","Units",,,0.5,,
"USA22","Las Vegas","T_T_SH_NAT","Share of population  in metropolitan area over the national value","2002","2002","RATIO","Ratio","0","Units",,,0.5,,
"USA22","Las Vegas","T_T_SH_NAT","Share of population  in metropolitan area over the national value","2003","2003","RATIO","Ratio","0","Units",,,0.6,,
"USA22","Las Vegas","T_T_SH_NAT","Share of population  in metropolitan area over the national value","2004","2004","RATIO","Ratio","0","Units",,,0.6,,
"USA22","Las Vegas","T_T_SH_NAT","Share of population  in metropolitan area over the national value","2005","2005","RATIO","Ratio","0","Units",,,0.6,,
"USA22","Las Vegas","T_T_SH_NAT","Share of population  in metropolitan area over the national value","2006","2006","RATIO","Ratio","0","Units",,,0.6,,
"USA22","Las Vegas","T_T_SH_NAT","Share of population  in metropolitan area over the national value","2007","2007","RATIO","Ratio","0","Units",,,0.6,,
"USA22","Las Vegas","T_T_SH_NAT","Share of population  in metropolitan area over the national value","2008","2008","RATIO","Ratio","0","Units",,,0.7,,
"USA22","Las Vegas","T_T_SH_NAT","Share of population  in metropolitan area over the national value","2009","2009","RATIO","Ratio","0","Units",,,0.7,,
"USA22","Las Vegas","T_T_SH_NAT","Share of population  in metropolitan area over the national value","2010","2010","RATIO","Ratio","0","Units",,,0.7,,
"USA22","Las Vegas","T_T_SH_NAT","Share of population  in metropolitan area over the national value","2011","2011","RATIO","Ratio","0","Units",,,0.7,,
"USA22","Las Vegas","T_T_SH_NAT","Share of population  in metropolitan area over the national value","2012","2012","RATIO","Ratio","0","Units",,,0.7,,
"USA22","Las Vegas","T_T_SH_NAT","Share of population  in metropolitan area over the national value","2013","2013","RATIO","Ratio","0","Units",,,0.7,,
"USA22","Las Vegas","T_T_SH_NAT","Share of population  in metropolitan area over the national value","2014","2014","RATIO","Ratio","0","Units",,,0.7,,
"USA22","Las Vegas","T_T_SH_NAT","Share of population  in metropolitan area over the national value","2015","2015","RATIO","Ratio","0","Units",,,0.7,,
"USA22","Las Vegas","T_T_SH_NAT","Share of population  in metropolitan area over the national value","2016","2016","RATIO","Ratio","0","Units",,,0.7,,
"USA35","Tampa-Pinellas","POP_DEN","Population density (pop. per km2)","2000","2000","PER","Persons","0","Units",,,445,,
"USA35","Tampa-Pinellas","POP_DEN","Population density (pop. per km2)","2001","2001","PER","Persons","0","Units",,,449,,
"USA35","Tampa-Pinellas","POP_DEN","Population density (pop. per km2)","2002","2002","PER","Persons","0","Units",,,454,,
"USA35","Tampa-Pinellas","POP_DEN","Population density (pop. per km2)","2003","2003","PER","Persons","0","Units",,,459,,
"USA35","Tampa-Pinellas","POP_DEN","Population density (pop. per km2)","2004","2004","PER","Persons","0","Units",,,466,,
"USA35","Tampa-Pinellas","POP_DEN","Population density (pop. per km2)","2005","2005","PER","Persons","0","Units",,,473,,
"USA35","Tampa-Pinellas","POP_DEN","Population density (pop. per km2)","2006","2006","PER","Persons","0","Units",,,478,,
"USA35","Tampa-Pinellas","POP_DEN","Population density (pop. per km2)","2007","2007","PER","Persons","0","Units",,,481,,
"USA35","Tampa-Pinellas","POP_DEN","Population density (pop. per km2)","2008","2008","PER","Persons","0","Units",,,483,,
"USA35","Tampa-Pinellas","POP_DEN","Population density (pop. per km2)","2009","2009","PER","Persons","0","Units",,,483,,
"USA35","Tampa-Pinellas","POP_DEN","Population density (pop. per km2)","2010","2010","PER","Persons","0","Units",,,484,,
"USA35","Tampa-Pinellas","POP_DEN","Population density (pop. per km2)","2011","2011","PER","Persons","0","Units",,,485,,
"USA35","Tampa-Pinellas","POP_DEN","Population density (pop. per km2)","2012","2012","PER","Persons","0","Units",,,488,,
"USA35","Tampa-Pinellas","POP_DEN","Population density (pop. per km2)","2013","2013","PER","Persons","0","Units",,,492,,
"USA35","Tampa-Pinellas","POP_DEN","Population density (pop. per km2)","2014","2014","PER","Persons","0","Units",,,498,,
"USA35","Tampa-Pinellas","POP_DEN","Population density (pop. per km2)","2015","2015","PER","Persons","0","Units",,,506,,
"USA35","Tampa-Pinellas","POP_DEN","Population density (pop. per km2)","2016","2016","PER","Persons","0","Units",,,516,,
"JPN29","Nagano","T_T_SH_NAT","Share of population  in metropolitan area over the national value","2001","2001","RATIO","Ratio","0","Units",,,0.5,,
"JPN29","Nagano","T_T_SH_NAT","Share of population  in metropolitan area over the national value","2002","2002","RATIO","Ratio","0","Units",,,0.5,,
"JPN29","Nagano","T_T_SH_NAT","Share of population  in metropolitan area over the national value","2003","2003","RATIO","Ratio","0","Units",,,0.5,,
"JPN29","Nagano","T_T_SH_NAT","Share of population  in metropolitan area over the national value","2004","2004","RATIO","Ratio","0","Units",,,0.5,,
"JPN29","Nagano","T_T_SH_NAT","Share of population  in metropolitan area over the national value","2005","2005","RATIO","Ratio","0","Units",,,0.5,,
"JPN29","Nagano","T_T_SH_NAT","Share of population  in metropolitan area over the national value","2006","2006","RATIO","Ratio","0","Units",,,0.5,,
"JPN29","Nagano","T_T_SH_NAT","Share of population  in metropolitan area over the national value","2007","2007","RATIO","Ratio","0","Units",,,0.5,,
"JPN29","Nagano","T_T_SH_NAT","Share of population  in metropolitan area over the national value","2008","2008","RATIO","Ratio","0","Units",,,0.5,,
"JPN29","Nagano","T_T_SH_NAT","Share of population  in metropolitan area over the national value","2009","2009","RATIO","Ratio","0","Units",,,0.5,,
"JPN29","Nagano","T_T_SH_NAT","Share of population  in metropolitan area over the national value","2010","2010","RATIO","Ratio","0","Units",,,0.5,,
"JPN29","Nagano","T_T_SH_NAT","Share of population  in metropolitan area over the national value","2011","2011","RATIO","Ratio","0","Units",,,0.5,,
"JPN29","Nagano","T_T_SH_NAT","Share of population  in metropolitan area over the national value","2012","2012","RATIO","Ratio","0","Units",,,0.5,,
"JPN29","Nagano","T_T_SH_NAT","Share of population  in metropolitan area over the national value","2013","2013","RATIO","Ratio","0","Units",,,0.5,,
"JPN29","Nagano","T_T_SH_NAT","Share of population  in metropolitan area over the national value","2014","2014","RATIO","Ratio","0","Units",,,0.5,,
"JPN29","Nagano","T_T_SH_NAT","Share of population  in metropolitan area over the national value","2015","2015","RATIO","Ratio","0","Units",,,0.5,,
"JPN14","Hamamatsu","T_T","Population, All ages. Administrative data","2000","2000","PER","Persons","0","Units",,,952196,,
"JPN14","Hamamatsu","T_T","Population, All ages. Administrative data","2001","2001","PER","Persons","0","Units",,,956136,,
"JPN14","Hamamatsu","T_T","Population, All ages. Administrative data","2002","2002","PER","Persons","0","Units",,,960075,,
"JPN14","Hamamatsu","T_T","Population, All ages. Administrative data","2003","2003","PER","Persons","0","Units",,,964013,,
"JPN14","Hamamatsu","T_T","Population, All ages. Administrative data","2004","2004","PER","Persons","0","Units",,,967952,,
"JPN14","Hamamatsu","T_T","Population, All ages. Administrative data","2005","2005","PER","Persons","0","Units",,,971892,,
"JPN14","Hamamatsu","T_T","Population, All ages. Administrative data","2006","2006","PER","Persons","0","Units",,,969356,,
"JPN14","Hamamatsu","T_T","Population, All ages. Administrative data","2007","2007","PER","Persons","0","Units",,,966821,,
"JPN14","Hamamatsu","T_T","Population, All ages. Administrative data","2008","2008","PER","Persons","0","Units",,,964285,,
"JPN14","Hamamatsu","T_T","Population, All ages. Administrative data","2009","2009","PER","Persons","0","Units",,,961750,,
"JPN14","Hamamatsu","T_T","Population, All ages. Administrative data","2010","2010","PER","Persons","0","Units",,,959214,,
"JPN14","Hamamatsu","T_T","Population, All ages. Administrative data","2011","2011","PER","Persons","0","Units",,,958505,,
"JPN14","Hamamatsu","T_T","Population, All ages. Administrative data","2012","2012","PER","Persons","0","Units",,,957794,,
"JPN14","Hamamatsu","T_T","Population, All ages. Administrative data","2013","2013","PER","Persons","0","Units",,,957085,,
"JPN14","Hamamatsu","T_T","Population, All ages. Administrative data","2014","2014","PER","Persons","0","Units",,,956374,,
"JPN14","Hamamatsu","T_T","Population, All ages. Administrative data","2015","2015","PER","Persons","0","Units",,,955665,,
"USA124","Vanderburgh","T_T","Population, All ages. Administrative data","2000","2000","PER","Persons","0","Units",,,328971,,
"USA124","Vanderburgh","T_T","Population, All ages. Administrative data","2001","2001","PER","Persons","0","Units",,,329674,,
"USA124","Vanderburgh","T_T","Population, All ages. Administrative data","2002","2002","PER","Persons","0","Units",,,331067,,
"USA124","Vanderburgh","T_T","Population, All ages. Administrative data","2003","2003","PER","Persons","0","Units",,,333562,,
"USA124","Vanderburgh","T_T","Population, All ages. Administrative data","2004","2004","PER","Persons","0","Units",,,335508,,
"USA124","Vanderburgh","T_T","Population, All ages. Administrative data","2005","2005","PER","Persons","0","Units",,,337112,,
"USA124","Vanderburgh","T_T","Population, All ages. Administrative data","2006","2006","PER","Persons","0","Units",,,338978,,
"USA124","Vanderburgh","T_T","Population, All ages. Administrative data","2007","2007","PER","Persons","0","Units",,,340758,,
"USA124","Vanderburgh","T_T","Population, All ages. Administrative data","2008","2008","PER","Persons","0","Units",,,341945,,
"USA124","Vanderburgh","T_T","Population, All ages. Administrative data","2009","2009","PER","Persons","0","Units",,,343515,,
"USA124","Vanderburgh","T_T","Population, All ages. Administrative data","2010","2010","PER","Persons","0","Units",,,345329,,
"USA124","Vanderburgh","T_T","Population, All ages. Administrative data","2011","2011","PER","Persons","0","Units",,,346148,,
"USA124","Vanderburgh","T_T","Population, All ages. Administrative data","2012","2012","PER","Persons","0","Units",,,346976,,
"USA124","Vanderburgh","T_T","Population, All ages. Administrative data","2013","2013","PER","Persons","0","Units",,,347935,,
"USA124","Vanderburgh","T_T","Population, All ages. Administrative data","2014","2014","PER","Persons","0","Units",,,348778,,
"USA124","Vanderburgh","T_T","Population, All ages. Administrative data","2015","2015","PER","Persons","0","Units",,,349061,,
"USA124","Vanderburgh","T_T","Population, All ages. Administrative data","2016","2016","PER","Persons","0","Units",,,349279,,
"DE039","Kiel","T_T","Population, All ages. Administrative data","2001","2001","PER","Persons","0","Units",,,633615,,
"DE039","Kiel","T_T","Population, All ages. Administrative data","2002","2002","PER","Persons","0","Units",,,635494,,
"DE039","Kiel","T_T","Population, All ages. Administrative data","2003","2003","PER","Persons","0","Units",,,638292,,
"DE039","Kiel","T_T","Population, All ages. Administrative data","2004","2004","PER","Persons","0","Units",,,639170,,
"DE039","Kiel","T_T","Population, All ages. Administrative data","2005","2005","PER","Persons","0","Units",,,639858,,
"DE039","Kiel","T_T","Population, All ages. Administrative data","2006","2006","PER","Persons","0","Units",,,641076,,
"DE039","Kiel","T_T","Population, All ages. Administrative data","2007","2007","PER","Persons","0","Units",,,641469,,
"DE039","Kiel","T_T","Population, All ages. Administrative data","2008","2008","PER","Persons","0","Units",,,642763,,
"DE039","Kiel","T_T","Population, All ages. Administrative data","2009","2009","PER","Persons","0","Units",,,641843,,
"DE039","Kiel","T_T","Population, All ages. Administrative data","2010","2010","PER","Persons","0","Units",,,641444,,
"DE039","Kiel","T_T","Population, All ages. Administrative data","2011","2011","PER","Persons","0","Units",,,631097,,
"DE039","Kiel","T_T","Population, All ages. Administrative data","2012","2012","PER","Persons","0","Units",,,631808,,
"DE039","Kiel","T_T","Population, All ages. Administrative data","2013","2013","PER","Persons","0","Units",,,632735,,
"DE039","Kiel","T_T","Population, All ages. Administrative data","2014","2014","PER","Persons","0","Units",,,634342,,
"DE039","Kiel","T_T","Population, All ages. Administrative data","2015","2015","PER","Persons","0","Units",,,636730,,
"DE039","Kiel","T_T","Population, All ages. Administrative data","2016","2016","PER","Persons","0","Units",,,643056,,
"CAN01","Toronto","POP_DEN","Population density (pop. per km2)","2000","2000","PER","Persons","0","Units",,,352,,
"CAN01","Toronto","POP_DEN","Population density (pop. per km2)","2001","2001","PER","Persons","0","Units",,,361,,
"CAN01","Toronto","POP_DEN","Population density (pop. per km2)","2002","2002","PER","Persons","0","Units",,,370,,
"CAN01","Toronto","POP_DEN","Population density (pop. per km2)","2003","2003","PER","Persons","0","Units",,,376,,
"CAN01","Toronto","POP_DEN","Population density (pop. per km2)","2004","2004","PER","Persons","0","Units",,,382,,
"CAN01","Toronto","POP_DEN","Population density (pop. per km2)","2005","2005","PER","Persons","0","Units",,,389,,
"CAN01","Toronto","POP_DEN","Population density (pop. per km2)","2006","2006","PER","Persons","0","Units",,,395,,
"CAN01","Toronto","POP_DEN","Population density (pop. per km2)","2007","2007","PER","Persons","0","Units",,,401,,
"CAN01","Toronto","POP_DEN","Population density (pop. per km2)","2008","2008","PER","Persons","0","Units",,,407,,
"CAN01","Toronto","POP_DEN","Population density (pop. per km2)","2009","2009","PER","Persons","0","Units",,,412,,
"CAN01","Toronto","POP_DEN","Population density (pop. per km2)","2010","2010","PER","Persons","0","Units",,,412,,
"CAN01","Toronto","POP_DEN","Population density (pop. per km2)","2011","2011","PER","Persons","0","Units",,,411,,
"CAN01","Toronto","POP_DEN","Population density (pop. per km2)","2012","2012","PER","Persons","0","Units",,,416,,
"CAN01","Toronto","POP_DEN","Population density (pop. per km2)","2013","2013","PER","Persons","0","Units",,,421,,
"CAN01","Toronto","POP_DEN","Population density (pop. per km2)","2014","2014","PER","Persons","0","Units",,,426,,
"CAN01","Toronto","POP_DEN","Population density (pop. per km2)","2015","2015","PER","Persons","0","Units",,,431,,
"CAN01","Toronto","POP_DEN","Population density (pop. per km2)","2016","2016","PER","Persons","0","Units",,,436,,
"USA109","Monterey","T_T_SH_NAT","Share of population  in metropolitan area over the national value","2001","2001","RATIO","Ratio","0","Units",,,0.1,,
"USA109","Monterey","T_T_SH_NAT","Share of population  in metropolitan area over the national value","2002","2002","RATIO","Ratio","0","Units",,,0.1,,
"USA109","Monterey","T_T_SH_NAT","Share of population  in metropolitan area over the national value","2003","2003","RATIO","Ratio","0","Units",,,0.1,,
"USA109","Monterey","T_T_SH_NAT","Share of population  in metropolitan area over the national value","2004","2004","RATIO","Ratio","0","Units",,,0.1,,
"USA109","Monterey","T_T_SH_NAT","Share of population  in metropolitan area over the national value","2005","2005","RATIO","Ratio","0","Units",,,0.1,,
"USA109","Monterey","T_T_SH_NAT","Share of population  in metropolitan area over the national value","2006","2006","RATIO","Ratio","0","Units",,,0.1,,
"USA109","Monterey","T_T_SH_NAT","Share of population  in metropolitan area over the national value","2007","2007","RATIO","Ratio","0","Units",,,0.1,,
"USA109","Monterey","T_T_SH_NAT","Share of population  in metropolitan area over the national value","2008","2008","RATIO","Ratio","0","Units",,,0.1,,
"USA109","Monterey","T_T_SH_NAT","Share of population  in metropolitan area over the national value","2009","2009","RATIO","Ratio","0","Units",,,0.1,,
"USA109","Monterey","T_T_SH_NAT","Share of population  in metropolitan area over the national value","2010","2010","RATIO","Ratio","0","Units",,,0.1,,
"USA109","Monterey","T_T_SH_NAT","Share of population  in metropolitan area over the national value","2011","2011","RATIO","Ratio","0","Units",,,0.1,,
"USA109","Monterey","T_T_SH_NAT","Share of population  in metropolitan area over the national value","2012","2012","RATIO","Ratio","0","Units",,,0.1,,
"USA109","Monterey","T_T_SH_NAT","Share of population  in metropolitan area over the national value","2013","2013","RATIO","Ratio","0","Units",,,0.1,,
"USA109","Monterey","T_T_SH_NAT","Share of population  in metropolitan area over the national value","2014","2014","RATIO","Ratio","0","Units",,,0.1,,
"USA109","Monterey","T_T_SH_NAT","Share of population  in metropolitan area over the national value","2015","2015","RATIO","Ratio","0","Units",,,0.1,,
"USA109","Monterey","T_T_SH_NAT","Share of population  in metropolitan area over the national value","2016","2016","RATIO","Ratio","0","Units",,,0.1,,
"CL014","Rancagua","T_T_SH_NAT","Share of population  in metropolitan area over the national value","2001","2001","RATIO","Ratio","0","Units",,,2,,
"CL014","Rancagua","T_T_SH_NAT","Share of population  in metropolitan area over the national value","2002","2002","RATIO","Ratio","0","Units",,,2,,
"CL014","Rancagua","T_T_SH_NAT","Share of population  in metropolitan area over the national value","2003","2003","RATIO","Ratio","0","Units",,,2,,
"CL014","Rancagua","T_T_SH_NAT","Share of population  in metropolitan area over the national value","2004","2004","RATIO","Ratio","0","Units",,,2,,
"CL014","Rancagua","T_T_SH_NAT","Share of population  in metropolitan area over the national value","2005","2005","RATIO","Ratio","0","Units",,,2,,
"CL014","Rancagua","T_T_SH_NAT","Share of population  in metropolitan area over the national value","2006","2006","RATIO","Ratio","0","Units",,,2,,
"CL014","Rancagua","T_T_SH_NAT","Share of population  in metropolitan area over the national value","2007","2007","RATIO","Ratio","0","Units",,,2,,
"CL014","Rancagua","T_T_SH_NAT","Share of population  in metropolitan area over the national value","2008","2008","RATIO","Ratio","0","Units",,,2,,
"CL014","Rancagua","T_T_SH_NAT","Share of population  in metropolitan area over the national value","2009","2009","RATIO","Ratio","0","Units",,,2,,
"CL014","Rancagua","T_T_SH_NAT","Share of population  in metropolitan area over the national value","2010","2010","RATIO","Ratio","0","Units",,,2,,
"CL014","Rancagua","T_T_SH_NAT","Share of population  in metropolitan area over the national value","2011","2011","RATIO","Ratio","0","Units",,,2,,
"CL014","Rancagua","T_T_SH_NAT","Share of population  in metropolitan area over the national value","2012","2012","RATIO","Ratio","0","Units",,,2,,
"CL014","Rancagua","T_T_SH_NAT","Share of population  in metropolitan area over the national value","2013","2013","RATIO","Ratio","0","Units",,,2,,
"CL014","Rancagua","T_T_SH_NAT","Share of population  in metropolitan area over the national value","2014","2014","RATIO","Ratio","0","Units",,,2,,
"CL014","Rancagua","T_T_SH_NAT","Share of population  in metropolitan area over the national value","2015","2015","RATIO","Ratio","0","Units",,,2,,
"CL014","Rancagua","T_T_SH_NAT","Share of population  in metropolitan area over the national value","2016","2016","RATIO","Ratio","0","Units",,,2,,
"USA27","New Haven","T_T","Population, All ages. Administrative data","2000","2000","PER","Persons","0","Units",,,1709275,,
"USA27","New Haven","T_T","Population, All ages. Administrative data","2001","2001","PER","Persons","0","Units",,,1718938,,
"USA27","New Haven","T_T","Population, All ages. Administrative data","2002","2002","PER","Persons","0","Units",,,1727999,,
"USA27","New Haven","T_T","Population, All ages. Administrative data","2003","2003","PER","Persons","0","Units",,,1738281,,
"USA27","New Haven","T_T","Population, All ages. Administrative data","2004","2004","PER","Persons","0","Units",,,1741977,,
"USA27","New Haven","T_T","Population, All ages. Administrative data","2005","2005","PER","Persons","0","Units",,,1744815,,
"USA27","New Haven","T_T","Population, All ages. Administrative data","2006","2006","PER","Persons","0","Units",,,1746461,,
"USA27","New Haven","T_T","Population, All ages. Administrative data","2007","2007","PER","Persons","0","Units",,,1751096,,
"USA27","New Haven","T_T","Population, All ages. Administrative data","2008","2008","PER","Persons","0","Units",,,1760446,,
"USA27","New Haven","T_T","Population, All ages. Administrative data","2009","2009","PER","Persons","0","Units",,,1770446,,
"USA27","New Haven","T_T","Population, All ages. Administrative data","2010","2010","PER","Persons","0","Units",,,1783367,,
"USA27","New Haven","T_T","Population, All ages. Administrative data","2011","2011","PER","Persons","0","Units",,,1794123,,
"USA27","New Haven","T_T","Population, All ages. Administrative data","2012","2012","PER","Persons","0","Units",,,1801680,,
"USA27","New Haven","T_T","Population, All ages. Administrative data","2013","2013","PER","Persons","0","Units",,,1807423,,
"USA27","New Haven","T_T","Population, All ages. Administrative data","2014","2014","PER","Persons","0","Units",,,1810620,,
"USA27","New Haven","T_T","Population, All ages. Administrative data","2015","2015","PER","Persons","0","Units",,,1809710,,
"USA27","New Haven","T_T","Population, All ages. Administrative data","2016","2016","PER","Persons","0","Units",,,1809164,,
"ES012","Vitoria","T_T","Population, All ages. Administrative data","2000","2000","PER","Persons","0","Units",,,235566,,
"ES012","Vitoria","T_T","Population, All ages. Administrative data","2001","2001","PER","Persons","0","Units",,,237809,,
"ES012","Vitoria","T_T","Population, All ages. Administrative data","2002","2002","PER","Persons","0","Units",,,240051,,
"ES012","Vitoria","T_T","Population, All ages. Administrative data","2003","2003","PER","Persons","0","Units",,,242294,,
"ES012","Vitoria","T_T","Population, All ages. Administrative data","2004","2004","PER","Persons","0","Units",,,244536,,
"ES012","Vitoria","T_T","Population, All ages. Administrative data","2005","2005","PER","Persons","0","Units",,,246779,,
"ES012","Vitoria","T_T","Population, All ages. Administrative data","2006","2006","PER","Persons","0","Units",,,249021,,
"ES012","Vitoria","T_T","Population, All ages. Administrative data","2007","2007","PER","Persons","0","Units",,,251264,,
"ES012","Vitoria","T_T","Population, All ages. Administrative data","2008","2008","PER","Persons","0","Units",,,253506,,
"ES012","Vitoria","T_T","Population, All ages. Administrative data","2009","2009","PER","Persons","0","Units",,,255749,,
"ES012","Vitoria","T_T","Population, All ages. Administrative data","2010","2010","PER","Persons","0","Units",,,257991,,
"ES012","Vitoria","T_T","Population, All ages. Administrative data","2011","2011","PER","Persons","0","Units",,,260234,,
"ES012","Vitoria","T_T","Population, All ages. Administrative data","2012","2012","PER","Persons","0","Units",,,262476,,
"ES012","Vitoria","T_T","Population, All ages. Administrative data","2013","2013","PER","Persons","0","Units",,,264719,,
"ES012","Vitoria","T_T","Population, All ages. Administrative data","2014","2014","PER","Persons","0","Units",,,266961,,
"ES012","Vitoria","T_T","Population, All ages. Administrative data","2015","2015","PER","Persons","0","Units",,,269204,,
"ES012","Vitoria","T_T","Population, All ages. Administrative data","2016","2016","PER","Persons","0","Units",,,271446,,
"USA72","Ada","T_T_SH_NAT","Share of population  in metropolitan area over the national value","2001","2001","RATIO","Ratio","0","Units",,,0.2,,
"USA72","Ada","T_T_SH_NAT","Share of population  in metropolitan area over the national value","2002","2002","RATIO","Ratio","0","Units",,,0.2,,
"USA72","Ada","T_T_SH_NAT","Share of population  in metropolitan area over the national value","2003","2003","RATIO","Ratio","0","Units",,,0.2,,
"USA72","Ada","T_T_SH_NAT","Share of population  in metropolitan area over the national value","2004","2004","RATIO","Ratio","0","Units",,,0.2,,
"USA72","Ada","T_T_SH_NAT","Share of population  in metropolitan area over the national value","2005","2005","RATIO","Ratio","0","Units",,,0.2,,
"USA72","Ada","T_T_SH_NAT","Share of population  in metropolitan area over the national value","2006","2006","RATIO","Ratio","0","Units",,,0.2,,
"USA72","Ada","T_T_SH_NAT","Share of population  in metropolitan area over the national value","2007","2007","RATIO","Ratio","0","Units",,,0.2,,
"USA72","Ada","T_T_SH_NAT","Share of population  in metropolitan area over the national value","2008","2008","RATIO","Ratio","0","Units",,,0.2,,
"USA72","Ada","T_T_SH_NAT","Share of population  in metropolitan area over the national value","2009","2009","RATIO","Ratio","0","Units",,,0.2,,
"USA72","Ada","T_T_SH_NAT","Share of population  in metropolitan area over the national value","2010","2010","RATIO","Ratio","0","Units",,,0.2,,
"USA72","Ada","T_T_SH_NAT","Share of population  in metropolitan area over the national value","2011","2011","RATIO","Ratio","0","Units",,,0.2,,
"USA72","Ada","T_T_SH_NAT","Share of population  in metropolitan area over the national value","2012","2012","RATIO","Ratio","0","Units",,,0.2,,
"USA72","Ada","T_T_SH_NAT","Share of population  in metropolitan area over the national value","2013","2013","RATIO","Ratio","0","Units",,,0.2,,
"USA72","Ada","T_T_SH_NAT","Share of population  in metropolitan area over the national value","2014","2014","RATIO","Ratio","0","Units",,,0.2,,
"USA72","Ada","T_T_SH_NAT","Share of population  in metropolitan area over the national value","2015","2015","RATIO","Ratio","0","Units",,,0.2,,
"USA72","Ada","T_T_SH_NAT","Share of population  in metropolitan area over the national value","2016","2016","RATIO","Ratio","0","Units",,,0.2,,
"JPN43","Akita","POP_DEN","Population density (pop. per km2)","2000","2000","PER","Persons","0","Units",,,282,,
"JPN43","Akita","POP_DEN","Population density (pop. per km2)","2001","2001","PER","Persons","0","Units",,,281,,
"JPN43","Akita","POP_DEN","Population density (pop. per km2)","2002","2002","PER","Persons","0","Units",,,280,,
"JPN43","Akita","POP_DEN","Population density (pop. per km2)","2003","2003","PER","Persons","0","Units",,,279,,
"JPN43","Akita","POP_DEN","Population density (pop. per km2)","2004","2004","PER","Persons","0","Units",,,278,,
"JPN43","Akita","POP_DEN","Population density (pop. per km2)","2005","2005","PER","Persons","0","Units",,,277,,
"JPN43","Akita","POP_DEN","Population density (pop. per km2)","2006","2006","PER","Persons","0","Units",,,275,,
"JPN43","Akita","POP_DEN","Population density (pop. per km2)","2007","2007","PER","Persons","0","Units",,,273,,
"JPN43","Akita","POP_DEN","Population density (pop. per km2)","2008","2008","PER","Persons","0","Units",,,270,,
"JPN43","Akita","POP_DEN","Population density (pop. per km2)","2009","2009","PER","Persons","0","Units",,,268,,
"JPN43","Akita","POP_DEN","Population density (pop. per km2)","2010","2010","PER","Persons","0","Units",,,266,,
"JPN43","Akita","POP_DEN","Population density (pop. per km2)","2011","2011","PER","Persons","0","Units",,,263,,
"JPN43","Akita","POP_DEN","Population density (pop. per km2)","2012","2012","PER","Persons","0","Units",,,261,,
"JPN43","Akita","POP_DEN","Population density (pop. per km2)","2013","2013","PER","Persons","0","Units",,,258,,
"JPN43","Akita","POP_DEN","Population density (pop. per km2)","2014","2014","PER","Persons","0","Units",,,256,,
"JPN43","Akita","POP_DEN","Population density (pop. per km2)","2015","2015","PER","Persons","0","Units",,,253,,
"MEX03","Monterrey","T_T_SH_NAT","Share of population  in metropolitan area over the national value","2005","2005","RATIO","Ratio","0","Units",,,3.4,,
"MEX03","Monterrey","T_T_SH_NAT","Share of population  in metropolitan area over the national value","2010","2010","RATIO","Ratio","0","Units",,,3.6,,
"MEX03","Monterrey","T_T_SH_NAT","Share of population  in metropolitan area over the national value","2015","2015","RATIO","Ratio","0","Units",,,4.4,,
"USA28","Charlotte","POP_DEN","Population density (pop. per km2)","2000","2000","PER","Persons","0","Units",,,194,,
"USA28","Charlotte","POP_DEN","Population density (pop. per km2)","2001","2001","PER","Persons","0","Units",,,199,,
"USA28","Charlotte","POP_DEN","Population density (pop. per km2)","2002","2002","PER","Persons","0","Units",,,204,,
"USA28","Charlotte","POP_DEN","Population density (pop. per km2)","2003","2003","PER","Persons","0","Units",,,208,,
"USA28","Charlotte","POP_DEN","Population density (pop. per km2)","2004","2004","PER","Persons","0","Units",,,213,,
"USA28","Charlotte","POP_DEN","Population density (pop. per km2)","2005","2005","PER","Persons","0","Units",,,220,,
"USA28","Charlotte","POP_DEN","Population density (pop. per km2)","2006","2006","PER","Persons","0","Units",,,230,,
"USA28","Charlotte","POP_DEN","Population density (pop. per km2)","2007","2007","PER","Persons","0","Units",,,239,,
"USA28","Charlotte","POP_DEN","Population density (pop. per km2)","2008","2008","PER","Persons","0","Units",,,247,,
"USA28","Charlotte","POP_DEN","Population density (pop. per km2)","2009","2009","PER","Persons","0","Units",,,253,,
"USA28","Charlotte","POP_DEN","Population density (pop. per km2)","2010","2010","PER","Persons","0","Units",,,256,,
"USA28","Charlotte","POP_DEN","Population density (pop. per km2)","2011","2011","PER","Persons","0","Units",,,261,,
"USA28","Charlotte","POP_DEN","Population density (pop. per km2)","2012","2012","PER","Persons","0","Units",,,266,,
"USA28","Charlotte","POP_DEN","Population density (pop. per km2)","2013","2013","PER","Persons","0","Units",,,271,,
"USA28","Charlotte","POP_DEN","Population density (pop. per km2)","2014","2014","PER","Persons","0","Units",,,277,,
"USA28","Charlotte","POP_DEN","Population density (pop. per km2)","2015","2015","PER","Persons","0","Units",,,283,,
"USA28","Charlotte","POP_DEN","Population density (pop. per km2)","2016","2016","PER","Persons","0","Units",,,289,,
"PT001","Lisbon","T_T_SH_NAT","Share of population  in metropolitan area over the national value","2001","2001","RATIO","Ratio","0","Units",,,25.8,,
"PT001","Lisbon","T_T_SH_NAT","Share of population  in metropolitan area over the national value","2002","2002","RATIO","Ratio","0","Units",,,25.9,,
"PT001","Lisbon","T_T_SH_NAT","Share of population  in metropolitan area over the national value","2003","2003","RATIO","Ratio","0","Units",,,26,,
"PT001","Lisbon","T_T_SH_NAT","Share of population  in metropolitan area over the national value","2004","2004","RATIO","Ratio","0","Units",,,26,,
"PT001","Lisbon","T_T_SH_NAT","Share of population  in metropolitan area over the national value","2005","2005","RATIO","Ratio","0","Units",,,26.1,,
"PT001","Lisbon","T_T_SH_NAT","Share of population  in metropolitan area over the national value","2006","2006","RATIO","Ratio","0","Units",,,26.2,,
"PT001","Lisbon","T_T_SH_NAT","Share of population  in metropolitan area over the national value","2007","2007","RATIO","Ratio","0","Units",,,26.3,,
"PT001","Lisbon","T_T_SH_NAT","Share of population  in metropolitan area over the national value","2008","2008","RATIO","Ratio","0","Units",,,26.4,,
"PT001","Lisbon","T_T_SH_NAT","Share of population  in metropolitan area over the national value","2009","2009","RATIO","Ratio","0","Units",,,26.5,,
"PT001","Lisbon","T_T_SH_NAT","Share of population  in metropolitan area over the national value","2010","2010","RATIO","Ratio","0","Units",,,26.7,,
"PT001","Lisbon","T_T_SH_NAT","Share of population  in metropolitan area over the national value","2011","2011","RATIO","Ratio","0","Units",,,26.8,,
"PT001","Lisbon","T_T_SH_NAT","Share of population  in metropolitan area over the national value","2012","2012","RATIO","Ratio","0","Units",,,26.8,,
"PT001","Lisbon","T_T_SH_NAT","Share of population  in metropolitan area over the national value","2013","2013","RATIO","Ratio","0","Units",,,26.9,,
"PT001","Lisbon","T_T_SH_NAT","Share of population  in metropolitan area over the national value","2014","2014","RATIO","Ratio","0","Units",,,27,,
"PT001","Lisbon","T_T_SH_NAT","Share of population  in metropolitan area over the national value","2015","2015","RATIO","Ratio","0","Units",,,27.1,,
"PT001","Lisbon","T_T_SH_NAT","Share of population  in metropolitan area over the national value","2016","2016","RATIO","Ratio","0","Units",,,27.3,,
"USA133","Thurston","POP_DEN","Population density (pop. per km2)","2000","2000","PER","Persons","0","Units",,,56,,
"USA133","Thurston","POP_DEN","Population density (pop. per km2)","2001","2001","PER","Persons","0","Units",,,57,,
"USA133","Thurston","POP_DEN","Population density (pop. per km2)","2002","2002","PER","Persons","0","Units",,,58,,
"USA133","Thurston","POP_DEN","Population density (pop. per km2)","2003","2003","PER","Persons","0","Units",,,59,,
"USA133","Thurston","POP_DEN","Population density (pop. per km2)","2004","2004","PER","Persons","0","Units",,,60,,
"USA133","Thurston","POP_DEN","Population density (pop. per km2)","2005","2005","PER","Persons","0","Units",,,61,,
"USA133","Thurston","POP_DEN","Population density (pop. per km2)","2006","2006","PER","Persons","0","Units",,,63,,
"USA133","Thurston","POP_DEN","Population density (pop. per km2)","2007","2007","PER","Persons","0","Units",,,64,,
"USA133","Thurston","POP_DEN","Population density (pop. per km2)","2008","2008","PER","Persons","0","Units",,,66,,
"USA133","Thurston","POP_DEN","Population density (pop. per km2)","2009","2009","PER","Persons","0","Units",,,67,,
"USA133","Thurston","POP_DEN","Population density (pop. per km2)","2010","2010","PER","Persons","0","Units",,,68,,
"USA133","Thurston","POP_DEN","Population density (pop. per km2)","2011","2011","PER","Persons","0","Units",,,69,,
"USA133","Thurston","POP_DEN","Population density (pop. per km2)","2012","2012","PER","Persons","0","Units",,,69,,
"USA133","Thurston","POP_DEN","Population density (pop. per km2)","2013","2013","PER","Persons","0","Units",,,70,,
"USA133","Thurston","POP_DEN","Population density (pop. per km2)","2014","2014","PER","Persons","0","Units",,,70,,
"USA133","Thurston","POP_DEN","Population density (pop. per km2)","2015","2015","PER","Persons","0","Units",,,71,,
"USA133","Thurston","POP_DEN","Population density (pop. per km2)","2016","2016","PER","Persons","0","Units",,,73,,
"NL013","Nijmegen","T_T","Population, All ages. Administrative data","2000","2000","PER","Persons","0","Units",,,303276,,
"NL013","Nijmegen","T_T","Population, All ages. Administrative data","2001","2001","PER","Persons","0","Units",,,296986,,
"NL013","Nijmegen","T_T","Population, All ages. Administrative data","2002","2002","PER","Persons","0","Units",,,290695,,
"NL013","Nijmegen","T_T","Population, All ages. Administrative data","2003","2003","PER","Persons","0","Units",,,284404,,
"NL013","Nijmegen","T_T","Population, All ages. Administrative data","2004","2004","PER","Persons","0","Units",,,278113,,
"NL013","Nijmegen","T_T","Population, All ages. Administrative data","2005","2005","PER","Persons","0","Units",,,278970,,
"NL013","Nijmegen","T_T","Population, All ages. Administrative data","2006","2006","PER","Persons","0","Units",,,279842,,
"NL013","Nijmegen","T_T","Population, All ages. Administrative data","2007","2007","PER","Persons","0","Units",,,280794,,
"NL013","Nijmegen","T_T","Population, All ages. Administrative data","2008","2008","PER","Persons","0","Units",,,281743,,
"NL013","Nijmegen","T_T","Population, All ages. Administrative data","2009","2009","PER","Persons","0","Units",,,282507,,
"NL013","Nijmegen","T_T","Population, All ages. Administrative data","2010","2010","PER","Persons","0","Units",,,284274,,
"NL013","Nijmegen","T_T","Population, All ages. Administrative data","2011","2011","PER","Persons","0","Units",,,285806,,
"NL013","Nijmegen","T_T","Population, All ages. Administrative data","2012","2012","PER","Persons","0","Units",,,286628,,
"NL013","Nijmegen","T_T","Population, All ages. Administrative data","2013","2013","PER","Persons","0","Units",,,287926,,
"NL013","Nijmegen","T_T","Population, All ages. Administrative data","2014","2014","PER","Persons","0","Units",,,289658,,
"NL013","Nijmegen","T_T","Population, All ages. Administrative data","2015","2015","PER","Persons","0","Units",,,292128,,
"NL013","Nijmegen","T_T","Population, All ages. Administrative data","2016","2016","PER","Persons","0","Units",,,293332,,
"USA84","Utah","T_T_SH_NAT","Share of population  in metropolitan area over the national value","2001","2001","RATIO","Ratio","0","Units",,,0.1,,
"USA84","Utah","T_T_SH_NAT","Share of population  in metropolitan area over the national value","2002","2002","RATIO","Ratio","0","Units",,,0.1,,
"USA84","Utah","T_T_SH_NAT","Share of population  in metropolitan area over the national value","2003","2003","RATIO","Ratio","0","Units",,,0.1,,
"USA84","Utah","T_T_SH_NAT","Share of population  in metropolitan area over the national value","2004","2004","RATIO","Ratio","0","Units",,,0.1,,
"USA84","Utah","T_T_SH_NAT","Share of population  in metropolitan area over the national value","2005","2005","RATIO","Ratio","0","Units",,,0.1,,
"USA84","Utah","T_T_SH_NAT","Share of population  in metropolitan area over the national value","2006","2006","RATIO","Ratio","0","Units",,,0.1,,
"USA84","Utah","T_T_SH_NAT","Share of population  in metropolitan area over the national value","2007","2007","RATIO","Ratio","0","Units",,,0.2,,
"USA84","Utah","T_T_SH_NAT","Share of population  in metropolitan area over the national value","2008","2008","RATIO","Ratio","0","Units",,,0.2,,
"USA84","Utah","T_T_SH_NAT","Share of population  in metropolitan area over the national value","2009","2009","RATIO","Ratio","0","Units",,,0.2,,
"USA84","Utah","T_T_SH_NAT","Share of population  in metropolitan area over the national value","2010","2010","RATIO","Ratio","0","Units",,,0.2,,
"USA84","Utah","T_T_SH_NAT","Share of population  in metropolitan area over the national value","2011","2011","RATIO","Ratio","0","Units",,,0.2,,
"USA84","Utah","T_T_SH_NAT","Share of population  in metropolitan area over the national value","2012","2012","RATIO","Ratio","0","Units",,,0.2,,
"USA84","Utah","T_T_SH_NAT","Share of population  in metropolitan area over the national value","2013","2013","RATIO","Ratio","0","Units",,,0.2,,
"USA84","Utah","T_T_SH_NAT","Share of population  in metropolitan area over the national value","2014","2014","RATIO","Ratio","0","Units",,,0.2,,
"USA84","Utah","T_T_SH_NAT","Share of population  in metropolitan area over the national value","2015","2015","RATIO","Ratio","0","Units",,,0.2,,
"USA84","Utah","T_T_SH_NAT","Share of population  in metropolitan area over the national value","2016","2016","RATIO","Ratio","0","Units",,,0.2,,
"UK011","Bristol","POP_DEN","Population density (pop. per km2)","2001","2001","PER","Persons","0","Units",,,840,,
"UK011","Bristol","POP_DEN","Population density (pop. per km2)","2002","2002","PER","Persons","0","Units",,,842,,
"UK011","Bristol","POP_DEN","Population density (pop. per km2)","2003","2003","PER","Persons","0","Units",,,847,,
"UK011","Bristol","POP_DEN","Population density (pop. per km2)","2004","2004","PER","Persons","0","Units",,,855,,
"UK011","Bristol","POP_DEN","Population density (pop. per km2)","2005","2005","PER","Persons","0","Units",,,869,,
"UK011","Bristol","POP_DEN","Population density (pop. per km2)","2006","2006","PER","Persons","0","Units",,,876,,
"UK011","Bristol","POP_DEN","Population density (pop. per km2)","2007","2007","PER","Persons","0","Units",,,884,,
"UK011","Bristol","POP_DEN","Population density (pop. per km2)","2008","2008","PER","Persons","0","Units",,,890,,
"UK011","Bristol","POP_DEN","Population density (pop. per km2)","2009","2009","PER","Persons","0","Units",,,896,,
"UK011","Bristol","POP_DEN","Population density (pop. per km2)","2010","2010","PER","Persons","0","Units",,,904,,
"UK011","Bristol","POP_DEN","Population density (pop. per km2)","2011","2011","PER","Persons","0","Units",,,911,,
"UK011","Bristol","POP_DEN","Population density (pop. per km2)","2012","2012","PER","Persons","0","Units",,,920,,
"UK011","Bristol","POP_DEN","Population density (pop. per km2)","2013","2013","PER","Persons","0","Units",,,930,,
"UK011","Bristol","POP_DEN","Population density (pop. per km2)","2014","2014","PER","Persons","0","Units",,,940,,
"UK011","Bristol","POP_DEN","Population density (pop. per km2)","2015","2015","PER","Persons","0","Units",,,952,,
"UK011","Bristol","POP_DEN","Population density (pop. per km2)","2016","2016","PER","Persons","0","Units",,,962,,
"IT028","Padua","T_T_SH_NAT","Share of population  in metropolitan area over the national value","2001","2001","RATIO","Ratio","0","Units",,,0.9,,
"IT028","Padua","T_T_SH_NAT","Share of population  in metropolitan area over the national value","2002","2002","RATIO","Ratio","0","Units",,,0.9,,
"IT028","Padua","T_T_SH_NAT","Share of population  in metropolitan area over the national value","2003","2003","RATIO","Ratio","0","Units",,,0.9,,
"IT028","Padua","T_T_SH_NAT","Share of population  in metropolitan area over the national value","2004","2004","RATIO","Ratio","0","Units",,,0.9,,
"IT028","Padua","T_T_SH_NAT","Share of population  in metropolitan area over the national value","2005","2005","RATIO","Ratio","0","Units",,,0.9,,
"IT028","Padua","T_T_SH_NAT","Share of population  in metropolitan area over the national value","2006","2006","RATIO","Ratio","0","Units",,,0.9,,
"IT028","Padua","T_T_SH_NAT","Share of population  in metropolitan area over the national value","2007","2007","RATIO","Ratio","0","Units",,,0.9,,
"IT028","Padua","T_T_SH_NAT","Share of population  in metropolitan area over the national value","2008","2008","RATIO","Ratio","0","Units",,,0.9,,
"IT028","Padua","T_T_SH_NAT","Share of population  in metropolitan area over the national value","2009","2009","RATIO","Ratio","0","Units",,,0.9,,
"IT028","Padua","T_T_SH_NAT","Share of population  in metropolitan area over the national value","2010","2010","RATIO","Ratio","0","Units",,,0.9,,
"IT028","Padua","T_T_SH_NAT","Share of population  in metropolitan area over the national value","2011","2011","RATIO","Ratio","0","Units",,,0.9,,
"IT028","Padua","T_T_SH_NAT","Share of population  in metropolitan area over the national value","2012","2012","RATIO","Ratio","0","Units",,,0.9,,
"IT028","Padua","T_T_SH_NAT","Share of population  in metropolitan area over the national value","2013","2013","RATIO","Ratio","0","Units",,,0.9,,
"IT028","Padua","T_T_SH_NAT","Share of population  in metropolitan area over the national value","2014","2014","RATIO","Ratio","0","Units",,,0.9,,
"IT028","Padua","T_T_SH_NAT","Share of population  in metropolitan area over the national value","2015","2015","RATIO","Ratio","0","Units",,,0.9,,
"IT028","Padua","T_T_SH_NAT","Share of population  in metropolitan area over the national value","2016","2016","RATIO","Ratio","0","Units",,,0.9,,
"DE027","Freiburg im Breisgau","T_T","Population, All ages. Administrative data","2001","2001","PER","Persons","0","Units",,,596947,,
"DE027","Freiburg im Breisgau","T_T","Population, All ages. Administrative data","2002","2002","PER","Persons","0","Units",,,604176,,
"DE027","Freiburg im Breisgau","T_T","Population, All ages. Administrative data","2003","2003","PER","Persons","0","Units",,,609966,,
"DE027","Freiburg im Breisgau","T_T","Population, All ages. Administrative data","2004","2004","PER","Persons","0","Units",,,614540,,
"DE027","Freiburg im Breisgau","T_T","Population, All ages. Administrative data","2005","2005","PER","Persons","0","Units",,,618351,,
"DE027","Freiburg im Breisgau","T_T","Population, All ages. Administrative data","2006","2006","PER","Persons","0","Units",,,622112,,
"DE027","Freiburg im Breisgau","T_T","Population, All ages. Administrative data","2007","2007","PER","Persons","0","Units",,,624707,,
"DE027","Freiburg im Breisgau","T_T","Population, All ages. Administrative data","2008","2008","PER","Persons","0","Units",,,627124,,
"DE027","Freiburg im Breisgau","T_T","Population, All ages. Administrative data","2009","2009","PER","Persons","0","Units",,,627346,,
"DE027","Freiburg im Breisgau","T_T","Population, All ages. Administrative data","2010","2010","PER","Persons","0","Units",,,630014,,
"DE027","Freiburg im Breisgau","T_T","Population, All ages. Administrative data","2011","2011","PER","Persons","0","Units",,,610825,,
"DE027","Freiburg im Breisgau","T_T","Population, All ages. Administrative data","2012","2012","PER","Persons","0","Units",,,617278,,
"DE027","Freiburg im Breisgau","T_T","Population, All ages. Administrative data","2013","2013","PER","Persons","0","Units",,,623036,,
"DE027","Freiburg im Breisgau","T_T","Population, All ages. Administrative data","2014","2014","PER","Persons","0","Units",,,628482,,
"DE027","Freiburg im Breisgau","T_T","Population, All ages. Administrative data","2015","2015","PER","Persons","0","Units",,,634540,,
"DE027","Freiburg im Breisgau","T_T","Population, All ages. Administrative data","2016","2016","PER","Persons","0","Units",,,645697,,
"USA100","Escambia","T_T","Population, All ages. Administrative data","2000","2000","PER","Persons","0","Units",,,413085,,
"USA100","Escambia","T_T","Population, All ages. Administrative data","2001","2001","PER","Persons","0","Units",,,419037,,
"USA100","Escambia","T_T","Population, All ages. Administrative data","2002","2002","PER","Persons","0","Units",,,425006,,
"USA100","Escambia","T_T","Population, All ages. Administrative data","2003","2003","PER","Persons","0","Units",,,428066,,
"USA100","Escambia","T_T","Population, All ages. Administrative data","2004","2004","PER","Persons","0","Units",,,435466,,
"USA100","Escambia","T_T","Population, All ages. Administrative data","2005","2005","PER","Persons","0","Units",,,439471,,
"USA100","Escambia","T_T","Population, All ages. Administrative data","2006","2006","PER","Persons","0","Units",,,443378,,
"USA100","Escambia","T_T","Population, All ages. Administrative data","2007","2007","PER","Persons","0","Units",,,443551,,
"USA100","Escambia","T_T","Population, All ages. Administrative data","2008","2008","PER","Persons","0","Units",,,445392,,
"USA100","Escambia","T_T","Population, All ages. Administrative data","2009","2009","PER","Persons","0","Units",,,446559,,
"USA100","Escambia","T_T","Population, All ages. Administrative data","2010","2010","PER","Persons","0","Units",,,450947,,
"USA100","Escambia","T_T","Population, All ages. Administrative data","2011","2011","PER","Persons","0","Units",,,455093,,
"USA100","Escambia","T_T","Population, All ages. Administrative data","2012","2012","PER","Persons","0","Units",,,461672,,
"USA100","Escambia","T_T","Population, All ages. Administrative data","2013","2013","PER","Persons","0","Units",,,467188,,
"USA100","Escambia","T_T","Population, All ages. Administrative data","2014","2014","PER","Persons","0","Units",,,470871,,
"USA100","Escambia","T_T","Population, All ages. Administrative data","2015","2015","PER","Persons","0","Units",,,475894,,
"USA100","Escambia","T_T","Population, All ages. Administrative data","2016","2016","PER","Persons","0","Units",,,481774,,
"KOR12","Pohan","POP_DEN","Population density (pop. per km2)","2000","2000","PER","Persons","0","Units",,,417,,
"KOR12","Pohan","POP_DEN","Population density (pop. per km2)","2001","2001","PER","Persons","0","Units",,,420,,
"KOR12","Pohan","POP_DEN","Population density (pop. per km2)","2002","2002","PER","Persons","0","Units",,,424,,
"KOR12","Pohan","POP_DEN","Population density (pop. per km2)","2003","2003","PER","Persons","0","Units",,,427,,
"KOR12","Pohan","POP_DEN","Population density (pop. per km2)","2004","2004","PER","Persons","0","Units",,,430,,
"KOR12","Pohan","POP_DEN","Population density (pop. per km2)","2005","2005","PER","Persons","0","Units",,,434,,
"KOR12","Pohan","POP_DEN","Population density (pop. per km2)","2006","2006","PER","Persons","0","Units",,,437,,
"KOR12","Pohan","POP_DEN","Population density (pop. per km2)","2007","2007","PER","Persons","0","Units",,,441,,
"KOR12","Pohan","POP_DEN","Population density (pop. per km2)","2008","2008","PER","Persons","0","Units",,,444,,
"KOR12","Pohan","POP_DEN","Population density (pop. per km2)","2009","2009","PER","Persons","0","Units",,,447,,
"KOR12","Pohan","POP_DEN","Population density (pop. per km2)","2010","2010","PER","Persons","0","Units",,,451,,
"KOR12","Pohan","POP_DEN","Population density (pop. per km2)","2011","2011","PER","Persons","0","Units",,,454,,
"KOR12","Pohan","POP_DEN","Population density (pop. per km2)","2012","2012","PER","Persons","0","Units",,,456,,
"KOR12","Pohan","POP_DEN","Population density (pop. per km2)","2013","2013","PER","Persons","0","Units",,,456,,
"KOR12","Pohan","POP_DEN","Population density (pop. per km2)","2014","2014","PER","Persons","0","Units",,,456,,
"KOR12","Pohan","POP_DEN","Population density (pop. per km2)","2015","2015","PER","Persons","0","Units",,,456,,
"KOR12","Pohan","POP_DEN","Population density (pop. per km2)","2016","2016","PER","Persons","0","Units",,,454,,
"CAN04","Ottawa","POP_DEN","Population density (pop. per km2)","2000","2000","PER","Persons","0","Units",,,102,,
"CAN04","Ottawa","POP_DEN","Population density (pop. per km2)","2001","2001","PER","Persons","0","Units",,,104,,
"CAN04","Ottawa","POP_DEN","Population density (pop. per km2)","2002","2002","PER","Persons","0","Units",,,105,,
"CAN04","Ottawa","POP_DEN","Population density (pop. per km2)","2003","2003","PER","Persons","0","Units",,,106,,
"CAN04","Ottawa","POP_DEN","Population density (pop. per km2)","2004","2004","PER","Persons","0","Units",,,107,,
"CAN04","Ottawa","POP_DEN","Population density (pop. per km2)","2005","2005","PER","Persons","0","Units",,,108,,
"CAN04","Ottawa","POP_DEN","Population density (pop. per km2)","2006","2006","PER","Persons","0","Units",,,109,,
"CAN04","Ottawa","POP_DEN","Population density (pop. per km2)","2007","2007","PER","Persons","0","Units",,,110,,
"CAN04","Ottawa","POP_DEN","Population density (pop. per km2)","2008","2008","PER","Persons","0","Units",,,112,,
"CAN04","Ottawa","POP_DEN","Population density (pop. per km2)","2009","2009","PER","Persons","0","Units",,,114,,
"CAN04","Ottawa","POP_DEN","Population density (pop. per km2)","2010","2010","PER","Persons","0","Units",,,114,,
"CAN04","Ottawa","POP_DEN","Population density (pop. per km2)","2011","2011","PER","Persons","0","Units",,,114,,
"CAN04","Ottawa","POP_DEN","Population density (pop. per km2)","2012","2012","PER","Persons","0","Units",,,115,,
"CAN04","Ottawa","POP_DEN","Population density (pop. per km2)","2013","2013","PER","Persons","0","Units",,,117,,
"CAN04","Ottawa","POP_DEN","Population density (pop. per km2)","2014","2014","PER","Persons","0","Units",,,118,,
"CAN04","Ottawa","POP_DEN","Population density (pop. per km2)","2015","2015","PER","Persons","0","Units",,,119,,
"CAN04","Ottawa","POP_DEN","Population density (pop. per km2)","2016","2016","PER","Persons","0","Units",,,120,,
"JPN01","Tokyo","T_T","Population, All ages. Administrative data","2000","2000","PER","Persons","0","Units",,,32988408,,
"JPN01","Tokyo","T_T","Population, All ages. Administrative data","2001","2001","PER","Persons","0","Units",,,33172680,,
"JPN01","Tokyo","T_T","Population, All ages. Administrative data","2002","2002","PER","Persons","0","Units",,,33356952,,
"JPN01","Tokyo","T_T","Population, All ages. Administrative data","2003","2003","PER","Persons","0","Units",,,33541224,,
"JPN01","Tokyo","T_T","Population, All ages. Administrative data","2004","2004","PER","Persons","0","Units",,,33725496,,
"JPN01","Tokyo","T_T","Population, All ages. Administrative data","2005","2005","PER","Persons","0","Units",,,33909768,,
"JPN01","Tokyo","T_T","Population, All ages. Administrative data","2006","2006","PER","Persons","0","Units",,,34122642,,
"JPN01","Tokyo","T_T","Population, All ages. Administrative data","2007","2007","PER","Persons","0","Units",,,34335515,,
"JPN01","Tokyo","T_T","Population, All ages. Administrative data","2008","2008","PER","Persons","0","Units",,,34548389,,
"JPN01","Tokyo","T_T","Population, All ages. Administrative data","2009","2009","PER","Persons","0","Units",,,34761262,,
"JPN01","Tokyo","T_T","Population, All ages. Administrative data","2010","2010","PER","Persons","0","Units",,,34974136,,
"JPN01","Tokyo","T_T","Population, All ages. Administrative data","2011","2011","PER","Persons","0","Units",,,35056470,,
"JPN01","Tokyo","T_T","Population, All ages. Administrative data","2012","2012","PER","Persons","0","Units",,,35138803,,
"JPN01","Tokyo","T_T","Population, All ages. Administrative data","2013","2013","PER","Persons","0","Units",,,35221137,,
"JPN01","Tokyo","T_T","Population, All ages. Administrative data","2014","2014","PER","Persons","0","Units",,,35303470,,
"JPN01","Tokyo","T_T","Population, All ages. Administrative data","2015","2015","PER","Persons","0","Units",,,35385804,,
"USA39","Oklahoma","T_T_SH_NAT","Share of population  in metropolitan area over the national value","2001","2001","RATIO","Ratio","0","Units",,,0.4,,
"USA39","Oklahoma","T_T_SH_NAT","Share of population  in metropolitan area over the national value","2002","2002","RATIO","Ratio","0","Units",,,0.4,,
"USA39","Oklahoma","T_T_SH_NAT","Share of population  in metropolitan area over the national value","2003","2003","RATIO","Ratio","0","Units",,,0.4,,
"USA39","Oklahoma","T_T_SH_NAT","Share of population  in metropolitan area over the national value","2004","2004","RATIO","Ratio","0","Units",,,0.4,,
"USA39","Oklahoma","T_T_SH_NAT","Share of population  in metropolitan area over the national value","2005","2005","RATIO","Ratio","0","Units",,,0.4,,
"USA39","Oklahoma","T_T_SH_NAT","Share of population  in metropolitan area over the national value","2006","2006","RATIO","Ratio","0","Units",,,0.4,,
"USA39","Oklahoma","T_T_SH_NAT","Share of population  in metropolitan area over the national value","2007","2007","RATIO","Ratio","0","Units",,,0.4,,
"USA39","Oklahoma","T_T_SH_NAT","Share of population  in metropolitan area over the national value","2008","2008","RATIO","Ratio","0","Units",,,0.4,,
"USA39","Oklahoma","T_T_SH_NAT","Share of population  in metropolitan area over the national value","2009","2009","RATIO","Ratio","0","Units",,,0.4,,
"USA39","Oklahoma","T_T_SH_NAT","Share of population  in metropolitan area over the national value","2010","2010","RATIO","Ratio","0","Units",,,0.4,,
"USA39","Oklahoma","T_T_SH_NAT","Share of population  in metropolitan area over the national value","2011","2011","RATIO","Ratio","0","Units",,,0.4,,
"USA39","Oklahoma","T_T_SH_NAT","Share of population  in metropolitan area over the national value","2012","2012","RATIO","Ratio","0","Units",,,0.4,,
"USA39","Oklahoma","T_T_SH_NAT","Share of population  in metropolitan area over the national value","2013","2013","RATIO","Ratio","0","Units",,,0.4,,
"USA39","Oklahoma","T_T_SH_NAT","Share of population  in metropolitan area over the national value","2014","2014","RATIO","Ratio","0","Units",,,0.4,,
"USA39","Oklahoma","T_T_SH_NAT","Share of population  in metropolitan area over the national value","2015","2015","RATIO","Ratio","0","Units",,,0.4,,
"USA39","Oklahoma","T_T_SH_NAT","Share of population  in metropolitan area over the national value","2016","2016","RATIO","Ratio","0","Units",,,0.4,,
"UK520","Southampton","T_T_SH_NAT","Share of population  in metropolitan area over the national value","2001","2001","RATIO","Ratio","0","Units",,,1,,
"UK520","Southampton","T_T_SH_NAT","Share of population  in metropolitan area over the national value","2002","2002","RATIO","Ratio","0","Units",,,1,,
"UK520","Southampton","T_T_SH_NAT","Share of population  in metropolitan area over the national value","2003","2003","RATIO","Ratio","0","Units",,,1,,
"UK520","Southampton","T_T_SH_NAT","Share of population  in metropolitan area over the national value","2004","2004","RATIO","Ratio","0","Units",,,1,,
"UK520","Southampton","T_T_SH_NAT","Share of population  in metropolitan area over the national value","2005","2005","RATIO","Ratio","0","Units",,,1.1,,
"UK520","Southampton","T_T_SH_NAT","Share of population  in metropolitan area over the national value","2006","2006","RATIO","Ratio","0","Units",,,1,,
"UK520","Southampton","T_T_SH_NAT","Share of population  in metropolitan area over the national value","2007","2007","RATIO","Ratio","0","Units",,,1,,
"UK520","Southampton","T_T_SH_NAT","Share of population  in metropolitan area over the national value","2008","2008","RATIO","Ratio","0","Units",,,1,,
"UK520","Southampton","T_T_SH_NAT","Share of population  in metropolitan area over the national value","2009","2009","RATIO","Ratio","0","Units",,,1,,
"UK520","Southampton","T_T_SH_NAT","Share of population  in metropolitan area over the national value","2010","2010","RATIO","Ratio","0","Units",,,1,,
"UK520","Southampton","T_T_SH_NAT","Share of population  in metropolitan area over the national value","2011","2011","RATIO","Ratio","0","Units",,,1,,
"UK520","Southampton","T_T_SH_NAT","Share of population  in metropolitan area over the national value","2012","2012","RATIO","Ratio","0","Units",,,1,,
"UK520","Southampton","T_T_SH_NAT","Share of population  in metropolitan area over the national value","2013","2013","RATIO","Ratio","0","Units",,,1,,
"UK520","Southampton","T_T_SH_NAT","Share of population  in metropolitan area over the national value","2014","2014","RATIO","Ratio","0","Units",,,1,,
"UK520","Southampton","T_T_SH_NAT","Share of population  in metropolitan area over the national value","2015","2015","RATIO","Ratio","0","Units",,,1,,
"UK520","Southampton","T_T_SH_NAT","Share of population  in metropolitan area over the national value","2016","2016","RATIO","Ratio","0","Units",,,1,,
"FR021","Poitiers","POP_DEN","Population density (pop. per km2)","2000","2000","PER","Persons","0","Units",,,95,,
"FR021","Poitiers","POP_DEN","Population density (pop. per km2)","2001","2001","PER","Persons","0","Units",,,96,,
"FR021","Poitiers","POP_DEN","Population density (pop. per km2)","2002","2002","PER","Persons","0","Units",,,97,,
"FR021","Poitiers","POP_DEN","Population density (pop. per km2)","2003","2003","PER","Persons","0","Units",,,98,,
"FR021","Poitiers","POP_DEN","Population density (pop. per km2)","2004","2004","PER","Persons","0","Units",,,99,,
"FR021","Poitiers","POP_DEN","Population density (pop. per km2)","2005","2005","PER","Persons","0","Units",,,100,,
"FR021","Poitiers","POP_DEN","Population density (pop. per km2)","2006","2006","PER","Persons","0","Units",,,101,,
"FR021","Poitiers","POP_DEN","Population density (pop. per km2)","2007","2007","PER","Persons","0","Units",,,102,,
"FR021","Poitiers","POP_DEN","Population density (pop. per km2)","2008","2008","PER","Persons","0","Units",,,103,,
"FR021","Poitiers","POP_DEN","Population density (pop. per km2)","2009","2009","PER","Persons","0","Units",,,104,,
"FR021","Poitiers","POP_DEN","Population density (pop. per km2)","2010","2010","PER","Persons","0","Units",,,104,,
"FR021","Poitiers","POP_DEN","Population density (pop. per km2)","2011","2011","PER","Persons","0","Units",,,105,,
"FR021","Poitiers","POP_DEN","Population density (pop. per km2)","2012","2012","PER","Persons","0","Units",,,106,,
"FR021","Poitiers","POP_DEN","Population density (pop. per km2)","2013","2013","PER","Persons","0","Units",,,106,,
"FR021","Poitiers","POP_DEN","Population density (pop. per km2)","2014","2014","PER","Persons","0","Units",,,107,,
"FR021","Poitiers","POP_DEN","Population density (pop. per km2)","2015","2015","PER","Persons","0","Units",,,109,,
"USA52","Albany","POP_DEN","Population density (pop. per km2)","2000","2000","PER","Persons","0","Units",,,90,,
"USA52","Albany","POP_DEN","Population density (pop. per km2)","2001","2001","PER","Persons","0","Units",,,91,,
"USA52","Albany","POP_DEN","Population density (pop. per km2)","2002","2002","PER","Persons","0","Units",,,91,,
"USA52","Albany","POP_DEN","Population density (pop. per km2)","2003","2003","PER","Persons","0","Units",,,92,,
"USA52","Albany","POP_DEN","Population density (pop. per km2)","2004","2004","PER","Persons","0","Units",,,93,,
"USA52","Albany","POP_DEN","Population density (pop. per km2)","2005","2005","PER","Persons","0","Units",,,93,,
"USA52","Albany","POP_DEN","Population density (pop. per km2)","2006","2006","PER","Persons","0","Units",,,94,,
"USA52","Albany","POP_DEN","Population density (pop. per km2)","2007","2007","PER","Persons","0","Units",,,94,,
"USA52","Albany","POP_DEN","Population density (pop. per km2)","2008","2008","PER","Persons","0","Units",,,94,,
"USA52","Albany","POP_DEN","Population density (pop. per km2)","2009","2009","PER","Persons","0","Units",,,95,,
"USA52","Albany","POP_DEN","Population density (pop. per km2)","2010","2010","PER","Persons","0","Units",,,95,,
"USA52","Albany","POP_DEN","Population density (pop. per km2)","2011","2011","PER","Persons","0","Units",,,95,,
"USA52","Albany","POP_DEN","Population density (pop. per km2)","2012","2012","PER","Persons","0","Units",,,95,,
"USA52","Albany","POP_DEN","Population density (pop. per km2)","2013","2013","PER","Persons","0","Units",,,96,,
"USA52","Albany","POP_DEN","Population density (pop. per km2)","2014","2014","PER","Persons","0","Units",,,96,,
"USA52","Albany","POP_DEN","Population density (pop. per km2)","2015","2015","PER","Persons","0","Units",,,96,,
"USA52","Albany","POP_DEN","Population density (pop. per km2)","2016","2016","PER","Persons","0","Units",,,96,,
"UK513","Medway","T_T_SH_NAT","Share of population  in metropolitan area over the national value","2001","2001","RATIO","Ratio","0","Units",,,0.4,,
"UK513","Medway","T_T_SH_NAT","Share of population  in metropolitan area over the national value","2002","2002","RATIO","Ratio","0","Units",,,0.4,,
"UK513","Medway","T_T_SH_NAT","Share of population  in metropolitan area over the national value","2003","2003","RATIO","Ratio","0","Units",,,0.4,,
"UK513","Medway","T_T_SH_NAT","Share of population  in metropolitan area over the national value","2004","2004","RATIO","Ratio","0","Units",,,0.4,,
"UK513","Medway","T_T_SH_NAT","Share of population  in metropolitan area over the national value","2005","2005","RATIO","Ratio","0","Units",,,0.4,,
"UK513","Medway","T_T_SH_NAT","Share of population  in metropolitan area over the national value","2006","2006","RATIO","Ratio","0","Units",,,0.4,,
"UK513","Medway","T_T_SH_NAT","Share of population  in metropolitan area over the national value","2007","2007","RATIO","Ratio","0","Units",,,0.4,,
"UK513","Medway","T_T_SH_NAT","Share of population  in metropolitan area over the national value","2008","2008","RATIO","Ratio","0","Units",,,0.4,,
"UK513","Medway","T_T_SH_NAT","Share of population  in metropolitan area over the national value","2009","2009","RATIO","Ratio","0","Units",,,0.4,,
"UK513","Medway","T_T_SH_NAT","Share of population  in metropolitan area over the national value","2010","2010","RATIO","Ratio","0","Units",,,0.4,,
"UK513","Medway","T_T_SH_NAT","Share of population  in metropolitan area over the national value","2011","2011","RATIO","Ratio","0","Units",,,0.4,,
"UK513","Medway","T_T_SH_NAT","Share of population  in metropolitan area over the national value","2012","2012","RATIO","Ratio","0","Units",,,0.4,,
"UK513","Medway","T_T_SH_NAT","Share of population  in metropolitan area over the national value","2013","2013","RATIO","Ratio","0","Units",,,0.4,,
"UK513","Medway","T_T_SH_NAT","Share of population  in metropolitan area over the national value","2014","2014","RATIO","Ratio","0","Units",,,0.4,,
"UK513","Medway","T_T_SH_NAT","Share of population  in metropolitan area over the national value","2015","2015","RATIO","Ratio","0","Units",,,0.4,,
"UK513","Medway","T_T_SH_NAT","Share of population  in metropolitan area over the national value","2016","2016","RATIO","Ratio","0","Units",,,0.4,,
"JPN47","Isesaki","T_T_SH_NAT","Share of population  in metropolitan area over the national value","2001","2001","RATIO","Ratio","0","Units",,,0.3,,
"JPN47","Isesaki","T_T_SH_NAT","Share of population  in metropolitan area over the national value","2002","2002","RATIO","Ratio","0","Units",,,0.3,,
"JPN47","Isesaki","T_T_SH_NAT","Share of population  in metropolitan area over the national value","2003","2003","RATIO","Ratio","0","Units",,,0.3,,
"JPN47","Isesaki","T_T_SH_NAT","Share of population  in metropolitan area over the national value","2004","2004","RATIO","Ratio","0","Units",,,0.3,,
"JPN47","Isesaki","T_T_SH_NAT","Share of population  in metropolitan area over the national value","2005","2005","RATIO","Ratio","0","Units",,,0.3,,
"JPN47","Isesaki","T_T_SH_NAT","Share of population  in metropolitan area over the national value","2006","2006","RATIO","Ratio","0","Units",,,0.3,,
"JPN47","Isesaki","T_T_SH_NAT","Share of population  in metropolitan area over the national value","2007","2007","RATIO","Ratio","0","Units",,,0.3,,
"JPN47","Isesaki","T_T_SH_NAT","Share of population  in metropolitan area over the national value","2008","2008","RATIO","Ratio","0","Units",,,0.3,,
"JPN47","Isesaki","T_T_SH_NAT","Share of population  in metropolitan area over the national value","2009","2009","RATIO","Ratio","0","Units",,,0.3,,
"JPN47","Isesaki","T_T_SH_NAT","Share of population  in metropolitan area over the national value","2010","2010","RATIO","Ratio","0","Units",,,0.3,,
"JPN47","Isesaki","T_T_SH_NAT","Share of population  in metropolitan area over the national value","2011","2011","RATIO","Ratio","0","Units",,,0.3,,
"JPN47","Isesaki","T_T_SH_NAT","Share of population  in metropolitan area over the national value","2012","2012","RATIO","Ratio","0","Units",,,0.3,,
"JPN47","Isesaki","T_T_SH_NAT","Share of population  in metropolitan area over the national value","2013","2013","RATIO","Ratio","0","Units",,,0.3,,
"JPN47","Isesaki","T_T_SH_NAT","Share of population  in metropolitan area over the national value","2014","2014","RATIO","Ratio","0","Units",,,0.3,,
"JPN47","Isesaki","T_T_SH_NAT","Share of population  in metropolitan area over the national value","2015","2015","RATIO","Ratio","0","Units",,,0.3,,
"AUS08","Newcastle","POP_DEN","Population density (pop. per km2)","2001","2001","PER","Persons","0","Units",,,253,,
"AUS08","Newcastle","POP_DEN","Population density (pop. per km2)","2002","2002","PER","Persons","0","Units",,,256,,
"AUS08","Newcastle","POP_DEN","Population density (pop. per km2)","2003","2003","PER","Persons","0","Units",,,258,,
"AUS08","Newcastle","POP_DEN","Population density (pop. per km2)","2004","2004","PER","Persons","0","Units",,,259,,
"AUS08","Newcastle","POP_DEN","Population density (pop. per km2)","2005","2005","PER","Persons","0","Units",,,261,,
"AUS08","Newcastle","POP_DEN","Population density (pop. per km2)","2006","2006","PER","Persons","0","Units",,,262,,
"AUS08","Newcastle","POP_DEN","Population density (pop. per km2)","2007","2007","PER","Persons","0","Units",,,265,,
"AUS08","Newcastle","POP_DEN","Population density (pop. per km2)","2008","2008","PER","Persons","0","Units",,,268,,
"AUS08","Newcastle","POP_DEN","Population density (pop. per km2)","2009","2009","PER","Persons","0","Units",,,271,,
"AUS08","Newcastle","POP_DEN","Population density (pop. per km2)","2010","2010","PER","Persons","0","Units",,,274,,
"AUS08","Newcastle","POP_DEN","Population density (pop. per km2)","2011","2011","PER","Persons","0","Units",,,277,,
"AUS08","Newcastle","POP_DEN","Population density (pop. per km2)","2012","2012","PER","Persons","0","Units",,,280,,
"AUS08","Newcastle","POP_DEN","Population density (pop. per km2)","2013","2013","PER","Persons","0","Units",,,282,,
"AUS08","Newcastle","POP_DEN","Population density (pop. per km2)","2014","2014","PER","Persons","0","Units",,,285,,
"AUS08","Newcastle","POP_DEN","Population density (pop. per km2)","2015","2015","PER","Persons","0","Units",,,287,,
"AUS08","Newcastle","POP_DEN","Population density (pop. per km2)","2016","2016","PER","Persons","0","Units",,,289,,
"DE039","Kiel","T_T_SH_NAT","Share of population  in metropolitan area over the national value","2001","2001","RATIO","Ratio","0","Units",,,0.8,,
"DE039","Kiel","T_T_SH_NAT","Share of population  in metropolitan area over the national value","2002","2002","RATIO","Ratio","0","Units",,,0.8,,
"DE039","Kiel","T_T_SH_NAT","Share of population  in metropolitan area over the national value","2003","2003","RATIO","Ratio","0","Units",,,0.8,,
"DE039","Kiel","T_T_SH_NAT","Share of population  in metropolitan area over the national value","2004","2004","RATIO","Ratio","0","Units",,,0.8,,
"DE039","Kiel","T_T_SH_NAT","Share of population  in metropolitan area over the national value","2005","2005","RATIO","Ratio","0","Units",,,0.8,,
"DE039","Kiel","T_T_SH_NAT","Share of population  in metropolitan area over the national value","2006","2006","RATIO","Ratio","0","Units",,,0.8,,
"DE039","Kiel","T_T_SH_NAT","Share of population  in metropolitan area over the national value","2007","2007","RATIO","Ratio","0","Units",,,0.8,,
"DE039","Kiel","T_T_SH_NAT","Share of population  in metropolitan area over the national value","2008","2008","RATIO","Ratio","0","Units",,,0.8,,
"DE039","Kiel","T_T_SH_NAT","Share of population  in metropolitan area over the national value","2009","2009","RATIO","Ratio","0","Units",,,0.8,,
"DE039","Kiel","T_T_SH_NAT","Share of population  in metropolitan area over the national value","2010","2010","RATIO","Ratio","0","Units",,,0.8,,
"DE039","Kiel","T_T_SH_NAT","Share of population  in metropolitan area over the national value","2011","2011","RATIO","Ratio","0","Units",,,0.8,,
"DE039","Kiel","T_T_SH_NAT","Share of population  in metropolitan area over the national value","2012","2012","RATIO","Ratio","0","Units",,,0.8,,
"DE039","Kiel","T_T_SH_NAT","Share of population  in metropolitan area over the national value","2013","2013","RATIO","Ratio","0","Units",,,0.8,,
"DE039","Kiel","T_T_SH_NAT","Share of population  in metropolitan area over the national value","2014","2014","RATIO","Ratio","0","Units",,,0.8,,
"DE039","Kiel","T_T_SH_NAT","Share of population  in metropolitan area over the national value","2015","2015","RATIO","Ratio","0","Units",,,0.8,,
"DE039","Kiel","T_T_SH_NAT","Share of population  in metropolitan area over the national value","2016","2016","RATIO","Ratio","0","Units",,,0.8,,
"JPN13","Takasaki","POP_DEN","Population density (pop. per km2)","2000","2000","PER","Persons","0","Units",,,606,,
"JPN13","Takasaki","POP_DEN","Population density (pop. per km2)","2001","2001","PER","Persons","0","Units",,,607,,
"JPN13","Takasaki","POP_DEN","Population density (pop. per km2)","2002","2002","PER","Persons","0","Units",,,607,,
"JPN13","Takasaki","POP_DEN","Population density (pop. per km2)","2003","2003","PER","Persons","0","Units",,,607,,
"JPN13","Takasaki","POP_DEN","Population density (pop. per km2)","2004","2004","PER","Persons","0","Units",,,608,,
"JPN13","Takasaki","POP_DEN","Population density (pop. per km2)","2005","2005","PER","Persons","0","Units",,,608,,
"JPN13","Takasaki","POP_DEN","Population density (pop. per km2)","2006","2006","PER","Persons","0","Units",,,607,,
"JPN13","Takasaki","POP_DEN","Population density (pop. per km2)","2007","2007","PER","Persons","0","Units",,,606,,
"JPN13","Takasaki","POP_DEN","Population density (pop. per km2)","2008","2008","PER","Persons","0","Units",,,605,,
"JPN13","Takasaki","POP_DEN","Population density (pop. per km2)","2009","2009","PER","Persons","0","Units",,,604,,
"JPN13","Takasaki","POP_DEN","Population density (pop. per km2)","2010","2010","PER","Persons","0","Units",,,603,,
"JPN13","Takasaki","POP_DEN","Population density (pop. per km2)","2011","2011","PER","Persons","0","Units",,,600,,
"JPN13","Takasaki","POP_DEN","Population density (pop. per km2)","2012","2012","PER","Persons","0","Units",,,598,,
"JPN13","Takasaki","POP_DEN","Population density (pop. per km2)","2013","2013","PER","Persons","0","Units",,,595,,
"JPN13","Takasaki","POP_DEN","Population density (pop. per km2)","2014","2014","PER","Persons","0","Units",,,593,,
"JPN13","Takasaki","POP_DEN","Population density (pop. per km2)","2015","2015","PER","Persons","0","Units",,,590,,
"PT002","Porto","T_T_SH_NAT","Share of population  in metropolitan area over the national value","2001","2001","RATIO","Ratio","0","Units",,,12.4,,
"PT002","Porto","T_T_SH_NAT","Share of population  in metropolitan area over the national value","2002","2002","RATIO","Ratio","0","Units",,,12.4,,
"PT002","Porto","T_T_SH_NAT","Share of population  in metropolitan area over the national value","2003","2003","RATIO","Ratio","0","Units",,,12.4,,
"PT002","Porto","T_T_SH_NAT","Share of population  in metropolitan area over the national value","2004","2004","RATIO","Ratio","0","Units",,,12.4,,
"PT002","Porto","T_T_SH_NAT","Share of population  in metropolitan area over the national value","2005","2005","RATIO","Ratio","0","Units",,,12.4,,
"PT002","Porto","T_T_SH_NAT","Share of population  in metropolitan area over the national value","2006","2006","RATIO","Ratio","0","Units",,,12.4,,
"PT002","Porto","T_T_SH_NAT","Share of population  in metropolitan area over the national value","2007","2007","RATIO","Ratio","0","Units",,,12.4,,
"PT002","Porto","T_T_SH_NAT","Share of population  in metropolitan area over the national value","2008","2008","RATIO","Ratio","0","Units",,,12.4,,
"PT002","Porto","T_T_SH_NAT","Share of population  in metropolitan area over the national value","2009","2009","RATIO","Ratio","0","Units",,,12.4,,
"PT002","Porto","T_T_SH_NAT","Share of population  in metropolitan area over the national value","2010","2010","RATIO","Ratio","0","Units",,,12.3,,
"PT002","Porto","T_T_SH_NAT","Share of population  in metropolitan area over the national value","2011","2011","RATIO","Ratio","0","Units",,,12.3,,
"PT002","Porto","T_T_SH_NAT","Share of population  in metropolitan area over the national value","2012","2012","RATIO","Ratio","0","Units",,,12.3,,
"PT002","Porto","T_T_SH_NAT","Share of population  in metropolitan area over the national value","2013","2013","RATIO","Ratio","0","Units",,,12.3,,
"PT002","Porto","T_T_SH_NAT","Share of population  in metropolitan area over the national value","2014","2014","RATIO","Ratio","0","Units",,,12.3,,
"PT002","Porto","T_T_SH_NAT","Share of population  in metropolitan area over the national value","2015","2015","RATIO","Ratio","0","Units",,,12.3,,
"PT002","Porto","T_T_SH_NAT","Share of population  in metropolitan area over the national value","2016","2016","RATIO","Ratio","0","Units",,,12.3,,
"USA04","Washington (Greater)","T_T","Population, All ages. Administrative data","2000","2000","PER","Persons","0","Units",,,7467081,,
"USA04","Washington (Greater)","T_T","Population, All ages. Administrative data","2001","2001","PER","Persons","0","Units",,,7592023,,
"USA04","Washington (Greater)","T_T","Population, All ages. Administrative data","2002","2002","PER","Persons","0","Units",,,7699625,,
"USA04","Washington (Greater)","T_T","Population, All ages. Administrative data","2003","2003","PER","Persons","0","Units",,,7787510,,
"USA04","Washington (Greater)","T_T","Population, All ages. Administrative data","2004","2004","PER","Persons","0","Units",,,7881305,,
"USA04","Washington (Greater)","T_T","Population, All ages. Administrative data","2005","2005","PER","Persons","0","Units",,,7969800,,
"USA04","Washington (Greater)","T_T","Population, All ages. Administrative data","2006","2006","PER","Persons","0","Units",,,8030184,,
"USA04","Washington (Greater)","T_T","Population, All ages. Administrative data","2007","2007","PER","Persons","0","Units",,,8094606,,
"USA04","Washington (Greater)","T_T","Population, All ages. Administrative data","2008","2008","PER","Persons","0","Units",,,8179760,,
"USA04","Washington (Greater)","T_T","Population, All ages. Administrative data","2009","2009","PER","Persons","0","Units",,,8299654,,
"USA04","Washington (Greater)","T_T","Population, All ages. Administrative data","2010","2010","PER","Persons","0","Units",,,8439276,,
"USA04","Washington (Greater)","T_T","Population, All ages. Administrative data","2011","2011","PER","Persons","0","Units",,,8570621,,
"USA04","Washington (Greater)","T_T","Population, All ages. Administrative data","2012","2012","PER","Persons","0","Units",,,8688831,,
"USA04","Washington (Greater)","T_T","Population, All ages. Administrative data","2013","2013","PER","Persons","0","Units",,,8794922,,
"USA04","Washington (Greater)","T_T","Population, All ages. Administrative data","2014","2014","PER","Persons","0","Units",,,8875155,,
"USA04","Washington (Greater)","T_T","Population, All ages. Administrative data","2015","2015","PER","Persons","0","Units",,,8948657,,
"USA04","Washington (Greater)","T_T","Population, All ages. Administrative data","2016","2016","PER","Persons","0","Units",,,9014366,,
"USA89","Spokane","T_T_SH_NAT","Share of population  in metropolitan area over the national value","2001","2001","RATIO","Ratio","0","Units",,,0.2,,
"USA89","Spokane","T_T_SH_NAT","Share of population  in metropolitan area over the national value","2002","2002","RATIO","Ratio","0","Units",,,0.2,,
"USA89","Spokane","T_T_SH_NAT","Share of population  in metropolitan area over the national value","2003","2003","RATIO","Ratio","0","Units",,,0.2,,
"USA89","Spokane","T_T_SH_NAT","Share of population  in metropolitan area over the national value","2004","2004","RATIO","Ratio","0","Units",,,0.2,,
"USA89","Spokane","T_T_SH_NAT","Share of population  in metropolitan area over the national value","2005","2005","RATIO","Ratio","0","Units",,,0.2,,
"USA89","Spokane","T_T_SH_NAT","Share of population  in metropolitan area over the national value","2006","2006","RATIO","Ratio","0","Units",,,0.2,,
"USA89","Spokane","T_T_SH_NAT","Share of population  in metropolitan area over the national value","2007","2007","RATIO","Ratio","0","Units",,,0.2,,
"USA89","Spokane","T_T_SH_NAT","Share of population  in metropolitan area over the national value","2008","2008","RATIO","Ratio","0","Units",,,0.2,,
"USA89","Spokane","T_T_SH_NAT","Share of population  in metropolitan area over the national value","2009","2009","RATIO","Ratio","0","Units",,,0.2,,
"USA89","Spokane","T_T_SH_NAT","Share of population  in metropolitan area over the national value","2010","2010","RATIO","Ratio","0","Units",,,0.2,,
"USA89","Spokane","T_T_SH_NAT","Share of population  in metropolitan area over the national value","2011","2011","RATIO","Ratio","0","Units",,,0.2,,
"USA89","Spokane","T_T_SH_NAT","Share of population  in metropolitan area over the national value","2012","2012","RATIO","Ratio","0","Units",,,0.2,,
"USA89","Spokane","T_T_SH_NAT","Share of population  in metropolitan area over the national value","2013","2013","RATIO","Ratio","0","Units",,,0.2,,
"USA89","Spokane","T_T_SH_NAT","Share of population  in metropolitan area over the national value","2014","2014","RATIO","Ratio","0","Units",,,0.2,,
"USA89","Spokane","T_T_SH_NAT","Share of population  in metropolitan area over the national value","2015","2015","RATIO","Ratio","0","Units",,,0.2,,
"USA89","Spokane","T_T_SH_NAT","Share of population  in metropolitan area over the national value","2016","2016","RATIO","Ratio","0","Units",,,0.2,,
"USA124","Vanderburgh","T_T_SH_NAT","Share of population  in metropolitan area over the national value","2001","2001","RATIO","Ratio","0","Units",,,0.1,,
"USA124","Vanderburgh","T_T_SH_NAT","Share of population  in metropolitan area over the national value","2002","2002","RATIO","Ratio","0","Units",,,0.1,,
"USA124","Vanderburgh","T_T_SH_NAT","Share of population  in metropolitan area over the national value","2003","2003","RATIO","Ratio","0","Units",,,0.1,,
"USA124","Vanderburgh","T_T_SH_NAT","Share of population  in metropolitan area over the national value","2004","2004","RATIO","Ratio","0","Units",,,0.1,,
"USA124","Vanderburgh","T_T_SH_NAT","Share of population  in metropolitan area over the national value","2005","2005","RATIO","Ratio","0","Units",,,0.1,,
"USA124","Vanderburgh","T_T_SH_NAT","Share of population  in metropolitan area over the national value","2006","2006","RATIO","Ratio","0","Units",,,0.1,,
"USA124","Vanderburgh","T_T_SH_NAT","Share of population  in metropolitan area over the national value","2007","2007","RATIO","Ratio","0","Units",,,0.1,,
"USA124","Vanderburgh","T_T_SH_NAT","Share of population  in metropolitan area over the national value","2008","2008","RATIO","Ratio","0","Units",,,0.1,,
"USA124","Vanderburgh","T_T_SH_NAT","Share of population  in metropolitan area over the national value","2009","2009","RATIO","Ratio","0","Units",,,0.1,,
"USA124","Vanderburgh","T_T_SH_NAT","Share of population  in metropolitan area over the national value","2010","2010","RATIO","Ratio","0","Units",,,0.1,,
"USA124","Vanderburgh","T_T_SH_NAT","Share of population  in metropolitan area over the national value","2011","2011","RATIO","Ratio","0","Units",,,0.1,,
"USA124","Vanderburgh","T_T_SH_NAT","Share of population  in metropolitan area over the national value","2012","2012","RATIO","Ratio","0","Units",,,0.1,,
"USA124","Vanderburgh","T_T_SH_NAT","Share of population  in metropolitan area over the national value","2013","2013","RATIO","Ratio","0","Units",,,0.1,,
"USA124","Vanderburgh","T_T_SH_NAT","Share of population  in metropolitan area over the national value","2014","2014","RATIO","Ratio","0","Units",,,0.1,,
"USA124","Vanderburgh","T_T_SH_NAT","Share of population  in metropolitan area over the national value","2015","2015","RATIO","Ratio","0","Units",,,0.1,,
"USA124","Vanderburgh","T_T_SH_NAT","Share of population  in metropolitan area over the national value","2016","2016","RATIO","Ratio","0","Units",,,0.1,,
"CL004","Antofagasta","T_T_SH_NAT","Share of population  in metropolitan area over the national value","2002","2002","RATIO","Ratio","0","Units",,,2,,
"CL004","Antofagasta","T_T_SH_NAT","Share of population  in metropolitan area over the national value","2003","2003","RATIO","Ratio","0","Units",,,2,,
"CL004","Antofagasta","T_T_SH_NAT","Share of population  in metropolitan area over the national value","2004","2004","RATIO","Ratio","0","Units",,,2,,
"CL004","Antofagasta","T_T_SH_NAT","Share of population  in metropolitan area over the national value","2005","2005","RATIO","Ratio","0","Units",,,2,,
"CL004","Antofagasta","T_T_SH_NAT","Share of population  in metropolitan area over the national value","2006","2006","RATIO","Ratio","0","Units",,,2,,
"CL004","Antofagasta","T_T_SH_NAT","Share of population  in metropolitan area over the national value","2007","2007","RATIO","Ratio","0","Units",,,2,,
"CL004","Antofagasta","T_T_SH_NAT","Share of population  in metropolitan area over the national value","2008","2008","RATIO","Ratio","0","Units",,,2,,
"CL004","Antofagasta","T_T_SH_NAT","Share of population  in metropolitan area over the national value","2009","2009","RATIO","Ratio","0","Units",,,2,,
"CL004","Antofagasta","T_T_SH_NAT","Share of population  in metropolitan area over the national value","2010","2010","RATIO","Ratio","0","Units",,,2,,
"CL004","Antofagasta","T_T_SH_NAT","Share of population  in metropolitan area over the national value","2011","2011","RATIO","Ratio","0","Units",,,2.1,,
"CL004","Antofagasta","T_T_SH_NAT","Share of population  in metropolitan area over the national value","2012","2012","RATIO","Ratio","0","Units",,,2.1,,
"CL004","Antofagasta","T_T_SH_NAT","Share of population  in metropolitan area over the national value","2013","2013","RATIO","Ratio","0","Units",,,2.1,,
"CL004","Antofagasta","T_T_SH_NAT","Share of population  in metropolitan area over the national value","2014","2014","RATIO","Ratio","0","Units",,,2.1,,
"CL004","Antofagasta","T_T_SH_NAT","Share of population  in metropolitan area over the national value","2015","2015","RATIO","Ratio","0","Units",,,2.1,,
"CL004","Antofagasta","T_T_SH_NAT","Share of population  in metropolitan area over the national value","2016","2016","RATIO","Ratio","0","Units",,,2.1,,
"USA161","Brazos","POP_DEN","Population density (pop. per km2)","2000","2000","PER","Persons","0","Units",,,29,,
"USA161","Brazos","POP_DEN","Population density (pop. per km2)","2001","2001","PER","Persons","0","Units",,,30,,
"USA161","Brazos","POP_DEN","Population density (pop. per km2)","2002","2002","PER","Persons","0","Units",,,30,,
"USA161","Brazos","POP_DEN","Population density (pop. per km2)","2003","2003","PER","Persons","0","Units",,,31,,
"USA161","Brazos","POP_DEN","Population density (pop. per km2)","2004","2004","PER","Persons","0","Units",,,31,,
"USA161","Brazos","POP_DEN","Population density (pop. per km2)","2005","2005","PER","Persons","0","Units",,,32,,
"USA161","Brazos","POP_DEN","Population density (pop. per km2)","2006","2006","PER","Persons","0","Units",,,33,,
"USA161","Brazos","POP_DEN","Population density (pop. per km2)","2007","2007","PER","Persons","0","Units",,,33,,
"USA161","Brazos","POP_DEN","Population density (pop. per km2)","2008","2008","PER","Persons","0","Units",,,34,,
"USA161","Brazos","POP_DEN","Population density (pop. per km2)","2009","2009","PER","Persons","0","Units",,,35,,
"USA161","Brazos","POP_DEN","Population density (pop. per km2)","2010","2010","PER","Persons","0","Units",,,36,,
"USA161","Brazos","POP_DEN","Population density (pop. per km2)","2011","2011","PER","Persons","0","Units",,,36,,
"USA161","Brazos","POP_DEN","Population density (pop. per km2)","2012","2012","PER","Persons","0","Units",,,37,,
"USA161","Brazos","POP_DEN","Population density (pop. per km2)","2013","2013","PER","Persons","0","Units",,,37,,
"USA161","Brazos","POP_DEN","Population density (pop. per km2)","2014","2014","PER","Persons","0","Units",,,38,,
"USA161","Brazos","POP_DEN","Population density (pop. per km2)","2015","2015","PER","Persons","0","Units",,,39,,
"USA161","Brazos","POP_DEN","Population density (pop. per km2)","2016","2016","PER","Persons","0","Units",,,40,,
"USA27","New Haven","T_T_SH_NAT","Share of population  in metropolitan area over the national value","2001","2001","RATIO","Ratio","0","Units",,,0.6,,
"USA27","New Haven","T_T_SH_NAT","Share of population  in metropolitan area over the national value","2002","2002","RATIO","Ratio","0","Units",,,0.6,,
"USA27","New Haven","T_T_SH_NAT","Share of population  in metropolitan area over the national value","2003","2003","RATIO","Ratio","0","Units",,,0.6,,
"USA27","New Haven","T_T_SH_NAT","Share of population  in metropolitan area over the national value","2004","2004","RATIO","Ratio","0","Units",,,0.6,,
"USA27","New Haven","T_T_SH_NAT","Share of population  in metropolitan area over the national value","2005","2005","RATIO","Ratio","0","Units",,,0.6,,
"USA27","New Haven","T_T_SH_NAT","Share of population  in metropolitan area over the national value","2006","2006","RATIO","Ratio","0","Units",,,0.6,,
"USA27","New Haven","T_T_SH_NAT","Share of population  in metropolitan area over the national value","2007","2007","RATIO","Ratio","0","Units",,,0.6,,
"USA27","New Haven","T_T_SH_NAT","Share of population  in metropolitan area over the national value","2008","2008","RATIO","Ratio","0","Units",,,0.6,,
"USA27","New Haven","T_T_SH_NAT","Share of population  in metropolitan area over the national value","2009","2009","RATIO","Ratio","0","Units",,,0.6,,
"USA27","New Haven","T_T_SH_NAT","Share of population  in metropolitan area over the national value","2010","2010","RATIO","Ratio","0","Units",,,0.6,,
"USA27","New Haven","T_T_SH_NAT","Share of population  in metropolitan area over the national value","2011","2011","RATIO","Ratio","0","Units",,,0.6,,
"USA27","New Haven","T_T_SH_NAT","Share of population  in metropolitan area over the national value","2012","2012","RATIO","Ratio","0","Units",,,0.6,,
"USA27","New Haven","T_T_SH_NAT","Share of population  in metropolitan area over the national value","2013","2013","RATIO","Ratio","0","Units",,,0.6,,
"USA27","New Haven","T_T_SH_NAT","Share of population  in metropolitan area over the national value","2014","2014","RATIO","Ratio","0","Units",,,0.6,,
"USA27","New Haven","T_T_SH_NAT","Share of population  in metropolitan area over the national value","2015","2015","RATIO","Ratio","0","Units",,,0.6,,
"USA27","New Haven","T_T_SH_NAT","Share of population  in metropolitan area over the national value","2016","2016","RATIO","Ratio","0","Units",,,0.6,,
"DE018","Halle an der Saale","T_T","Population, All ages. Administrative data","2001","2001","PER","Persons","0","Units",,,464740,,
"DE018","Halle an der Saale","T_T","Population, All ages. Administrative data","2002","2002","PER","Persons","0","Units",,,458478,,
"DE018","Halle an der Saale","T_T","Population, All ages. Administrative data","2003","2003","PER","Persons","0","Units",,,452550,,
"DE018","Halle an der Saale","T_T","Population, All ages. Administrative data","2004","2004","PER","Persons","0","Units",,,451168,,
"DE018","Halle an der Saale","T_T","Population, All ages. Administrative data","2005","2005","PER","Persons","0","Units",,,447853,,
"DE018","Halle an der Saale","T_T","Population, All ages. Administrative data","2006","2006","PER","Persons","0","Units",,,444813,,
"DE018","Halle an der Saale","T_T","Population, All ages. Administrative data","2007","2007","PER","Persons","0","Units",,,441389,,
"DE018","Halle an der Saale","T_T","Population, All ages. Administrative data","2008","2008","PER","Persons","0","Units",,,437808,,
"DE018","Halle an der Saale","T_T","Population, All ages. Administrative data","2009","2009","PER","Persons","0","Units",,,433814,,
"DE018","Halle an der Saale","T_T","Population, All ages. Administrative data","2010","2010","PER","Persons","0","Units",,,430877,,
"DE018","Halle an der Saale","T_T","Population, All ages. Administrative data","2011","2011","PER","Persons","0","Units",,,421802,,
"DE018","Halle an der Saale","T_T","Population, All ages. Administrative data","2012","2012","PER","Persons","0","Units",,,420792,,
"DE018","Halle an der Saale","T_T","Population, All ages. Administrative data","2013","2013","PER","Persons","0","Units",,,420210,,
"DE018","Halle an der Saale","T_T","Population, All ages. Administrative data","2014","2014","PER","Persons","0","Units",,,418809,,
"DE018","Halle an der Saale","T_T","Population, All ages. Administrative data","2015","2015","PER","Persons","0","Units",,,418537,,
"DE018","Halle an der Saale","T_T","Population, All ages. Administrative data","2016","2016","PER","Persons","0","Units",,,422977,,
"FR032","Toulon","T_T","Population, All ages. Administrative data","2000","2000","PER","Persons","0","Units",,,518043,,
"FR032","Toulon","T_T","Population, All ages. Administrative data","2001","2001","PER","Persons","0","Units",,,521432,,
"FR032","Toulon","T_T","Population, All ages. Administrative data","2002","2002","PER","Persons","0","Units",,,524821,,
"FR032","Toulon","T_T","Population, All ages. Administrative data","2003","2003","PER","Persons","0","Units",,,528210,,
"FR032","Toulon","T_T","Population, All ages. Administrative data","2004","2004","PER","Persons","0","Units",,,531600,,
"FR032","Toulon","T_T","Population, All ages. Administrative data","2005","2005","PER","Persons","0","Units",,,534989,,
"FR032","Toulon","T_T","Population, All ages. Administrative data","2006","2006","PER","Persons","0","Units",,,538378,,
"FR032","Toulon","T_T","Population, All ages. Administrative data","2007","2007","PER","Persons","0","Units",,,541767,,
"FR032","Toulon","T_T","Population, All ages. Administrative data","2008","2008","PER","Persons","0","Units",,,545156,,
"FR032","Toulon","T_T","Population, All ages. Administrative data","2009","2009","PER","Persons","0","Units",,,548545,,
"FR032","Toulon","T_T","Population, All ages. Administrative data","2010","2010","PER","Persons","0","Units",,,549807,,
"FR032","Toulon","T_T","Population, All ages. Administrative data","2011","2011","PER","Persons","0","Units",,,551069,,
"FR032","Toulon","T_T","Population, All ages. Administrative data","2012","2012","PER","Persons","0","Units",,,552332,,
"FR032","Toulon","T_T","Population, All ages. Administrative data","2013","2013","PER","Persons","0","Units",,,553594,,
"FR032","Toulon","T_T","Population, All ages. Administrative data","2014","2014","PER","Persons","0","Units",,,554856,,
"FR032","Toulon","T_T","Population, All ages. Administrative data","2015","2015","PER","Persons","0","Units",,,530339,,
"CL020","Concepcion","POP_DEN","Population density (pop. per km2)","2000","2000","PER","Persons","0","Units",,,416,,
"CL020","Concepcion","POP_DEN","Population density (pop. per km2)","2001","2001","PER","Persons","0","Units",,,429,,
"CL020","Concepcion","POP_DEN","Population density (pop. per km2)","2002","2002","PER","Persons","0","Units",,,442,,
"CL020","Concepcion","POP_DEN","Population density (pop. per km2)","2003","2003","PER","Persons","0","Units",,,446,,
"CL020","Concepcion","POP_DEN","Population density (pop. per km2)","2004","2004","PER","Persons","0","Units",,,451,,
"CL020","Concepcion","POP_DEN","Population density (pop. per km2)","2005","2005","PER","Persons","0","Units",,,455,,
"CL020","Concepcion","POP_DEN","Population density (pop. per km2)","2006","2006","PER","Persons","0","Units",,,460,,
"CL020","Concepcion","POP_DEN","Population density (pop. per km2)","2007","2007","PER","Persons","0","Units",,,464,,
"CL020","Concepcion","POP_DEN","Population density (pop. per km2)","2008","2008","PER","Persons","0","Units",,,469,,
"CL020","Concepcion","POP_DEN","Population density (pop. per km2)","2009","2009","PER","Persons","0","Units",,,474,,
"CL020","Concepcion","POP_DEN","Population density (pop. per km2)","2010","2010","PER","Persons","0","Units",,,479,,
"CL020","Concepcion","POP_DEN","Population density (pop. per km2)","2011","2011","PER","Persons","0","Units",,,484,,
"CL020","Concepcion","POP_DEN","Population density (pop. per km2)","2012","2012","PER","Persons","0","Units",,,489,,
"CL020","Concepcion","POP_DEN","Population density (pop. per km2)","2013","2013","PER","Persons","0","Units",,,493,,
"CL020","Concepcion","POP_DEN","Population density (pop. per km2)","2014","2014","PER","Persons","0","Units",,,498,,
"CL020","Concepcion","POP_DEN","Population density (pop. per km2)","2015","2015","PER","Persons","0","Units",,,503,,
"CL020","Concepcion","POP_DEN","Population density (pop. per km2)","2016","2016","PER","Persons","0","Units",,,507,,
"FR014","Amiens","T_T","Population, All ages. Administrative data","2000","2000","PER","Persons","0","Units",,,300916,,
"FR014","Amiens","T_T","Population, All ages. Administrative data","2001","2001","PER","Persons","0","Units",,,301578,,
"FR014","Amiens","T_T","Population, All ages. Administrative data","2002","2002","PER","Persons","0","Units",,,302240,,
"FR014","Amiens","T_T","Population, All ages. Administrative data","2003","2003","PER","Persons","0","Units",,,302902,,
"FR014","Amiens","T_T","Population, All ages. Administrative data","2004","2004","PER","Persons","0","Units",,,303565,,
"FR014","Amiens","T_T","Population, All ages. Administrative data","2005","2005","PER","Persons","0","Units",,,304227,,
"FR014","Amiens","T_T","Population, All ages. Administrative data","2006","2006","PER","Persons","0","Units",,,304890,,
"FR014","Amiens","T_T","Population, All ages. Administrative data","2007","2007","PER","Persons","0","Units",,,305551,,
"FR014","Amiens","T_T","Population, All ages. Administrative data","2008","2008","PER","Persons","0","Units",,,306214,,
"FR014","Amiens","T_T","Population, All ages. Administrative data","2009","2009","PER","Persons","0","Units",,,306876,,
"FR014","Amiens","T_T","Population, All ages. Administrative data","2010","2010","PER","Persons","0","Units",,,307446,,
"FR014","Amiens","T_T","Population, All ages. Administrative data","2011","2011","PER","Persons","0","Units",,,308016,,
"FR014","Amiens","T_T","Population, All ages. Administrative data","2012","2012","PER","Persons","0","Units",,,308584,,
"FR014","Amiens","T_T","Population, All ages. Administrative data","2013","2013","PER","Persons","0","Units",,,309154,,
"FR014","Amiens","T_T","Population, All ages. Administrative data","2014","2014","PER","Persons","0","Units",,,309724,,
"FR014","Amiens","T_T","Population, All ages. Administrative data","2015","2015","PER","Persons","0","Units",,,307987,,
"USA89","Spokane","T_T","Population, All ages. Administrative data","2000","2000","PER","Persons","0","Units",,,440618,,
"USA89","Spokane","T_T","Population, All ages. Administrative data","2001","2001","PER","Persons","0","Units",,,444852,,
"USA89","Spokane","T_T","Population, All ages. Administrative data","2002","2002","PER","Persons","0","Units",,,449133,,
"USA89","Spokane","T_T","Population, All ages. Administrative data","2003","2003","PER","Persons","0","Units",,,452945,,
"USA89","Spokane","T_T","Population, All ages. Administrative data","2004","2004","PER","Persons","0","Units",,,457954,,
"USA89","Spokane","T_T","Population, All ages. Administrative data","2005","2005","PER","Persons","0","Units",,,463146,,
"USA89","Spokane","T_T","Population, All ages. Administrative data","2006","2006","PER","Persons","0","Units",,,470616,,
"USA89","Spokane","T_T","Population, All ages. Administrative data","2007","2007","PER","Persons","0","Units",,,479487,,
"USA89","Spokane","T_T","Population, All ages. Administrative data","2008","2008","PER","Persons","0","Units",,,485856,,
"USA89","Spokane","T_T","Population, All ages. Administrative data","2009","2009","PER","Persons","0","Units",,,491848,,
"USA89","Spokane","T_T","Population, All ages. Administrative data","2010","2010","PER","Persons","0","Units",,,495529,,
"USA89","Spokane","T_T","Population, All ages. Administrative data","2011","2011","PER","Persons","0","Units",,,496768,,
"USA89","Spokane","T_T","Population, All ages. Administrative data","2012","2012","PER","Persons","0","Units",,,498801,,
"USA89","Spokane","T_T","Population, All ages. Administrative data","2013","2013","PER","Persons","0","Units",,,501584,,
"USA89","Spokane","T_T","Population, All ages. Administrative data","2014","2014","PER","Persons","0","Units",,,506055,,
"USA89","Spokane","T_T","Population, All ages. Administrative data","2015","2015","PER","Persons","0","Units",,,512249,,
"USA89","Spokane","T_T","Population, All ages. Administrative data","2016","2016","PER","Persons","0","Units",,,520896,,
"AUS10","Wollongong","T_T_SH_NAT","Share of population  in metropolitan area over the national value","2001","2001","RATIO","Ratio","0","Units",,,1.3,,
"AUS10","Wollongong","T_T_SH_NAT","Share of population  in metropolitan area over the national value","2002","2002","RATIO","Ratio","0","Units",,,1.3,,
"AUS10","Wollongong","T_T_SH_NAT","Share of population  in metropolitan area over the national value","2003","2003","RATIO","Ratio","0","Units",,,1.3,,
"AUS10","Wollongong","T_T_SH_NAT","Share of population  in metropolitan area over the national value","2004","2004","RATIO","Ratio","0","Units",,,1.3,,
"AUS10","Wollongong","T_T_SH_NAT","Share of population  in metropolitan area over the national value","2005","2005","RATIO","Ratio","0","Units",,,1.3,,
"AUS10","Wollongong","T_T_SH_NAT","Share of population  in metropolitan area over the national value","2006","2006","RATIO","Ratio","0","Units",,,1.3,,
"AUS10","Wollongong","T_T_SH_NAT","Share of population  in metropolitan area over the national value","2007","2007","RATIO","Ratio","0","Units",,,1.3,,
"AUS10","Wollongong","T_T_SH_NAT","Share of population  in metropolitan area over the national value","2008","2008","RATIO","Ratio","0","Units",,,1.2,,
"AUS10","Wollongong","T_T_SH_NAT","Share of population  in metropolitan area over the national value","2009","2009","RATIO","Ratio","0","Units",,,1.2,,
"AUS10","Wollongong","T_T_SH_NAT","Share of population  in metropolitan area over the national value","2010","2010","RATIO","Ratio","0","Units",,,1.2,,
"AUS10","Wollongong","T_T_SH_NAT","Share of population  in metropolitan area over the national value","2011","2011","RATIO","Ratio","0","Units",,,1.2,,
"AUS10","Wollongong","T_T_SH_NAT","Share of population  in metropolitan area over the national value","2012","2012","RATIO","Ratio","0","Units",,,1.2,,
"AUS10","Wollongong","T_T_SH_NAT","Share of population  in metropolitan area over the national value","2013","2013","RATIO","Ratio","0","Units",,,1.2,,
"AUS10","Wollongong","T_T_SH_NAT","Share of population  in metropolitan area over the national value","2014","2014","RATIO","Ratio","0","Units",,,1.2,,
"AUS10","Wollongong","T_T_SH_NAT","Share of population  in metropolitan area over the national value","2015","2015","RATIO","Ratio","0","Units",,,1.2,,
"AUS10","Wollongong","T_T_SH_NAT","Share of population  in metropolitan area over the national value","2016","2016","RATIO","Ratio","0","Units",,,1.2,,
"UK009","Cardiff","T_T_SH_NAT","Share of population  in metropolitan area over the national value","2001","2001","RATIO","Ratio","0","Units",,,1.2,,
"UK009","Cardiff","T_T_SH_NAT","Share of population  in metropolitan area over the national value","2002","2002","RATIO","Ratio","0","Units",,,1.2,,
"UK009","Cardiff","T_T_SH_NAT","Share of population  in metropolitan area over the national value","2003","2003","RATIO","Ratio","0","Units",,,1.2,,
"UK009","Cardiff","T_T_SH_NAT","Share of population  in metropolitan area over the national value","2004","2004","RATIO","Ratio","0","Units",,,1.2,,
"UK009","Cardiff","T_T_SH_NAT","Share of population  in metropolitan area over the national value","2005","2005","RATIO","Ratio","0","Units",,,1.2,,
"UK009","Cardiff","T_T_SH_NAT","Share of population  in metropolitan area over the national value","2006","2006","RATIO","Ratio","0","Units",,,1.2,,
"UK009","Cardiff","T_T_SH_NAT","Share of population  in metropolitan area over the national value","2007","2007","RATIO","Ratio","0","Units",,,1.2,,
"UK009","Cardiff","T_T_SH_NAT","Share of population  in metropolitan area over the national value","2008","2008","RATIO","Ratio","0","Units",,,1.2,,
"UK009","Cardiff","T_T_SH_NAT","Share of population  in metropolitan area over the national value","2009","2009","RATIO","Ratio","0","Units",,,1.2,,
"UK009","Cardiff","T_T_SH_NAT","Share of population  in metropolitan area over the national value","2010","2010","RATIO","Ratio","0","Units",,,1.2,,
"UK009","Cardiff","T_T_SH_NAT","Share of population  in metropolitan area over the national value","2011","2011","RATIO","Ratio","0","Units",,,1.2,,
"UK009","Cardiff","T_T_SH_NAT","Share of population  in metropolitan area over the national value","2012","2012","RATIO","Ratio","0","Units",,,1.2,,
"UK009","Cardiff","T_T_SH_NAT","Share of population  in metropolitan area over the national value","2013","2013","RATIO","Ratio","0","Units",,,1.2,,
"UK009","Cardiff","T_T_SH_NAT","Share of population  in metropolitan area over the national value","2014","2014","RATIO","Ratio","0","Units",,,1.2,,
"UK009","Cardiff","T_T_SH_NAT","Share of population  in metropolitan area over the national value","2015","2015","RATIO","Ratio","0","Units",,,1.2,,
"UK009","Cardiff","T_T_SH_NAT","Share of population  in metropolitan area over the national value","2016","2016","RATIO","Ratio","0","Units",,,1.2,,
"EL002","Thessaloniki","T_T_SH_NAT","Share of population  in metropolitan area over the national value","2002","2002","RATIO","Ratio","0","Units",,,9.5,,
"EL002","Thessaloniki","T_T_SH_NAT","Share of population  in metropolitan area over the national value","2003","2003","RATIO","Ratio","0","Units",,,9.5,,
"EL002","Thessaloniki","T_T_SH_NAT","Share of population  in metropolitan area over the national value","2004","2004","RATIO","Ratio","0","Units",,,9.6,,
"EL002","Thessaloniki","T_T_SH_NAT","Share of population  in metropolitan area over the national value","2005","2005","RATIO","Ratio","0","Units",,,9.6,,
"EL002","Thessaloniki","T_T_SH_NAT","Share of population  in metropolitan area over the national value","2006","2006","RATIO","Ratio","0","Units",,,9.7,,
"EL002","Thessaloniki","T_T_SH_NAT","Share of population  in metropolitan area over the national value","2007","2007","RATIO","Ratio","0","Units",,,9.7,,
"EL002","Thessaloniki","T_T_SH_NAT","Share of population  in metropolitan area over the national value","2008","2008","RATIO","Ratio","0","Units",,,9.7,,
"EL002","Thessaloniki","T_T_SH_NAT","Share of population  in metropolitan area over the national value","2009","2009","RATIO","Ratio","0","Units",,,9.7,,
"EL002","Thessaloniki","T_T_SH_NAT","Share of population  in metropolitan area over the national value","2010","2010","RATIO","Ratio","0","Units",,,9.7,,
"EL002","Thessaloniki","T_T_SH_NAT","Share of population  in metropolitan area over the national value","2011","2011","RATIO","Ratio","0","Units",,,9.7,,
"EL002","Thessaloniki","T_T_SH_NAT","Share of population  in metropolitan area over the national value","2012","2012","RATIO","Ratio","0","Units",,,9.7,,
"EL002","Thessaloniki","T_T_SH_NAT","Share of population  in metropolitan area over the national value","2013","2013","RATIO","Ratio","0","Units",,,9.8,,
"EL002","Thessaloniki","T_T_SH_NAT","Share of population  in metropolitan area over the national value","2014","2014","RATIO","Ratio","0","Units",,,9.8,,
"EL002","Thessaloniki","T_T_SH_NAT","Share of population  in metropolitan area over the national value","2015","2015","RATIO","Ratio","0","Units",,,9.8,,
"EL002","Thessaloniki","T_T_SH_NAT","Share of population  in metropolitan area over the national value","2016","2016","RATIO","Ratio","0","Units",,,9.8,,
"DE523","Paderborn","T_T_SH_NAT","Share of population  in metropolitan area over the national value","2001","2001","RATIO","Ratio","0","Units",,,0.4,,
"DE523","Paderborn","T_T_SH_NAT","Share of population  in metropolitan area over the national value","2002","2002","RATIO","Ratio","0","Units",,,0.4,,
"DE523","Paderborn","T_T_SH_NAT","Share of population  in metropolitan area over the national value","2003","2003","RATIO","Ratio","0","Units",,,0.4,,
"DE523","Paderborn","T_T_SH_NAT","Share of population  in metropolitan area over the national value","2004","2004","RATIO","Ratio","0","Units",,,0.4,,
"DE523","Paderborn","T_T_SH_NAT","Share of population  in metropolitan area over the national value","2005","2005","RATIO","Ratio","0","Units",,,0.4,,
"DE523","Paderborn","T_T_SH_NAT","Share of population  in metropolitan area over the national value","2006","2006","RATIO","Ratio","0","Units",,,0.4,,
"DE523","Paderborn","T_T_SH_NAT","Share of population  in metropolitan area over the national value","2007","2007","RATIO","Ratio","0","Units",,,0.4,,
"DE523","Paderborn","T_T_SH_NAT","Share of population  in metropolitan area over the national value","2008","2008","RATIO","Ratio","0","Units",,,0.4,,
"DE523","Paderborn","T_T_SH_NAT","Share of population  in metropolitan area over the national value","2009","2009","RATIO","Ratio","0","Units",,,0.4,,
"DE523","Paderborn","T_T_SH_NAT","Share of population  in metropolitan area over the national value","2010","2010","RATIO","Ratio","0","Units",,,0.4,,
"DE523","Paderborn","T_T_SH_NAT","Share of population  in metropolitan area over the national value","2011","2011","RATIO","Ratio","0","Units",,,0.4,,
"DE523","Paderborn","T_T_SH_NAT","Share of population  in metropolitan area over the national value","2012","2012","RATIO","Ratio","0","Units",,,0.4,,
"DE523","Paderborn","T_T_SH_NAT","Share of population  in metropolitan area over the national value","2013","2013","RATIO","Ratio","0","Units",,,0.4,,
"DE523","Paderborn","T_T_SH_NAT","Share of population  in metropolitan area over the national value","2014","2014","RATIO","Ratio","0","Units",,,0.4,,
"DE523","Paderborn","T_T_SH_NAT","Share of population  in metropolitan area over the national value","2015","2015","RATIO","Ratio","0","Units",,,0.4,,
"DE523","Paderborn","T_T_SH_NAT","Share of population  in metropolitan area over the national value","2016","2016","RATIO","Ratio","0","Units",,,0.4,,
"MEX52","Cuautla","POP_DEN","Population density (pop. per km2)","2000","2000","PER","Persons","0","Units",,,398,,
"MEX52","Cuautla","POP_DEN","Population density (pop. per km2)","2005","2005","PER","Persons","0","Units",,,401,,
"MEX52","Cuautla","POP_DEN","Population density (pop. per km2)","2010","2010","PER","Persons","0","Units",,,457,,
"MEX52","Cuautla","POP_DEN","Population density (pop. per km2)","2015","2015","PER","Persons","0","Units",,,526,,
"MEX17","Morelia","T_T","Population, All ages. Administrative data","2000","2000","PER","Persons","0","Units",,,763948,,
"MEX17","Morelia","T_T","Population, All ages. Administrative data","2005","2005","PER","Persons","0","Units",,,735903,,
"MEX17","Morelia","T_T","Population, All ages. Administrative data","2010","2010","PER","Persons","0","Units",,,827541,,
"MEX17","Morelia","T_T","Population, All ages. Administrative data","2015","2015","PER","Persons","0","Units",,,971736,,
"UK510","Sunderland","POP_DEN","Population density (pop. per km2)","2001","2001","PER","Persons","0","Units",,,2055,,
"UK510","Sunderland","POP_DEN","Population density (pop. per km2)","2002","2002","PER","Persons","0","Units",,,2044,,
"UK510","Sunderland","POP_DEN","Population density (pop. per km2)","2003","2003","PER","Persons","0","Units",,,2033,,
"UK510","Sunderland","POP_DEN","Population density (pop. per km2)","2004","2004","PER","Persons","0","Units",,,2023,,
"UK510","Sunderland","POP_DEN","Population density (pop. per km2)","2005","2005","PER","Persons","0","Units",,,2016,,
"UK510","Sunderland","POP_DEN","Population density (pop. per km2)","2006","2006","PER","Persons","0","Units",,,2010,,
"UK510","Sunderland","POP_DEN","Population density (pop. per km2)","2007","2007","PER","Persons","0","Units",,,2006,,
"UK510","Sunderland","POP_DEN","Population density (pop. per km2)","2008","2008","PER","Persons","0","Units",,,1999,,
"UK510","Sunderland","POP_DEN","Population density (pop. per km2)","2009","2009","PER","Persons","0","Units",,,1994,,
"UK510","Sunderland","POP_DEN","Population density (pop. per km2)","2010","2010","PER","Persons","0","Units",,,1993,,
"UK510","Sunderland","POP_DEN","Population density (pop. per km2)","2011","2011","PER","Persons","0","Units",,,1988,,
"UK510","Sunderland","POP_DEN","Population density (pop. per km2)","2012","2012","PER","Persons","0","Units",,,1991,,
"UK510","Sunderland","POP_DEN","Population density (pop. per km2)","2013","2013","PER","Persons","0","Units",,,1993,,
"UK510","Sunderland","POP_DEN","Population density (pop. per km2)","2014","2014","PER","Persons","0","Units",,,1998,,
"UK510","Sunderland","POP_DEN","Population density (pop. per km2)","2015","2015","PER","Persons","0","Units",,,1999,,
"UK510","Sunderland","POP_DEN","Population density (pop. per km2)","2016","2016","PER","Persons","0","Units",,,2002,,
"USA107","Santa Barbara","T_T","Population, All ages. Administrative data","2000","2000","PER","Persons","0","Units",,,399990,,
"USA107","Santa Barbara","T_T","Population, All ages. Administrative data","2001","2001","PER","Persons","0","Units",,,403164,,
"USA107","Santa Barbara","T_T","Population, All ages. Administrative data","2002","2002","PER","Persons","0","Units",,,405178,,
"USA107","Santa Barbara","T_T","Population, All ages. Administrative data","2003","2003","PER","Persons","0","Units",,,406810,,
"USA107","Santa Barbara","T_T","Population, All ages. Administrative data","2004","2004","PER","Persons","0","Units",,,407284,,
"USA107","Santa Barbara","T_T","Population, All ages. Administrative data","2005","2005","PER","Persons","0","Units",,,408079,,
"USA107","Santa Barbara","T_T","Population, All ages. Administrative data","2006","2006","PER","Persons","0","Units",,,408085,,
"USA107","Santa Barbara","T_T","Population, All ages. Administrative data","2007","2007","PER","Persons","0","Units",,,411243,,
"USA107","Santa Barbara","T_T","Population, All ages. Administrative data","2008","2008","PER","Persons","0","Units",,,415859,,
"USA107","Santa Barbara","T_T","Population, All ages. Administrative data","2009","2009","PER","Persons","0","Units",,,420356,,
"USA107","Santa Barbara","T_T","Population, All ages. Administrative data","2010","2010","PER","Persons","0","Units",,,424338,,
"USA107","Santa Barbara","T_T","Population, All ages. Administrative data","2011","2011","PER","Persons","0","Units",,,426058,,
"USA107","Santa Barbara","T_T","Population, All ages. Administrative data","2012","2012","PER","Persons","0","Units",,,430827,,
"USA107","Santa Barbara","T_T","Population, All ages. Administrative data","2013","2013","PER","Persons","0","Units",,,435980,,
"USA107","Santa Barbara","T_T","Population, All ages. Administrative data","2014","2014","PER","Persons","0","Units",,,440628,,
"USA107","Santa Barbara","T_T","Population, All ages. Administrative data","2015","2015","PER","Persons","0","Units",,,443927,,
"USA107","Santa Barbara","T_T","Population, All ages. Administrative data","2016","2016","PER","Persons","0","Units",,,446296,,
"MEX51","Minatitlan","T_T_SH_NAT","Share of population  in metropolitan area over the national value","2005","2005","RATIO","Ratio","0","Units",,,0.3,,
"MEX51","Minatitlan","T_T_SH_NAT","Share of population  in metropolitan area over the national value","2010","2010","RATIO","Ratio","0","Units",,,0.3,,
"MEX51","Minatitlan","T_T_SH_NAT","Share of population  in metropolitan area over the national value","2015","2015","RATIO","Ratio","0","Units",,,0.3,,
"UK559","Middlesbrough","POP_DEN","Population density (pop. per km2)","2001","2001","PER","Persons","0","Units",,,922,,
"UK559","Middlesbrough","POP_DEN","Population density (pop. per km2)","2002","2002","PER","Persons","0","Units",,,921,,
"UK559","Middlesbrough","POP_DEN","Population density (pop. per km2)","2003","2003","PER","Persons","0","Units",,,920,,
"UK559","Middlesbrough","POP_DEN","Population density (pop. per km2)","2004","2004","PER","Persons","0","Units",,,919,,
"UK559","Middlesbrough","POP_DEN","Population density (pop. per km2)","2005","2005","PER","Persons","0","Units",,,920,,
"UK559","Middlesbrough","POP_DEN","Population density (pop. per km2)","2006","2006","PER","Persons","0","Units",,,920,,
"UK559","Middlesbrough","POP_DEN","Population density (pop. per km2)","2007","2007","PER","Persons","0","Units",,,920,,
"UK559","Middlesbrough","POP_DEN","Population density (pop. per km2)","2008","2008","PER","Persons","0","Units",,,920,,
"UK559","Middlesbrough","POP_DEN","Population density (pop. per km2)","2009","2009","PER","Persons","0","Units",,,920,,
"UK559","Middlesbrough","POP_DEN","Population density (pop. per km2)","2010","2010","PER","Persons","0","Units",,,921,,
"UK559","Middlesbrough","POP_DEN","Population density (pop. per km2)","2011","2011","PER","Persons","0","Units",,,924,,
"UK559","Middlesbrough","POP_DEN","Population density (pop. per km2)","2012","2012","PER","Persons","0","Units",,,926,,
"UK559","Middlesbrough","POP_DEN","Population density (pop. per km2)","2013","2013","PER","Persons","0","Units",,,928,,
"UK559","Middlesbrough","POP_DEN","Population density (pop. per km2)","2014","2014","PER","Persons","0","Units",,,930,,
"UK559","Middlesbrough","POP_DEN","Population density (pop. per km2)","2015","2015","PER","Persons","0","Units",,,933,,
"UK559","Middlesbrough","POP_DEN","Population density (pop. per km2)","2016","2016","PER","Persons","0","Units",,,937,,
"USA39","Oklahoma","T_T","Population, All ages. Administrative data","2000","2000","PER","Persons","0","Units",,,1066496,,
"USA39","Oklahoma","T_T","Population, All ages. Administrative data","2001","2001","PER","Persons","0","Units",,,1076914,,
"USA39","Oklahoma","T_T","Population, All ages. Administrative data","2002","2002","PER","Persons","0","Units",,,1089490,,
"USA39","Oklahoma","T_T","Population, All ages. Administrative data","2003","2003","PER","Persons","0","Units",,,1101293,,
"USA39","Oklahoma","T_T","Population, All ages. Administrative data","2004","2004","PER","Persons","0","Units",,,1111580,,
"USA39","Oklahoma","T_T","Population, All ages. Administrative data","2005","2005","PER","Persons","0","Units",,,1126442,,
"USA39","Oklahoma","T_T","Population, All ages. Administrative data","2006","2006","PER","Persons","0","Units",,,1146670,,
"USA39","Oklahoma","T_T","Population, All ages. Administrative data","2007","2007","PER","Persons","0","Units",,,1163439,,
"USA39","Oklahoma","T_T","Population, All ages. Administrative data","2008","2008","PER","Persons","0","Units",,,1179772,,
"USA39","Oklahoma","T_T","Population, All ages. Administrative data","2009","2009","PER","Persons","0","Units",,,1200450,,
"USA39","Oklahoma","T_T","Population, All ages. Administrative data","2010","2010","PER","Persons","0","Units",,,1220349,,
"USA39","Oklahoma","T_T","Population, All ages. Administrative data","2011","2011","PER","Persons","0","Units",,,1238535,,
"USA39","Oklahoma","T_T","Population, All ages. Administrative data","2012","2012","PER","Persons","0","Units",,,1259021,,
"USA39","Oklahoma","T_T","Population, All ages. Administrative data","2013","2013","PER","Persons","0","Units",,,1281128,,
"USA39","Oklahoma","T_T","Population, All ages. Administrative data","2014","2014","PER","Persons","0","Units",,,1297333,,
"USA39","Oklahoma","T_T","Population, All ages. Administrative data","2015","2015","PER","Persons","0","Units",,,1317090,,
"USA39","Oklahoma","T_T","Population, All ages. Administrative data","2016","2016","PER","Persons","0","Units",,,1333302,,
"CH001","Zurich","T_T","Population, All ages. Administrative data","2000","2000","PER","Persons","0","Units",,,1077943,,
"CH001","Zurich","T_T","Population, All ages. Administrative data","2001","2001","PER","Persons","0","Units",,,1093521,,
"CH001","Zurich","T_T","Population, All ages. Administrative data","2002","2002","PER","Persons","0","Units",,,1109100,,
"CH001","Zurich","T_T","Population, All ages. Administrative data","2003","2003","PER","Persons","0","Units",,,1124678,,
"CH001","Zurich","T_T","Population, All ages. Administrative data","2004","2004","PER","Persons","0","Units",,,1140257,,
"CH001","Zurich","T_T","Population, All ages. Administrative data","2005","2005","PER","Persons","0","Units",,,1155836,,
"CH001","Zurich","T_T","Population, All ages. Administrative data","2006","2006","PER","Persons","0","Units",,,1171414,,
"CH001","Zurich","T_T","Population, All ages. Administrative data","2007","2007","PER","Persons","0","Units",,,1186993,,
"CH001","Zurich","T_T","Population, All ages. Administrative data","2008","2008","PER","Persons","0","Units",,,1202572,,
"CH001","Zurich","T_T","Population, All ages. Administrative data","2009","2009","PER","Persons","0","Units",,,1218150,,
"CH001","Zurich","T_T","Population, All ages. Administrative data","2010","2010","PER","Persons","0","Units",,,1233729,,
"CH001","Zurich","T_T","Population, All ages. Administrative data","2011","2011","PER","Persons","0","Units",,,1249921,,
"CH001","Zurich","T_T","Population, All ages. Administrative data","2012","2012","PER","Persons","0","Units",,,1264422,,
"CH001","Zurich","T_T","Population, All ages. Administrative data","2013","2013","PER","Persons","0","Units",,,1279960,,
"CH001","Zurich","T_T","Population, All ages. Administrative data","2014","2014","PER","Persons","0","Units",,,1298976,,
"CH001","Zurich","T_T","Population, All ages. Administrative data","2015","2015","PER","Persons","0","Units",,,1317535,,
"CH001","Zurich","T_T","Population, All ages. Administrative data","2016","2016","PER","Persons","0","Units",,,1337344,,
"KOR13","Gumi","T_T_SH_NAT","Share of population  in metropolitan area over the national value","2001","2001","RATIO","Ratio","0","Units",,,0.8,,
"KOR13","Gumi","T_T_SH_NAT","Share of population  in metropolitan area over the national value","2002","2002","RATIO","Ratio","0","Units",,,0.9,,
"KOR13","Gumi","T_T_SH_NAT","Share of population  in metropolitan area over the national value","2003","2003","RATIO","Ratio","0","Units",,,0.9,,
"KOR13","Gumi","T_T_SH_NAT","Share of population  in metropolitan area over the national value","2004","2004","RATIO","Ratio","0","Units",,,0.9,,
"KOR13","Gumi","T_T_SH_NAT","Share of population  in metropolitan area over the national value","2005","2005","RATIO","Ratio","0","Units",,,0.9,,
"KOR13","Gumi","T_T_SH_NAT","Share of population  in metropolitan area over the national value","2006","2006","RATIO","Ratio","0","Units",,,1,,
"KOR13","Gumi","T_T_SH_NAT","Share of population  in metropolitan area over the national value","2007","2007","RATIO","Ratio","0","Units",,,1,,
"KOR13","Gumi","T_T_SH_NAT","Share of population  in metropolitan area over the national value","2008","2008","RATIO","Ratio","0","Units",,,1,,
"KOR13","Gumi","T_T_SH_NAT","Share of population  in metropolitan area over the national value","2009","2009","RATIO","Ratio","0","Units",,,1,,
"KOR13","Gumi","T_T_SH_NAT","Share of population  in metropolitan area over the national value","2010","2010","RATIO","Ratio","0","Units",,,1.1,,
"KOR13","Gumi","T_T_SH_NAT","Share of population  in metropolitan area over the national value","2011","2011","RATIO","Ratio","0","Units",,,1.1,,
"KOR13","Gumi","T_T_SH_NAT","Share of population  in metropolitan area over the national value","2012","2012","RATIO","Ratio","0","Units",,,1.1,,
"KOR13","Gumi","T_T_SH_NAT","Share of population  in metropolitan area over the national value","2013","2013","RATIO","Ratio","0","Units",,,1.1,,
"KOR13","Gumi","T_T_SH_NAT","Share of population  in metropolitan area over the national value","2014","2014","RATIO","Ratio","0","Units",,,1.1,,
"KOR13","Gumi","T_T_SH_NAT","Share of population  in metropolitan area over the national value","2015","2015","RATIO","Ratio","0","Units",,,1.1,,
"KOR13","Gumi","T_T_SH_NAT","Share of population  in metropolitan area over the national value","2016","2016","RATIO","Ratio","0","Units",,,1.1,,
"USA99","Mahoning","POP_DEN","Population density (pop. per km2)","2000","2000","PER","Persons","0","Units",,,175,,
"USA99","Mahoning","POP_DEN","Population density (pop. per km2)","2001","2001","PER","Persons","0","Units",,,174,,
"USA99","Mahoning","POP_DEN","Population density (pop. per km2)","2002","2002","PER","Persons","0","Units",,,173,,
"USA99","Mahoning","POP_DEN","Population density (pop. per km2)","2003","2003","PER","Persons","0","Units",,,172,,
"USA99","Mahoning","POP_DEN","Population density (pop. per km2)","2004","2004","PER","Persons","0","Units",,,171,,
"USA99","Mahoning","POP_DEN","Population density (pop. per km2)","2005","2005","PER","Persons","0","Units",,,169,,
"USA99","Mahoning","POP_DEN","Population density (pop. per km2)","2006","2006","PER","Persons","0","Units",,,168,,
"USA99","Mahoning","POP_DEN","Population density (pop. per km2)","2007","2007","PER","Persons","0","Units",,,166,,
"USA99","Mahoning","POP_DEN","Population density (pop. per km2)","2008","2008","PER","Persons","0","Units",,,165,,
"USA99","Mahoning","POP_DEN","Population density (pop. per km2)","2009","2009","PER","Persons","0","Units",,,164,,
"USA99","Mahoning","POP_DEN","Population density (pop. per km2)","2010","2010","PER","Persons","0","Units",,,163,,
"USA99","Mahoning","POP_DEN","Population density (pop. per km2)","2011","2011","PER","Persons","0","Units",,,162,,
"USA99","Mahoning","POP_DEN","Population density (pop. per km2)","2012","2012","PER","Persons","0","Units",,,161,,
"USA99","Mahoning","POP_DEN","Population density (pop. per km2)","2013","2013","PER","Persons","0","Units",,,160,,
"USA99","Mahoning","POP_DEN","Population density (pop. per km2)","2014","2014","PER","Persons","0","Units",,,159,,
"USA99","Mahoning","POP_DEN","Population density (pop. per km2)","2015","2015","PER","Persons","0","Units",,,158,,
"USA99","Mahoning","POP_DEN","Population density (pop. per km2)","2016","2016","PER","Persons","0","Units",,,157,,
"USA70","Onondaga","T_T","Population, All ages. Administrative data","2000","2000","PER","Persons","0","Units",,,649961,,
"USA70","Onondaga","T_T","Population, All ages. Administrative data","2001","2001","PER","Persons","0","Units",,,650697,,
"USA70","Onondaga","T_T","Population, All ages. Administrative data","2002","2002","PER","Persons","0","Units",,,652241,,
"USA70","Onondaga","T_T","Population, All ages. Administrative data","2003","2003","PER","Persons","0","Units",,,655091,,
"USA70","Onondaga","T_T","Population, All ages. Administrative data","2004","2004","PER","Persons","0","Units",,,656149,,
"USA70","Onondaga","T_T","Population, All ages. Administrative data","2005","2005","PER","Persons","0","Units",,,655021,,
"USA70","Onondaga","T_T","Population, All ages. Administrative data","2006","2006","PER","Persons","0","Units",,,655321,,
"USA70","Onondaga","T_T","Population, All ages. Administrative data","2007","2007","PER","Persons","0","Units",,,656209,,
"USA70","Onondaga","T_T","Population, All ages. Administrative data","2008","2008","PER","Persons","0","Units",,,658913,,
"USA70","Onondaga","T_T","Population, All ages. Administrative data","2009","2009","PER","Persons","0","Units",,,660857,,
"USA70","Onondaga","T_T","Population, All ages. Administrative data","2010","2010","PER","Persons","0","Units",,,663154,,
"USA70","Onondaga","T_T","Population, All ages. Administrative data","2011","2011","PER","Persons","0","Units",,,662770,,
"USA70","Onondaga","T_T","Population, All ages. Administrative data","2012","2012","PER","Persons","0","Units",,,661548,,
"USA70","Onondaga","T_T","Population, All ages. Administrative data","2013","2013","PER","Persons","0","Units",,,662958,,
"USA70","Onondaga","T_T","Population, All ages. Administrative data","2014","2014","PER","Persons","0","Units",,,661725,,
"USA70","Onondaga","T_T","Population, All ages. Administrative data","2015","2015","PER","Persons","0","Units",,,659850,,
"USA70","Onondaga","T_T","Population, All ages. Administrative data","2016","2016","PER","Persons","0","Units",,,656931,,
"USA17","St. Louis","POP_DEN","Population density (pop. per km2)","2000","2000","PER","Persons","0","Units",,,177,,
"USA17","St. Louis","POP_DEN","Population density (pop. per km2)","2001","2001","PER","Persons","0","Units",,,178,,
"USA17","St. Louis","POP_DEN","Population density (pop. per km2)","2002","2002","PER","Persons","0","Units",,,179,,
"USA17","St. Louis","POP_DEN","Population density (pop. per km2)","2003","2003","PER","Persons","0","Units",,,179,,
"USA17","St. Louis","POP_DEN","Population density (pop. per km2)","2004","2004","PER","Persons","0","Units",,,180,,
"USA17","St. Louis","POP_DEN","Population density (pop. per km2)","2005","2005","PER","Persons","0","Units",,,181,,
"USA17","St. Louis","POP_DEN","Population density (pop. per km2)","2006","2006","PER","Persons","0","Units",,,182,,
"USA17","St. Louis","POP_DEN","Population density (pop. per km2)","2007","2007","PER","Persons","0","Units",,,182,,
"USA17","St. Louis","POP_DEN","Population density (pop. per km2)","2008","2008","PER","Persons","0","Units",,,183,,
"USA17","St. Louis","POP_DEN","Population density (pop. per km2)","2009","2009","PER","Persons","0","Units",,,184,,
"USA17","St. Louis","POP_DEN","Population density (pop. per km2)","2010","2010","PER","Persons","0","Units",,,185,,
"USA17","St. Louis","POP_DEN","Population density (pop. per km2)","2011","2011","PER","Persons","0","Units",,,185,,
"USA17","St. Louis","POP_DEN","Population density (pop. per km2)","2012","2012","PER","Persons","0","Units",,,185,,
"USA17","St. Louis","POP_DEN","Population density (pop. per km2)","2013","2013","PER","Persons","0","Units",,,185,,
"USA17","St. Louis","POP_DEN","Population density (pop. per km2)","2014","2014","PER","Persons","0","Units",,,186,,
"USA17","St. Louis","POP_DEN","Population density (pop. per km2)","2015","2015","PER","Persons","0","Units",,,186,,
"USA17","St. Louis","POP_DEN","Population density (pop. per km2)","2016","2016","PER","Persons","0","Units",,,186,,
"MEX33","Irapuato","POP_DEN","Population density (pop. per km2)","2000","2000","PER","Persons","0","Units",,,485,,
"MEX33","Irapuato","POP_DEN","Population density (pop. per km2)","2005","2005","PER","Persons","0","Units",,,513,,
"MEX33","Irapuato","POP_DEN","Population density (pop. per km2)","2010","2010","PER","Persons","0","Units",,,587,,
"MEX33","Irapuato","POP_DEN","Population density (pop. per km2)","2015","2015","PER","Persons","0","Units",,,693,,
"MEX52","Cuautla","T_T_SH_NAT","Share of population  in metropolitan area over the national value","2005","2005","RATIO","Ratio","0","Units",,,0.2,,
"MEX52","Cuautla","T_T_SH_NAT","Share of population  in metropolitan area over the national value","2010","2010","RATIO","Ratio","0","Units",,,0.3,,
"MEX52","Cuautla","T_T_SH_NAT","Share of population  in metropolitan area over the national value","2015","2015","RATIO","Ratio","0","Units",,,0.3,,
"DE522","Heidelberg","POP_DEN","Population density (pop. per km2)","2001","2001","PER","Persons","0","Units",,,568,,
"DE522","Heidelberg","POP_DEN","Population density (pop. per km2)","2002","2002","PER","Persons","0","Units",,,572,,
"DE522","Heidelberg","POP_DEN","Population density (pop. per km2)","2003","2003","PER","Persons","0","Units",,,576,,
"DE522","Heidelberg","POP_DEN","Population density (pop. per km2)","2004","2004","PER","Persons","0","Units",,,577,,
"DE522","Heidelberg","POP_DEN","Population density (pop. per km2)","2005","2005","PER","Persons","0","Units",,,578,,
"DE522","Heidelberg","POP_DEN","Population density (pop. per km2)","2006","2006","PER","Persons","0","Units",,,579,,
"DE522","Heidelberg","POP_DEN","Population density (pop. per km2)","2007","2007","PER","Persons","0","Units",,,581,,
"DE522","Heidelberg","POP_DEN","Population density (pop. per km2)","2008","2008","PER","Persons","0","Units",,,582,,
"DE522","Heidelberg","POP_DEN","Population density (pop. per km2)","2009","2009","PER","Persons","0","Units",,,582,,
"DE522","Heidelberg","POP_DEN","Population density (pop. per km2)","2010","2010","PER","Persons","0","Units",,,584,,
"DE522","Heidelberg","POP_DEN","Population density (pop. per km2)","2011","2011","PER","Persons","0","Units",,,573,,
"DE522","Heidelberg","POP_DEN","Population density (pop. per km2)","2012","2012","PER","Persons","0","Units",,,576,,
"DE522","Heidelberg","POP_DEN","Population density (pop. per km2)","2013","2013","PER","Persons","0","Units",,,579,,
"DE522","Heidelberg","POP_DEN","Population density (pop. per km2)","2014","2014","PER","Persons","0","Units",,,584,,
"DE522","Heidelberg","POP_DEN","Population density (pop. per km2)","2015","2015","PER","Persons","0","Units",,,590,,
"DE522","Heidelberg","POP_DEN","Population density (pop. per km2)","2016","2016","PER","Persons","0","Units",,,597,,
"USA149","Lackawanna","POP_DEN","Population density (pop. per km2)","2000","2000","PER","Persons","0","Units",,,83,,
"USA149","Lackawanna","POP_DEN","Population density (pop. per km2)","2001","2001","PER","Persons","0","Units",,,83,,
"USA149","Lackawanna","POP_DEN","Population density (pop. per km2)","2002","2002","PER","Persons","0","Units",,,83,,
"USA149","Lackawanna","POP_DEN","Population density (pop. per km2)","2003","2003","PER","Persons","0","Units",,,83,,
"USA149","Lackawanna","POP_DEN","Population density (pop. per km2)","2004","2004","PER","Persons","0","Units",,,83,,
"USA149","Lackawanna","POP_DEN","Population density (pop. per km2)","2005","2005","PER","Persons","0","Units",,,83,,
"USA149","Lackawanna","POP_DEN","Population density (pop. per km2)","2006","2006","PER","Persons","0","Units",,,84,,
"USA149","Lackawanna","POP_DEN","Population density (pop. per km2)","2007","2007","PER","Persons","0","Units",,,84,,
"USA149","Lackawanna","POP_DEN","Population density (pop. per km2)","2008","2008","PER","Persons","0","Units",,,84,,
"USA149","Lackawanna","POP_DEN","Population density (pop. per km2)","2009","2009","PER","Persons","0","Units",,,85,,
"USA149","Lackawanna","POP_DEN","Population density (pop. per km2)","2010","2010","PER","Persons","0","Units",,,85,,
"USA149","Lackawanna","POP_DEN","Population density (pop. per km2)","2011","2011","PER","Persons","0","Units",,,85,,
"USA149","Lackawanna","POP_DEN","Population density (pop. per km2)","2012","2012","PER","Persons","0","Units",,,85,,
"USA149","Lackawanna","POP_DEN","Population density (pop. per km2)","2013","2013","PER","Persons","0","Units",,,84,,
"USA149","Lackawanna","POP_DEN","Population density (pop. per km2)","2014","2014","PER","Persons","0","Units",,,84,,
"USA149","Lackawanna","POP_DEN","Population density (pop. per km2)","2015","2015","PER","Persons","0","Units",,,84,,
"USA149","Lackawanna","POP_DEN","Population density (pop. per km2)","2016","2016","PER","Persons","0","Units",,,83,,
"KOR09","Deokjin","T_T","Population, All ages. Administrative data","2000","2000","PER","Persons","0","Units",,,699118,,
"KOR09","Deokjin","T_T","Population, All ages. Administrative data","2001","2001","PER","Persons","0","Units",,,701976,,
"KOR09","Deokjin","T_T","Population, All ages. Administrative data","2002","2002","PER","Persons","0","Units",,,704833,,
"KOR09","Deokjin","T_T","Population, All ages. Administrative data","2003","2003","PER","Persons","0","Units",,,707691,,
"KOR09","Deokjin","T_T","Population, All ages. Administrative data","2004","2004","PER","Persons","0","Units",,,710549,,
"KOR09","Deokjin","T_T","Population, All ages. Administrative data","2005","2005","PER","Persons","0","Units",,,713407,,
"KOR09","Deokjin","T_T","Population, All ages. Administrative data","2006","2006","PER","Persons","0","Units",,,716265,,
"KOR09","Deokjin","T_T","Population, All ages. Administrative data","2007","2007","PER","Persons","0","Units",,,719123,,
"KOR09","Deokjin","T_T","Population, All ages. Administrative data","2008","2008","PER","Persons","0","Units",,,721980,,
"KOR09","Deokjin","T_T","Population, All ages. Administrative data","2009","2009","PER","Persons","0","Units",,,724838,,
"KOR09","Deokjin","T_T","Population, All ages. Administrative data","2010","2010","PER","Persons","0","Units",,,727696,,
"KOR09","Deokjin","T_T","Population, All ages. Administrative data","2011","2011","PER","Persons","0","Units",,,730554,,
"KOR09","Deokjin","T_T","Population, All ages. Administrative data","2012","2012","PER","Persons","0","Units",,,735027,,
"KOR09","Deokjin","T_T","Population, All ages. Administrative data","2013","2013","PER","Persons","0","Units",,,737060,,
"KOR09","Deokjin","T_T","Population, All ages. Administrative data","2014","2014","PER","Persons","0","Units",,,743254,,
"KOR09","Deokjin","T_T","Population, All ages. Administrative data","2015","2015","PER","Persons","0","Units",,,747585,,
"KOR09","Deokjin","T_T","Population, All ages. Administrative data","2016","2016","PER","Persons","0","Units",,,747224,,
"BE004","Charleroi","T_T","Population, All ages. Administrative data","2000","2000","PER","Persons","0","Units",,,475199,,
"BE004","Charleroi","T_T","Population, All ages. Administrative data","2001","2001","PER","Persons","0","Units",,,474343,,
"BE004","Charleroi","T_T","Population, All ages. Administrative data","2002","2002","PER","Persons","0","Units",,,474778,,
"BE004","Charleroi","T_T","Population, All ages. Administrative data","2003","2003","PER","Persons","0","Units",,,474802,,
"BE004","Charleroi","T_T","Population, All ages. Administrative data","2004","2004","PER","Persons","0","Units",,,475259,,
"BE004","Charleroi","T_T","Population, All ages. Administrative data","2005","2005","PER","Persons","0","Units",,,476392,,
"BE004","Charleroi","T_T","Population, All ages. Administrative data","2006","2006","PER","Persons","0","Units",,,476861,,
"BE004","Charleroi","T_T","Population, All ages. Administrative data","2007","2007","PER","Persons","0","Units",,,477951,,
"BE004","Charleroi","T_T","Population, All ages. Administrative data","2008","2008","PER","Persons","0","Units",,,478972,,
"BE004","Charleroi","T_T","Population, All ages. Administrative data","2009","2009","PER","Persons","0","Units",,,480551,,
"BE004","Charleroi","T_T","Population, All ages. Administrative data","2010","2010","PER","Persons","0","Units",,,482016,,
"BE004","Charleroi","T_T","Population, All ages. Administrative data","2011","2011","PER","Persons","0","Units",,,484260,,
"BE004","Charleroi","T_T","Population, All ages. Administrative data","2012","2012","PER","Persons","0","Units",,,485830,,
"BE004","Charleroi","T_T","Population, All ages. Administrative data","2013","2013","PER","Persons","0","Units",,,487067,,
"BE004","Charleroi","T_T","Population, All ages. Administrative data","2014","2014","PER","Persons","0","Units",,,487106,,
"BE004","Charleroi","T_T","Population, All ages. Administrative data","2015","2015","PER","Persons","0","Units",,,487909,,
"BE004","Charleroi","T_T","Population, All ages. Administrative data","2016","2016","PER","Persons","0","Units",,,487979,,
"JPN14","Hamamatsu","T_T_SH_NAT","Share of population  in metropolitan area over the national value","2001","2001","RATIO","Ratio","0","Units",,,0.8,,
"JPN14","Hamamatsu","T_T_SH_NAT","Share of population  in metropolitan area over the national value","2002","2002","RATIO","Ratio","0","Units",,,0.8,,
"JPN14","Hamamatsu","T_T_SH_NAT","Share of population  in metropolitan area over the national value","2003","2003","RATIO","Ratio","0","Units",,,0.8,,
"JPN14","Hamamatsu","T_T_SH_NAT","Share of population  in metropolitan area over the national value","2004","2004","RATIO","Ratio","0","Units",,,0.8,,
"JPN14","Hamamatsu","T_T_SH_NAT","Share of population  in metropolitan area over the national value","2005","2005","RATIO","Ratio","0","Units",,,0.8,,
"JPN14","Hamamatsu","T_T_SH_NAT","Share of population  in metropolitan area over the national value","2006","2006","RATIO","Ratio","0","Units",,,0.8,,
"JPN14","Hamamatsu","T_T_SH_NAT","Share of population  in metropolitan area over the national value","2007","2007","RATIO","Ratio","0","Units",,,0.8,,
"JPN14","Hamamatsu","T_T_SH_NAT","Share of population  in metropolitan area over the national value","2008","2008","RATIO","Ratio","0","Units",,,0.8,,
"JPN14","Hamamatsu","T_T_SH_NAT","Share of population  in metropolitan area over the national value","2009","2009","RATIO","Ratio","0","Units",,,0.8,,
"JPN14","Hamamatsu","T_T_SH_NAT","Share of population  in metropolitan area over the national value","2010","2010","RATIO","Ratio","0","Units",,,0.8,,
"JPN14","Hamamatsu","T_T_SH_NAT","Share of population  in metropolitan area over the national value","2011","2011","RATIO","Ratio","0","Units",,,0.8,,
"JPN14","Hamamatsu","T_T_SH_NAT","Share of population  in metropolitan area over the national value","2012","2012","RATIO","Ratio","0","Units",,,0.8,,
"JPN14","Hamamatsu","T_T_SH_NAT","Share of population  in metropolitan area over the national value","2013","2013","RATIO","Ratio","0","Units",,,0.8,,
"JPN14","Hamamatsu","T_T_SH_NAT","Share of population  in metropolitan area over the national value","2014","2014","RATIO","Ratio","0","Units",,,0.8,,
"JPN14","Hamamatsu","T_T_SH_NAT","Share of population  in metropolitan area over the national value","2015","2015","RATIO","Ratio","0","Units",,,0.8,,
"ES012","Vitoria","T_T_SH_NAT","Share of population  in metropolitan area over the national value","2001","2001","RATIO","Ratio","0","Units",,,0.6,,
"ES012","Vitoria","T_T_SH_NAT","Share of population  in metropolitan area over the national value","2002","2002","RATIO","Ratio","0","Units",,,0.6,,
"ES012","Vitoria","T_T_SH_NAT","Share of population  in metropolitan area over the national value","2003","2003","RATIO","Ratio","0","Units",,,0.6,,
"ES012","Vitoria","T_T_SH_NAT","Share of population  in metropolitan area over the national value","2004","2004","RATIO","Ratio","0","Units",,,0.6,,
"ES012","Vitoria","T_T_SH_NAT","Share of population  in metropolitan area over the national value","2005","2005","RATIO","Ratio","0","Units",,,0.6,,
"ES012","Vitoria","T_T_SH_NAT","Share of population  in metropolitan area over the national value","2006","2006","RATIO","Ratio","0","Units",,,0.6,,
"ES012","Vitoria","T_T_SH_NAT","Share of population  in metropolitan area over the national value","2007","2007","RATIO","Ratio","0","Units",,,0.6,,
"ES012","Vitoria","T_T_SH_NAT","Share of population  in metropolitan area over the national value","2008","2008","RATIO","Ratio","0","Units",,,0.6,,
"ES012","Vitoria","T_T_SH_NAT","Share of population  in metropolitan area over the national value","2009","2009","RATIO","Ratio","0","Units",,,0.6,,
"ES012","Vitoria","T_T_SH_NAT","Share of population  in metropolitan area over the national value","2010","2010","RATIO","Ratio","0","Units",,,0.6,,
"ES012","Vitoria","T_T_SH_NAT","Share of population  in metropolitan area over the national value","2011","2011","RATIO","Ratio","0","Units",,,0.6,,
"ES012","Vitoria","T_T_SH_NAT","Share of population  in metropolitan area over the national value","2012","2012","RATIO","Ratio","0","Units",,,0.6,,
"ES012","Vitoria","T_T_SH_NAT","Share of population  in metropolitan area over the national value","2013","2013","RATIO","Ratio","0","Units",,,0.6,,
"ES012","Vitoria","T_T_SH_NAT","Share of population  in metropolitan area over the national value","2014","2014","RATIO","Ratio","0","Units",,,0.6,,
"ES012","Vitoria","T_T_SH_NAT","Share of population  in metropolitan area over the national value","2015","2015","RATIO","Ratio","0","Units",,,0.6,,
"ES012","Vitoria","T_T_SH_NAT","Share of population  in metropolitan area over the national value","2016","2016","RATIO","Ratio","0","Units",,,0.6,,
"ES006","Malaga","T_T","Population, All ages. Administrative data","2000","2000","PER","Persons","0","Units",,,700018,,
"ES006","Malaga","T_T","Population, All ages. Administrative data","2001","2001","PER","Persons","0","Units",,,709354,,
"ES006","Malaga","T_T","Population, All ages. Administrative data","2002","2002","PER","Persons","0","Units",,,718691,,
"ES006","Malaga","T_T","Population, All ages. Administrative data","2003","2003","PER","Persons","0","Units",,,728026,,
"ES006","Malaga","T_T","Population, All ages. Administrative data","2004","2004","PER","Persons","0","Units",,,737362,,
"ES006","Malaga","T_T","Population, All ages. Administrative data","2005","2005","PER","Persons","0","Units",,,746699,,
"ES006","Malaga","T_T","Population, All ages. Administrative data","2006","2006","PER","Persons","0","Units",,,756035,,
"ES006","Malaga","T_T","Population, All ages. Administrative data","2007","2007","PER","Persons","0","Units",,,765370,,
"ES006","Malaga","T_T","Population, All ages. Administrative data","2008","2008","PER","Persons","0","Units",,,774707,,
"ES006","Malaga","T_T","Population, All ages. Administrative data","2009","2009","PER","Persons","0","Units",,,784042,,
"ES006","Malaga","T_T","Population, All ages. Administrative data","2010","2010","PER","Persons","0","Units",,,793379,,
"ES006","Malaga","T_T","Population, All ages. Administrative data","2011","2011","PER","Persons","0","Units",,,802714,,
"ES006","Malaga","T_T","Population, All ages. Administrative data","2012","2012","PER","Persons","0","Units",,,812050,,
"ES006","Malaga","T_T","Population, All ages. Administrative data","2013","2013","PER","Persons","0","Units",,,821387,,
"ES006","Malaga","T_T","Population, All ages. Administrative data","2014","2014","PER","Persons","0","Units",,,830723,,
"ES006","Malaga","T_T","Population, All ages. Administrative data","2015","2015","PER","Persons","0","Units",,,840058,,
"ES006","Malaga","T_T","Population, All ages. Administrative data","2016","2016","PER","Persons","0","Units",,,849395,,
"KOR18","Chuncheon","T_T","Population, All ages. Administrative data","2000","2000","PER","Persons","0","Units",,,250518,,
"KOR18","Chuncheon","T_T","Population, All ages. Administrative data","2001","2001","PER","Persons","0","Units",,,252544,,
"KOR18","Chuncheon","T_T","Population, All ages. Administrative data","2002","2002","PER","Persons","0","Units",,,254570,,
"KOR18","Chuncheon","T_T","Population, All ages. Administrative data","2003","2003","PER","Persons","0","Units",,,256596,,
"KOR18","Chuncheon","T_T","Population, All ages. Administrative data","2004","2004","PER","Persons","0","Units",,,258622,,
"KOR18","Chuncheon","T_T","Population, All ages. Administrative data","2005","2005","PER","Persons","0","Units",,,260648,,
"KOR18","Chuncheon","T_T","Population, All ages. Administrative data","2006","2006","PER","Persons","0","Units",,,262675,,
"KOR18","Chuncheon","T_T","Population, All ages. Administrative data","2007","2007","PER","Persons","0","Units",,,264701,,
"KOR18","Chuncheon","T_T","Population, All ages. Administrative data","2008","2008","PER","Persons","0","Units",,,266727,,
"KOR18","Chuncheon","T_T","Population, All ages. Administrative data","2009","2009","PER","Persons","0","Units",,,268753,,
"KOR18","Chuncheon","T_T","Population, All ages. Administrative data","2010","2010","PER","Persons","0","Units",,,270779,,
"KOR18","Chuncheon","T_T","Population, All ages. Administrative data","2011","2011","PER","Persons","0","Units",,,272805,,
"KOR18","Chuncheon","T_T","Population, All ages. Administrative data","2012","2012","PER","Persons","0","Units",,,273364,,
"KOR18","Chuncheon","T_T","Population, All ages. Administrative data","2013","2013","PER","Persons","0","Units",,,274455,,
"KOR18","Chuncheon","T_T","Population, All ages. Administrative data","2014","2014","PER","Persons","0","Units",,,275791,,
"KOR18","Chuncheon","T_T","Population, All ages. Administrative data","2015","2015","PER","Persons","0","Units",,,277997,,
"KOR18","Chuncheon","T_T","Population, All ages. Administrative data","2016","2016","PER","Persons","0","Units",,,280707,,
"FR023","Caen","POP_DEN","Population density (pop. per km2)","2000","2000","PER","Persons","0","Units",,,180,,
"FR023","Caen","POP_DEN","Population density (pop. per km2)","2001","2001","PER","Persons","0","Units",,,182,,
"FR023","Caen","POP_DEN","Population density (pop. per km2)","2002","2002","PER","Persons","0","Units",,,183,,
"FR023","Caen","POP_DEN","Population density (pop. per km2)","2003","2003","PER","Persons","0","Units",,,184,,
"FR023","Caen","POP_DEN","Population density (pop. per km2)","2004","2004","PER","Persons","0","Units",,,185,,
"FR023","Caen","POP_DEN","Population density (pop. per km2)","2005","2005","PER","Persons","0","Units",,,186,,
"FR023","Caen","POP_DEN","Population density (pop. per km2)","2006","2006","PER","Persons","0","Units",,,187,,
"FR023","Caen","POP_DEN","Population density (pop. per km2)","2007","2007","PER","Persons","0","Units",,,188,,
"FR023","Caen","POP_DEN","Population density (pop. per km2)","2008","2008","PER","Persons","0","Units",,,189,,
"FR023","Caen","POP_DEN","Population density (pop. per km2)","2009","2009","PER","Persons","0","Units",,,190,,
"FR023","Caen","POP_DEN","Population density (pop. per km2)","2010","2010","PER","Persons","0","Units",,,190,,
"FR023","Caen","POP_DEN","Population density (pop. per km2)","2011","2011","PER","Persons","0","Units",,,191,,
"FR023","Caen","POP_DEN","Population density (pop. per km2)","2012","2012","PER","Persons","0","Units",,,192,,
"FR023","Caen","POP_DEN","Population density (pop. per km2)","2013","2013","PER","Persons","0","Units",,,193,,
"FR023","Caen","POP_DEN","Population density (pop. per km2)","2014","2014","PER","Persons","0","Units",,,194,,
"FR023","Caen","POP_DEN","Population density (pop. per km2)","2015","2015","PER","Persons","0","Units",,,192,,
"CL011","Santiago","T_T_SH_NAT","Share of population  in metropolitan area over the national value","2001","2001","RATIO","Ratio","0","Units",,,38.9,,
"CL011","Santiago","T_T_SH_NAT","Share of population  in metropolitan area over the national value","2002","2002","RATIO","Ratio","0","Units",,,39.1,,
"CL011","Santiago","T_T_SH_NAT","Share of population  in metropolitan area over the national value","2003","2003","RATIO","Ratio","0","Units",,,39.2,,
"CL011","Santiago","T_T_SH_NAT","Share of population  in metropolitan area over the national value","2004","2004","RATIO","Ratio","0","Units",,,39.3,,
"CL011","Santiago","T_T_SH_NAT","Share of population  in metropolitan area over the national value","2005","2005","RATIO","Ratio","0","Units",,,39.4,,
"CL011","Santiago","T_T_SH_NAT","Share of population  in metropolitan area over the national value","2006","2006","RATIO","Ratio","0","Units",,,39.5,,
"CL011","Santiago","T_T_SH_NAT","Share of population  in metropolitan area over the national value","2007","2007","RATIO","Ratio","0","Units",,,39.6,,
"CL011","Santiago","T_T_SH_NAT","Share of population  in metropolitan area over the national value","2008","2008","RATIO","Ratio","0","Units",,,39.6,,
"CL011","Santiago","T_T_SH_NAT","Share of population  in metropolitan area over the national value","2009","2009","RATIO","Ratio","0","Units",,,39.7,,
"CL011","Santiago","T_T_SH_NAT","Share of population  in metropolitan area over the national value","2010","2010","RATIO","Ratio","0","Units",,,39.7,,
"CL011","Santiago","T_T_SH_NAT","Share of population  in metropolitan area over the national value","2011","2011","RATIO","Ratio","0","Units",,,39.7,,
"CL011","Santiago","T_T_SH_NAT","Share of population  in metropolitan area over the national value","2012","2012","RATIO","Ratio","0","Units",,,39.8,,
"CL011","Santiago","T_T_SH_NAT","Share of population  in metropolitan area over the national value","2013","2013","RATIO","Ratio","0","Units",,,39.8,,
"CL011","Santiago","T_T_SH_NAT","Share of population  in metropolitan area over the national value","2014","2014","RATIO","Ratio","0","Units",,,39.9,,
"CL011","Santiago","T_T_SH_NAT","Share of population  in metropolitan area over the national value","2015","2015","RATIO","Ratio","0","Units",,,39.9,,
"JPN49","Hachinohe","T_T_SH_NAT","Share of population  in metropolitan area over the national value","2001","2001","RATIO","Ratio","0","Units",,,0.3,,
"JPN49","Hachinohe","T_T_SH_NAT","Share of population  in metropolitan area over the national value","2002","2002","RATIO","Ratio","0","Units",,,0.3,,
"JPN49","Hachinohe","T_T_SH_NAT","Share of population  in metropolitan area over the national value","2003","2003","RATIO","Ratio","0","Units",,,0.3,,
"JPN49","Hachinohe","T_T_SH_NAT","Share of population  in metropolitan area over the national value","2004","2004","RATIO","Ratio","0","Units",,,0.3,,
"JPN49","Hachinohe","T_T_SH_NAT","Share of population  in metropolitan area over the national value","2005","2005","RATIO","Ratio","0","Units",,,0.3,,
"JPN49","Hachinohe","T_T_SH_NAT","Share of population  in metropolitan area over the national value","2006","2006","RATIO","Ratio","0","Units",,,0.3,,
"JPN49","Hachinohe","T_T_SH_NAT","Share of population  in metropolitan area over the national value","2007","2007","RATIO","Ratio","0","Units",,,0.3,,
"JPN49","Hachinohe","T_T_SH_NAT","Share of population  in metropolitan area over the national value","2008","2008","RATIO","Ratio","0","Units",,,0.3,,
"JPN49","Hachinohe","T_T_SH_NAT","Share of population  in metropolitan area over the national value","2009","2009","RATIO","Ratio","0","Units",,,0.3,,
"JPN49","Hachinohe","T_T_SH_NAT","Share of population  in metropolitan area over the national value","2010","2010","RATIO","Ratio","0","Units",,,0.3,,
"JPN49","Hachinohe","T_T_SH_NAT","Share of population  in metropolitan area over the national value","2011","2011","RATIO","Ratio","0","Units",,,0.3,,
"JPN49","Hachinohe","T_T_SH_NAT","Share of population  in metropolitan area over the national value","2012","2012","RATIO","Ratio","0","Units",,,0.3,,
"JPN49","Hachinohe","T_T_SH_NAT","Share of population  in metropolitan area over the national value","2013","2013","RATIO","Ratio","0","Units",,,0.3,,
"JPN49","Hachinohe","T_T_SH_NAT","Share of population  in metropolitan area over the national value","2014","2014","RATIO","Ratio","0","Units",,,0.3,,
"JPN49","Hachinohe","T_T_SH_NAT","Share of population  in metropolitan area over the national value","2015","2015","RATIO","Ratio","0","Units",,,0.3,,
"USA103","Newport News","POP_DEN","Population density (pop. per km2)","2000","2000","PER","Persons","0","Units",,,267,,
"USA103","Newport News","POP_DEN","Population density (pop. per km2)","2001","2001","PER","Persons","0","Units",,,267,,
"USA103","Newport News","POP_DEN","Population density (pop. per km2)","2002","2002","PER","Persons","0","Units",,,268,,
"USA103","Newport News","POP_DEN","Population density (pop. per km2)","2003","2003","PER","Persons","0","Units",,,268,,
"USA103","Newport News","POP_DEN","Population density (pop. per km2)","2004","2004","PER","Persons","0","Units",,,269,,
"USA103","Newport News","POP_DEN","Population density (pop. per km2)","2005","2005","PER","Persons","0","Units",,,270,,
"USA103","Newport News","POP_DEN","Population density (pop. per km2)","2006","2006","PER","Persons","0","Units",,,271,,
"USA103","Newport News","POP_DEN","Population density (pop. per km2)","2007","2007","PER","Persons","0","Units",,,270,,
"USA103","Newport News","POP_DEN","Population density (pop. per km2)","2008","2008","PER","Persons","0","Units",,,269,,
"USA103","Newport News","POP_DEN","Population density (pop. per km2)","2009","2009","PER","Persons","0","Units",,,268,,
"USA103","Newport News","POP_DEN","Population density (pop. per km2)","2010","2010","PER","Persons","0","Units",,,268,,
"USA103","Newport News","POP_DEN","Population density (pop. per km2)","2011","2011","PER","Persons","0","Units",,,267,,
"USA103","Newport News","POP_DEN","Population density (pop. per km2)","2012","2012","PER","Persons","0","Units",,,268,,
"USA103","Newport News","POP_DEN","Population density (pop. per km2)","2013","2013","PER","Persons","0","Units",,,269,,
"USA103","Newport News","POP_DEN","Population density (pop. per km2)","2014","2014","PER","Persons","0","Units",,,269,,
"USA103","Newport News","POP_DEN","Population density (pop. per km2)","2015","2015","PER","Persons","0","Units",,,269,,
"USA103","Newport News","POP_DEN","Population density (pop. per km2)","2016","2016","PER","Persons","0","Units",,,268,,
"SK002","Kosice","POP_DEN","Population density (pop. per km2)","2000","2000","PER","Persons","0","Units",,,196,,
"SK002","Kosice","POP_DEN","Population density (pop. per km2)","2001","2001","PER","Persons","0","Units",,,193,,
"SK002","Kosice","POP_DEN","Population density (pop. per km2)","2002","2002","PER","Persons","0","Units",,,194,,
"SK002","Kosice","POP_DEN","Population density (pop. per km2)","2003","2003","PER","Persons","0","Units",,,194,,
"SK002","Kosice","POP_DEN","Population density (pop. per km2)","2004","2004","PER","Persons","0","Units",,,194,,
"SK002","Kosice","POP_DEN","Population density (pop. per km2)","2005","2005","PER","Persons","0","Units",,,195,,
"SK002","Kosice","POP_DEN","Population density (pop. per km2)","2006","2006","PER","Persons","0","Units",,,195,,
"SK002","Kosice","POP_DEN","Population density (pop. per km2)","2007","2007","PER","Persons","0","Units",,,196,,
"SK002","Kosice","POP_DEN","Population density (pop. per km2)","2008","2008","PER","Persons","0","Units",,,196,,
"SK002","Kosice","POP_DEN","Population density (pop. per km2)","2009","2009","PER","Persons","0","Units",,,197,,
"SK002","Kosice","POP_DEN","Population density (pop. per km2)","2010","2010","PER","Persons","0","Units",,,197,,
"SK002","Kosice","POP_DEN","Population density (pop. per km2)","2011","2011","PER","Persons","0","Units",,,203,,
"SK002","Kosice","POP_DEN","Population density (pop. per km2)","2012","2012","PER","Persons","0","Units",,,204,,
"SK002","Kosice","POP_DEN","Population density (pop. per km2)","2013","2013","PER","Persons","0","Units",,,204,,
"SK002","Kosice","POP_DEN","Population density (pop. per km2)","2014","2014","PER","Persons","0","Units",,,204,,
"SK002","Kosice","POP_DEN","Population density (pop. per km2)","2015","2015","PER","Persons","0","Units",,,205,,
"SK002","Kosice","POP_DEN","Population density (pop. per km2)","2016","2016","PER","Persons","0","Units",,,206,,
"MEX08","Queretaro","T_T","Population, All ages. Administrative data","2000","2000","PER","Persons","0","Units",,,1100790,,
"MEX08","Queretaro","T_T","Population, All ages. Administrative data","2005","2005","PER","Persons","0","Units",,,1126365,,
"MEX08","Queretaro","T_T","Population, All ages. Administrative data","2010","2010","PER","Persons","0","Units",,,1323325,,
"MEX08","Queretaro","T_T","Population, All ages. Administrative data","2015","2015","PER","Persons","0","Units",,,1588418,,
"CAN14","Windsor","POP_DEN","Population density (pop. per km2)","2000","2000","PER","Persons","0","Units",,,220,,
"CAN14","Windsor","POP_DEN","Population density (pop. per km2)","2001","2001","PER","Persons","0","Units",,,226,,
"CAN14","Windsor","POP_DEN","Population density (pop. per km2)","2002","2002","PER","Persons","0","Units",,,230,,
"CAN14","Windsor","POP_DEN","Population density (pop. per km2)","2003","2003","PER","Persons","0","Units",,,233,,
"CAN14","Windsor","POP_DEN","Population density (pop. per km2)","2004","2004","PER","Persons","0","Units",,,235,,
"CAN14","Windsor","POP_DEN","Population density (pop. per km2)","2005","2005","PER","Persons","0","Units",,,236,,
"CAN14","Windsor","POP_DEN","Population density (pop. per km2)","2006","2006","PER","Persons","0","Units",,,237,,
"CAN14","Windsor","POP_DEN","Population density (pop. per km2)","2007","2007","PER","Persons","0","Units",,,235,,
"CAN14","Windsor","POP_DEN","Population density (pop. per km2)","2008","2008","PER","Persons","0","Units",,,233,,
"CAN14","Windsor","POP_DEN","Population density (pop. per km2)","2009","2009","PER","Persons","0","Units",,,232,,
"CAN14","Windsor","POP_DEN","Population density (pop. per km2)","2010","2010","PER","Persons","0","Units",,,231,,
"CAN14","Windsor","POP_DEN","Population density (pop. per km2)","2011","2011","PER","Persons","0","Units",,,231,,
"CAN14","Windsor","POP_DEN","Population density (pop. per km2)","2012","2012","PER","Persons","0","Units",,,232,,
"CAN14","Windsor","POP_DEN","Population density (pop. per km2)","2013","2013","PER","Persons","0","Units",,,234,,
"CAN14","Windsor","POP_DEN","Population density (pop. per km2)","2014","2014","PER","Persons","0","Units",,,235,,
"CAN14","Windsor","POP_DEN","Population density (pop. per km2)","2015","2015","PER","Persons","0","Units",,,237,,
"CAN14","Windsor","POP_DEN","Population density (pop. per km2)","2016","2016","PER","Persons","0","Units",,,238,,
"NL511","Zwolle","T_T_SH_NAT","Share of population  in metropolitan area over the national value","2001","2001","RATIO","Ratio","0","Units",,,2,,
"NL511","Zwolle","T_T_SH_NAT","Share of population  in metropolitan area over the national value","2002","2002","RATIO","Ratio","0","Units",,,2,,
"NL511","Zwolle","T_T_SH_NAT","Share of population  in metropolitan area over the national value","2003","2003","RATIO","Ratio","0","Units",,,2,,
"NL511","Zwolle","T_T_SH_NAT","Share of population  in metropolitan area over the national value","2004","2004","RATIO","Ratio","0","Units",,,2,,
"NL511","Zwolle","T_T_SH_NAT","Share of population  in metropolitan area over the national value","2005","2005","RATIO","Ratio","0","Units",,,2,,
"NL511","Zwolle","T_T_SH_NAT","Share of population  in metropolitan area over the national value","2006","2006","RATIO","Ratio","0","Units",,,2,,
"NL511","Zwolle","T_T_SH_NAT","Share of population  in metropolitan area over the national value","2007","2007","RATIO","Ratio","0","Units",,,2,,
"NL511","Zwolle","T_T_SH_NAT","Share of population  in metropolitan area over the national value","2008","2008","RATIO","Ratio","0","Units",,,2.1,,
"NL511","Zwolle","T_T_SH_NAT","Share of population  in metropolitan area over the national value","2009","2009","RATIO","Ratio","0","Units",,,2.1,,
"NL511","Zwolle","T_T_SH_NAT","Share of population  in metropolitan area over the national value","2010","2010","RATIO","Ratio","0","Units",,,2.1,,
"NL511","Zwolle","T_T_SH_NAT","Share of population  in metropolitan area over the national value","2011","2011","RATIO","Ratio","0","Units",,,2.1,,
"NL511","Zwolle","T_T_SH_NAT","Share of population  in metropolitan area over the national value","2012","2012","RATIO","Ratio","0","Units",,,2.1,,
"NL511","Zwolle","T_T_SH_NAT","Share of population  in metropolitan area over the national value","2013","2013","RATIO","Ratio","0","Units",,,2.1,,
"NL511","Zwolle","T_T_SH_NAT","Share of population  in metropolitan area over the national value","2014","2014","RATIO","Ratio","0","Units",,,2.1,,
"NL511","Zwolle","T_T_SH_NAT","Share of population  in metropolitan area over the national value","2015","2015","RATIO","Ratio","0","Units",,,2.1,,
"NL511","Zwolle","T_T_SH_NAT","Share of population  in metropolitan area over the national value","2016","2016","RATIO","Ratio","0","Units",,,2.1,,
"CAN03","Vancouver","T_T","Population, All ages. Administrative data","2000","2000","PER","Persons","0","Units",,,2029276,,
"CAN03","Vancouver","T_T","Population, All ages. Administrative data","2001","2001","PER","Persons","0","Units",,,2062781,,
"CAN03","Vancouver","T_T","Population, All ages. Administrative data","2002","2002","PER","Persons","0","Units",,,2086247,,
"CAN03","Vancouver","T_T","Population, All ages. Administrative data","2003","2003","PER","Persons","0","Units",,,2103545,,
"CAN03","Vancouver","T_T","Population, All ages. Administrative data","2004","2004","PER","Persons","0","Units",,,2121074,,
"CAN03","Vancouver","T_T","Population, All ages. Administrative data","2005","2005","PER","Persons","0","Units",,,2146681,,
"CAN03","Vancouver","T_T","Population, All ages. Administrative data","2006","2006","PER","Persons","0","Units",,,2176466,,
"CAN03","Vancouver","T_T","Population, All ages. Administrative data","2007","2007","PER","Persons","0","Units",,,2205633,,
"CAN03","Vancouver","T_T","Population, All ages. Administrative data","2008","2008","PER","Persons","0","Units",,,2241544,,
"CAN03","Vancouver","T_T","Population, All ages. Administrative data","2009","2009","PER","Persons","0","Units",,,2288463,,
"CAN03","Vancouver","T_T","Population, All ages. Administrative data","2010","2010","PER","Persons","0","Units",,,2298162,,
"CAN03","Vancouver","T_T","Population, All ages. Administrative data","2011","2011","PER","Persons","0","Units",,,2307860,,
"CAN03","Vancouver","T_T","Population, All ages. Administrative data","2012","2012","PER","Persons","0","Units",,,2337762,,
"CAN03","Vancouver","T_T","Population, All ages. Administrative data","2013","2013","PER","Persons","0","Units",,,2367664,,
"CAN03","Vancouver","T_T","Population, All ages. Administrative data","2014","2014","PER","Persons","0","Units",,,2397566,,
"CAN03","Vancouver","T_T","Population, All ages. Administrative data","2015","2015","PER","Persons","0","Units",,,2427468,,
"CAN03","Vancouver","T_T","Population, All ages. Administrative data","2016","2016","PER","Persons","0","Units",,,2457370,,
"USA150","St. Joseph","POP_DEN","Population density (pop. per km2)","2000","2000","PER","Persons","0","Units",,,222,,
"USA150","St. Joseph","POP_DEN","Population density (pop. per km2)","2001","2001","PER","Persons","0","Units",,,222,,
"USA150","St. Joseph","POP_DEN","Population density (pop. per km2)","2002","2002","PER","Persons","0","Units",,,222,,
"USA150","St. Joseph","POP_DEN","Population density (pop. per km2)","2003","2003","PER","Persons","0","Units",,,221,,
"USA150","St. Joseph","POP_DEN","Population density (pop. per km2)","2004","2004","PER","Persons","0","Units",,,221,,
"USA150","St. Joseph","POP_DEN","Population density (pop. per km2)","2005","2005","PER","Persons","0","Units",,,222,,
"USA150","St. Joseph","POP_DEN","Population density (pop. per km2)","2006","2006","PER","Persons","0","Units",,,222,,
"USA150","St. Joseph","POP_DEN","Population density (pop. per km2)","2007","2007","PER","Persons","0","Units",,,223,,
"USA150","St. Joseph","POP_DEN","Population density (pop. per km2)","2008","2008","PER","Persons","0","Units",,,224,,
"USA150","St. Joseph","POP_DEN","Population density (pop. per km2)","2009","2009","PER","Persons","0","Units",,,223,,
"USA150","St. Joseph","POP_DEN","Population density (pop. per km2)","2010","2010","PER","Persons","0","Units",,,223,,
"USA150","St. Joseph","POP_DEN","Population density (pop. per km2)","2011","2011","PER","Persons","0","Units",,,223,,
"USA150","St. Joseph","POP_DEN","Population density (pop. per km2)","2012","2012","PER","Persons","0","Units",,,223,,
"USA150","St. Joseph","POP_DEN","Population density (pop. per km2)","2013","2013","PER","Persons","0","Units",,,223,,
"USA150","St. Joseph","POP_DEN","Population density (pop. per km2)","2014","2014","PER","Persons","0","Units",,,224,,
"USA150","St. Joseph","POP_DEN","Population density (pop. per km2)","2015","2015","PER","Persons","0","Units",,,224,,
"USA150","St. Joseph","POP_DEN","Population density (pop. per km2)","2016","2016","PER","Persons","0","Units",,,226,,
"USA34","Salt Lake","T_T_SH_NAT","Share of population  in metropolitan area over the national value","2001","2001","RATIO","Ratio","0","Units",,,0.4,,
"USA34","Salt Lake","T_T_SH_NAT","Share of population  in metropolitan area over the national value","2002","2002","RATIO","Ratio","0","Units",,,0.4,,
"USA34","Salt Lake","T_T_SH_NAT","Share of population  in metropolitan area over the national value","2003","2003","RATIO","Ratio","0","Units",,,0.4,,
"USA34","Salt Lake","T_T_SH_NAT","Share of population  in metropolitan area over the national value","2004","2004","RATIO","Ratio","0","Units",,,0.5,,
"USA34","Salt Lake","T_T_SH_NAT","Share of population  in metropolitan area over the national value","2005","2005","RATIO","Ratio","0","Units",,,0.5,,
"USA34","Salt Lake","T_T_SH_NAT","Share of population  in metropolitan area over the national value","2006","2006","RATIO","Ratio","0","Units",,,0.5,,
"USA34","Salt Lake","T_T_SH_NAT","Share of population  in metropolitan area over the national value","2007","2007","RATIO","Ratio","0","Units",,,0.5,,
"USA34","Salt Lake","T_T_SH_NAT","Share of population  in metropolitan area over the national value","2008","2008","RATIO","Ratio","0","Units",,,0.5,,
"USA34","Salt Lake","T_T_SH_NAT","Share of population  in metropolitan area over the national value","2009","2009","RATIO","Ratio","0","Units",,,0.5,,
"USA34","Salt Lake","T_T_SH_NAT","Share of population  in metropolitan area over the national value","2010","2010","RATIO","Ratio","0","Units",,,0.5,,
"USA34","Salt Lake","T_T_SH_NAT","Share of population  in metropolitan area over the national value","2011","2011","RATIO","Ratio","0","Units",,,0.5,,
"USA34","Salt Lake","T_T_SH_NAT","Share of population  in metropolitan area over the national value","2012","2012","RATIO","Ratio","0","Units",,,0.5,,
"USA34","Salt Lake","T_T_SH_NAT","Share of population  in metropolitan area over the national value","2013","2013","RATIO","Ratio","0","Units",,,0.5,,
"USA34","Salt Lake","T_T_SH_NAT","Share of population  in metropolitan area over the national value","2014","2014","RATIO","Ratio","0","Units",,,0.5,,
"USA34","Salt Lake","T_T_SH_NAT","Share of population  in metropolitan area over the national value","2015","2015","RATIO","Ratio","0","Units",,,0.5,,
"USA34","Salt Lake","T_T_SH_NAT","Share of population  in metropolitan area over the national value","2016","2016","RATIO","Ratio","0","Units",,,0.5,,
"ES023","Gijon","T_T_SH_NAT","Share of population  in metropolitan area over the national value","2001","2001","RATIO","Ratio","0","Units",,,0.7,,
"ES023","Gijon","T_T_SH_NAT","Share of population  in metropolitan area over the national value","2002","2002","RATIO","Ratio","0","Units",,,0.7,,
"ES023","Gijon","T_T_SH_NAT","Share of population  in metropolitan area over the national value","2003","2003","RATIO","Ratio","0","Units",,,0.7,,
"ES023","Gijon","T_T_SH_NAT","Share of population  in metropolitan area over the national value","2004","2004","RATIO","Ratio","0","Units",,,0.7,,
"ES023","Gijon","T_T_SH_NAT","Share of population  in metropolitan area over the national value","2005","2005","RATIO","Ratio","0","Units",,,0.7,,
"ES023","Gijon","T_T_SH_NAT","Share of population  in metropolitan area over the national value","2006","2006","RATIO","Ratio","0","Units",,,0.7,,
"ES023","Gijon","T_T_SH_NAT","Share of population  in metropolitan area over the national value","2007","2007","RATIO","Ratio","0","Units",,,0.7,,
"ES023","Gijon","T_T_SH_NAT","Share of population  in metropolitan area over the national value","2008","2008","RATIO","Ratio","0","Units",,,0.7,,
"ES023","Gijon","T_T_SH_NAT","Share of population  in metropolitan area over the national value","2009","2009","RATIO","Ratio","0","Units",,,0.6,,
"ES023","Gijon","T_T_SH_NAT","Share of population  in metropolitan area over the national value","2010","2010","RATIO","Ratio","0","Units",,,0.6,,
"ES023","Gijon","T_T_SH_NAT","Share of population  in metropolitan area over the national value","2011","2011","RATIO","Ratio","0","Units",,,0.6,,
"ES023","Gijon","T_T_SH_NAT","Share of population  in metropolitan area over the national value","2012","2012","RATIO","Ratio","0","Units",,,0.6,,
"ES023","Gijon","T_T_SH_NAT","Share of population  in metropolitan area over the national value","2013","2013","RATIO","Ratio","0","Units",,,0.6,,
"ES023","Gijon","T_T_SH_NAT","Share of population  in metropolitan area over the national value","2014","2014","RATIO","Ratio","0","Units",,,0.6,,
"ES023","Gijon","T_T_SH_NAT","Share of population  in metropolitan area over the national value","2015","2015","RATIO","Ratio","0","Units",,,0.6,,
"ES023","Gijon","T_T_SH_NAT","Share of population  in metropolitan area over the national value","2016","2016","RATIO","Ratio","0","Units",,,0.6,,
"COL02","Medellin","POP_DEN","Population density (pop. per km2)","2000","2000","PER","Persons","0","Units",,,3211,,
"COL02","Medellin","POP_DEN","Population density (pop. per km2)","2001","2001","PER","Persons","0","Units",,,3246,,
"COL02","Medellin","POP_DEN","Population density (pop. per km2)","2002","2002","PER","Persons","0","Units",,,3280,,
"COL02","Medellin","POP_DEN","Population density (pop. per km2)","2003","2003","PER","Persons","0","Units",,,3315,,
"COL02","Medellin","POP_DEN","Population density (pop. per km2)","2004","2004","PER","Persons","0","Units",,,3350,,
"COL02","Medellin","POP_DEN","Population density (pop. per km2)","2005","2005","PER","Persons","0","Units",,,3384,,
"COL02","Medellin","POP_DEN","Population density (pop. per km2)","2006","2006","PER","Persons","0","Units",,,3419,,
"COL02","Medellin","POP_DEN","Population density (pop. per km2)","2007","2007","PER","Persons","0","Units",,,3454,,
"COL02","Medellin","POP_DEN","Population density (pop. per km2)","2008","2008","PER","Persons","0","Units",,,3488,,
"COL02","Medellin","POP_DEN","Population density (pop. per km2)","2009","2009","PER","Persons","0","Units",,,3523,,
"COL02","Medellin","POP_DEN","Population density (pop. per km2)","2010","2010","PER","Persons","0","Units",,,3558,,
"COL02","Medellin","POP_DEN","Population density (pop. per km2)","2011","2011","PER","Persons","0","Units",,,3593,,
"COL02","Medellin","POP_DEN","Population density (pop. per km2)","2012","2012","PER","Persons","0","Units",,,3627,,
"COL02","Medellin","POP_DEN","Population density (pop. per km2)","2013","2013","PER","Persons","0","Units",,,3662,,
"COL02","Medellin","POP_DEN","Population density (pop. per km2)","2014","2014","PER","Persons","0","Units",,,3697,,
"COL02","Medellin","POP_DEN","Population density (pop. per km2)","2015","2015","PER","Persons","0","Units",,,3731,,
"USA58","Ventura","T_T","Population, All ages. Administrative data","2000","2000","PER","Persons","0","Units",,,756506,,
"USA58","Ventura","T_T","Population, All ages. Administrative data","2001","2001","PER","Persons","0","Units",,,766689,,
"USA58","Ventura","T_T","Population, All ages. Administrative data","2002","2002","PER","Persons","0","Units",,,779489,,
"USA58","Ventura","T_T","Population, All ages. Administrative data","2003","2003","PER","Persons","0","Units",,,788070,,
"USA58","Ventura","T_T","Population, All ages. Administrative data","2004","2004","PER","Persons","0","Units",,,793994,,
"USA58","Ventura","T_T","Population, All ages. Administrative data","2005","2005","PER","Persons","0","Units",,,794197,,
"USA58","Ventura","T_T","Population, All ages. Administrative data","2006","2006","PER","Persons","0","Units",,,798183,,
"USA58","Ventura","T_T","Population, All ages. Administrative data","2007","2007","PER","Persons","0","Units",,,800027,,
"USA58","Ventura","T_T","Population, All ages. Administrative data","2008","2008","PER","Persons","0","Units",,,806353,,
"USA58","Ventura","T_T","Population, All ages. Administrative data","2009","2009","PER","Persons","0","Units",,,815130,,
"USA58","Ventura","T_T","Population, All ages. Administrative data","2010","2010","PER","Persons","0","Units",,,825298,,
"USA58","Ventura","T_T","Population, All ages. Administrative data","2011","2011","PER","Persons","0","Units",,,830990,,
"USA58","Ventura","T_T","Population, All ages. Administrative data","2012","2012","PER","Persons","0","Units",,,835143,,
"USA58","Ventura","T_T","Population, All ages. Administrative data","2013","2013","PER","Persons","0","Units",,,840175,,
"USA58","Ventura","T_T","Population, All ages. Administrative data","2014","2014","PER","Persons","0","Units",,,844749,,
"USA58","Ventura","T_T","Population, All ages. Administrative data","2015","2015","PER","Persons","0","Units",,,848925,,
"USA58","Ventura","T_T","Population, All ages. Administrative data","2016","2016","PER","Persons","0","Units",,,851096,,
"CH003","Basel","T_T_SH_NAT","Share of population  in metropolitan area over the national value","2001","2001","RATIO","Ratio","0","Units",,,6.9,,
"CH003","Basel","T_T_SH_NAT","Share of population  in metropolitan area over the national value","2002","2002","RATIO","Ratio","0","Units",,,6.9,,
"CH003","Basel","T_T_SH_NAT","Share of population  in metropolitan area over the national value","2003","2003","RATIO","Ratio","0","Units",,,6.9,,
"CH003","Basel","T_T_SH_NAT","Share of population  in metropolitan area over the national value","2004","2004","RATIO","Ratio","0","Units",,,6.9,,
"CH003","Basel","T_T_SH_NAT","Share of population  in metropolitan area over the national value","2005","2005","RATIO","Ratio","0","Units",,,6.9,,
"CH003","Basel","T_T_SH_NAT","Share of population  in metropolitan area over the national value","2006","2006","RATIO","Ratio","0","Units",,,6.9,,
"CH003","Basel","T_T_SH_NAT","Share of population  in metropolitan area over the national value","2007","2007","RATIO","Ratio","0","Units",,,6.8,,
"CH003","Basel","T_T_SH_NAT","Share of population  in metropolitan area over the national value","2008","2008","RATIO","Ratio","0","Units",,,6.8,,
"CH003","Basel","T_T_SH_NAT","Share of population  in metropolitan area over the national value","2009","2009","RATIO","Ratio","0","Units",,,6.7,,
"CH003","Basel","T_T_SH_NAT","Share of population  in metropolitan area over the national value","2010","2010","RATIO","Ratio","0","Units",,,6.7,,
"CH003","Basel","T_T_SH_NAT","Share of population  in metropolitan area over the national value","2011","2011","RATIO","Ratio","0","Units",,,6.7,,
"CH003","Basel","T_T_SH_NAT","Share of population  in metropolitan area over the national value","2012","2012","RATIO","Ratio","0","Units",,,6.6,,
"CH003","Basel","T_T_SH_NAT","Share of population  in metropolitan area over the national value","2013","2013","RATIO","Ratio","0","Units",,,6.6,,
"CH003","Basel","T_T_SH_NAT","Share of population  in metropolitan area over the national value","2014","2014","RATIO","Ratio","0","Units",,,6.6,,
"CH003","Basel","T_T_SH_NAT","Share of population  in metropolitan area over the national value","2015","2015","RATIO","Ratio","0","Units",,,6.6,,
"CH003","Basel","T_T_SH_NAT","Share of population  in metropolitan area over the national value","2016","2016","RATIO","Ratio","0","Units",,,6.6,,
"KOR11","Gyeongsan","T_T","Population, All ages. Administrative data","2000","2000","PER","Persons","0","Units",,,516352,,
"KOR11","Gyeongsan","T_T","Population, All ages. Administrative data","2001","2001","PER","Persons","0","Units",,,520711,,
"KOR11","Gyeongsan","T_T","Population, All ages. Administrative data","2002","2002","PER","Persons","0","Units",,,525071,,
"KOR11","Gyeongsan","T_T","Population, All ages. Administrative data","2003","2003","PER","Persons","0","Units",,,529430,,
"KOR11","Gyeongsan","T_T","Population, All ages. Administrative data","2004","2004","PER","Persons","0","Units",,,533789,,
"KOR11","Gyeongsan","T_T","Population, All ages. Administrative data","2005","2005","PER","Persons","0","Units",,,538149,,
"KOR11","Gyeongsan","T_T","Population, All ages. Administrative data","2006","2006","PER","Persons","0","Units",,,542508,,
"KOR11","Gyeongsan","T_T","Population, All ages. Administrative data","2007","2007","PER","Persons","0","Units",,,546868,,
"KOR11","Gyeongsan","T_T","Population, All ages. Administrative data","2008","2008","PER","Persons","0","Units",,,551227,,
"KOR11","Gyeongsan","T_T","Population, All ages. Administrative data","2009","2009","PER","Persons","0","Units",,,555586,,
"KOR11","Gyeongsan","T_T","Population, All ages. Administrative data","2010","2010","PER","Persons","0","Units",,,559946,,
"KOR11","Gyeongsan","T_T","Population, All ages. Administrative data","2011","2011","PER","Persons","0","Units",,,564305,,
"KOR11","Gyeongsan","T_T","Population, All ages. Administrative data","2012","2012","PER","Persons","0","Units",,,568665,,
"KOR11","Gyeongsan","T_T","Population, All ages. Administrative data","2013","2013","PER","Persons","0","Units",,,573024,,
"KOR11","Gyeongsan","T_T","Population, All ages. Administrative data","2014","2014","PER","Persons","0","Units",,,577383,,
"KOR11","Gyeongsan","T_T","Population, All ages. Administrative data","2015","2015","PER","Persons","0","Units",,,581743,,
"USA41","Pittsburgh","T_T_SH_NAT","Share of population  in metropolitan area over the national value","2001","2001","RATIO","Ratio","0","Units",,,0.5,,
"USA41","Pittsburgh","T_T_SH_NAT","Share of population  in metropolitan area over the national value","2002","2002","RATIO","Ratio","0","Units",,,0.5,,
"USA41","Pittsburgh","T_T_SH_NAT","Share of population  in metropolitan area over the national value","2003","2003","RATIO","Ratio","0","Units",,,0.5,,
"USA41","Pittsburgh","T_T_SH_NAT","Share of population  in metropolitan area over the national value","2004","2004","RATIO","Ratio","0","Units",,,0.5,,
"USA41","Pittsburgh","T_T_SH_NAT","Share of population  in metropolitan area over the national value","2005","2005","RATIO","Ratio","0","Units",,,0.5,,
"USA41","Pittsburgh","T_T_SH_NAT","Share of population  in metropolitan area over the national value","2006","2006","RATIO","Ratio","0","Units",,,0.5,,
"USA41","Pittsburgh","T_T_SH_NAT","Share of population  in metropolitan area over the national value","2007","2007","RATIO","Ratio","0","Units",,,0.5,,
"USA41","Pittsburgh","T_T_SH_NAT","Share of population  in metropolitan area over the national value","2008","2008","RATIO","Ratio","0","Units",,,0.5,,
"USA41","Pittsburgh","T_T_SH_NAT","Share of population  in metropolitan area over the national value","2009","2009","RATIO","Ratio","0","Units",,,0.5,,
"USA41","Pittsburgh","T_T_SH_NAT","Share of population  in metropolitan area over the national value","2010","2010","RATIO","Ratio","0","Units",,,0.5,,
"USA41","Pittsburgh","T_T_SH_NAT","Share of population  in metropolitan area over the national value","2011","2011","RATIO","Ratio","0","Units",,,0.5,,
"USA41","Pittsburgh","T_T_SH_NAT","Share of population  in metropolitan area over the national value","2012","2012","RATIO","Ratio","0","Units",,,0.5,,
"USA41","Pittsburgh","T_T_SH_NAT","Share of population  in metropolitan area over the national value","2013","2013","RATIO","Ratio","0","Units",,,0.5,,
"USA41","Pittsburgh","T_T_SH_NAT","Share of population  in metropolitan area over the national value","2014","2014","RATIO","Ratio","0","Units",,,0.5,,
"USA41","Pittsburgh","T_T_SH_NAT","Share of population  in metropolitan area over the national value","2015","2015","RATIO","Ratio","0","Units",,,0.5,,
"USA41","Pittsburgh","T_T_SH_NAT","Share of population  in metropolitan area over the national value","2016","2016","RATIO","Ratio","0","Units",,,0.4,,
"DE524","Wurzburg","POP_DEN","Population density (pop. per km2)","2001","2001","PER","Persons","0","Units",,,166,,
"DE524","Wurzburg","POP_DEN","Population density (pop. per km2)","2002","2002","PER","Persons","0","Units",,,167,,
"DE524","Wurzburg","POP_DEN","Population density (pop. per km2)","2003","2003","PER","Persons","0","Units",,,168,,
"DE524","Wurzburg","POP_DEN","Population density (pop. per km2)","2004","2004","PER","Persons","0","Units",,,168,,
"DE524","Wurzburg","POP_DEN","Population density (pop. per km2)","2005","2005","PER","Persons","0","Units",,,169,,
"DE524","Wurzburg","POP_DEN","Population density (pop. per km2)","2006","2006","PER","Persons","0","Units",,,169,,
"DE524","Wurzburg","POP_DEN","Population density (pop. per km2)","2007","2007","PER","Persons","0","Units",,,169,,
"DE524","Wurzburg","POP_DEN","Population density (pop. per km2)","2008","2008","PER","Persons","0","Units",,,169,,
"DE524","Wurzburg","POP_DEN","Population density (pop. per km2)","2009","2009","PER","Persons","0","Units",,,168,,
"DE524","Wurzburg","POP_DEN","Population density (pop. per km2)","2010","2010","PER","Persons","0","Units",,,167,,
"DE524","Wurzburg","POP_DEN","Population density (pop. per km2)","2011","2011","PER","Persons","0","Units",,,163,,
"DE524","Wurzburg","POP_DEN","Population density (pop. per km2)","2012","2012","PER","Persons","0","Units",,,163,,
"DE524","Wurzburg","POP_DEN","Population density (pop. per km2)","2013","2013","PER","Persons","0","Units",,,163,,
"DE524","Wurzburg","POP_DEN","Population density (pop. per km2)","2014","2014","PER","Persons","0","Units",,,163,,
"DE524","Wurzburg","POP_DEN","Population density (pop. per km2)","2015","2015","PER","Persons","0","Units",,,163,,
"DE524","Wurzburg","POP_DEN","Population density (pop. per km2)","2016","2016","PER","Persons","0","Units",,,164,,
"FR010","Montpellier","POP_DEN","Population density (pop. per km2)","2000","2000","PER","Persons","0","Units",,,248,,
"FR010","Montpellier","POP_DEN","Population density (pop. per km2)","2001","2001","PER","Persons","0","Units",,,252,,
"FR010","Montpellier","POP_DEN","Population density (pop. per km2)","2002","2002","PER","Persons","0","Units",,,256,,
"FR010","Montpellier","POP_DEN","Population density (pop. per km2)","2003","2003","PER","Persons","0","Units",,,259,,
"FR010","Montpellier","POP_DEN","Population density (pop. per km2)","2004","2004","PER","Persons","0","Units",,,263,,
"FR010","Montpellier","POP_DEN","Population density (pop. per km2)","2005","2005","PER","Persons","0","Units",,,266,,
"FR010","Montpellier","POP_DEN","Population density (pop. per km2)","2006","2006","PER","Persons","0","Units",,,270,,
"FR010","Montpellier","POP_DEN","Population density (pop. per km2)","2007","2007","PER","Persons","0","Units",,,274,,
"FR010","Montpellier","POP_DEN","Population density (pop. per km2)","2008","2008","PER","Persons","0","Units",,,277,,
"FR010","Montpellier","POP_DEN","Population density (pop. per km2)","2009","2009","PER","Persons","0","Units",,,281,,
"FR010","Montpellier","POP_DEN","Population density (pop. per km2)","2010","2010","PER","Persons","0","Units",,,285,,
"FR010","Montpellier","POP_DEN","Population density (pop. per km2)","2011","2011","PER","Persons","0","Units",,,290,,
"FR010","Montpellier","POP_DEN","Population density (pop. per km2)","2012","2012","PER","Persons","0","Units",,,294,,
"FR010","Montpellier","POP_DEN","Population density (pop. per km2)","2013","2013","PER","Persons","0","Units",,,299,,
"FR010","Montpellier","POP_DEN","Population density (pop. per km2)","2014","2014","PER","Persons","0","Units",,,304,,
"FR010","Montpellier","POP_DEN","Population density (pop. per km2)","2015","2015","PER","Persons","0","Units",,,301,,
"PL024","Czestochowa","POP_DEN","Population density (pop. per km2)","2000","2000","PER","Persons","0","Units",,,218,,
"PL024","Czestochowa","POP_DEN","Population density (pop. per km2)","2001","2001","PER","Persons","0","Units",,,217,,
"PL024","Czestochowa","POP_DEN","Population density (pop. per km2)","2002","2002","PER","Persons","0","Units",,,216,,
"PL024","Czestochowa","POP_DEN","Population density (pop. per km2)","2003","2003","PER","Persons","0","Units",,,216,,
"PL024","Czestochowa","POP_DEN","Population density (pop. per km2)","2004","2004","PER","Persons","0","Units",,,215,,
"PL024","Czestochowa","POP_DEN","Population density (pop. per km2)","2005","2005","PER","Persons","0","Units",,,215,,
"PL024","Czestochowa","POP_DEN","Population density (pop. per km2)","2006","2006","PER","Persons","0","Units",,,214,,
"PL024","Czestochowa","POP_DEN","Population density (pop. per km2)","2007","2007","PER","Persons","0","Units",,,212,,
"PL024","Czestochowa","POP_DEN","Population density (pop. per km2)","2008","2008","PER","Persons","0","Units",,,212,,
"PL024","Czestochowa","POP_DEN","Population density (pop. per km2)","2009","2009","PER","Persons","0","Units",,,211,,
"PL024","Czestochowa","POP_DEN","Population density (pop. per km2)","2010","2010","PER","Persons","0","Units",,,211,,
"PL024","Czestochowa","POP_DEN","Population density (pop. per km2)","2011","2011","PER","Persons","0","Units",,,210,,
"PL024","Czestochowa","POP_DEN","Population density (pop. per km2)","2012","2012","PER","Persons","0","Units",,,210,,
"PL024","Czestochowa","POP_DEN","Population density (pop. per km2)","2013","2013","PER","Persons","0","Units",,,209,,
"PL024","Czestochowa","POP_DEN","Population density (pop. per km2)","2014","2014","PER","Persons","0","Units",,,208,,
"PL024","Czestochowa","POP_DEN","Population density (pop. per km2)","2015","2015","PER","Persons","0","Units",,,207,,
"PL024","Czestochowa","POP_DEN","Population density (pop. per km2)","2016","2016","PER","Persons","0","Units",,,206,,
"MEX21","Aguascalientes","POP_DEN","Population density (pop. per km2)","2000","2000","PER","Persons","0","Units",,,595,,
"MEX21","Aguascalientes","POP_DEN","Population density (pop. per km2)","2005","2005","PER","Persons","0","Units",,,600,,
"MEX21","Aguascalientes","POP_DEN","Population density (pop. per km2)","2010","2010","PER","Persons","0","Units",,,670,,
"MEX21","Aguascalientes","POP_DEN","Population density (pop. per km2)","2015","2015","PER","Persons","0","Units",,,762,,
"USA137","Brown","T_T_SH_NAT","Share of population  in metropolitan area over the national value","2001","2001","RATIO","Ratio","0","Units",,,0.1,,
"USA137","Brown","T_T_SH_NAT","Share of population  in metropolitan area over the national value","2002","2002","RATIO","Ratio","0","Units",,,0.1,,
"USA137","Brown","T_T_SH_NAT","Share of population  in metropolitan area over the national value","2003","2003","RATIO","Ratio","0","Units",,,0.1,,
"USA137","Brown","T_T_SH_NAT","Share of population  in metropolitan area over the national value","2004","2004","RATIO","Ratio","0","Units",,,0.1,,
"USA137","Brown","T_T_SH_NAT","Share of population  in metropolitan area over the national value","2005","2005","RATIO","Ratio","0","Units",,,0.1,,
"USA137","Brown","T_T_SH_NAT","Share of population  in metropolitan area over the national value","2006","2006","RATIO","Ratio","0","Units",,,0.1,,
"USA137","Brown","T_T_SH_NAT","Share of population  in metropolitan area over the national value","2007","2007","RATIO","Ratio","0","Units",,,0.1,,
"USA137","Brown","T_T_SH_NAT","Share of population  in metropolitan area over the national value","2008","2008","RATIO","Ratio","0","Units",,,0.1,,
"USA137","Brown","T_T_SH_NAT","Share of population  in metropolitan area over the national value","2009","2009","RATIO","Ratio","0","Units",,,0.1,,
"USA137","Brown","T_T_SH_NAT","Share of population  in metropolitan area over the national value","2010","2010","RATIO","Ratio","0","Units",,,0.1,,
"USA137","Brown","T_T_SH_NAT","Share of population  in metropolitan area over the national value","2011","2011","RATIO","Ratio","0","Units",,,0.1,,
"USA137","Brown","T_T_SH_NAT","Share of population  in metropolitan area over the national value","2012","2012","RATIO","Ratio","0","Units",,,0.1,,
"USA137","Brown","T_T_SH_NAT","Share of population  in metropolitan area over the national value","2013","2013","RATIO","Ratio","0","Units",,,0.1,,
"USA137","Brown","T_T_SH_NAT","Share of population  in metropolitan area over the national value","2014","2014","RATIO","Ratio","0","Units",,,0.1,,
"USA137","Brown","T_T_SH_NAT","Share of population  in metropolitan area over the national value","2015","2015","RATIO","Ratio","0","Units",,,0.1,,
"USA137","Brown","T_T_SH_NAT","Share of population  in metropolitan area over the national value","2016","2016","RATIO","Ratio","0","Units",,,0.1,,
"MEX62","Zamora","T_T_SH_NAT","Share of population  in metropolitan area over the national value","2005","2005","RATIO","Ratio","0","Units",,,0.2,,
"MEX62","Zamora","T_T_SH_NAT","Share of population  in metropolitan area over the national value","2010","2010","RATIO","Ratio","0","Units",,,0.2,,
"MEX62","Zamora","T_T_SH_NAT","Share of population  in metropolitan area over the national value","2015","2015","RATIO","Ratio","0","Units",,,0.2,,
"USA51","Tulsa","T_T","Population, All ages. Administrative data","2000","2000","PER","Persons","0","Units",,,899650,,
"USA51","Tulsa","T_T","Population, All ages. Administrative data","2001","2001","PER","Persons","0","Units",,,906156,,
"USA51","Tulsa","T_T","Population, All ages. Administrative data","2002","2002","PER","Persons","0","Units",,,913546,,
"USA51","Tulsa","T_T","Population, All ages. Administrative data","2003","2003","PER","Persons","0","Units",,,916607,,
"USA51","Tulsa","T_T","Population, All ages. Administrative data","2004","2004","PER","Persons","0","Units",,,917335,,
"USA51","Tulsa","T_T","Population, All ages. Administrative data","2005","2005","PER","Persons","0","Units",,,922531,,
"USA51","Tulsa","T_T","Population, All ages. Administrative data","2006","2006","PER","Persons","0","Units",,,934118,,
"USA51","Tulsa","T_T","Population, All ages. Administrative data","2007","2007","PER","Persons","0","Units",,,947010,,
"USA51","Tulsa","T_T","Population, All ages. Administrative data","2008","2008","PER","Persons","0","Units",,,957509,,
"USA51","Tulsa","T_T","Population, All ages. Administrative data","2009","2009","PER","Persons","0","Units",,,970917,,
"USA51","Tulsa","T_T","Population, All ages. Administrative data","2010","2010","PER","Persons","0","Units",,,981085,,
"USA51","Tulsa","T_T","Population, All ages. Administrative data","2011","2011","PER","Persons","0","Units",,,986574,,
"USA51","Tulsa","T_T","Population, All ages. Administrative data","2012","2012","PER","Persons","0","Units",,,993344,,
"USA51","Tulsa","T_T","Population, All ages. Administrative data","2013","2013","PER","Persons","0","Units",,,1002698,,
"USA51","Tulsa","T_T","Population, All ages. Administrative data","2014","2014","PER","Persons","0","Units",,,1010150,,
"USA51","Tulsa","T_T","Population, All ages. Administrative data","2015","2015","PER","Persons","0","Units",,,1021086,,
"USA51","Tulsa","T_T","Population, All ages. Administrative data","2016","2016","PER","Persons","0","Units",,,1028437,,
"AUS01","Greater Sydney","POP_DEN","Population density (pop. per km2)","2001","2001","PER","Persons","0","Units",,,331,,
"AUS01","Greater Sydney","POP_DEN","Population density (pop. per km2)","2002","2002","PER","Persons","0","Units",,,334,,
"AUS01","Greater Sydney","POP_DEN","Population density (pop. per km2)","2003","2003","PER","Persons","0","Units",,,336,,
"AUS01","Greater Sydney","POP_DEN","Population density (pop. per km2)","2004","2004","PER","Persons","0","Units",,,337,,
"AUS01","Greater Sydney","POP_DEN","Population density (pop. per km2)","2005","2005","PER","Persons","0","Units",,,340,,
"AUS01","Greater Sydney","POP_DEN","Population density (pop. per km2)","2006","2006","PER","Persons","0","Units",,,343,,
"AUS01","Greater Sydney","POP_DEN","Population density (pop. per km2)","2007","2007","PER","Persons","0","Units",,,349,,
"AUS01","Greater Sydney","POP_DEN","Population density (pop. per km2)","2008","2008","PER","Persons","0","Units",,,356,,
"AUS01","Greater Sydney","POP_DEN","Population density (pop. per km2)","2009","2009","PER","Persons","0","Units",,,362,,
"AUS01","Greater Sydney","POP_DEN","Population density (pop. per km2)","2010","2010","PER","Persons","0","Units",,,367,,
"AUS01","Greater Sydney","POP_DEN","Population density (pop. per km2)","2011","2011","PER","Persons","0","Units",,,372,,
"AUS01","Greater Sydney","POP_DEN","Population density (pop. per km2)","2012","2012","PER","Persons","0","Units",,,377,,
"AUS01","Greater Sydney","POP_DEN","Population density (pop. per km2)","2013","2013","PER","Persons","0","Units",,,384,,
"AUS01","Greater Sydney","POP_DEN","Population density (pop. per km2)","2014","2014","PER","Persons","0","Units",,,391,,
"AUS01","Greater Sydney","POP_DEN","Population density (pop. per km2)","2015","2015","PER","Persons","0","Units",,,398,,
"AUS01","Greater Sydney","POP_DEN","Population density (pop. per km2)","2016","2016","PER","Persons","0","Units",,,406,,
"ES019","Bilbao","T_T_SH_NAT","Share of population  in metropolitan area over the national value","2001","2001","RATIO","Ratio","0","Units",,,2.5,,
"ES019","Bilbao","T_T_SH_NAT","Share of population  in metropolitan area over the national value","2002","2002","RATIO","Ratio","0","Units",,,2.5,,
"ES019","Bilbao","T_T_SH_NAT","Share of population  in metropolitan area over the national value","2003","2003","RATIO","Ratio","0","Units",,,2.4,,
"ES019","Bilbao","T_T_SH_NAT","Share of population  in metropolitan area over the national value","2004","2004","RATIO","Ratio","0","Units",,,2.4,,
"ES019","Bilbao","T_T_SH_NAT","Share of population  in metropolitan area over the national value","2005","2005","RATIO","Ratio","0","Units",,,2.4,,
"ES019","Bilbao","T_T_SH_NAT","Share of population  in metropolitan area over the national value","2006","2006","RATIO","Ratio","0","Units",,,2.3,,
"ES019","Bilbao","T_T_SH_NAT","Share of population  in metropolitan area over the national value","2007","2007","RATIO","Ratio","0","Units",,,2.3,,
"ES019","Bilbao","T_T_SH_NAT","Share of population  in metropolitan area over the national value","2008","2008","RATIO","Ratio","0","Units",,,2.3,,
"ES019","Bilbao","T_T_SH_NAT","Share of population  in metropolitan area over the national value","2009","2009","RATIO","Ratio","0","Units",,,2.2,,
"ES019","Bilbao","T_T_SH_NAT","Share of population  in metropolitan area over the national value","2010","2010","RATIO","Ratio","0","Units",,,2.2,,
"ES019","Bilbao","T_T_SH_NAT","Share of population  in metropolitan area over the national value","2011","2011","RATIO","Ratio","0","Units",,,2.2,,
"ES019","Bilbao","T_T_SH_NAT","Share of population  in metropolitan area over the national value","2012","2012","RATIO","Ratio","0","Units",,,2.2,,
"ES019","Bilbao","T_T_SH_NAT","Share of population  in metropolitan area over the national value","2013","2013","RATIO","Ratio","0","Units",,,2.2,,
"ES019","Bilbao","T_T_SH_NAT","Share of population  in metropolitan area over the national value","2014","2014","RATIO","Ratio","0","Units",,,2.2,,
"ES019","Bilbao","T_T_SH_NAT","Share of population  in metropolitan area over the national value","2015","2015","RATIO","Ratio","0","Units",,,2.2,,
"ES019","Bilbao","T_T_SH_NAT","Share of population  in metropolitan area over the national value","2016","2016","RATIO","Ratio","0","Units",,,2.2,,
"FR043","Perpignan","T_T_SH_NAT","Share of population  in metropolitan area over the national value","2001","2001","RATIO","Ratio","0","Units",,,0.5,,
"FR043","Perpignan","T_T_SH_NAT","Share of population  in metropolitan area over the national value","2002","2002","RATIO","Ratio","0","Units",,,0.6,,
"FR043","Perpignan","T_T_SH_NAT","Share of population  in metropolitan area over the national value","2003","2003","RATIO","Ratio","0","Units",,,0.6,,
"FR043","Perpignan","T_T_SH_NAT","Share of population  in metropolitan area over the national value","2004","2004","RATIO","Ratio","0","Units",,,0.6,,
"FR043","Perpignan","T_T_SH_NAT","Share of population  in metropolitan area over the national value","2005","2005","RATIO","Ratio","0","Units",,,0.6,,
"FR043","Perpignan","T_T_SH_NAT","Share of population  in metropolitan area over the national value","2006","2006","RATIO","Ratio","0","Units",,,0.6,,
"FR043","Perpignan","T_T_SH_NAT","Share of population  in metropolitan area over the national value","2007","2007","RATIO","Ratio","0","Units",,,0.6,,
"FR043","Perpignan","T_T_SH_NAT","Share of population  in metropolitan area over the national value","2008","2008","RATIO","Ratio","0","Units",,,0.6,,
"FR043","Perpignan","T_T_SH_NAT","Share of population  in metropolitan area over the national value","2009","2009","RATIO","Ratio","0","Units",,,0.6,,
"FR043","Perpignan","T_T_SH_NAT","Share of population  in metropolitan area over the national value","2010","2010","RATIO","Ratio","0","Units",,,0.6,,
"FR043","Perpignan","T_T_SH_NAT","Share of population  in metropolitan area over the national value","2011","2011","RATIO","Ratio","0","Units",,,0.6,,
"FR043","Perpignan","T_T_SH_NAT","Share of population  in metropolitan area over the national value","2012","2012","RATIO","Ratio","0","Units",,,0.6,,
"FR043","Perpignan","T_T_SH_NAT","Share of population  in metropolitan area over the national value","2013","2013","RATIO","Ratio","0","Units",,,0.6,,
"FR043","Perpignan","T_T_SH_NAT","Share of population  in metropolitan area over the national value","2014","2014","RATIO","Ratio","0","Units",,,0.6,,
"FR043","Perpignan","T_T_SH_NAT","Share of population  in metropolitan area over the national value","2015","2015","RATIO","Ratio","0","Units",,,0.6,,
"DE529","Heilbronn","T_T","Population, All ages. Administrative data","2001","2001","PER","Persons","0","Units",,,440112,,
"DE529","Heilbronn","T_T","Population, All ages. Administrative data","2002","2002","PER","Persons","0","Units",,,444058,,
"DE529","Heilbronn","T_T","Population, All ages. Administrative data","2003","2003","PER","Persons","0","Units",,,446764,,
"DE529","Heilbronn","T_T","Population, All ages. Administrative data","2004","2004","PER","Persons","0","Units",,,448096,,
"DE529","Heilbronn","T_T","Population, All ages. Administrative data","2005","2005","PER","Persons","0","Units",,,450037,,
"DE529","Heilbronn","T_T","Population, All ages. Administrative data","2006","2006","PER","Persons","0","Units",,,450968,,
"DE529","Heilbronn","T_T","Population, All ages. Administrative data","2007","2007","PER","Persons","0","Units",,,451214,,
"DE529","Heilbronn","T_T","Population, All ages. Administrative data","2008","2008","PER","Persons","0","Units",,,451780,,
"DE529","Heilbronn","T_T","Population, All ages. Administrative data","2009","2009","PER","Persons","0","Units",,,451695,,
"DE529","Heilbronn","T_T","Population, All ages. Administrative data","2010","2010","PER","Persons","0","Units",,,451327,,
"DE529","Heilbronn","T_T","Population, All ages. Administrative data","2011","2011","PER","Persons","0","Units",,,438048,,
"DE529","Heilbronn","T_T","Population, All ages. Administrative data","2012","2012","PER","Persons","0","Units",,,439750,,
"DE529","Heilbronn","T_T","Population, All ages. Administrative data","2013","2013","PER","Persons","0","Units",,,441943,,
"DE529","Heilbronn","T_T","Population, All ages. Administrative data","2014","2014","PER","Persons","0","Units",,,444028,,
"DE529","Heilbronn","T_T","Population, All ages. Administrative data","2015","2015","PER","Persons","0","Units",,,448960,,
"DE529","Heilbronn","T_T","Population, All ages. Administrative data","2016","2016","PER","Persons","0","Units",,,456821,,
"FR044","Nimes","POP_DEN","Population density (pop. per km2)","2000","2000","PER","Persons","0","Units",,,191,,
"FR044","Nimes","POP_DEN","Population density (pop. per km2)","2001","2001","PER","Persons","0","Units",,,193,,
"FR044","Nimes","POP_DEN","Population density (pop. per km2)","2002","2002","PER","Persons","0","Units",,,196,,
"FR044","Nimes","POP_DEN","Population density (pop. per km2)","2003","2003","PER","Persons","0","Units",,,198,,
"FR044","Nimes","POP_DEN","Population density (pop. per km2)","2004","2004","PER","Persons","0","Units",,,201,,
"FR044","Nimes","POP_DEN","Population density (pop. per km2)","2005","2005","PER","Persons","0","Units",,,203,,
"FR044","Nimes","POP_DEN","Population density (pop. per km2)","2006","2006","PER","Persons","0","Units",,,206,,
"FR044","Nimes","POP_DEN","Population density (pop. per km2)","2007","2007","PER","Persons","0","Units",,,208,,
"FR044","Nimes","POP_DEN","Population density (pop. per km2)","2008","2008","PER","Persons","0","Units",,,211,,
"FR044","Nimes","POP_DEN","Population density (pop. per km2)","2009","2009","PER","Persons","0","Units",,,213,,
"FR044","Nimes","POP_DEN","Population density (pop. per km2)","2010","2010","PER","Persons","0","Units",,,216,,
"FR044","Nimes","POP_DEN","Population density (pop. per km2)","2011","2011","PER","Persons","0","Units",,,219,,
"FR044","Nimes","POP_DEN","Population density (pop. per km2)","2012","2012","PER","Persons","0","Units",,,222,,
"FR044","Nimes","POP_DEN","Population density (pop. per km2)","2013","2013","PER","Persons","0","Units",,,225,,
"FR044","Nimes","POP_DEN","Population density (pop. per km2)","2014","2014","PER","Persons","0","Units",,,228,,
"FR044","Nimes","POP_DEN","Population density (pop. per km2)","2015","2015","PER","Persons","0","Units",,,227,,
"JPN03","Toyota","T_T_SH_NAT","Share of population  in metropolitan area over the national value","2001","2001","RATIO","Ratio","0","Units",,,6.5,,
"JPN03","Toyota","T_T_SH_NAT","Share of population  in metropolitan area over the national value","2002","2002","RATIO","Ratio","0","Units",,,6.5,,
"JPN03","Toyota","T_T_SH_NAT","Share of population  in metropolitan area over the national value","2003","2003","RATIO","Ratio","0","Units",,,6.5,,
"JPN03","Toyota","T_T_SH_NAT","Share of population  in metropolitan area over the national value","2004","2004","RATIO","Ratio","0","Units",,,6.5,,
"JPN03","Toyota","T_T_SH_NAT","Share of population  in metropolitan area over the national value","2005","2005","RATIO","Ratio","0","Units",,,6.6,,
"JPN03","Toyota","T_T_SH_NAT","Share of population  in metropolitan area over the national value","2006","2006","RATIO","Ratio","0","Units",,,6.6,,
"JPN03","Toyota","T_T_SH_NAT","Share of population  in metropolitan area over the national value","2007","2007","RATIO","Ratio","0","Units",,,6.6,,
"JPN03","Toyota","T_T_SH_NAT","Share of population  in metropolitan area over the national value","2008","2008","RATIO","Ratio","0","Units",,,6.6,,
"JPN03","Toyota","T_T_SH_NAT","Share of population  in metropolitan area over the national value","2009","2009","RATIO","Ratio","0","Units",,,6.6,,
"JPN03","Toyota","T_T_SH_NAT","Share of population  in metropolitan area over the national value","2010","2010","RATIO","Ratio","0","Units",,,6.6,,
"JPN03","Toyota","T_T_SH_NAT","Share of population  in metropolitan area over the national value","2011","2011","RATIO","Ratio","0","Units",,,6.6,,
"JPN03","Toyota","T_T_SH_NAT","Share of population  in metropolitan area over the national value","2012","2012","RATIO","Ratio","0","Units",,,6.7,,
"JPN03","Toyota","T_T_SH_NAT","Share of population  in metropolitan area over the national value","2013","2013","RATIO","Ratio","0","Units",,,6.7,,
"JPN03","Toyota","T_T_SH_NAT","Share of population  in metropolitan area over the national value","2014","2014","RATIO","Ratio","0","Units",,,6.7,,
"JPN03","Toyota","T_T_SH_NAT","Share of population  in metropolitan area over the national value","2015","2015","RATIO","Ratio","0","Units",,,6.7,,
"MEX41","Cajeme","T_T_SH_NAT","Share of population  in metropolitan area over the national value","2005","2005","RATIO","Ratio","0","Units",,,0.3,,
"MEX41","Cajeme","T_T_SH_NAT","Share of population  in metropolitan area over the national value","2010","2010","RATIO","Ratio","0","Units",,,0.4,,
"MEX41","Cajeme","T_T_SH_NAT","Share of population  in metropolitan area over the national value","2015","2015","RATIO","Ratio","0","Units",,,0.4,,
"DE057","Giessen","POP_DEN","Population density (pop. per km2)","2001","2001","PER","Persons","0","Units",,,300,,
"DE057","Giessen","POP_DEN","Population density (pop. per km2)","2002","2002","PER","Persons","0","Units",,,300,,
"DE057","Giessen","POP_DEN","Population density (pop. per km2)","2003","2003","PER","Persons","0","Units",,,302,,
"DE057","Giessen","POP_DEN","Population density (pop. per km2)","2004","2004","PER","Persons","0","Units",,,302,,
"DE057","Giessen","POP_DEN","Population density (pop. per km2)","2005","2005","PER","Persons","0","Units",,,303,,
"DE057","Giessen","POP_DEN","Population density (pop. per km2)","2006","2006","PER","Persons","0","Units",,,302,,
"DE057","Giessen","POP_DEN","Population density (pop. per km2)","2007","2007","PER","Persons","0","Units",,,302,,
"DE057","Giessen","POP_DEN","Population density (pop. per km2)","2008","2008","PER","Persons","0","Units",,,302,,
"DE057","Giessen","POP_DEN","Population density (pop. per km2)","2009","2009","PER","Persons","0","Units",,,302,,
"DE057","Giessen","POP_DEN","Population density (pop. per km2)","2010","2010","PER","Persons","0","Units",,,302,,
"DE057","Giessen","POP_DEN","Population density (pop. per km2)","2011","2011","PER","Persons","0","Units",,,297,,
"DE057","Giessen","POP_DEN","Population density (pop. per km2)","2012","2012","PER","Persons","0","Units",,,298,,
"DE057","Giessen","POP_DEN","Population density (pop. per km2)","2013","2013","PER","Persons","0","Units",,,299,,
"DE057","Giessen","POP_DEN","Population density (pop. per km2)","2014","2014","PER","Persons","0","Units",,,300,,
"DE057","Giessen","POP_DEN","Population density (pop. per km2)","2015","2015","PER","Persons","0","Units",,,307,,
"DE057","Giessen","POP_DEN","Population density (pop. per km2)","2016","2016","PER","Persons","0","Units",,,310,,
"NL001","The Hague","POP_DEN","Population density (pop. per km2)","2000","2000","PER","Persons","0","Units",,,2241,,
"NL001","The Hague","POP_DEN","Population density (pop. per km2)","2001","2001","PER","Persons","0","Units",,,2266,,
"NL001","The Hague","POP_DEN","Population density (pop. per km2)","2002","2002","PER","Persons","0","Units",,,2292,,
"NL001","The Hague","POP_DEN","Population density (pop. per km2)","2003","2003","PER","Persons","0","Units",,,2317,,
"NL001","The Hague","POP_DEN","Population density (pop. per km2)","2004","2004","PER","Persons","0","Units",,,2342,,
"NL001","The Hague","POP_DEN","Population density (pop. per km2)","2005","2005","PER","Persons","0","Units",,,2357,,
"NL001","The Hague","POP_DEN","Population density (pop. per km2)","2006","2006","PER","Persons","0","Units",,,2373,,
"NL001","The Hague","POP_DEN","Population density (pop. per km2)","2007","2007","PER","Persons","0","Units",,,2380,,
"NL001","The Hague","POP_DEN","Population density (pop. per km2)","2008","2008","PER","Persons","0","Units",,,2388,,
"NL001","The Hague","POP_DEN","Population density (pop. per km2)","2009","2009","PER","Persons","0","Units",,,2412,,
"NL001","The Hague","POP_DEN","Population density (pop. per km2)","2010","2010","PER","Persons","0","Units",,,2435,,
"NL001","The Hague","POP_DEN","Population density (pop. per km2)","2011","2011","PER","Persons","0","Units",,,2458,,
"NL001","The Hague","POP_DEN","Population density (pop. per km2)","2012","2012","PER","Persons","0","Units",,,2487,,
"NL001","The Hague","POP_DEN","Population density (pop. per km2)","2013","2013","PER","Persons","0","Units",,,2502,,
"NL001","The Hague","POP_DEN","Population density (pop. per km2)","2014","2014","PER","Persons","0","Units",,,2519,,
"NL001","The Hague","POP_DEN","Population density (pop. per km2)","2015","2015","PER","Persons","0","Units",,,2543,,
"NL001","The Hague","POP_DEN","Population density (pop. per km2)","2016","2016","PER","Persons","0","Units",,,2563,,
"DE018","Halle an der Saale","T_T_SH_NAT","Share of population  in metropolitan area over the national value","2001","2001","RATIO","Ratio","0","Units",,,0.6,,
"DE018","Halle an der Saale","T_T_SH_NAT","Share of population  in metropolitan area over the national value","2002","2002","RATIO","Ratio","0","Units",,,0.6,,
"DE018","Halle an der Saale","T_T_SH_NAT","Share of population  in metropolitan area over the national value","2003","2003","RATIO","Ratio","0","Units",,,0.6,,
"DE018","Halle an der Saale","T_T_SH_NAT","Share of population  in metropolitan area over the national value","2004","2004","RATIO","Ratio","0","Units",,,0.6,,
"DE018","Halle an der Saale","T_T_SH_NAT","Share of population  in metropolitan area over the national value","2005","2005","RATIO","Ratio","0","Units",,,0.5,,
"DE018","Halle an der Saale","T_T_SH_NAT","Share of population  in metropolitan area over the national value","2006","2006","RATIO","Ratio","0","Units",,,0.5,,
"DE018","Halle an der Saale","T_T_SH_NAT","Share of population  in metropolitan area over the national value","2007","2007","RATIO","Ratio","0","Units",,,0.5,,
"DE018","Halle an der Saale","T_T_SH_NAT","Share of population  in metropolitan area over the national value","2008","2008","RATIO","Ratio","0","Units",,,0.5,,
"DE018","Halle an der Saale","T_T_SH_NAT","Share of population  in metropolitan area over the national value","2009","2009","RATIO","Ratio","0","Units",,,0.5,,
"DE018","Halle an der Saale","T_T_SH_NAT","Share of population  in metropolitan area over the national value","2010","2010","RATIO","Ratio","0","Units",,,0.5,,
"DE018","Halle an der Saale","T_T_SH_NAT","Share of population  in metropolitan area over the national value","2011","2011","RATIO","Ratio","0","Units",,,0.5,,
"DE018","Halle an der Saale","T_T_SH_NAT","Share of population  in metropolitan area over the national value","2012","2012","RATIO","Ratio","0","Units",,,0.5,,
"DE018","Halle an der Saale","T_T_SH_NAT","Share of population  in metropolitan area over the national value","2013","2013","RATIO","Ratio","0","Units",,,0.5,,
"DE018","Halle an der Saale","T_T_SH_NAT","Share of population  in metropolitan area over the national value","2014","2014","RATIO","Ratio","0","Units",,,0.5,,
"DE018","Halle an der Saale","T_T_SH_NAT","Share of population  in metropolitan area over the national value","2015","2015","RATIO","Ratio","0","Units",,,0.5,,
"DE018","Halle an der Saale","T_T_SH_NAT","Share of population  in metropolitan area over the national value","2016","2016","RATIO","Ratio","0","Units",,,0.5,,
"IT502","Prato","T_T","Population, All ages. Administrative data","2000","2000","PER","Persons","0","Units",,,245843,,
"IT502","Prato","T_T","Population, All ages. Administrative data","2001","2001","PER","Persons","0","Units",,,248086,,
"IT502","Prato","T_T","Population, All ages. Administrative data","2002","2002","PER","Persons","0","Units",,,250329,,
"IT502","Prato","T_T","Population, All ages. Administrative data","2003","2003","PER","Persons","0","Units",,,252573,,
"IT502","Prato","T_T","Population, All ages. Administrative data","2004","2004","PER","Persons","0","Units",,,254818,,
"IT502","Prato","T_T","Population, All ages. Administrative data","2005","2005","PER","Persons","0","Units",,,257061,,
"IT502","Prato","T_T","Population, All ages. Administrative data","2006","2006","PER","Persons","0","Units",,,259304,,
"IT502","Prato","T_T","Population, All ages. Administrative data","2007","2007","PER","Persons","0","Units",,,261548,,
"IT502","Prato","T_T","Population, All ages. Administrative data","2008","2008","PER","Persons","0","Units",,,263791,,
"IT502","Prato","T_T","Population, All ages. Administrative data","2009","2009","PER","Persons","0","Units",,,266034,,
"IT502","Prato","T_T","Population, All ages. Administrative data","2010","2010","PER","Persons","0","Units",,,268278,,
"IT502","Prato","T_T","Population, All ages. Administrative data","2011","2011","PER","Persons","0","Units",,,270522,,
"IT502","Prato","T_T","Population, All ages. Administrative data","2012","2012","PER","Persons","0","Units",,,272765,,
"IT502","Prato","T_T","Population, All ages. Administrative data","2013","2013","PER","Persons","0","Units",,,275864,,
"IT502","Prato","T_T","Population, All ages. Administrative data","2014","2014","PER","Persons","0","Units",,,281425,,
"IT502","Prato","T_T","Population, All ages. Administrative data","2015","2015","PER","Persons","0","Units",,,281305,,
"IT502","Prato","T_T","Population, All ages. Administrative data","2016","2016","PER","Persons","0","Units",,,281385,,
"COL18","Neiva","T_T","Population, All ages. Administrative data","2000","2000","PER","Persons","0","Units",,,302450,,
"COL18","Neiva","T_T","Population, All ages. Administrative data","2001","2001","PER","Persons","0","Units",,,304623,,
"COL18","Neiva","T_T","Population, All ages. Administrative data","2002","2002","PER","Persons","0","Units",,,306796,,
"COL18","Neiva","T_T","Population, All ages. Administrative data","2003","2003","PER","Persons","0","Units",,,308969,,
"COL18","Neiva","T_T","Population, All ages. Administrative data","2004","2004","PER","Persons","0","Units",,,311142,,
"COL18","Neiva","T_T","Population, All ages. Administrative data","2005","2005","PER","Persons","0","Units",,,313315,,
"COL18","Neiva","T_T","Population, All ages. Administrative data","2006","2006","PER","Persons","0","Units",,,315488,,
"COL18","Neiva","T_T","Population, All ages. Administrative data","2007","2007","PER","Persons","0","Units",,,317661,,
"COL18","Neiva","T_T","Population, All ages. Administrative data","2008","2008","PER","Persons","0","Units",,,319834,,
"COL18","Neiva","T_T","Population, All ages. Administrative data","2009","2009","PER","Persons","0","Units",,,322007,,
"COL18","Neiva","T_T","Population, All ages. Administrative data","2010","2010","PER","Persons","0","Units",,,324180,,
"COL18","Neiva","T_T","Population, All ages. Administrative data","2011","2011","PER","Persons","0","Units",,,326353,,
"COL18","Neiva","T_T","Population, All ages. Administrative data","2012","2012","PER","Persons","0","Units",,,328526,,
"COL18","Neiva","T_T","Population, All ages. Administrative data","2013","2013","PER","Persons","0","Units",,,330699,,
"COL18","Neiva","T_T","Population, All ages. Administrative data","2014","2014","PER","Persons","0","Units",,,332872,,
"COL18","Neiva","T_T","Population, All ages. Administrative data","2015","2015","PER","Persons","0","Units",,,335045,,
"UK027","Stoke-on-Trent","T_T_SH_NAT","Share of population  in metropolitan area over the national value","2001","2001","RATIO","Ratio","0","Units",,,0.8,,
"UK027","Stoke-on-Trent","T_T_SH_NAT","Share of population  in metropolitan area over the national value","2002","2002","RATIO","Ratio","0","Units",,,0.8,,
"UK027","Stoke-on-Trent","T_T_SH_NAT","Share of population  in metropolitan area over the national value","2003","2003","RATIO","Ratio","0","Units",,,0.8,,
"UK027","Stoke-on-Trent","T_T_SH_NAT","Share of population  in metropolitan area over the national value","2004","2004","RATIO","Ratio","0","Units",,,0.8,,
"UK027","Stoke-on-Trent","T_T_SH_NAT","Share of population  in metropolitan area over the national value","2005","2005","RATIO","Ratio","0","Units",,,0.8,,
"UK027","Stoke-on-Trent","T_T_SH_NAT","Share of population  in metropolitan area over the national value","2006","2006","RATIO","Ratio","0","Units",,,0.8,,
"UK027","Stoke-on-Trent","T_T_SH_NAT","Share of population  in metropolitan area over the national value","2007","2007","RATIO","Ratio","0","Units",,,0.8,,
"UK027","Stoke-on-Trent","T_T_SH_NAT","Share of population  in metropolitan area over the national value","2008","2008","RATIO","Ratio","0","Units",,,0.8,,
"UK027","Stoke-on-Trent","T_T_SH_NAT","Share of population  in metropolitan area over the national value","2009","2009","RATIO","Ratio","0","Units",,,0.8,,
"UK027","Stoke-on-Trent","T_T_SH_NAT","Share of population  in metropolitan area over the national value","2010","2010","RATIO","Ratio","0","Units",,,0.8,,
"UK027","Stoke-on-Trent","T_T_SH_NAT","Share of population  in metropolitan area over the national value","2011","2011","RATIO","Ratio","0","Units",,,0.8,,
"UK027","Stoke-on-Trent","T_T_SH_NAT","Share of population  in metropolitan area over the national value","2012","2012","RATIO","Ratio","0","Units",,,0.7,,
"UK027","Stoke-on-Trent","T_T_SH_NAT","Share of population  in metropolitan area over the national value","2013","2013","RATIO","Ratio","0","Units",,,0.7,,
"UK027","Stoke-on-Trent","T_T_SH_NAT","Share of population  in metropolitan area over the national value","2014","2014","RATIO","Ratio","0","Units",,,0.7,,
"UK027","Stoke-on-Trent","T_T_SH_NAT","Share of population  in metropolitan area over the national value","2015","2015","RATIO","Ratio","0","Units",,,0.7,,
"UK027","Stoke-on-Trent","T_T_SH_NAT","Share of population  in metropolitan area over the national value","2016","2016","RATIO","Ratio","0","Units",,,0.7,,
"USA90","Volusia-Daytona Beach","POP_DEN","Population density (pop. per km2)","2000","2000","PER","Persons","0","Units",,,135,,
"USA90","Volusia-Daytona Beach","POP_DEN","Population density (pop. per km2)","2001","2001","PER","Persons","0","Units",,,137,,
"USA90","Volusia-Daytona Beach","POP_DEN","Population density (pop. per km2)","2002","2002","PER","Persons","0","Units",,,139,,
"USA90","Volusia-Daytona Beach","POP_DEN","Population density (pop. per km2)","2003","2003","PER","Persons","0","Units",,,142,,
"USA90","Volusia-Daytona Beach","POP_DEN","Population density (pop. per km2)","2004","2004","PER","Persons","0","Units",,,145,,
"USA90","Volusia-Daytona Beach","POP_DEN","Population density (pop. per km2)","2005","2005","PER","Persons","0","Units",,,148,,
"USA90","Volusia-Daytona Beach","POP_DEN","Population density (pop. per km2)","2006","2006","PER","Persons","0","Units",,,150,,
"USA90","Volusia-Daytona Beach","POP_DEN","Population density (pop. per km2)","2007","2007","PER","Persons","0","Units",,,152,,
"USA90","Volusia-Daytona Beach","POP_DEN","Population density (pop. per km2)","2008","2008","PER","Persons","0","Units",,,151,,
"USA90","Volusia-Daytona Beach","POP_DEN","Population density (pop. per km2)","2009","2009","PER","Persons","0","Units",,,150,,
"USA90","Volusia-Daytona Beach","POP_DEN","Population density (pop. per km2)","2010","2010","PER","Persons","0","Units",,,150,,
"USA90","Volusia-Daytona Beach","POP_DEN","Population density (pop. per km2)","2011","2011","PER","Persons","0","Units",,,150,,
"USA90","Volusia-Daytona Beach","POP_DEN","Population density (pop. per km2)","2012","2012","PER","Persons","0","Units",,,151,,
"USA90","Volusia-Daytona Beach","POP_DEN","Population density (pop. per km2)","2013","2013","PER","Persons","0","Units",,,152,,
"USA90","Volusia-Daytona Beach","POP_DEN","Population density (pop. per km2)","2014","2014","PER","Persons","0","Units",,,154,,
"USA90","Volusia-Daytona Beach","POP_DEN","Population density (pop. per km2)","2015","2015","PER","Persons","0","Units",,,157,,
"USA90","Volusia-Daytona Beach","POP_DEN","Population density (pop. per km2)","2016","2016","PER","Persons","0","Units",,,161,,
"JPN26","Toyama","T_T_SH_NAT","Share of population  in metropolitan area over the national value","2001","2001","RATIO","Ratio","0","Units",,,0.5,,
"JPN26","Toyama","T_T_SH_NAT","Share of population  in metropolitan area over the national value","2002","2002","RATIO","Ratio","0","Units",,,0.5,,
"JPN26","Toyama","T_T_SH_NAT","Share of population  in metropolitan area over the national value","2003","2003","RATIO","Ratio","0","Units",,,0.5,,
"JPN26","Toyama","T_T_SH_NAT","Share of population  in metropolitan area over the national value","2004","2004","RATIO","Ratio","0","Units",,,0.5,,
"JPN26","Toyama","T_T_SH_NAT","Share of population  in metropolitan area over the national value","2005","2005","RATIO","Ratio","0","Units",,,0.5,,
"JPN26","Toyama","T_T_SH_NAT","Share of population  in metropolitan area over the national value","2006","2006","RATIO","Ratio","0","Units",,,0.5,,
"JPN26","Toyama","T_T_SH_NAT","Share of population  in metropolitan area over the national value","2007","2007","RATIO","Ratio","0","Units",,,0.5,,
"JPN26","Toyama","T_T_SH_NAT","Share of population  in metropolitan area over the national value","2008","2008","RATIO","Ratio","0","Units",,,0.5,,
"JPN26","Toyama","T_T_SH_NAT","Share of population  in metropolitan area over the national value","2009","2009","RATIO","Ratio","0","Units",,,0.5,,
"JPN26","Toyama","T_T_SH_NAT","Share of population  in metropolitan area over the national value","2010","2010","RATIO","Ratio","0","Units",,,0.5,,
"JPN26","Toyama","T_T_SH_NAT","Share of population  in metropolitan area over the national value","2011","2011","RATIO","Ratio","0","Units",,,0.5,,
"JPN26","Toyama","T_T_SH_NAT","Share of population  in metropolitan area over the national value","2012","2012","RATIO","Ratio","0","Units",,,0.5,,
"JPN26","Toyama","T_T_SH_NAT","Share of population  in metropolitan area over the national value","2013","2013","RATIO","Ratio","0","Units",,,0.5,,
"JPN26","Toyama","T_T_SH_NAT","Share of population  in metropolitan area over the national value","2014","2014","RATIO","Ratio","0","Units",,,0.5,,
"JPN26","Toyama","T_T_SH_NAT","Share of population  in metropolitan area over the national value","2015","2015","RATIO","Ratio","0","Units",,,0.5,,
"USA148","Durham","T_T_SH_NAT","Share of population  in metropolitan area over the national value","2001","2001","RATIO","Ratio","0","Units",,,0.1,,
"USA148","Durham","T_T_SH_NAT","Share of population  in metropolitan area over the national value","2002","2002","RATIO","Ratio","0","Units",,,0.1,,
"USA148","Durham","T_T_SH_NAT","Share of population  in metropolitan area over the national value","2003","2003","RATIO","Ratio","0","Units",,,0.1,,
"USA148","Durham","T_T_SH_NAT","Share of population  in metropolitan area over the national value","2004","2004","RATIO","Ratio","0","Units",,,0.1,,
"USA148","Durham","T_T_SH_NAT","Share of population  in metropolitan area over the national value","2005","2005","RATIO","Ratio","0","Units",,,0.1,,
"USA148","Durham","T_T_SH_NAT","Share of population  in metropolitan area over the national value","2006","2006","RATIO","Ratio","0","Units",,,0.1,,
"USA148","Durham","T_T_SH_NAT","Share of population  in metropolitan area over the national value","2007","2007","RATIO","Ratio","0","Units",,,0.1,,
"USA148","Durham","T_T_SH_NAT","Share of population  in metropolitan area over the national value","2008","2008","RATIO","Ratio","0","Units",,,0.1,,
"USA148","Durham","T_T_SH_NAT","Share of population  in metropolitan area over the national value","2009","2009","RATIO","Ratio","0","Units",,,0.1,,
"USA148","Durham","T_T_SH_NAT","Share of population  in metropolitan area over the national value","2010","2010","RATIO","Ratio","0","Units",,,0.1,,
"USA148","Durham","T_T_SH_NAT","Share of population  in metropolitan area over the national value","2011","2011","RATIO","Ratio","0","Units",,,0.1,,
"USA148","Durham","T_T_SH_NAT","Share of population  in metropolitan area over the national value","2012","2012","RATIO","Ratio","0","Units",,,0.1,,
"USA148","Durham","T_T_SH_NAT","Share of population  in metropolitan area over the national value","2013","2013","RATIO","Ratio","0","Units",,,0.1,,
"USA148","Durham","T_T_SH_NAT","Share of population  in metropolitan area over the national value","2014","2014","RATIO","Ratio","0","Units",,,0.1,,
"USA148","Durham","T_T_SH_NAT","Share of population  in metropolitan area over the national value","2015","2015","RATIO","Ratio","0","Units",,,0.1,,
"USA148","Durham","T_T_SH_NAT","Share of population  in metropolitan area over the national value","2016","2016","RATIO","Ratio","0","Units",,,0.1,,
"MEX58","Campeche","T_T_SH_NAT","Share of population  in metropolitan area over the national value","2005","2005","RATIO","Ratio","0","Units",,,0.2,,
"MEX58","Campeche","T_T_SH_NAT","Share of population  in metropolitan area over the national value","2010","2010","RATIO","Ratio","0","Units",,,0.2,,
"MEX58","Campeche","T_T_SH_NAT","Share of population  in metropolitan area over the national value","2015","2015","RATIO","Ratio","0","Units",,,0.2,,
"AT003","Linz","T_T","Population, All ages. Administrative data","2000","2000","PER","Persons","0","Units",,,591748,,
"AT003","Linz","T_T","Population, All ages. Administrative data","2001","2001","PER","Persons","0","Units",,,593316,,
"AT003","Linz","T_T","Population, All ages. Administrative data","2002","2002","PER","Persons","0","Units",,,594881,,
"AT003","Linz","T_T","Population, All ages. Administrative data","2003","2003","PER","Persons","0","Units",,,596448,,
"AT003","Linz","T_T","Population, All ages. Administrative data","2004","2004","PER","Persons","0","Units",,,598016,,
"AT003","Linz","T_T","Population, All ages. Administrative data","2005","2005","PER","Persons","0","Units",,,599583,,
"AT003","Linz","T_T","Population, All ages. Administrative data","2006","2006","PER","Persons","0","Units",,,601610,,
"AT003","Linz","T_T","Population, All ages. Administrative data","2007","2007","PER","Persons","0","Units",,,603637,,
"AT003","Linz","T_T","Population, All ages. Administrative data","2008","2008","PER","Persons","0","Units",,,605664,,
"AT003","Linz","T_T","Population, All ages. Administrative data","2009","2009","PER","Persons","0","Units",,,607691,,
"AT003","Linz","T_T","Population, All ages. Administrative data","2010","2010","PER","Persons","0","Units",,,609718,,
"AT003","Linz","T_T","Population, All ages. Administrative data","2011","2011","PER","Persons","0","Units",,,613147,,
"AT003","Linz","T_T","Population, All ages. Administrative data","2012","2012","PER","Persons","0","Units",,,616576,,
"AT003","Linz","T_T","Population, All ages. Administrative data","2013","2013","PER","Persons","0","Units",,,620005,,
"AT003","Linz","T_T","Population, All ages. Administrative data","2014","2014","PER","Persons","0","Units",,,623434,,
"AT003","Linz","T_T","Population, All ages. Administrative data","2015","2015","PER","Persons","0","Units",,,626863,,
"JPN31","Numazu","POP_DEN","Population density (pop. per km2)","2000","2000","PER","Persons","0","Units",,,600,,
"JPN31","Numazu","POP_DEN","Population density (pop. per km2)","2001","2001","PER","Persons","0","Units",,,600,,
"JPN31","Numazu","POP_DEN","Population density (pop. per km2)","2002","2002","PER","Persons","0","Units",,,600,,
"JPN31","Numazu","POP_DEN","Population density (pop. per km2)","2003","2003","PER","Persons","0","Units",,,600,,
"JPN31","Numazu","POP_DEN","Population density (pop. per km2)","2004","2004","PER","Persons","0","Units",,,600,,
"JPN31","Numazu","POP_DEN","Population density (pop. per km2)","2005","2005","PER","Persons","0","Units",,,600,,
"JPN31","Numazu","POP_DEN","Population density (pop. per km2)","2006","2006","PER","Persons","0","Units",,,599,,
"JPN31","Numazu","POP_DEN","Population density (pop. per km2)","2007","2007","PER","Persons","0","Units",,,597,,
"JPN31","Numazu","POP_DEN","Population density (pop. per km2)","2008","2008","PER","Persons","0","Units",,,596,,
"JPN31","Numazu","POP_DEN","Population density (pop. per km2)","2009","2009","PER","Persons","0","Units",,,594,,
"JPN31","Numazu","POP_DEN","Population density (pop. per km2)","2010","2010","PER","Persons","0","Units",,,593,,
"JPN31","Numazu","POP_DEN","Population density (pop. per km2)","2011","2011","PER","Persons","0","Units",,,590,,
"JPN31","Numazu","POP_DEN","Population density (pop. per km2)","2012","2012","PER","Persons","0","Units",,,586,,
"JPN31","Numazu","POP_DEN","Population density (pop. per km2)","2013","2013","PER","Persons","0","Units",,,583,,
"JPN31","Numazu","POP_DEN","Population density (pop. per km2)","2014","2014","PER","Persons","0","Units",,,580,,
"JPN31","Numazu","POP_DEN","Population density (pop. per km2)","2015","2015","PER","Persons","0","Units",,,577,,
"PL012","Kielce","T_T","Population, All ages. Administrative data","2000","2000","PER","Persons","0","Units",,,384157,,
"PL012","Kielce","T_T","Population, All ages. Administrative data","2001","2001","PER","Persons","0","Units",,,383911,,
"PL012","Kielce","T_T","Population, All ages. Administrative data","2002","2002","PER","Persons","0","Units",,,383841,,
"PL012","Kielce","T_T","Population, All ages. Administrative data","2003","2003","PER","Persons","0","Units",,,383639,,
"PL012","Kielce","T_T","Population, All ages. Administrative data","2004","2004","PER","Persons","0","Units",,,383367,,
"PL012","Kielce","T_T","Population, All ages. Administrative data","2005","2005","PER","Persons","0","Units",,,382954,,
"PL012","Kielce","T_T","Population, All ages. Administrative data","2006","2006","PER","Persons","0","Units",,,382423,,
"PL012","Kielce","T_T","Population, All ages. Administrative data","2007","2007","PER","Persons","0","Units",,,397081,,
"PL012","Kielce","T_T","Population, All ages. Administrative data","2008","2008","PER","Persons","0","Units",,,397174,,
"PL012","Kielce","T_T","Population, All ages. Administrative data","2009","2009","PER","Persons","0","Units",,,397921,,
"PL012","Kielce","T_T","Population, All ages. Administrative data","2010","2010","PER","Persons","0","Units",,,399003,,
"PL012","Kielce","T_T","Population, All ages. Administrative data","2011","2011","PER","Persons","0","Units",,,399172,,
"PL012","Kielce","T_T","Population, All ages. Administrative data","2012","2012","PER","Persons","0","Units",,,399270,,
"PL012","Kielce","T_T","Population, All ages. Administrative data","2013","2013","PER","Persons","0","Units",,,398830,,
"PL012","Kielce","T_T","Population, All ages. Administrative data","2014","2014","PER","Persons","0","Units",,,398433,,
"PL012","Kielce","T_T","Population, All ages. Administrative data","2015","2015","PER","Persons","0","Units",,,398031,,
"PL012","Kielce","T_T","Population, All ages. Administrative data","2016","2016","PER","Persons","0","Units",,,398185,,
"USA94","Washoe","T_T","Population, All ages. Administrative data","2000","2000","PER","Persons","0","Units",,,379591,,
"USA94","Washoe","T_T","Population, All ages. Administrative data","2001","2001","PER","Persons","0","Units",,,391353,,
"USA94","Washoe","T_T","Population, All ages. Administrative data","2002","2002","PER","Persons","0","Units",,,403279,,
"USA94","Washoe","T_T","Population, All ages. Administrative data","2003","2003","PER","Persons","0","Units",,,415359,,
"USA94","Washoe","T_T","Population, All ages. Administrative data","2004","2004","PER","Persons","0","Units",,,428842,,
"USA94","Washoe","T_T","Population, All ages. Administrative data","2005","2005","PER","Persons","0","Units",,,442774,,
"USA94","Washoe","T_T","Population, All ages. Administrative data","2006","2006","PER","Persons","0","Units",,,454193,,
"USA94","Washoe","T_T","Population, All ages. Administrative data","2007","2007","PER","Persons","0","Units",,,464449,,
"USA94","Washoe","T_T","Population, All ages. Administrative data","2008","2008","PER","Persons","0","Units",,,471048,,
"USA94","Washoe","T_T","Population, All ages. Administrative data","2009","2009","PER","Persons","0","Units",,,473606,,
"USA94","Washoe","T_T","Population, All ages. Administrative data","2010","2010","PER","Persons","0","Units",,,478034,,
"USA94","Washoe","T_T","Population, All ages. Administrative data","2011","2011","PER","Persons","0","Units",,,479935,,
"USA94","Washoe","T_T","Population, All ages. Administrative data","2012","2012","PER","Persons","0","Units",,,483210,,
"USA94","Washoe","T_T","Population, All ages. Administrative data","2013","2013","PER","Persons","0","Units",,,487287,,
"USA94","Washoe","T_T","Population, All ages. Administrative data","2014","2014","PER","Persons","0","Units",,,493191,,
"USA94","Washoe","T_T","Population, All ages. Administrative data","2015","2015","PER","Persons","0","Units",,,500262,,
"USA94","Washoe","T_T","Population, All ages. Administrative data","2016","2016","PER","Persons","0","Units",,,509272,,
"DE542","Hildesheim","T_T_SH_NAT","Share of population  in metropolitan area over the national value","2001","2001","RATIO","Ratio","0","Units",,,0.4,,
"DE542","Hildesheim","T_T_SH_NAT","Share of population  in metropolitan area over the national value","2002","2002","RATIO","Ratio","0","Units",,,0.4,,
"DE542","Hildesheim","T_T_SH_NAT","Share of population  in metropolitan area over the national value","2003","2003","RATIO","Ratio","0","Units",,,0.4,,
"DE542","Hildesheim","T_T_SH_NAT","Share of population  in metropolitan area over the national value","2004","2004","RATIO","Ratio","0","Units",,,0.4,,
"DE542","Hildesheim","T_T_SH_NAT","Share of population  in metropolitan area over the national value","2005","2005","RATIO","Ratio","0","Units",,,0.4,,
"DE542","Hildesheim","T_T_SH_NAT","Share of population  in metropolitan area over the national value","2006","2006","RATIO","Ratio","0","Units",,,0.4,,
"DE542","Hildesheim","T_T_SH_NAT","Share of population  in metropolitan area over the national value","2007","2007","RATIO","Ratio","0","Units",,,0.4,,
"DE542","Hildesheim","T_T_SH_NAT","Share of population  in metropolitan area over the national value","2008","2008","RATIO","Ratio","0","Units",,,0.4,,
"DE542","Hildesheim","T_T_SH_NAT","Share of population  in metropolitan area over the national value","2009","2009","RATIO","Ratio","0","Units",,,0.4,,
"DE542","Hildesheim","T_T_SH_NAT","Share of population  in metropolitan area over the national value","2010","2010","RATIO","Ratio","0","Units",,,0.4,,
"DE542","Hildesheim","T_T_SH_NAT","Share of population  in metropolitan area over the national value","2011","2011","RATIO","Ratio","0","Units",,,0.4,,
"DE542","Hildesheim","T_T_SH_NAT","Share of population  in metropolitan area over the national value","2012","2012","RATIO","Ratio","0","Units",,,0.4,,
"DE542","Hildesheim","T_T_SH_NAT","Share of population  in metropolitan area over the national value","2013","2013","RATIO","Ratio","0","Units",,,0.3,,
"DE542","Hildesheim","T_T_SH_NAT","Share of population  in metropolitan area over the national value","2014","2014","RATIO","Ratio","0","Units",,,0.3,,
"DE542","Hildesheim","T_T_SH_NAT","Share of population  in metropolitan area over the national value","2015","2015","RATIO","Ratio","0","Units",,,0.3,,
"DE542","Hildesheim","T_T_SH_NAT","Share of population  in metropolitan area over the national value","2016","2016","RATIO","Ratio","0","Units",,,0.3,,
"USA108","Lafayette","POP_DEN","Population density (pop. per km2)","2000","2000","PER","Persons","0","Units",,,44,,
"USA108","Lafayette","POP_DEN","Population density (pop. per km2)","2001","2001","PER","Persons","0","Units",,,44,,
"USA108","Lafayette","POP_DEN","Population density (pop. per km2)","2002","2002","PER","Persons","0","Units",,,44,,
"USA108","Lafayette","POP_DEN","Population density (pop. per km2)","2003","2003","PER","Persons","0","Units",,,45,,
"USA108","Lafayette","POP_DEN","Population density (pop. per km2)","2004","2004","PER","Persons","0","Units",,,45,,
"USA108","Lafayette","POP_DEN","Population density (pop. per km2)","2005","2005","PER","Persons","0","Units",,,45,,
"USA108","Lafayette","POP_DEN","Population density (pop. per km2)","2006","2006","PER","Persons","0","Units",,,46,,
"USA108","Lafayette","POP_DEN","Population density (pop. per km2)","2007","2007","PER","Persons","0","Units",,,47,,
"USA108","Lafayette","POP_DEN","Population density (pop. per km2)","2008","2008","PER","Persons","0","Units",,,47,,
"USA108","Lafayette","POP_DEN","Population density (pop. per km2)","2009","2009","PER","Persons","0","Units",,,48,,
"USA108","Lafayette","POP_DEN","Population density (pop. per km2)","2010","2010","PER","Persons","0","Units",,,48,,
"USA108","Lafayette","POP_DEN","Population density (pop. per km2)","2011","2011","PER","Persons","0","Units",,,48,,
"USA108","Lafayette","POP_DEN","Population density (pop. per km2)","2012","2012","PER","Persons","0","Units",,,49,,
"USA108","Lafayette","POP_DEN","Population density (pop. per km2)","2013","2013","PER","Persons","0","Units",,,49,,
"USA108","Lafayette","POP_DEN","Population density (pop. per km2)","2014","2014","PER","Persons","0","Units",,,50,,
"USA108","Lafayette","POP_DEN","Population density (pop. per km2)","2015","2015","PER","Persons","0","Units",,,50,,
"USA108","Lafayette","POP_DEN","Population density (pop. per km2)","2016","2016","PER","Persons","0","Units",,,51,,
"PL010","Katowice","T_T","Population, All ages. Administrative data","2000","2000","PER","Persons","0","Units",,,2721201,,
"PL010","Katowice","T_T","Population, All ages. Administrative data","2001","2001","PER","Persons","0","Units",,,2707004,,
"PL010","Katowice","T_T","Population, All ages. Administrative data","2002","2002","PER","Persons","0","Units",,,2699020,,
"PL010","Katowice","T_T","Population, All ages. Administrative data","2003","2003","PER","Persons","0","Units",,,2685458,,
"PL010","Katowice","T_T","Population, All ages. Administrative data","2004","2004","PER","Persons","0","Units",,,2673192,,
"PL010","Katowice","T_T","Population, All ages. Administrative data","2005","2005","PER","Persons","0","Units",,,2660080,,
"PL010","Katowice","T_T","Population, All ages. Administrative data","2006","2006","PER","Persons","0","Units",,,2647028,,
"PL010","Katowice","T_T","Population, All ages. Administrative data","2007","2007","PER","Persons","0","Units",,,2635340,,
"PL010","Katowice","T_T","Population, All ages. Administrative data","2008","2008","PER","Persons","0","Units",,,2626658,,
"PL010","Katowice","T_T","Population, All ages. Administrative data","2009","2009","PER","Persons","0","Units",,,2620025,,
"PL010","Katowice","T_T","Population, All ages. Administrative data","2010","2010","PER","Persons","0","Units",,,2604136,,
"PL010","Katowice","T_T","Population, All ages. Administrative data","2011","2011","PER","Persons","0","Units",,,2595676,,
"PL010","Katowice","T_T","Population, All ages. Administrative data","2012","2012","PER","Persons","0","Units",,,2585884,,
"PL010","Katowice","T_T","Population, All ages. Administrative data","2013","2013","PER","Persons","0","Units",,,2573159,,
"PL010","Katowice","T_T","Population, All ages. Administrative data","2014","2014","PER","Persons","0","Units",,,2562042,,
"PL010","Katowice","T_T","Population, All ages. Administrative data","2015","2015","PER","Persons","0","Units",,,2550899,,
"PL010","Katowice","T_T","Population, All ages. Administrative data","2016","2016","PER","Persons","0","Units",,,2541191,,
"ES006","Malaga","POP_DEN","Population density (pop. per km2)","2000","2000","PER","Persons","0","Units",,,459,,
"ES006","Malaga","POP_DEN","Population density (pop. per km2)","2001","2001","PER","Persons","0","Units",,,465,,
"ES006","Malaga","POP_DEN","Population density (pop. per km2)","2002","2002","PER","Persons","0","Units",,,472,,
"ES006","Malaga","POP_DEN","Population density (pop. per km2)","2003","2003","PER","Persons","0","Units",,,478,,
"ES006","Malaga","POP_DEN","Population density (pop. per km2)","2004","2004","PER","Persons","0","Units",,,484,,
"ES006","Malaga","POP_DEN","Population density (pop. per km2)","2005","2005","PER","Persons","0","Units",,,490,,
"ES006","Malaga","POP_DEN","Population density (pop. per km2)","2006","2006","PER","Persons","0","Units",,,496,,
"ES006","Malaga","POP_DEN","Population density (pop. per km2)","2007","2007","PER","Persons","0","Units",,,502,,
"ES006","Malaga","POP_DEN","Population density (pop. per km2)","2008","2008","PER","Persons","0","Units",,,508,,
"ES006","Malaga","POP_DEN","Population density (pop. per km2)","2009","2009","PER","Persons","0","Units",,,514,,
"ES006","Malaga","POP_DEN","Population density (pop. per km2)","2010","2010","PER","Persons","0","Units",,,521,,
"ES006","Malaga","POP_DEN","Population density (pop. per km2)","2011","2011","PER","Persons","0","Units",,,527,,
"ES006","Malaga","POP_DEN","Population density (pop. per km2)","2012","2012","PER","Persons","0","Units",,,533,,
"ES006","Malaga","POP_DEN","Population density (pop. per km2)","2013","2013","PER","Persons","0","Units",,,539,,
"ES006","Malaga","POP_DEN","Population density (pop. per km2)","2014","2014","PER","Persons","0","Units",,,545,,
"ES006","Malaga","POP_DEN","Population density (pop. per km2)","2015","2015","PER","Persons","0","Units",,,551,,
"ES006","Malaga","POP_DEN","Population density (pop. per km2)","2016","2016","PER","Persons","0","Units",,,557,,
"AT002","Graz","T_T_SH_NAT","Share of population  in metropolitan area over the national value","2001","2001","RATIO","Ratio","0","Units",,,4.6,,
"AT002","Graz","T_T_SH_NAT","Share of population  in metropolitan area over the national value","2002","2002","RATIO","Ratio","0","Units",,,4.6,,
"AT002","Graz","T_T_SH_NAT","Share of population  in metropolitan area over the national value","2003","2003","RATIO","Ratio","0","Units",,,4.6,,
"AT002","Graz","T_T_SH_NAT","Share of population  in metropolitan area over the national value","2004","2004","RATIO","Ratio","0","Units",,,4.7,,
"AT002","Graz","T_T_SH_NAT","Share of population  in metropolitan area over the national value","2005","2005","RATIO","Ratio","0","Units",,,4.7,,
"AT002","Graz","T_T_SH_NAT","Share of population  in metropolitan area over the national value","2006","2006","RATIO","Ratio","0","Units",,,4.7,,
"AT002","Graz","T_T_SH_NAT","Share of population  in metropolitan area over the national value","2007","2007","RATIO","Ratio","0","Units",,,4.7,,
"AT002","Graz","T_T_SH_NAT","Share of population  in metropolitan area over the national value","2008","2008","RATIO","Ratio","0","Units",,,4.7,,
"AT002","Graz","T_T_SH_NAT","Share of population  in metropolitan area over the national value","2009","2009","RATIO","Ratio","0","Units",,,4.8,,
"AT002","Graz","T_T_SH_NAT","Share of population  in metropolitan area over the national value","2010","2010","RATIO","Ratio","0","Units",,,4.8,,
"AT002","Graz","T_T_SH_NAT","Share of population  in metropolitan area over the national value","2011","2011","RATIO","Ratio","0","Units",,,4.8,,
"AT002","Graz","T_T_SH_NAT","Share of population  in metropolitan area over the national value","2012","2012","RATIO","Ratio","0","Units",,,4.9,,
"AT002","Graz","T_T_SH_NAT","Share of population  in metropolitan area over the national value","2013","2013","RATIO","Ratio","0","Units",,,4.9,,
"AT002","Graz","T_T_SH_NAT","Share of population  in metropolitan area over the national value","2014","2014","RATIO","Ratio","0","Units",,,4.9,,
"AT002","Graz","T_T_SH_NAT","Share of population  in metropolitan area over the national value","2015","2015","RATIO","Ratio","0","Units",,,4.9,,
"FR022","Clermont-Ferrand","T_T_SH_NAT","Share of population  in metropolitan area over the national value","2001","2001","RATIO","Ratio","0","Units",,,0.7,,
"FR022","Clermont-Ferrand","T_T_SH_NAT","Share of population  in metropolitan area over the national value","2002","2002","RATIO","Ratio","0","Units",,,0.7,,
"FR022","Clermont-Ferrand","T_T_SH_NAT","Share of population  in metropolitan area over the national value","2003","2003","RATIO","Ratio","0","Units",,,0.7,,
"FR022","Clermont-Ferrand","T_T_SH_NAT","Share of population  in metropolitan area over the national value","2004","2004","RATIO","Ratio","0","Units",,,0.7,,
"FR022","Clermont-Ferrand","T_T_SH_NAT","Share of population  in metropolitan area over the national value","2005","2005","RATIO","Ratio","0","Units",,,0.7,,
"FR022","Clermont-Ferrand","T_T_SH_NAT","Share of population  in metropolitan area over the national value","2006","2006","RATIO","Ratio","0","Units",,,0.7,,
"FR022","Clermont-Ferrand","T_T_SH_NAT","Share of population  in metropolitan area over the national value","2007","2007","RATIO","Ratio","0","Units",,,0.7,,
"FR022","Clermont-Ferrand","T_T_SH_NAT","Share of population  in metropolitan area over the national value","2008","2008","RATIO","Ratio","0","Units",,,0.7,,
"FR022","Clermont-Ferrand","T_T_SH_NAT","Share of population  in metropolitan area over the national value","2009","2009","RATIO","Ratio","0","Units",,,0.7,,
"FR022","Clermont-Ferrand","T_T_SH_NAT","Share of population  in metropolitan area over the national value","2010","2010","RATIO","Ratio","0","Units",,,0.7,,
"FR022","Clermont-Ferrand","T_T_SH_NAT","Share of population  in metropolitan area over the national value","2011","2011","RATIO","Ratio","0","Units",,,0.7,,
"FR022","Clermont-Ferrand","T_T_SH_NAT","Share of population  in metropolitan area over the national value","2012","2012","RATIO","Ratio","0","Units",,,0.7,,
"FR022","Clermont-Ferrand","T_T_SH_NAT","Share of population  in metropolitan area over the national value","2013","2013","RATIO","Ratio","0","Units",,,0.7,,
"FR022","Clermont-Ferrand","T_T_SH_NAT","Share of population  in metropolitan area over the national value","2014","2014","RATIO","Ratio","0","Units",,,0.7,,
"FR022","Clermont-Ferrand","T_T_SH_NAT","Share of population  in metropolitan area over the national value","2015","2015","RATIO","Ratio","0","Units",,,0.7,,
"IT004","Turin","T_T_SH_NAT","Share of population  in metropolitan area over the national value","2001","2001","RATIO","Ratio","0","Units",,,3,,
"IT004","Turin","T_T_SH_NAT","Share of population  in metropolitan area over the national value","2002","2002","RATIO","Ratio","0","Units",,,3,,
"IT004","Turin","T_T_SH_NAT","Share of population  in metropolitan area over the national value","2003","2003","RATIO","Ratio","0","Units",,,3,,
"IT004","Turin","T_T_SH_NAT","Share of population  in metropolitan area over the national value","2004","2004","RATIO","Ratio","0","Units",,,3,,
"IT004","Turin","T_T_SH_NAT","Share of population  in metropolitan area over the national value","2005","2005","RATIO","Ratio","0","Units",,,2.9,,
"IT004","Turin","T_T_SH_NAT","Share of population  in metropolitan area over the national value","2006","2006","RATIO","Ratio","0","Units",,,2.9,,
"IT004","Turin","T_T_SH_NAT","Share of population  in metropolitan area over the national value","2007","2007","RATIO","Ratio","0","Units",,,2.9,,
"IT004","Turin","T_T_SH_NAT","Share of population  in metropolitan area over the national value","2008","2008","RATIO","Ratio","0","Units",,,2.9,,
"IT004","Turin","T_T_SH_NAT","Share of population  in metropolitan area over the national value","2009","2009","RATIO","Ratio","0","Units",,,2.9,,
"IT004","Turin","T_T_SH_NAT","Share of population  in metropolitan area over the national value","2010","2010","RATIO","Ratio","0","Units",,,2.9,,
"IT004","Turin","T_T_SH_NAT","Share of population  in metropolitan area over the national value","2011","2011","RATIO","Ratio","0","Units",,,2.9,,
"IT004","Turin","T_T_SH_NAT","Share of population  in metropolitan area over the national value","2012","2012","RATIO","Ratio","0","Units",,,2.9,,
"IT004","Turin","T_T_SH_NAT","Share of population  in metropolitan area over the national value","2013","2013","RATIO","Ratio","0","Units",,,2.9,,
"IT004","Turin","T_T_SH_NAT","Share of population  in metropolitan area over the national value","2014","2014","RATIO","Ratio","0","Units",,,2.9,,
"IT004","Turin","T_T_SH_NAT","Share of population  in metropolitan area over the national value","2015","2015","RATIO","Ratio","0","Units",,,2.9,,
"IT004","Turin","T_T_SH_NAT","Share of population  in metropolitan area over the national value","2016","2016","RATIO","Ratio","0","Units",,,2.9,,
"UK568","Cheshire West and Chester","T_T","Population, All ages. Administrative data","2001","2001","PER","Persons","0","Units",,,470783,,
"UK568","Cheshire West and Chester","T_T","Population, All ages. Administrative data","2002","2002","PER","Persons","0","Units",,,471604,,
"UK568","Cheshire West and Chester","T_T","Population, All ages. Administrative data","2003","2003","PER","Persons","0","Units",,,473554,,
"UK568","Cheshire West and Chester","T_T","Population, All ages. Administrative data","2004","2004","PER","Persons","0","Units",,,475177,,
"UK568","Cheshire West and Chester","T_T","Population, All ages. Administrative data","2005","2005","PER","Persons","0","Units",,,477059,,
"UK568","Cheshire West and Chester","T_T","Population, All ages. Administrative data","2006","2006","PER","Persons","0","Units",,,478483,,
"UK568","Cheshire West and Chester","T_T","Population, All ages. Administrative data","2007","2007","PER","Persons","0","Units",,,480180,,
"UK568","Cheshire West and Chester","T_T","Population, All ages. Administrative data","2008","2008","PER","Persons","0","Units",,,480854,,
"UK568","Cheshire West and Chester","T_T","Population, All ages. Administrative data","2009","2009","PER","Persons","0","Units",,,481101,,
"UK568","Cheshire West and Chester","T_T","Population, All ages. Administrative data","2010","2010","PER","Persons","0","Units",,,481633,,
"UK568","Cheshire West and Chester","T_T","Population, All ages. Administrative data","2011","2011","PER","Persons","0","Units",,,482192,,
"UK568","Cheshire West and Chester","T_T","Population, All ages. Administrative data","2012","2012","PER","Persons","0","Units",,,483000,,
"UK568","Cheshire West and Chester","T_T","Population, All ages. Administrative data","2013","2013","PER","Persons","0","Units",,,484292,,
"UK568","Cheshire West and Chester","T_T","Population, All ages. Administrative data","2014","2014","PER","Persons","0","Units",,,486091,,
"UK568","Cheshire West and Chester","T_T","Population, All ages. Administrative data","2015","2015","PER","Persons","0","Units",,,488034,,
"UK568","Cheshire West and Chester","T_T","Population, All ages. Administrative data","2016","2016","PER","Persons","0","Units",,,490350,,
"UK539","Bournemouth","T_T_SH_NAT","Share of population  in metropolitan area over the national value","2001","2001","RATIO","Ratio","0","Units",,,0.8,,
"UK539","Bournemouth","T_T_SH_NAT","Share of population  in metropolitan area over the national value","2002","2002","RATIO","Ratio","0","Units",,,0.8,,
"UK539","Bournemouth","T_T_SH_NAT","Share of population  in metropolitan area over the national value","2003","2003","RATIO","Ratio","0","Units",,,0.8,,
"UK539","Bournemouth","T_T_SH_NAT","Share of population  in metropolitan area over the national value","2004","2004","RATIO","Ratio","0","Units",,,0.8,,
"UK539","Bournemouth","T_T_SH_NAT","Share of population  in metropolitan area over the national value","2005","2005","RATIO","Ratio","0","Units",,,0.8,,
"UK539","Bournemouth","T_T_SH_NAT","Share of population  in metropolitan area over the national value","2006","2006","RATIO","Ratio","0","Units",,,0.8,,
"UK539","Bournemouth","T_T_SH_NAT","Share of population  in metropolitan area over the national value","2007","2007","RATIO","Ratio","0","Units",,,0.8,,
"UK539","Bournemouth","T_T_SH_NAT","Share of population  in metropolitan area over the national value","2008","2008","RATIO","Ratio","0","Units",,,0.8,,
"UK539","Bournemouth","T_T_SH_NAT","Share of population  in metropolitan area over the national value","2009","2009","RATIO","Ratio","0","Units",,,0.8,,
"UK539","Bournemouth","T_T_SH_NAT","Share of population  in metropolitan area over the national value","2010","2010","RATIO","Ratio","0","Units",,,0.8,,
"UK539","Bournemouth","T_T_SH_NAT","Share of population  in metropolitan area over the national value","2011","2011","RATIO","Ratio","0","Units",,,0.8,,
"UK539","Bournemouth","T_T_SH_NAT","Share of population  in metropolitan area over the national value","2012","2012","RATIO","Ratio","0","Units",,,0.8,,
"UK539","Bournemouth","T_T_SH_NAT","Share of population  in metropolitan area over the national value","2013","2013","RATIO","Ratio","0","Units",,,0.8,,
"UK539","Bournemouth","T_T_SH_NAT","Share of population  in metropolitan area over the national value","2014","2014","RATIO","Ratio","0","Units",,,0.8,,
"UK539","Bournemouth","T_T_SH_NAT","Share of population  in metropolitan area over the national value","2015","2015","RATIO","Ratio","0","Units",,,0.8,,
"UK539","Bournemouth","T_T_SH_NAT","Share of population  in metropolitan area over the national value","2016","2016","RATIO","Ratio","0","Units",,,0.8,,
"COL15","Monteria","T_T","Population, All ages. Administrative data","2000","2000","PER","Persons","0","Units",,,353231,,
"COL15","Monteria","T_T","Population, All ages. Administrative data","2001","2001","PER","Persons","0","Units",,,358579,,
"COL15","Monteria","T_T","Population, All ages. Administrative data","2002","2002","PER","Persons","0","Units",,,363928,,
"COL15","Monteria","T_T","Population, All ages. Administrative data","2003","2003","PER","Persons","0","Units",,,369277,,
"COL15","Monteria","T_T","Population, All ages. Administrative data","2004","2004","PER","Persons","0","Units",,,374625,,
"COL15","Monteria","T_T","Population, All ages. Administrative data","2005","2005","PER","Persons","0","Units",,,379974,,
"COL15","Monteria","T_T","Population, All ages. Administrative data","2006","2006","PER","Persons","0","Units",,,385323,,
"COL15","Monteria","T_T","Population, All ages. Administrative data","2007","2007","PER","Persons","0","Units",,,390672,,
"COL15","Monteria","T_T","Population, All ages. Administrative data","2008","2008","PER","Persons","0","Units",,,396020,,
"COL15","Monteria","T_T","Population, All ages. Administrative data","2009","2009","PER","Persons","0","Units",,,401369,,
"COL15","Monteria","T_T","Population, All ages. Administrative data","2010","2010","PER","Persons","0","Units",,,406718,,
"COL15","Monteria","T_T","Population, All ages. Administrative data","2011","2011","PER","Persons","0","Units",,,412066,,
"COL15","Monteria","T_T","Population, All ages. Administrative data","2012","2012","PER","Persons","0","Units",,,417415,,
"COL15","Monteria","T_T","Population, All ages. Administrative data","2013","2013","PER","Persons","0","Units",,,422764,,
"COL15","Monteria","T_T","Population, All ages. Administrative data","2014","2014","PER","Persons","0","Units",,,428113,,
"COL15","Monteria","T_T","Population, All ages. Administrative data","2015","2015","PER","Persons","0","Units",,,433461,,
"UK018","Exeter","POP_DEN","Population density (pop. per km2)","2001","2001","PER","Persons","0","Units",,,175,,
"UK018","Exeter","POP_DEN","Population density (pop. per km2)","2002","2002","PER","Persons","0","Units",,,176,,
"UK018","Exeter","POP_DEN","Population density (pop. per km2)","2003","2003","PER","Persons","0","Units",,,177,,
"UK018","Exeter","POP_DEN","Population density (pop. per km2)","2004","2004","PER","Persons","0","Units",,,178,,
"UK018","Exeter","POP_DEN","Population density (pop. per km2)","2005","2005","PER","Persons","0","Units",,,180,,
"UK018","Exeter","POP_DEN","Population density (pop. per km2)","2006","2006","PER","Persons","0","Units",,,180,,
"UK018","Exeter","POP_DEN","Population density (pop. per km2)","2007","2007","PER","Persons","0","Units",,,182,,
"UK018","Exeter","POP_DEN","Population density (pop. per km2)","2008","2008","PER","Persons","0","Units",,,183,,
"UK018","Exeter","POP_DEN","Population density (pop. per km2)","2009","2009","PER","Persons","0","Units",,,183,,
"UK018","Exeter","POP_DEN","Population density (pop. per km2)","2010","2010","PER","Persons","0","Units",,,184,,
"UK018","Exeter","POP_DEN","Population density (pop. per km2)","2011","2011","PER","Persons","0","Units",,,185,,
"UK018","Exeter","POP_DEN","Population density (pop. per km2)","2012","2012","PER","Persons","0","Units",,,187,,
"UK018","Exeter","POP_DEN","Population density (pop. per km2)","2013","2013","PER","Persons","0","Units",,,188,,
"UK018","Exeter","POP_DEN","Population density (pop. per km2)","2014","2014","PER","Persons","0","Units",,,190,,
"UK018","Exeter","POP_DEN","Population density (pop. per km2)","2015","2015","PER","Persons","0","Units",,,193,,
"UK018","Exeter","POP_DEN","Population density (pop. per km2)","2016","2016","PER","Persons","0","Units",,,195,,
"PL020","Nowy Sacz","T_T","Population, All ages. Administrative data","2000","2000","PER","Persons","0","Units",,,240885,,
"PL020","Nowy Sacz","T_T","Population, All ages. Administrative data","2001","2001","PER","Persons","0","Units",,,242363,,
"PL020","Nowy Sacz","T_T","Population, All ages. Administrative data","2002","2002","PER","Persons","0","Units",,,243592,,
"PL020","Nowy Sacz","T_T","Population, All ages. Administrative data","2003","2003","PER","Persons","0","Units",,,244994,,
"PL020","Nowy Sacz","T_T","Population, All ages. Administrative data","2004","2004","PER","Persons","0","Units",,,246392,,
"PL020","Nowy Sacz","T_T","Population, All ages. Administrative data","2005","2005","PER","Persons","0","Units",,,247828,,
"PL020","Nowy Sacz","T_T","Population, All ages. Administrative data","2006","2006","PER","Persons","0","Units",,,248926,,
"PL020","Nowy Sacz","T_T","Population, All ages. Administrative data","2007","2007","PER","Persons","0","Units",,,250370,,
"PL020","Nowy Sacz","T_T","Population, All ages. Administrative data","2008","2008","PER","Persons","0","Units",,,251712,,
"PL020","Nowy Sacz","T_T","Population, All ages. Administrative data","2009","2009","PER","Persons","0","Units",,,253281,,
"PL020","Nowy Sacz","T_T","Population, All ages. Administrative data","2010","2010","PER","Persons","0","Units",,,256750,,
"PL020","Nowy Sacz","T_T","Population, All ages. Administrative data","2011","2011","PER","Persons","0","Units",,,258083,,
"PL020","Nowy Sacz","T_T","Population, All ages. Administrative data","2012","2012","PER","Persons","0","Units",,,259196,,
"PL020","Nowy Sacz","T_T","Population, All ages. Administrative data","2013","2013","PER","Persons","0","Units",,,260181,,
"PL020","Nowy Sacz","T_T","Population, All ages. Administrative data","2014","2014","PER","Persons","0","Units",,,261065,,
"PL020","Nowy Sacz","T_T","Population, All ages. Administrative data","2015","2015","PER","Persons","0","Units",,,262212,,
"PL020","Nowy Sacz","T_T","Population, All ages. Administrative data","2016","2016","PER","Persons","0","Units",,,263339,,
"USA80","Dane","POP_DEN","Population density (pop. per km2)","2000","2000","PER","Persons","0","Units",,,91,,
"USA80","Dane","POP_DEN","Population density (pop. per km2)","2001","2001","PER","Persons","0","Units",,,93,,
"USA80","Dane","POP_DEN","Population density (pop. per km2)","2002","2002","PER","Persons","0","Units",,,94,,
"USA80","Dane","POP_DEN","Population density (pop. per km2)","2003","2003","PER","Persons","0","Units",,,95,,
"USA80","Dane","POP_DEN","Population density (pop. per km2)","2004","2004","PER","Persons","0","Units",,,96,,
"USA80","Dane","POP_DEN","Population density (pop. per km2)","2005","2005","PER","Persons","0","Units",,,98,,
"USA80","Dane","POP_DEN","Population density (pop. per km2)","2006","2006","PER","Persons","0","Units",,,99,,
"USA80","Dane","POP_DEN","Population density (pop. per km2)","2007","2007","PER","Persons","0","Units",,,100,,
"USA80","Dane","POP_DEN","Population density (pop. per km2)","2008","2008","PER","Persons","0","Units",,,101,,
"USA80","Dane","POP_DEN","Population density (pop. per km2)","2009","2009","PER","Persons","0","Units",,,103,,
"USA80","Dane","POP_DEN","Population density (pop. per km2)","2010","2010","PER","Persons","0","Units",,,104,,
"USA80","Dane","POP_DEN","Population density (pop. per km2)","2011","2011","PER","Persons","0","Units",,,105,,
"USA80","Dane","POP_DEN","Population density (pop. per km2)","2012","2012","PER","Persons","0","Units",,,106,,
"USA80","Dane","POP_DEN","Population density (pop. per km2)","2013","2013","PER","Persons","0","Units",,,107,,
"USA80","Dane","POP_DEN","Population density (pop. per km2)","2014","2014","PER","Persons","0","Units",,,109,,
"USA80","Dane","POP_DEN","Population density (pop. per km2)","2015","2015","PER","Persons","0","Units",,,110,,
"USA80","Dane","POP_DEN","Population density (pop. per km2)","2016","2016","PER","Persons","0","Units",,,111,,
"USA144","St. Lucie","POP_DEN","Population density (pop. per km2)","2000","2000","PER","Persons","0","Units",,,121,,
"USA144","St. Lucie","POP_DEN","Population density (pop. per km2)","2001","2001","PER","Persons","0","Units",,,124,,
"USA144","St. Lucie","POP_DEN","Population density (pop. per km2)","2002","2002","PER","Persons","0","Units",,,129,,
"USA144","St. Lucie","POP_DEN","Population density (pop. per km2)","2003","2003","PER","Persons","0","Units",,,134,,
"USA144","St. Lucie","POP_DEN","Population density (pop. per km2)","2004","2004","PER","Persons","0","Units",,,143,,
"USA144","St. Lucie","POP_DEN","Population density (pop. per km2)","2005","2005","PER","Persons","0","Units",,,151,,
"USA144","St. Lucie","POP_DEN","Population density (pop. per km2)","2006","2006","PER","Persons","0","Units",,,160,,
"USA144","St. Lucie","POP_DEN","Population density (pop. per km2)","2007","2007","PER","Persons","0","Units",,,167,,
"USA144","St. Lucie","POP_DEN","Population density (pop. per km2)","2008","2008","PER","Persons","0","Units",,,171,,
"USA144","St. Lucie","POP_DEN","Population density (pop. per km2)","2009","2009","PER","Persons","0","Units",,,172,,
"USA144","St. Lucie","POP_DEN","Population density (pop. per km2)","2010","2010","PER","Persons","0","Units",,,174,,
"USA144","St. Lucie","POP_DEN","Population density (pop. per km2)","2011","2011","PER","Persons","0","Units",,,175,,
"USA144","St. Lucie","POP_DEN","Population density (pop. per km2)","2012","2012","PER","Persons","0","Units",,,177,,
"USA144","St. Lucie","POP_DEN","Population density (pop. per km2)","2013","2013","PER","Persons","0","Units",,,179,,
"USA144","St. Lucie","POP_DEN","Population density (pop. per km2)","2014","2014","PER","Persons","0","Units",,,182,,
"USA144","St. Lucie","POP_DEN","Population density (pop. per km2)","2015","2015","PER","Persons","0","Units",,,186,,
"USA144","St. Lucie","POP_DEN","Population density (pop. per km2)","2016","2016","PER","Persons","0","Units",,,191,,
"USA79","Pulaski","T_T_SH_NAT","Share of population  in metropolitan area over the national value","2001","2001","RATIO","Ratio","0","Units",,,0.2,,
"USA79","Pulaski","T_T_SH_NAT","Share of population  in metropolitan area over the national value","2002","2002","RATIO","Ratio","0","Units",,,0.2,,
"USA79","Pulaski","T_T_SH_NAT","Share of population  in metropolitan area over the national value","2003","2003","RATIO","Ratio","0","Units",,,0.2,,
"USA79","Pulaski","T_T_SH_NAT","Share of population  in metropolitan area over the national value","2004","2004","RATIO","Ratio","0","Units",,,0.2,,
"USA79","Pulaski","T_T_SH_NAT","Share of population  in metropolitan area over the national value","2005","2005","RATIO","Ratio","0","Units",,,0.2,,
"USA79","Pulaski","T_T_SH_NAT","Share of population  in metropolitan area over the national value","2006","2006","RATIO","Ratio","0","Units",,,0.2,,
"USA79","Pulaski","T_T_SH_NAT","Share of population  in metropolitan area over the national value","2007","2007","RATIO","Ratio","0","Units",,,0.2,,
"USA79","Pulaski","T_T_SH_NAT","Share of population  in metropolitan area over the national value","2008","2008","RATIO","Ratio","0","Units",,,0.2,,
"USA79","Pulaski","T_T_SH_NAT","Share of population  in metropolitan area over the national value","2009","2009","RATIO","Ratio","0","Units",,,0.2,,
"USA79","Pulaski","T_T_SH_NAT","Share of population  in metropolitan area over the national value","2010","2010","RATIO","Ratio","0","Units",,,0.2,,
"USA79","Pulaski","T_T_SH_NAT","Share of population  in metropolitan area over the national value","2011","2011","RATIO","Ratio","0","Units",,,0.2,,
"USA79","Pulaski","T_T_SH_NAT","Share of population  in metropolitan area over the national value","2012","2012","RATIO","Ratio","0","Units",,,0.2,,
"USA79","Pulaski","T_T_SH_NAT","Share of population  in metropolitan area over the national value","2013","2013","RATIO","Ratio","0","Units",,,0.2,,
"USA79","Pulaski","T_T_SH_NAT","Share of population  in metropolitan area over the national value","2014","2014","RATIO","Ratio","0","Units",,,0.2,,
"USA79","Pulaski","T_T_SH_NAT","Share of population  in metropolitan area over the national value","2015","2015","RATIO","Ratio","0","Units",,,0.2,,
"USA79","Pulaski","T_T_SH_NAT","Share of population  in metropolitan area over the national value","2016","2016","RATIO","Ratio","0","Units",,,0.2,,
"USA20","Portland","T_T","Population, All ages. Administrative data","2000","2000","PER","Persons","0","Units",,,1849594,,
"USA20","Portland","T_T","Population, All ages. Administrative data","2001","2001","PER","Persons","0","Units",,,1884996,,
"USA20","Portland","T_T","Population, All ages. Administrative data","2002","2002","PER","Persons","0","Units",,,1915548,,
"USA20","Portland","T_T","Population, All ages. Administrative data","2003","2003","PER","Persons","0","Units",,,1935496,,
"USA20","Portland","T_T","Population, All ages. Administrative data","2004","2004","PER","Persons","0","Units",,,1949850,,
"USA20","Portland","T_T","Population, All ages. Administrative data","2005","2005","PER","Persons","0","Units",,,1976478,,
"USA20","Portland","T_T","Population, All ages. Administrative data","2006","2006","PER","Persons","0","Units",,,2009966,,
"USA20","Portland","T_T","Population, All ages. Administrative data","2007","2007","PER","Persons","0","Units",,,2041953,,
"USA20","Portland","T_T","Population, All ages. Administrative data","2008","2008","PER","Persons","0","Units",,,2075316,,
"USA20","Portland","T_T","Population, All ages. Administrative data","2009","2009","PER","Persons","0","Units",,,2108090,,
"USA20","Portland","T_T","Population, All ages. Administrative data","2010","2010","PER","Persons","0","Units",,,2132601,,
"USA20","Portland","T_T","Population, All ages. Administrative data","2011","2011","PER","Persons","0","Units",,,2159245,,
"USA20","Portland","T_T","Population, All ages. Administrative data","2012","2012","PER","Persons","0","Units",,,2185361,,
"USA20","Portland","T_T","Population, All ages. Administrative data","2013","2013","PER","Persons","0","Units",,,2209459,,
"USA20","Portland","T_T","Population, All ages. Administrative data","2014","2014","PER","Persons","0","Units",,,2241700,,
"USA20","Portland","T_T","Population, All ages. Administrative data","2015","2015","PER","Persons","0","Units",,,2280764,,
"USA20","Portland","T_T","Population, All ages. Administrative data","2016","2016","PER","Persons","0","Units",,,2318985,,
"USA116","Allen","POP_DEN","Population density (pop. per km2)","2000","2000","PER","Persons","0","Units",,,140,,
"USA116","Allen","POP_DEN","Population density (pop. per km2)","2001","2001","PER","Persons","0","Units",,,141,,
"USA116","Allen","POP_DEN","Population density (pop. per km2)","2002","2002","PER","Persons","0","Units",,,142,,
"USA116","Allen","POP_DEN","Population density (pop. per km2)","2003","2003","PER","Persons","0","Units",,,143,,
"USA116","Allen","POP_DEN","Population density (pop. per km2)","2004","2004","PER","Persons","0","Units",,,144,,
"USA116","Allen","POP_DEN","Population density (pop. per km2)","2005","2005","PER","Persons","0","Units",,,145,,
"USA116","Allen","POP_DEN","Population density (pop. per km2)","2006","2006","PER","Persons","0","Units",,,146,,
"USA116","Allen","POP_DEN","Population density (pop. per km2)","2007","2007","PER","Persons","0","Units",,,148,,
"USA116","Allen","POP_DEN","Population density (pop. per km2)","2008","2008","PER","Persons","0","Units",,,149,,
"USA116","Allen","POP_DEN","Population density (pop. per km2)","2009","2009","PER","Persons","0","Units",,,150,,
"USA116","Allen","POP_DEN","Population density (pop. per km2)","2010","2010","PER","Persons","0","Units",,,150,,
"USA116","Allen","POP_DEN","Population density (pop. per km2)","2011","2011","PER","Persons","0","Units",,,152,,
"USA116","Allen","POP_DEN","Population density (pop. per km2)","2012","2012","PER","Persons","0","Units",,,152,,
"USA116","Allen","POP_DEN","Population density (pop. per km2)","2013","2013","PER","Persons","0","Units",,,153,,
"USA116","Allen","POP_DEN","Population density (pop. per km2)","2014","2014","PER","Persons","0","Units",,,154,,
"USA116","Allen","POP_DEN","Population density (pop. per km2)","2015","2015","PER","Persons","0","Units",,,155,,
"USA116","Allen","POP_DEN","Population density (pop. per km2)","2016","2016","PER","Persons","0","Units",,,156,,
"JPN26","Toyama","T_T","Population, All ages. Administrative data","2000","2000","PER","Persons","0","Units",,,600890,,
"JPN26","Toyama","T_T","Population, All ages. Administrative data","2001","2001","PER","Persons","0","Units",,,601226,,
"JPN26","Toyama","T_T","Population, All ages. Administrative data","2002","2002","PER","Persons","0","Units",,,601563,,
"JPN26","Toyama","T_T","Population, All ages. Administrative data","2003","2003","PER","Persons","0","Units",,,601899,,
"JPN26","Toyama","T_T","Population, All ages. Administrative data","2004","2004","PER","Persons","0","Units",,,602236,,
"JPN26","Toyama","T_T","Population, All ages. Administrative data","2005","2005","PER","Persons","0","Units",,,602572,,
"JPN26","Toyama","T_T","Population, All ages. Administrative data","2006","2006","PER","Persons","0","Units",,,601797,,
"JPN26","Toyama","T_T","Population, All ages. Administrative data","2007","2007","PER","Persons","0","Units",,,601020,,
"JPN26","Toyama","T_T","Population, All ages. Administrative data","2008","2008","PER","Persons","0","Units",,,600245,,
"JPN26","Toyama","T_T","Population, All ages. Administrative data","2009","2009","PER","Persons","0","Units",,,599468,,
"JPN26","Toyama","T_T","Population, All ages. Administrative data","2010","2010","PER","Persons","0","Units",,,598693,,
"JPN26","Toyama","T_T","Population, All ages. Administrative data","2011","2011","PER","Persons","0","Units",,,597047,,
"JPN26","Toyama","T_T","Population, All ages. Administrative data","2012","2012","PER","Persons","0","Units",,,595401,,
"JPN26","Toyama","T_T","Population, All ages. Administrative data","2013","2013","PER","Persons","0","Units",,,593754,,
"JPN26","Toyama","T_T","Population, All ages. Administrative data","2014","2014","PER","Persons","0","Units",,,592108,,
"JPN26","Toyama","T_T","Population, All ages. Administrative data","2015","2015","PER","Persons","0","Units",,,590462,,
"USA60","East Baton Rouge","T_T_SH_NAT","Share of population  in metropolitan area over the national value","2001","2001","RATIO","Ratio","0","Units",,,0.3,,
"USA60","East Baton Rouge","T_T_SH_NAT","Share of population  in metropolitan area over the national value","2002","2002","RATIO","Ratio","0","Units",,,0.3,,
"USA60","East Baton Rouge","T_T_SH_NAT","Share of population  in metropolitan area over the national value","2003","2003","RATIO","Ratio","0","Units",,,0.3,,
"USA60","East Baton Rouge","T_T_SH_NAT","Share of population  in metropolitan area over the national value","2004","2004","RATIO","Ratio","0","Units",,,0.3,,
"USA60","East Baton Rouge","T_T_SH_NAT","Share of population  in metropolitan area over the national value","2005","2005","RATIO","Ratio","0","Units",,,0.3,,
"USA60","East Baton Rouge","T_T_SH_NAT","Share of population  in metropolitan area over the national value","2006","2006","RATIO","Ratio","0","Units",,,0.3,,
"USA60","East Baton Rouge","T_T_SH_NAT","Share of population  in metropolitan area over the national value","2007","2007","RATIO","Ratio","0","Units",,,0.3,,
"USA60","East Baton Rouge","T_T_SH_NAT","Share of population  in metropolitan area over the national value","2008","2008","RATIO","Ratio","0","Units",,,0.3,,
"USA60","East Baton Rouge","T_T_SH_NAT","Share of population  in metropolitan area over the national value","2009","2009","RATIO","Ratio","0","Units",,,0.3,,
"USA60","East Baton Rouge","T_T_SH_NAT","Share of population  in metropolitan area over the national value","2010","2010","RATIO","Ratio","0","Units",,,0.3,,
"USA60","East Baton Rouge","T_T_SH_NAT","Share of population  in metropolitan area over the national value","2011","2011","RATIO","Ratio","0","Units",,,0.3,,
"USA60","East Baton Rouge","T_T_SH_NAT","Share of population  in metropolitan area over the national value","2012","2012","RATIO","Ratio","0","Units",,,0.3,,
"USA60","East Baton Rouge","T_T_SH_NAT","Share of population  in metropolitan area over the national value","2013","2013","RATIO","Ratio","0","Units",,,0.3,,
"USA60","East Baton Rouge","T_T_SH_NAT","Share of population  in metropolitan area over the national value","2014","2014","RATIO","Ratio","0","Units",,,0.3,,
"USA60","East Baton Rouge","T_T_SH_NAT","Share of population  in metropolitan area over the national value","2015","2015","RATIO","Ratio","0","Units",,,0.3,,
"USA60","East Baton Rouge","T_T_SH_NAT","Share of population  in metropolitan area over the national value","2016","2016","RATIO","Ratio","0","Units",,,0.3,,
"NL503","s-Hertogenbosch","T_T","Population, All ages. Administrative data","2000","2000","PER","Persons","0","Units",,,254886,,
"NL503","s-Hertogenbosch","T_T","Population, All ages. Administrative data","2001","2001","PER","Persons","0","Units",,,254460,,
"NL503","s-Hertogenbosch","T_T","Population, All ages. Administrative data","2002","2002","PER","Persons","0","Units",,,254035,,
"NL503","s-Hertogenbosch","T_T","Population, All ages. Administrative data","2003","2003","PER","Persons","0","Units",,,253609,,
"NL503","s-Hertogenbosch","T_T","Population, All ages. Administrative data","2004","2004","PER","Persons","0","Units",,,253183,,
"NL503","s-Hertogenbosch","T_T","Population, All ages. Administrative data","2005","2005","PER","Persons","0","Units",,,253724,,
"NL503","s-Hertogenbosch","T_T","Population, All ages. Administrative data","2006","2006","PER","Persons","0","Units",,,254633,,
"NL503","s-Hertogenbosch","T_T","Population, All ages. Administrative data","2007","2007","PER","Persons","0","Units",,,255562,,
"NL503","s-Hertogenbosch","T_T","Population, All ages. Administrative data","2008","2008","PER","Persons","0","Units",,,256491,,
"NL503","s-Hertogenbosch","T_T","Population, All ages. Administrative data","2009","2009","PER","Persons","0","Units",,,258188,,
"NL503","s-Hertogenbosch","T_T","Population, All ages. Administrative data","2010","2010","PER","Persons","0","Units",,,259896,,
"NL503","s-Hertogenbosch","T_T","Population, All ages. Administrative data","2011","2011","PER","Persons","0","Units",,,261643,,
"NL503","s-Hertogenbosch","T_T","Population, All ages. Administrative data","2012","2012","PER","Persons","0","Units",,,262944,,
"NL503","s-Hertogenbosch","T_T","Population, All ages. Administrative data","2013","2013","PER","Persons","0","Units",,,263757,,
"NL503","s-Hertogenbosch","T_T","Population, All ages. Administrative data","2014","2014","PER","Persons","0","Units",,,264813,,
"NL503","s-Hertogenbosch","T_T","Population, All ages. Administrative data","2015","2015","PER","Persons","0","Units",,,272454,,
"NL503","s-Hertogenbosch","T_T","Population, All ages. Administrative data","2016","2016","PER","Persons","0","Units",,,273342,,
"USA08","Houston","T_T_SH_NAT","Share of population  in metropolitan area over the national value","2001","2001","RATIO","Ratio","0","Units",,,1.7,,
"USA08","Houston","T_T_SH_NAT","Share of population  in metropolitan area over the national value","2002","2002","RATIO","Ratio","0","Units",,,1.8,,
"USA08","Houston","T_T_SH_NAT","Share of population  in metropolitan area over the national value","2003","2003","RATIO","Ratio","0","Units",,,1.8,,
"USA08","Houston","T_T_SH_NAT","Share of population  in metropolitan area over the national value","2004","2004","RATIO","Ratio","0","Units",,,1.8,,
"USA08","Houston","T_T_SH_NAT","Share of population  in metropolitan area over the national value","2005","2005","RATIO","Ratio","0","Units",,,1.8,,
"USA08","Houston","T_T_SH_NAT","Share of population  in metropolitan area over the national value","2006","2006","RATIO","Ratio","0","Units",,,1.9,,
"USA08","Houston","T_T_SH_NAT","Share of population  in metropolitan area over the national value","2007","2007","RATIO","Ratio","0","Units",,,1.9,,
"USA08","Houston","T_T_SH_NAT","Share of population  in metropolitan area over the national value","2008","2008","RATIO","Ratio","0","Units",,,1.9,,
"USA08","Houston","T_T_SH_NAT","Share of population  in metropolitan area over the national value","2009","2009","RATIO","Ratio","0","Units",,,1.9,,
"USA08","Houston","T_T_SH_NAT","Share of population  in metropolitan area over the national value","2010","2010","RATIO","Ratio","0","Units",,,2,,
"USA08","Houston","T_T_SH_NAT","Share of population  in metropolitan area over the national value","2011","2011","RATIO","Ratio","0","Units",,,2,,
"USA08","Houston","T_T_SH_NAT","Share of population  in metropolitan area over the national value","2012","2012","RATIO","Ratio","0","Units",,,2,,
"USA08","Houston","T_T_SH_NAT","Share of population  in metropolitan area over the national value","2013","2013","RATIO","Ratio","0","Units",,,2,,
"USA08","Houston","T_T_SH_NAT","Share of population  in metropolitan area over the national value","2014","2014","RATIO","Ratio","0","Units",,,2.1,,
"USA08","Houston","T_T_SH_NAT","Share of population  in metropolitan area over the national value","2015","2015","RATIO","Ratio","0","Units",,,2.1,,
"USA08","Houston","T_T_SH_NAT","Share of population  in metropolitan area over the national value","2016","2016","RATIO","Ratio","0","Units",,,2.1,,
"USA09","Miami (Greater)","POP_DEN","Population density (pop. per km2)","2000","2000","PER","Persons","0","Units",,,321,,
"USA09","Miami (Greater)","POP_DEN","Population density (pop. per km2)","2001","2001","PER","Persons","0","Units",,,327,,
"USA09","Miami (Greater)","POP_DEN","Population density (pop. per km2)","2002","2002","PER","Persons","0","Units",,,332,,
"USA09","Miami (Greater)","POP_DEN","Population density (pop. per km2)","2003","2003","PER","Persons","0","Units",,,337,,
"USA09","Miami (Greater)","POP_DEN","Population density (pop. per km2)","2004","2004","PER","Persons","0","Units",,,341,,
"USA09","Miami (Greater)","POP_DEN","Population density (pop. per km2)","2005","2005","PER","Persons","0","Units",,,346,,
"USA09","Miami (Greater)","POP_DEN","Population density (pop. per km2)","2006","2006","PER","Persons","0","Units",,,347,,
"USA09","Miami (Greater)","POP_DEN","Population density (pop. per km2)","2007","2007","PER","Persons","0","Units",,,347,,
"USA09","Miami (Greater)","POP_DEN","Population density (pop. per km2)","2008","2008","PER","Persons","0","Units",,,349,,
"USA09","Miami (Greater)","POP_DEN","Population density (pop. per km2)","2009","2009","PER","Persons","0","Units",,,352,,
"USA09","Miami (Greater)","POP_DEN","Population density (pop. per km2)","2010","2010","PER","Persons","0","Units",,,357,,
"USA09","Miami (Greater)","POP_DEN","Population density (pop. per km2)","2011","2011","PER","Persons","0","Units",,,364,,
"USA09","Miami (Greater)","POP_DEN","Population density (pop. per km2)","2012","2012","PER","Persons","0","Units",,,370,,
"USA09","Miami (Greater)","POP_DEN","Population density (pop. per km2)","2013","2013","PER","Persons","0","Units",,,375,,
"USA09","Miami (Greater)","POP_DEN","Population density (pop. per km2)","2014","2014","PER","Persons","0","Units",,,380,,
"USA09","Miami (Greater)","POP_DEN","Population density (pop. per km2)","2015","2015","PER","Persons","0","Units",,,385,,
"USA09","Miami (Greater)","POP_DEN","Population density (pop. per km2)","2016","2016","PER","Persons","0","Units",,,391,,
"USA126","Lubbock","T_T_SH_NAT","Share of population  in metropolitan area over the national value","2001","2001","RATIO","Ratio","0","Units",,,0.1,,
"USA126","Lubbock","T_T_SH_NAT","Share of population  in metropolitan area over the national value","2002","2002","RATIO","Ratio","0","Units",,,0.1,,
"USA126","Lubbock","T_T_SH_NAT","Share of population  in metropolitan area over the national value","2003","2003","RATIO","Ratio","0","Units",,,0.1,,
"USA126","Lubbock","T_T_SH_NAT","Share of population  in metropolitan area over the national value","2004","2004","RATIO","Ratio","0","Units",,,0.1,,
"USA126","Lubbock","T_T_SH_NAT","Share of population  in metropolitan area over the national value","2005","2005","RATIO","Ratio","0","Units",,,0.1,,
"USA126","Lubbock","T_T_SH_NAT","Share of population  in metropolitan area over the national value","2006","2006","RATIO","Ratio","0","Units",,,0.1,,
"USA126","Lubbock","T_T_SH_NAT","Share of population  in metropolitan area over the national value","2007","2007","RATIO","Ratio","0","Units",,,0.1,,
"USA126","Lubbock","T_T_SH_NAT","Share of population  in metropolitan area over the national value","2008","2008","RATIO","Ratio","0","Units",,,0.1,,
"USA126","Lubbock","T_T_SH_NAT","Share of population  in metropolitan area over the national value","2009","2009","RATIO","Ratio","0","Units",,,0.1,,
"USA126","Lubbock","T_T_SH_NAT","Share of population  in metropolitan area over the national value","2010","2010","RATIO","Ratio","0","Units",,,0.1,,
"USA126","Lubbock","T_T_SH_NAT","Share of population  in metropolitan area over the national value","2011","2011","RATIO","Ratio","0","Units",,,0.1,,
"USA126","Lubbock","T_T_SH_NAT","Share of population  in metropolitan area over the national value","2012","2012","RATIO","Ratio","0","Units",,,0.1,,
"USA126","Lubbock","T_T_SH_NAT","Share of population  in metropolitan area over the national value","2013","2013","RATIO","Ratio","0","Units",,,0.1,,
"USA126","Lubbock","T_T_SH_NAT","Share of population  in metropolitan area over the national value","2014","2014","RATIO","Ratio","0","Units",,,0.1,,
"USA126","Lubbock","T_T_SH_NAT","Share of population  in metropolitan area over the national value","2015","2015","RATIO","Ratio","0","Units",,,0.1,,
"USA126","Lubbock","T_T_SH_NAT","Share of population  in metropolitan area over the national value","2016","2016","RATIO","Ratio","0","Units",,,0.1,,
"ES021","Alicante","T_T","Population, All ages. Administrative data","2000","2000","PER","Persons","0","Units",,,364723,,
"ES021","Alicante","T_T","Population, All ages. Administrative data","2001","2001","PER","Persons","0","Units",,,370485,,
"ES021","Alicante","T_T","Population, All ages. Administrative data","2002","2002","PER","Persons","0","Units",,,376249,,
"ES021","Alicante","T_T","Population, All ages. Administrative data","2003","2003","PER","Persons","0","Units",,,382012,,
"ES021","Alicante","T_T","Population, All ages. Administrative data","2004","2004","PER","Persons","0","Units",,,387775,,
"ES021","Alicante","T_T","Population, All ages. Administrative data","2005","2005","PER","Persons","0","Units",,,393537,,
"ES021","Alicante","T_T","Population, All ages. Administrative data","2006","2006","PER","Persons","0","Units",,,399301,,
"ES021","Alicante","T_T","Population, All ages. Administrative data","2007","2007","PER","Persons","0","Units",,,405064,,
"ES021","Alicante","T_T","Population, All ages. Administrative data","2008","2008","PER","Persons","0","Units",,,410827,,
"ES021","Alicante","T_T","Population, All ages. Administrative data","2009","2009","PER","Persons","0","Units",,,416590,,
"ES021","Alicante","T_T","Population, All ages. Administrative data","2010","2010","PER","Persons","0","Units",,,422353,,
"ES021","Alicante","T_T","Population, All ages. Administrative data","2011","2011","PER","Persons","0","Units",,,428116,,
"ES021","Alicante","T_T","Population, All ages. Administrative data","2012","2012","PER","Persons","0","Units",,,433880,,
"ES021","Alicante","T_T","Population, All ages. Administrative data","2013","2013","PER","Persons","0","Units",,,439642,,
"ES021","Alicante","T_T","Population, All ages. Administrative data","2014","2014","PER","Persons","0","Units",,,445405,,
"ES021","Alicante","T_T","Population, All ages. Administrative data","2015","2015","PER","Persons","0","Units",,,451168,,
"ES021","Alicante","T_T","Population, All ages. Administrative data","2016","2016","PER","Persons","0","Units",,,456932,,
"MEX25","Reynosa","POP_DEN","Population density (pop. per km2)","2000","2000","PER","Persons","0","Units",,,125,,
"MEX25","Reynosa","POP_DEN","Population density (pop. per km2)","2005","2005","PER","Persons","0","Units",,,125,,
"MEX25","Reynosa","POP_DEN","Population density (pop. per km2)","2010","2010","PER","Persons","0","Units",,,142,,
"MEX25","Reynosa","POP_DEN","Population density (pop. per km2)","2015","2015","PER","Persons","0","Units",,,180,,
"DE542","Hildesheim","T_T","Population, All ages. Administrative data","2001","2001","PER","Persons","0","Units",,,294099,,
"DE542","Hildesheim","T_T","Population, All ages. Administrative data","2002","2002","PER","Persons","0","Units",,,294215,,
"DE542","Hildesheim","T_T","Population, All ages. Administrative data","2003","2003","PER","Persons","0","Units",,,294035,,
"DE542","Hildesheim","T_T","Population, All ages. Administrative data","2004","2004","PER","Persons","0","Units",,,293487,,
"DE542","Hildesheim","T_T","Population, All ages. Administrative data","2005","2005","PER","Persons","0","Units",,,292751,,
"DE542","Hildesheim","T_T","Population, All ages. Administrative data","2006","2006","PER","Persons","0","Units",,,291773,,
"DE542","Hildesheim","T_T","Population, All ages. Administrative data","2007","2007","PER","Persons","0","Units",,,291112,,
"DE542","Hildesheim","T_T","Population, All ages. Administrative data","2008","2008","PER","Persons","0","Units",,,289752,,
"DE542","Hildesheim","T_T","Population, All ages. Administrative data","2009","2009","PER","Persons","0","Units",,,287790,,
"DE542","Hildesheim","T_T","Population, All ages. Administrative data","2010","2010","PER","Persons","0","Units",,,285678,,
"DE542","Hildesheim","T_T","Population, All ages. Administrative data","2011","2011","PER","Persons","0","Units",,,279328,,
"DE542","Hildesheim","T_T","Population, All ages. Administrative data","2012","2012","PER","Persons","0","Units",,,277488,,
"DE542","Hildesheim","T_T","Population, All ages. Administrative data","2013","2013","PER","Persons","0","Units",,,276440,,
"DE542","Hildesheim","T_T","Population, All ages. Administrative data","2014","2014","PER","Persons","0","Units",,,275634,,
"DE542","Hildesheim","T_T","Population, All ages. Administrative data","2015","2015","PER","Persons","0","Units",,,275678,,
"DE542","Hildesheim","T_T","Population, All ages. Administrative data","2016","2016","PER","Persons","0","Units",,,278194,,
"MEX32","Pachuca de Soto","T_T_SH_NAT","Share of population  in metropolitan area over the national value","2005","2005","RATIO","Ratio","0","Units",,,0.4,,
"MEX32","Pachuca de Soto","T_T_SH_NAT","Share of population  in metropolitan area over the national value","2010","2010","RATIO","Ratio","0","Units",,,0.5,,
"MEX32","Pachuca de Soto","T_T_SH_NAT","Share of population  in metropolitan area over the national value","2015","2015","RATIO","Ratio","0","Units",,,0.6,,
"JPN03","Toyota","T_T","Population, All ages. Administrative data","2000","2000","PER","Persons","0","Units",,,8175090,,
"JPN03","Toyota","T_T","Population, All ages. Administrative data","2001","2001","PER","Persons","0","Units",,,8214979,,
"JPN03","Toyota","T_T","Population, All ages. Administrative data","2002","2002","PER","Persons","0","Units",,,8254866,,
"JPN03","Toyota","T_T","Population, All ages. Administrative data","2003","2003","PER","Persons","0","Units",,,8294756,,
"JPN03","Toyota","T_T","Population, All ages. Administrative data","2004","2004","PER","Persons","0","Units",,,8334643,,
"JPN03","Toyota","T_T","Population, All ages. Administrative data","2005","2005","PER","Persons","0","Units",,,8374532,,
"JPN03","Toyota","T_T","Population, All ages. Administrative data","2006","2006","PER","Persons","0","Units",,,8397099,,
"JPN03","Toyota","T_T","Population, All ages. Administrative data","2007","2007","PER","Persons","0","Units",,,8419665,,
"JPN03","Toyota","T_T","Population, All ages. Administrative data","2008","2008","PER","Persons","0","Units",,,8442233,,
"JPN03","Toyota","T_T","Population, All ages. Administrative data","2009","2009","PER","Persons","0","Units",,,8464799,,
"JPN03","Toyota","T_T","Population, All ages. Administrative data","2010","2010","PER","Persons","0","Units",,,8487366,,
"JPN03","Toyota","T_T","Population, All ages. Administrative data","2011","2011","PER","Persons","0","Units",,,8491144,,
"JPN03","Toyota","T_T","Population, All ages. Administrative data","2012","2012","PER","Persons","0","Units",,,8494923,,
"JPN03","Toyota","T_T","Population, All ages. Administrative data","2013","2013","PER","Persons","0","Units",,,8498701,,
"JPN03","Toyota","T_T","Population, All ages. Administrative data","2014","2014","PER","Persons","0","Units",,,8502480,,
"JPN03","Toyota","T_T","Population, All ages. Administrative data","2015","2015","PER","Persons","0","Units",,,8506258,,
"CL017","Talca","POP_DEN","Population density (pop. per km2)","2000","2000","PER","Persons","0","Units",,,455,,
"CL017","Talca","POP_DEN","Population density (pop. per km2)","2001","2001","PER","Persons","0","Units",,,466,,
"CL017","Talca","POP_DEN","Population density (pop. per km2)","2002","2002","PER","Persons","0","Units",,,478,,
"CL017","Talca","POP_DEN","Population density (pop. per km2)","2003","2003","PER","Persons","0","Units",,,485,,
"CL017","Talca","POP_DEN","Population density (pop. per km2)","2004","2004","PER","Persons","0","Units",,,493,,
"CL017","Talca","POP_DEN","Population density (pop. per km2)","2005","2005","PER","Persons","0","Units",,,501,,
"CL017","Talca","POP_DEN","Population density (pop. per km2)","2006","2006","PER","Persons","0","Units",,,509,,
"CL017","Talca","POP_DEN","Population density (pop. per km2)","2007","2007","PER","Persons","0","Units",,,518,,
"CL017","Talca","POP_DEN","Population density (pop. per km2)","2008","2008","PER","Persons","0","Units",,,527,,
"CL017","Talca","POP_DEN","Population density (pop. per km2)","2009","2009","PER","Persons","0","Units",,,536,,
"CL017","Talca","POP_DEN","Population density (pop. per km2)","2010","2010","PER","Persons","0","Units",,,545,,
"CL017","Talca","POP_DEN","Population density (pop. per km2)","2011","2011","PER","Persons","0","Units",,,555,,
"CL017","Talca","POP_DEN","Population density (pop. per km2)","2012","2012","PER","Persons","0","Units",,,565,,
"CL017","Talca","POP_DEN","Population density (pop. per km2)","2013","2013","PER","Persons","0","Units",,,575,,
"CL017","Talca","POP_DEN","Population density (pop. per km2)","2014","2014","PER","Persons","0","Units",,,585,,
"CL017","Talca","POP_DEN","Population density (pop. per km2)","2015","2015","PER","Persons","0","Units",,,596,,
"CL017","Talca","POP_DEN","Population density (pop. per km2)","2016","2016","PER","Persons","0","Units",,,607,,
"FR030","Fort-de-France","T_T_SH_NAT","Share of population  in metropolitan area over the national value","2015","2015","RATIO","Ratio","0","Units",,,0.5,,
"HU004","Pecs","POP_DEN","Population density (pop. per km2)","2000","2000","PER","Persons","0","Units",,,153,,
"HU004","Pecs","POP_DEN","Population density (pop. per km2)","2001","2001","PER","Persons","0","Units",,,153,,
"HU004","Pecs","POP_DEN","Population density (pop. per km2)","2002","2002","PER","Persons","0","Units",,,152,,
"HU004","Pecs","POP_DEN","Population density (pop. per km2)","2003","2003","PER","Persons","0","Units",,,152,,
"HU004","Pecs","POP_DEN","Population density (pop. per km2)","2004","2004","PER","Persons","0","Units",,,151,,
"HU004","Pecs","POP_DEN","Population density (pop. per km2)","2005","2005","PER","Persons","0","Units",,,150,,
"HU004","Pecs","POP_DEN","Population density (pop. per km2)","2006","2006","PER","Persons","0","Units",,,149,,
"HU004","Pecs","POP_DEN","Population density (pop. per km2)","2007","2007","PER","Persons","0","Units",,,149,,
"HU004","Pecs","POP_DEN","Population density (pop. per km2)","2008","2008","PER","Persons","0","Units",,,148,,
"HU004","Pecs","POP_DEN","Population density (pop. per km2)","2009","2009","PER","Persons","0","Units",,,148,,
"HU004","Pecs","POP_DEN","Population density (pop. per km2)","2010","2010","PER","Persons","0","Units",,,147,,
"HU004","Pecs","POP_DEN","Population density (pop. per km2)","2011","2011","PER","Persons","0","Units",,,147,,
"HU004","Pecs","POP_DEN","Population density (pop. per km2)","2012","2012","PER","Persons","0","Units",,,143,,
"HU004","Pecs","POP_DEN","Population density (pop. per km2)","2013","2013","PER","Persons","0","Units",,,141,,
"HU004","Pecs","POP_DEN","Population density (pop. per km2)","2014","2014","PER","Persons","0","Units",,,140,,
"HU004","Pecs","POP_DEN","Population density (pop. per km2)","2015","2015","PER","Persons","0","Units",,,139,,
"HU004","Pecs","POP_DEN","Population density (pop. per km2)","2016","2016","PER","Persons","0","Units",,,138,,
"UK513","Medway","T_T","Population, All ages. Administrative data","2001","2001","PER","Persons","0","Units",,,249704,,
"UK513","Medway","T_T","Population, All ages. Administrative data","2002","2002","PER","Persons","0","Units",,,250262,,
"UK513","Medway","T_T","Population, All ages. Administrative data","2003","2003","PER","Persons","0","Units",,,251159,,
"UK513","Medway","T_T","Population, All ages. Administrative data","2004","2004","PER","Persons","0","Units",,,251459,,
"UK513","Medway","T_T","Population, All ages. Administrative data","2005","2005","PER","Persons","0","Units",,,252098,,
"UK513","Medway","T_T","Population, All ages. Administrative data","2006","2006","PER","Persons","0","Units",,,253478,,
"UK513","Medway","T_T","Population, All ages. Administrative data","2007","2007","PER","Persons","0","Units",,,255824,,
"UK513","Medway","T_T","Population, All ages. Administrative data","2008","2008","PER","Persons","0","Units",,,258224,,
"UK513","Medway","T_T","Population, All ages. Administrative data","2009","2009","PER","Persons","0","Units",,,260230,,
"UK513","Medway","T_T","Population, All ages. Administrative data","2010","2010","PER","Persons","0","Units",,,262738,,
"UK513","Medway","T_T","Population, All ages. Administrative data","2011","2011","PER","Persons","0","Units",,,264885,,
"UK513","Medway","T_T","Population, All ages. Administrative data","2012","2012","PER","Persons","0","Units",,,268130,,
"UK513","Medway","T_T","Population, All ages. Administrative data","2013","2013","PER","Persons","0","Units",,,270689,,
"UK513","Medway","T_T","Population, All ages. Administrative data","2014","2014","PER","Persons","0","Units",,,273212,,
"UK513","Medway","T_T","Population, All ages. Administrative data","2015","2015","PER","Persons","0","Units",,,275176,,
"UK513","Medway","T_T","Population, All ages. Administrative data","2016","2016","PER","Persons","0","Units",,,276957,,
"UK520","Southampton","T_T","Population, All ages. Administrative data","2001","2001","PER","Persons","0","Units",,,615267,,
"UK520","Southampton","T_T","Population, All ages. Administrative data","2002","2002","PER","Persons","0","Units",,,617871,,
"UK520","Southampton","T_T","Population, All ages. Administrative data","2003","2003","PER","Persons","0","Units",,,621212,,
"UK520","Southampton","T_T","Population, All ages. Administrative data","2004","2004","PER","Persons","0","Units",,,624473,,
"UK520","Southampton","T_T","Population, All ages. Administrative data","2005","2005","PER","Persons","0","Units",,,629978,,
"UK520","Southampton","T_T","Population, All ages. Administrative data","2006","2006","PER","Persons","0","Units",,,632933,,
"UK520","Southampton","T_T","Population, All ages. Administrative data","2007","2007","PER","Persons","0","Units",,,636300,,
"UK520","Southampton","T_T","Population, All ages. Administrative data","2008","2008","PER","Persons","0","Units",,,639408,,
"UK520","Southampton","T_T","Population, All ages. Administrative data","2009","2009","PER","Persons","0","Units",,,643077,,
"UK520","Southampton","T_T","Population, All ages. Administrative data","2010","2010","PER","Persons","0","Units",,,649462,,
"UK520","Southampton","T_T","Population, All ages. Administrative data","2011","2011","PER","Persons","0","Units",,,655209,,
"UK520","Southampton","T_T","Population, All ages. Administrative data","2012","2012","PER","Persons","0","Units",,,660099,,
"UK520","Southampton","T_T","Population, All ages. Administrative data","2013","2013","PER","Persons","0","Units",,,664608,,
"UK520","Southampton","T_T","Population, All ages. Administrative data","2014","2014","PER","Persons","0","Units",,,669822,,
"UK520","Southampton","T_T","Population, All ages. Administrative data","2015","2015","PER","Persons","0","Units",,,675658,,
"UK520","Southampton","T_T","Population, All ages. Administrative data","2016","2016","PER","Persons","0","Units",,,682275,,
"DE011","Dusseldorf","POP_DEN","Population density (pop. per km2)","2001","2001","PER","Persons","0","Units",,,1268,,
"DE011","Dusseldorf","POP_DEN","Population density (pop. per km2)","2002","2002","PER","Persons","0","Units",,,1272,,
"DE011","Dusseldorf","POP_DEN","Population density (pop. per km2)","2003","2003","PER","Persons","0","Units",,,1273,,
"DE011","Dusseldorf","POP_DEN","Population density (pop. per km2)","2004","2004","PER","Persons","0","Units",,,1272,,
"DE011","Dusseldorf","POP_DEN","Population density (pop. per km2)","2005","2005","PER","Persons","0","Units",,,1272,,
"DE011","Dusseldorf","POP_DEN","Population density (pop. per km2)","2006","2006","PER","Persons","0","Units",,,1271,,
"DE011","Dusseldorf","POP_DEN","Population density (pop. per km2)","2007","2007","PER","Persons","0","Units",,,1272,,
"DE011","Dusseldorf","POP_DEN","Population density (pop. per km2)","2008","2008","PER","Persons","0","Units",,,1274,,
"DE011","Dusseldorf","POP_DEN","Population density (pop. per km2)","2009","2009","PER","Persons","0","Units",,,1273,,
"DE011","Dusseldorf","POP_DEN","Population density (pop. per km2)","2010","2010","PER","Persons","0","Units",,,1272,,
"DE011","Dusseldorf","POP_DEN","Population density (pop. per km2)","2011","2011","PER","Persons","0","Units",,,1252,,
"DE011","Dusseldorf","POP_DEN","Population density (pop. per km2)","2012","2012","PER","Persons","0","Units",,,1255,,
"DE011","Dusseldorf","POP_DEN","Population density (pop. per km2)","2013","2013","PER","Persons","0","Units",,,1259,,
"DE011","Dusseldorf","POP_DEN","Population density (pop. per km2)","2014","2014","PER","Persons","0","Units",,,1264,,
"DE011","Dusseldorf","POP_DEN","Population density (pop. per km2)","2015","2015","PER","Persons","0","Units",,,1271,,
"DE011","Dusseldorf","POP_DEN","Population density (pop. per km2)","2016","2016","PER","Persons","0","Units",,,1289,,
"USA154","Merced","T_T_SH_NAT","Share of population  in metropolitan area over the national value","2001","2001","RATIO","Ratio","0","Units",,,0.1,,
"USA154","Merced","T_T_SH_NAT","Share of population  in metropolitan area over the national value","2002","2002","RATIO","Ratio","0","Units",,,0.1,,
"USA154","Merced","T_T_SH_NAT","Share of population  in metropolitan area over the national value","2003","2003","RATIO","Ratio","0","Units",,,0.1,,
"USA154","Merced","T_T_SH_NAT","Share of population  in metropolitan area over the national value","2004","2004","RATIO","Ratio","0","Units",,,0.1,,
"USA154","Merced","T_T_SH_NAT","Share of population  in metropolitan area over the national value","2005","2005","RATIO","Ratio","0","Units",,,0.1,,
"USA154","Merced","T_T_SH_NAT","Share of population  in metropolitan area over the national value","2006","2006","RATIO","Ratio","0","Units",,,0.1,,
"USA154","Merced","T_T_SH_NAT","Share of population  in metropolitan area over the national value","2007","2007","RATIO","Ratio","0","Units",,,0.1,,
"USA154","Merced","T_T_SH_NAT","Share of population  in metropolitan area over the national value","2008","2008","RATIO","Ratio","0","Units",,,0.1,,
"USA154","Merced","T_T_SH_NAT","Share of population  in metropolitan area over the national value","2009","2009","RATIO","Ratio","0","Units",,,0.1,,
"USA154","Merced","T_T_SH_NAT","Share of population  in metropolitan area over the national value","2010","2010","RATIO","Ratio","0","Units",,,0.1,,
"USA154","Merced","T_T_SH_NAT","Share of population  in metropolitan area over the national value","2011","2011","RATIO","Ratio","0","Units",,,0.1,,
"USA154","Merced","T_T_SH_NAT","Share of population  in metropolitan area over the national value","2012","2012","RATIO","Ratio","0","Units",,,0.1,,
"USA154","Merced","T_T_SH_NAT","Share of population  in metropolitan area over the national value","2013","2013","RATIO","Ratio","0","Units",,,0.1,,
"USA154","Merced","T_T_SH_NAT","Share of population  in metropolitan area over the national value","2014","2014","RATIO","Ratio","0","Units",,,0.1,,
"USA154","Merced","T_T_SH_NAT","Share of population  in metropolitan area over the national value","2015","2015","RATIO","Ratio","0","Units",,,0.1,,
"USA154","Merced","T_T_SH_NAT","Share of population  in metropolitan area over the national value","2016","2016","RATIO","Ratio","0","Units",,,0.1,,
"NL010","Heerlen","POP_DEN","Population density (pop. per km2)","2000","2000","PER","Persons","0","Units",,,948,,
"NL010","Heerlen","POP_DEN","Population density (pop. per km2)","2001","2001","PER","Persons","0","Units",,,937,,
"NL010","Heerlen","POP_DEN","Population density (pop. per km2)","2002","2002","PER","Persons","0","Units",,,927,,
"NL010","Heerlen","POP_DEN","Population density (pop. per km2)","2003","2003","PER","Persons","0","Units",,,916,,
"NL010","Heerlen","POP_DEN","Population density (pop. per km2)","2004","2004","PER","Persons","0","Units",,,906,,
"NL010","Heerlen","POP_DEN","Population density (pop. per km2)","2005","2005","PER","Persons","0","Units",,,900,,
"NL010","Heerlen","POP_DEN","Population density (pop. per km2)","2006","2006","PER","Persons","0","Units",,,893,,
"NL010","Heerlen","POP_DEN","Population density (pop. per km2)","2007","2007","PER","Persons","0","Units",,,886,,
"NL010","Heerlen","POP_DEN","Population density (pop. per km2)","2008","2008","PER","Persons","0","Units",,,880,,
"NL010","Heerlen","POP_DEN","Population density (pop. per km2)","2009","2009","PER","Persons","0","Units",,,877,,
"NL010","Heerlen","POP_DEN","Population density (pop. per km2)","2010","2010","PER","Persons","0","Units",,,873,,
"NL010","Heerlen","POP_DEN","Population density (pop. per km2)","2011","2011","PER","Persons","0","Units",,,870,,
"NL010","Heerlen","POP_DEN","Population density (pop. per km2)","2012","2012","PER","Persons","0","Units",,,867,,
"NL010","Heerlen","POP_DEN","Population density (pop. per km2)","2013","2013","PER","Persons","0","Units",,,864,,
"NL010","Heerlen","POP_DEN","Population density (pop. per km2)","2014","2014","PER","Persons","0","Units",,,859,,
"NL010","Heerlen","POP_DEN","Population density (pop. per km2)","2015","2015","PER","Persons","0","Units",,,854,,
"NL010","Heerlen","POP_DEN","Population density (pop. per km2)","2016","2016","PER","Persons","0","Units",,,852,,
"FR205","Nice","T_T_SH_NAT","Share of population  in metropolitan area over the national value","2001","2001","RATIO","Ratio","0","Units",,,1.3,,
"FR205","Nice","T_T_SH_NAT","Share of population  in metropolitan area over the national value","2002","2002","RATIO","Ratio","0","Units",,,1.3,,
"FR205","Nice","T_T_SH_NAT","Share of population  in metropolitan area over the national value","2003","2003","RATIO","Ratio","0","Units",,,1.3,,
"FR205","Nice","T_T_SH_NAT","Share of population  in metropolitan area over the national value","2004","2004","RATIO","Ratio","0","Units",,,1.3,,
"FR205","Nice","T_T_SH_NAT","Share of population  in metropolitan area over the national value","2005","2005","RATIO","Ratio","0","Units",,,1.3,,
"FR205","Nice","T_T_SH_NAT","Share of population  in metropolitan area over the national value","2006","2006","RATIO","Ratio","0","Units",,,1.3,,
"FR205","Nice","T_T_SH_NAT","Share of population  in metropolitan area over the national value","2007","2007","RATIO","Ratio","0","Units",,,1.3,,
"FR205","Nice","T_T_SH_NAT","Share of population  in metropolitan area over the national value","2008","2008","RATIO","Ratio","0","Units",,,1.3,,
"FR205","Nice","T_T_SH_NAT","Share of population  in metropolitan area over the national value","2009","2009","RATIO","Ratio","0","Units",,,1.3,,
"FR205","Nice","T_T_SH_NAT","Share of population  in metropolitan area over the national value","2010","2010","RATIO","Ratio","0","Units",,,1.3,,
"FR205","Nice","T_T_SH_NAT","Share of population  in metropolitan area over the national value","2011","2011","RATIO","Ratio","0","Units",,,1.3,,
"FR205","Nice","T_T_SH_NAT","Share of population  in metropolitan area over the national value","2012","2012","RATIO","Ratio","0","Units",,,1.3,,
"FR205","Nice","T_T_SH_NAT","Share of population  in metropolitan area over the national value","2013","2013","RATIO","Ratio","0","Units",,,1.3,,
"FR205","Nice","T_T_SH_NAT","Share of population  in metropolitan area over the national value","2014","2014","RATIO","Ratio","0","Units",,,1.3,,
"FR205","Nice","T_T_SH_NAT","Share of population  in metropolitan area over the national value","2015","2015","RATIO","Ratio","0","Units",,,1.2,,
"DE020","Wiesbaden","T_T_SH_NAT","Share of population  in metropolitan area over the national value","2001","2001","RATIO","Ratio","0","Units",,,0.6,,
"DE020","Wiesbaden","T_T_SH_NAT","Share of population  in metropolitan area over the national value","2002","2002","RATIO","Ratio","0","Units",,,0.6,,
"DE020","Wiesbaden","T_T_SH_NAT","Share of population  in metropolitan area over the national value","2003","2003","RATIO","Ratio","0","Units",,,0.6,,
"DE020","Wiesbaden","T_T_SH_NAT","Share of population  in metropolitan area over the national value","2004","2004","RATIO","Ratio","0","Units",,,0.6,,
"DE020","Wiesbaden","T_T_SH_NAT","Share of population  in metropolitan area over the national value","2005","2005","RATIO","Ratio","0","Units",,,0.6,,
"DE020","Wiesbaden","T_T_SH_NAT","Share of population  in metropolitan area over the national value","2006","2006","RATIO","Ratio","0","Units",,,0.6,,
"DE020","Wiesbaden","T_T_SH_NAT","Share of population  in metropolitan area over the national value","2007","2007","RATIO","Ratio","0","Units",,,0.6,,
"DE020","Wiesbaden","T_T_SH_NAT","Share of population  in metropolitan area over the national value","2008","2008","RATIO","Ratio","0","Units",,,0.6,,
"DE020","Wiesbaden","T_T_SH_NAT","Share of population  in metropolitan area over the national value","2009","2009","RATIO","Ratio","0","Units",,,0.6,,
"DE020","Wiesbaden","T_T_SH_NAT","Share of population  in metropolitan area over the national value","2010","2010","RATIO","Ratio","0","Units",,,0.6,,
"DE020","Wiesbaden","T_T_SH_NAT","Share of population  in metropolitan area over the national value","2011","2011","RATIO","Ratio","0","Units",,,0.6,,
"DE020","Wiesbaden","T_T_SH_NAT","Share of population  in metropolitan area over the national value","2012","2012","RATIO","Ratio","0","Units",,,0.6,,
"DE020","Wiesbaden","T_T_SH_NAT","Share of population  in metropolitan area over the national value","2013","2013","RATIO","Ratio","0","Units",,,0.6,,
"DE020","Wiesbaden","T_T_SH_NAT","Share of population  in metropolitan area over the national value","2014","2014","RATIO","Ratio","0","Units",,,0.6,,
"DE020","Wiesbaden","T_T_SH_NAT","Share of population  in metropolitan area over the national value","2015","2015","RATIO","Ratio","0","Units",,,0.6,,
"DE020","Wiesbaden","T_T_SH_NAT","Share of population  in metropolitan area over the national value","2016","2016","RATIO","Ratio","0","Units",,,0.6,,
"JPN47","Isesaki","T_T","Population, All ages. Administrative data","2000","2000","PER","Persons","0","Units",,,379772,,
"JPN47","Isesaki","T_T","Population, All ages. Administrative data","2001","2001","PER","Persons","0","Units",,,380298,,
"JPN47","Isesaki","T_T","Population, All ages. Administrative data","2002","2002","PER","Persons","0","Units",,,380824,,
"JPN47","Isesaki","T_T","Population, All ages. Administrative data","2003","2003","PER","Persons","0","Units",,,381349,,
"JPN47","Isesaki","T_T","Population, All ages. Administrative data","2004","2004","PER","Persons","0","Units",,,381875,,
"JPN47","Isesaki","T_T","Population, All ages. Administrative data","2005","2005","PER","Persons","0","Units",,,382401,,
"JPN47","Isesaki","T_T","Population, All ages. Administrative data","2006","2006","PER","Persons","0","Units",,,381772,,
"JPN47","Isesaki","T_T","Population, All ages. Administrative data","2007","2007","PER","Persons","0","Units",,,381144,,
"JPN47","Isesaki","T_T","Population, All ages. Administrative data","2008","2008","PER","Persons","0","Units",,,380514,,
"JPN47","Isesaki","T_T","Population, All ages. Administrative data","2009","2009","PER","Persons","0","Units",,,379886,,
"JPN47","Isesaki","T_T","Population, All ages. Administrative data","2010","2010","PER","Persons","0","Units",,,379257,,
"JPN47","Isesaki","T_T","Population, All ages. Administrative data","2011","2011","PER","Persons","0","Units",,,377822,,
"JPN47","Isesaki","T_T","Population, All ages. Administrative data","2012","2012","PER","Persons","0","Units",,,376385,,
"JPN47","Isesaki","T_T","Population, All ages. Administrative data","2013","2013","PER","Persons","0","Units",,,374949,,
"JPN47","Isesaki","T_T","Population, All ages. Administrative data","2014","2014","PER","Persons","0","Units",,,373512,,
"JPN47","Isesaki","T_T","Population, All ages. Administrative data","2015","2015","PER","Persons","0","Units",,,372077,,
"UK007","Edinburgh","T_T","Population, All ages. Administrative data","2001","2001","PER","Persons","0","Units",,,779180,,
"UK007","Edinburgh","T_T","Population, All ages. Administrative data","2002","2002","PER","Persons","0","Units",,,779780,,
"UK007","Edinburgh","T_T","Population, All ages. Administrative data","2003","2003","PER","Persons","0","Units",,,778900,,
"UK007","Edinburgh","T_T","Population, All ages. Administrative data","2004","2004","PER","Persons","0","Units",,,781810,,
"UK007","Edinburgh","T_T","Population, All ages. Administrative data","2005","2005","PER","Persons","0","Units",,,787270,,
"UK007","Edinburgh","T_T","Population, All ages. Administrative data","2006","2006","PER","Persons","0","Units",,,793020,,
"UK007","Edinburgh","T_T","Population, All ages. Administrative data","2007","2007","PER","Persons","0","Units",,,801440,,
"UK007","Edinburgh","T_T","Population, All ages. Administrative data","2008","2008","PER","Persons","0","Units",,,808910,,
"UK007","Edinburgh","T_T","Population, All ages. Administrative data","2009","2009","PER","Persons","0","Units",,,816520,,
"UK007","Edinburgh","T_T","Population, All ages. Administrative data","2010","2010","PER","Persons","0","Units",,,825530,,
"UK007","Edinburgh","T_T","Population, All ages. Administrative data","2011","2011","PER","Persons","0","Units",,,836610,,
"UK007","Edinburgh","T_T","Population, All ages. Administrative data","2012","2012","PER","Persons","0","Units",,,843740,,
"UK007","Edinburgh","T_T","Population, All ages. Administrative data","2013","2013","PER","Persons","0","Units",,,849720,,
"UK007","Edinburgh","T_T","Population, All ages. Administrative data","2014","2014","PER","Persons","0","Units",,,858120,,
"UK007","Edinburgh","T_T","Population, All ages. Administrative data","2015","2015","PER","Persons","0","Units",,,867800,,
"UK007","Edinburgh","T_T","Population, All ages. Administrative data","2016","2016","PER","Persons","0","Units",,,880000,,
"USA115","Marion (OR)","T_T_SH_NAT","Share of population  in metropolitan area over the national value","2001","2001","RATIO","Ratio","0","Units",,,0.1,,
"USA115","Marion (OR)","T_T_SH_NAT","Share of population  in metropolitan area over the national value","2002","2002","RATIO","Ratio","0","Units",,,0.1,,
"USA115","Marion (OR)","T_T_SH_NAT","Share of population  in metropolitan area over the national value","2003","2003","RATIO","Ratio","0","Units",,,0.1,,
"USA115","Marion (OR)","T_T_SH_NAT","Share of population  in metropolitan area over the national value","2004","2004","RATIO","Ratio","0","Units",,,0.1,,
"USA115","Marion (OR)","T_T_SH_NAT","Share of population  in metropolitan area over the national value","2005","2005","RATIO","Ratio","0","Units",,,0.1,,
"USA115","Marion (OR)","T_T_SH_NAT","Share of population  in metropolitan area over the national value","2006","2006","RATIO","Ratio","0","Units",,,0.1,,
"USA115","Marion (OR)","T_T_SH_NAT","Share of population  in metropolitan area over the national value","2007","2007","RATIO","Ratio","0","Units",,,0.1,,
"USA115","Marion (OR)","T_T_SH_NAT","Share of population  in metropolitan area over the national value","2008","2008","RATIO","Ratio","0","Units",,,0.1,,
"USA115","Marion (OR)","T_T_SH_NAT","Share of population  in metropolitan area over the national value","2009","2009","RATIO","Ratio","0","Units",,,0.1,,
"USA115","Marion (OR)","T_T_SH_NAT","Share of population  in metropolitan area over the national value","2010","2010","RATIO","Ratio","0","Units",,,0.1,,
"USA115","Marion (OR)","T_T_SH_NAT","Share of population  in metropolitan area over the national value","2011","2011","RATIO","Ratio","0","Units",,,0.1,,
"USA115","Marion (OR)","T_T_SH_NAT","Share of population  in metropolitan area over the national value","2012","2012","RATIO","Ratio","0","Units",,,0.1,,
"USA115","Marion (OR)","T_T_SH_NAT","Share of population  in metropolitan area over the national value","2013","2013","RATIO","Ratio","0","Units",,,0.1,,
"USA115","Marion (OR)","T_T_SH_NAT","Share of population  in metropolitan area over the national value","2014","2014","RATIO","Ratio","0","Units",,,0.1,,
"USA115","Marion (OR)","T_T_SH_NAT","Share of population  in metropolitan area over the national value","2015","2015","RATIO","Ratio","0","Units",,,0.1,,
"USA115","Marion (OR)","T_T_SH_NAT","Share of population  in metropolitan area over the national value","2016","2016","RATIO","Ratio","0","Units",,,0.1,,
"DK004","Aalborg","T_T","Population, All ages. Administrative data","2000","2000","PER","Persons","0","Units",,,291177,,
"DK004","Aalborg","T_T","Population, All ages. Administrative data","2001","2001","PER","Persons","0","Units",,,292224,,
"DK004","Aalborg","T_T","Population, All ages. Administrative data","2002","2002","PER","Persons","0","Units",,,293425,,
"DK004","Aalborg","T_T","Population, All ages. Administrative data","2003","2003","PER","Persons","0","Units",,,294024,,
"DK004","Aalborg","T_T","Population, All ages. Administrative data","2004","2004","PER","Persons","0","Units",,,294940,,
"DK004","Aalborg","T_T","Population, All ages. Administrative data","2005","2005","PER","Persons","0","Units",,,295014,,
"DK004","Aalborg","T_T","Population, All ages. Administrative data","2006","2006","PER","Persons","0","Units",,,296213,,
"DK004","Aalborg","T_T","Population, All ages. Administrative data","2007","2007","PER","Persons","0","Units",,,297411,,
"DK004","Aalborg","T_T","Population, All ages. Administrative data","2008","2008","PER","Persons","0","Units",,,298612,,
"DK004","Aalborg","T_T","Population, All ages. Administrative data","2009","2009","PER","Persons","0","Units",,,299810,,
"DK004","Aalborg","T_T","Population, All ages. Administrative data","2010","2010","PER","Persons","0","Units",,,301009,,
"DK004","Aalborg","T_T","Population, All ages. Administrative data","2011","2011","PER","Persons","0","Units",,,302650,,
"DK004","Aalborg","T_T","Population, All ages. Administrative data","2012","2012","PER","Persons","0","Units",,,304418,,
"DK004","Aalborg","T_T","Population, All ages. Administrative data","2013","2013","PER","Persons","0","Units",,,306511,,
"DK004","Aalborg","T_T","Population, All ages. Administrative data","2014","2014","PER","Persons","0","Units",,,308581,,
"DK004","Aalborg","T_T","Population, All ages. Administrative data","2015","2015","PER","Persons","0","Units",,,310738,,
"DK004","Aalborg","T_T","Population, All ages. Administrative data","2016","2016","PER","Persons","0","Units",,,313978,,
"IT012","Verona","POP_DEN","Population density (pop. per km2)","2000","2000","PER","Persons","0","Units",,,611,,
"IT012","Verona","POP_DEN","Population density (pop. per km2)","2001","2001","PER","Persons","0","Units",,,617,,
"IT012","Verona","POP_DEN","Population density (pop. per km2)","2002","2002","PER","Persons","0","Units",,,624,,
"IT012","Verona","POP_DEN","Population density (pop. per km2)","2003","2003","PER","Persons","0","Units",,,630,,
"IT012","Verona","POP_DEN","Population density (pop. per km2)","2004","2004","PER","Persons","0","Units",,,636,,
"IT012","Verona","POP_DEN","Population density (pop. per km2)","2005","2005","PER","Persons","0","Units",,,642,,
"IT012","Verona","POP_DEN","Population density (pop. per km2)","2006","2006","PER","Persons","0","Units",,,648,,
"IT012","Verona","POP_DEN","Population density (pop. per km2)","2007","2007","PER","Persons","0","Units",,,654,,
"IT012","Verona","POP_DEN","Population density (pop. per km2)","2008","2008","PER","Persons","0","Units",,,660,,
"IT012","Verona","POP_DEN","Population density (pop. per km2)","2009","2009","PER","Persons","0","Units",,,666,,
"IT012","Verona","POP_DEN","Population density (pop. per km2)","2010","2010","PER","Persons","0","Units",,,672,,
"IT012","Verona","POP_DEN","Population density (pop. per km2)","2011","2011","PER","Persons","0","Units",,,678,,
"IT012","Verona","POP_DEN","Population density (pop. per km2)","2012","2012","PER","Persons","0","Units",,,685,,
"IT012","Verona","POP_DEN","Population density (pop. per km2)","2013","2013","PER","Persons","0","Units",,,690,,
"IT012","Verona","POP_DEN","Population density (pop. per km2)","2014","2014","PER","Persons","0","Units",,,703,,
"IT012","Verona","POP_DEN","Population density (pop. per km2)","2015","2015","PER","Persons","0","Units",,,705,,
"IT012","Verona","POP_DEN","Population density (pop. per km2)","2016","2016","PER","Persons","0","Units",,,703,,
"MEX58","Campeche","POP_DEN","Population density (pop. per km2)","2000","2000","PER","Persons","0","Units",,,71,,
"MEX58","Campeche","POP_DEN","Population density (pop. per km2)","2005","2005","PER","Persons","0","Units",,,72,,
"MEX58","Campeche","POP_DEN","Population density (pop. per km2)","2010","2010","PER","Persons","0","Units",,,79,,
"MEX58","Campeche","POP_DEN","Population density (pop. per km2)","2015","2015","PER","Persons","0","Units",,,87,,
"USA127","Madison","POP_DEN","Population density (pop. per km2)","2000","2000","PER","Persons","0","Units",,,132,,
"USA127","Madison","POP_DEN","Population density (pop. per km2)","2001","2001","PER","Persons","0","Units",,,133,,
"USA127","Madison","POP_DEN","Population density (pop. per km2)","2002","2002","PER","Persons","0","Units",,,136,,
"USA127","Madison","POP_DEN","Population density (pop. per km2)","2003","2003","PER","Persons","0","Units",,,138,,
"USA127","Madison","POP_DEN","Population density (pop. per km2)","2004","2004","PER","Persons","0","Units",,,140,,
"USA127","Madison","POP_DEN","Population density (pop. per km2)","2005","2005","PER","Persons","0","Units",,,143,,
"USA127","Madison","POP_DEN","Population density (pop. per km2)","2006","2006","PER","Persons","0","Units",,,147,,
"USA127","Madison","POP_DEN","Population density (pop. per km2)","2007","2007","PER","Persons","0","Units",,,150,,
"USA127","Madison","POP_DEN","Population density (pop. per km2)","2008","2008","PER","Persons","0","Units",,,153,,
"USA127","Madison","POP_DEN","Population density (pop. per km2)","2009","2009","PER","Persons","0","Units",,,157,,
"USA127","Madison","POP_DEN","Population density (pop. per km2)","2010","2010","PER","Persons","0","Units",,,159,,
"USA127","Madison","POP_DEN","Population density (pop. per km2)","2011","2011","PER","Persons","0","Units",,,161,,
"USA127","Madison","POP_DEN","Population density (pop. per km2)","2012","2012","PER","Persons","0","Units",,,162,,
"USA127","Madison","POP_DEN","Population density (pop. per km2)","2013","2013","PER","Persons","0","Units",,,164,,
"USA127","Madison","POP_DEN","Population density (pop. per km2)","2014","2014","PER","Persons","0","Units",,,166,,
"USA127","Madison","POP_DEN","Population density (pop. per km2)","2015","2015","PER","Persons","0","Units",,,167,,
"USA127","Madison","POP_DEN","Population density (pop. per km2)","2016","2016","PER","Persons","0","Units",,,169,,
"FR037","Brest","T_T_SH_NAT","Share of population  in metropolitan area over the national value","2001","2001","RATIO","Ratio","0","Units",,,0.6,,
"FR037","Brest","T_T_SH_NAT","Share of population  in metropolitan area over the national value","2002","2002","RATIO","Ratio","0","Units",,,0.6,,
"FR037","Brest","T_T_SH_NAT","Share of population  in metropolitan area over the national value","2003","2003","RATIO","Ratio","0","Units",,,0.6,,
"FR037","Brest","T_T_SH_NAT","Share of population  in metropolitan area over the national value","2004","2004","RATIO","Ratio","0","Units",,,0.6,,
"FR037","Brest","T_T_SH_NAT","Share of population  in metropolitan area over the national value","2005","2005","RATIO","Ratio","0","Units",,,0.6,,
"FR037","Brest","T_T_SH_NAT","Share of population  in metropolitan area over the national value","2006","2006","RATIO","Ratio","0","Units",,,0.6,,
"FR037","Brest","T_T_SH_NAT","Share of population  in metropolitan area over the national value","2007","2007","RATIO","Ratio","0","Units",,,0.6,,
"FR037","Brest","T_T_SH_NAT","Share of population  in metropolitan area over the national value","2008","2008","RATIO","Ratio","0","Units",,,0.6,,
"FR037","Brest","T_T_SH_NAT","Share of population  in metropolitan area over the national value","2009","2009","RATIO","Ratio","0","Units",,,0.6,,
"FR037","Brest","T_T_SH_NAT","Share of population  in metropolitan area over the national value","2010","2010","RATIO","Ratio","0","Units",,,0.6,,
"FR037","Brest","T_T_SH_NAT","Share of population  in metropolitan area over the national value","2011","2011","RATIO","Ratio","0","Units",,,0.6,,
"FR037","Brest","T_T_SH_NAT","Share of population  in metropolitan area over the national value","2012","2012","RATIO","Ratio","0","Units",,,0.6,,
"FR037","Brest","T_T_SH_NAT","Share of population  in metropolitan area over the national value","2013","2013","RATIO","Ratio","0","Units",,,0.6,,
"FR037","Brest","T_T_SH_NAT","Share of population  in metropolitan area over the national value","2014","2014","RATIO","Ratio","0","Units",,,0.6,,
"FR037","Brest","T_T_SH_NAT","Share of population  in metropolitan area over the national value","2015","2015","RATIO","Ratio","0","Units",,,0.5,,
"DE034","Bonn","POP_DEN","Population density (pop. per km2)","2001","2001","PER","Persons","0","Units",,,680,,
"DE034","Bonn","POP_DEN","Population density (pop. per km2)","2002","2002","PER","Persons","0","Units",,,687,,
"DE034","Bonn","POP_DEN","Population density (pop. per km2)","2003","2003","PER","Persons","0","Units",,,694,,
"DE034","Bonn","POP_DEN","Population density (pop. per km2)","2004","2004","PER","Persons","0","Units",,,699,,
"DE034","Bonn","POP_DEN","Population density (pop. per km2)","2005","2005","PER","Persons","0","Units",,,702,,
"DE034","Bonn","POP_DEN","Population density (pop. per km2)","2006","2006","PER","Persons","0","Units",,,704,,
"DE034","Bonn","POP_DEN","Population density (pop. per km2)","2007","2007","PER","Persons","0","Units",,,706,,
"DE034","Bonn","POP_DEN","Population density (pop. per km2)","2008","2008","PER","Persons","0","Units",,,708,,
"DE034","Bonn","POP_DEN","Population density (pop. per km2)","2009","2009","PER","Persons","0","Units",,,708,,
"DE034","Bonn","POP_DEN","Population density (pop. per km2)","2010","2010","PER","Persons","0","Units",,,710,,
"DE034","Bonn","POP_DEN","Population density (pop. per km2)","2011","2011","PER","Persons","0","Units",,,682,,
"DE034","Bonn","POP_DEN","Population density (pop. per km2)","2012","2012","PER","Persons","0","Units",,,686,,
"DE034","Bonn","POP_DEN","Population density (pop. per km2)","2013","2013","PER","Persons","0","Units",,,688,,
"DE034","Bonn","POP_DEN","Population density (pop. per km2)","2014","2014","PER","Persons","0","Units",,,691,,
"DE034","Bonn","POP_DEN","Population density (pop. per km2)","2015","2015","PER","Persons","0","Units",,,696,,
"DE034","Bonn","POP_DEN","Population density (pop. per km2)","2016","2016","PER","Persons","0","Units",,,707,,
"USA92","Sonoma","POP_DEN","Population density (pop. per km2)","2000","2000","PER","Persons","0","Units",,,112,,
"USA92","Sonoma","POP_DEN","Population density (pop. per km2)","2001","2001","PER","Persons","0","Units",,,113,,
"USA92","Sonoma","POP_DEN","Population density (pop. per km2)","2002","2002","PER","Persons","0","Units",,,113,,
"USA92","Sonoma","POP_DEN","Population density (pop. per km2)","2003","2003","PER","Persons","0","Units",,,113,,
"USA92","Sonoma","POP_DEN","Population density (pop. per km2)","2004","2004","PER","Persons","0","Units",,,113,,
"USA92","Sonoma","POP_DEN","Population density (pop. per km2)","2005","2005","PER","Persons","0","Units",,,113,,
"USA92","Sonoma","POP_DEN","Population density (pop. per km2)","2006","2006","PER","Persons","0","Units",,,113,,
"USA92","Sonoma","POP_DEN","Population density (pop. per km2)","2007","2007","PER","Persons","0","Units",,,113,,
"USA92","Sonoma","POP_DEN","Population density (pop. per km2)","2008","2008","PER","Persons","0","Units",,,115,,
"USA92","Sonoma","POP_DEN","Population density (pop. per km2)","2009","2009","PER","Persons","0","Units",,,116,,
"USA92","Sonoma","POP_DEN","Population density (pop. per km2)","2010","2010","PER","Persons","0","Units",,,118,,
"USA92","Sonoma","POP_DEN","Population density (pop. per km2)","2011","2011","PER","Persons","0","Units",,,118,,
"USA92","Sonoma","POP_DEN","Population density (pop. per km2)","2012","2012","PER","Persons","0","Units",,,119,,
"USA92","Sonoma","POP_DEN","Population density (pop. per km2)","2013","2013","PER","Persons","0","Units",,,120,,
"USA92","Sonoma","POP_DEN","Population density (pop. per km2)","2014","2014","PER","Persons","0","Units",,,121,,
"USA92","Sonoma","POP_DEN","Population density (pop. per km2)","2015","2015","PER","Persons","0","Units",,,122,,
"USA92","Sonoma","POP_DEN","Population density (pop. per km2)","2016","2016","PER","Persons","0","Units",,,122,,
"USA84","Utah","T_T","Population, All ages. Administrative data","2000","2000","PER","Persons","0","Units",,,380079,,
"USA84","Utah","T_T","Population, All ages. Administrative data","2001","2001","PER","Persons","0","Units",,,394059,,
"USA84","Utah","T_T","Population, All ages. Administrative data","2002","2002","PER","Persons","0","Units",,,405672,,
"USA84","Utah","T_T","Population, All ages. Administrative data","2003","2003","PER","Persons","0","Units",,,414780,,
"USA84","Utah","T_T","Population, All ages. Administrative data","2004","2004","PER","Persons","0","Units",,,425023,,
"USA84","Utah","T_T","Population, All ages. Administrative data","2005","2005","PER","Persons","0","Units",,,439623,,
"USA84","Utah","T_T","Population, All ages. Administrative data","2006","2006","PER","Persons","0","Units",,,457471,,
"USA84","Utah","T_T","Population, All ages. Administrative data","2007","2007","PER","Persons","0","Units",,,479181,,
"USA84","Utah","T_T","Population, All ages. Administrative data","2008","2008","PER","Persons","0","Units",,,497639,,
"USA84","Utah","T_T","Population, All ages. Administrative data","2009","2009","PER","Persons","0","Units",,,515010,,
"USA84","Utah","T_T","Population, All ages. Administrative data","2010","2010","PER","Persons","0","Units",,,530238,,
"USA84","Utah","T_T","Population, All ages. Administrative data","2011","2011","PER","Persons","0","Units",,,541171,,
"USA84","Utah","T_T","Population, All ages. Administrative data","2012","2012","PER","Persons","0","Units",,,550071,,
"USA84","Utah","T_T","Population, All ages. Administrative data","2013","2013","PER","Persons","0","Units",,,561895,,
"USA84","Utah","T_T","Population, All ages. Administrative data","2014","2014","PER","Persons","0","Units",,,571320,,
"USA84","Utah","T_T","Population, All ages. Administrative data","2015","2015","PER","Persons","0","Units",,,583583,,
"USA84","Utah","T_T","Population, All ages. Administrative data","2016","2016","PER","Persons","0","Units",,,601478,,
"PL003","Cracow","T_T_SH_NAT","Share of population  in metropolitan area over the national value","2001","2001","RATIO","Ratio","0","Units",,,3.5,,
"PL003","Cracow","T_T_SH_NAT","Share of population  in metropolitan area over the national value","2002","2002","RATIO","Ratio","0","Units",,,3.5,,
"PL003","Cracow","T_T_SH_NAT","Share of population  in metropolitan area over the national value","2003","2003","RATIO","Ratio","0","Units",,,3.5,,
"PL003","Cracow","T_T_SH_NAT","Share of population  in metropolitan area over the national value","2004","2004","RATIO","Ratio","0","Units",,,3.5,,
"PL003","Cracow","T_T_SH_NAT","Share of population  in metropolitan area over the national value","2005","2005","RATIO","Ratio","0","Units",,,3.5,,
"PL003","Cracow","T_T_SH_NAT","Share of population  in metropolitan area over the national value","2006","2006","RATIO","Ratio","0","Units",,,3.5,,
"PL003","Cracow","T_T_SH_NAT","Share of population  in metropolitan area over the national value","2007","2007","RATIO","Ratio","0","Units",,,3.5,,
"PL003","Cracow","T_T_SH_NAT","Share of population  in metropolitan area over the national value","2008","2008","RATIO","Ratio","0","Units",,,3.5,,
"PL003","Cracow","T_T_SH_NAT","Share of population  in metropolitan area over the national value","2009","2009","RATIO","Ratio","0","Units",,,3.5,,
"PL003","Cracow","T_T_SH_NAT","Share of population  in metropolitan area over the national value","2010","2010","RATIO","Ratio","0","Units",,,3.6,,
"PL003","Cracow","T_T_SH_NAT","Share of population  in metropolitan area over the national value","2011","2011","RATIO","Ratio","0","Units",,,3.6,,
"PL003","Cracow","T_T_SH_NAT","Share of population  in metropolitan area over the national value","2012","2012","RATIO","Ratio","0","Units",,,3.6,,
"PL003","Cracow","T_T_SH_NAT","Share of population  in metropolitan area over the national value","2013","2013","RATIO","Ratio","0","Units",,,3.7,,
"PL003","Cracow","T_T_SH_NAT","Share of population  in metropolitan area over the national value","2014","2014","RATIO","Ratio","0","Units",,,3.7,,
"PL003","Cracow","T_T_SH_NAT","Share of population  in metropolitan area over the national value","2015","2015","RATIO","Ratio","0","Units",,,3.7,,
"PL003","Cracow","T_T_SH_NAT","Share of population  in metropolitan area over the national value","2016","2016","RATIO","Ratio","0","Units",,,3.7,,
"USA32","Milwaukee","T_T","Population, All ages. Administrative data","2000","2000","PER","Persons","0","Units",,,1502420,,
"USA32","Milwaukee","T_T","Population, All ages. Administrative data","2001","2001","PER","Persons","0","Units",,,1507257,,
"USA32","Milwaukee","T_T","Population, All ages. Administrative data","2002","2002","PER","Persons","0","Units",,,1514251,,
"USA32","Milwaukee","T_T","Population, All ages. Administrative data","2003","2003","PER","Persons","0","Units",,,1519746,,
"USA32","Milwaukee","T_T","Population, All ages. Administrative data","2004","2004","PER","Persons","0","Units",,,1522302,,
"USA32","Milwaukee","T_T","Population, All ages. Administrative data","2005","2005","PER","Persons","0","Units",,,1522391,,
"USA32","Milwaukee","T_T","Population, All ages. Administrative data","2006","2006","PER","Persons","0","Units",,,1523907,,
"USA32","Milwaukee","T_T","Population, All ages. Administrative data","2007","2007","PER","Persons","0","Units",,,1530492,,
"USA32","Milwaukee","T_T","Population, All ages. Administrative data","2008","2008","PER","Persons","0","Units",,,1538232,,
"USA32","Milwaukee","T_T","Population, All ages. Administrative data","2009","2009","PER","Persons","0","Units",,,1549613,,
"USA32","Milwaukee","T_T","Population, All ages. Administrative data","2010","2010","PER","Persons","0","Units",,,1556675,,
"USA32","Milwaukee","T_T","Population, All ages. Administrative data","2011","2011","PER","Persons","0","Units",,,1561671,,
"USA32","Milwaukee","T_T","Population, All ages. Administrative data","2012","2012","PER","Persons","0","Units",,,1567759,,
"USA32","Milwaukee","T_T","Population, All ages. Administrative data","2013","2013","PER","Persons","0","Units",,,1571740,,
"USA32","Milwaukee","T_T","Population, All ages. Administrative data","2014","2014","PER","Persons","0","Units",,,1575007,,
"USA32","Milwaukee","T_T","Population, All ages. Administrative data","2015","2015","PER","Persons","0","Units",,,1576376,,
"USA32","Milwaukee","T_T","Population, All ages. Administrative data","2016","2016","PER","Persons","0","Units",,,1576143,,
"UK027","Stoke-on-Trent","T_T","Population, All ages. Administrative data","2001","2001","PER","Persons","0","Units",,,456992,,
"UK027","Stoke-on-Trent","T_T","Population, All ages. Administrative data","2002","2002","PER","Persons","0","Units",,,457047,,
"UK027","Stoke-on-Trent","T_T","Population, All ages. Administrative data","2003","2003","PER","Persons","0","Units",,,457685,,
"UK027","Stoke-on-Trent","T_T","Population, All ages. Administrative data","2004","2004","PER","Persons","0","Units",,,459134,,
"UK027","Stoke-on-Trent","T_T","Population, All ages. Administrative data","2005","2005","PER","Persons","0","Units",,,459993,,
"UK027","Stoke-on-Trent","T_T","Population, All ages. Administrative data","2006","2006","PER","Persons","0","Units",,,462148,,
"UK027","Stoke-on-Trent","T_T","Population, All ages. Administrative data","2007","2007","PER","Persons","0","Units",,,463518,,
"UK027","Stoke-on-Trent","T_T","Population, All ages. Administrative data","2008","2008","PER","Persons","0","Units",,,465326,,
"UK027","Stoke-on-Trent","T_T","Population, All ages. Administrative data","2009","2009","PER","Persons","0","Units",,,465723,,
"UK027","Stoke-on-Trent","T_T","Population, All ages. Administrative data","2010","2010","PER","Persons","0","Units",,,467719,,
"UK027","Stoke-on-Trent","T_T","Population, All ages. Administrative data","2011","2011","PER","Persons","0","Units",,,469806,,
"UK027","Stoke-on-Trent","T_T","Population, All ages. Administrative data","2012","2012","PER","Persons","0","Units",,,471135,,
"UK027","Stoke-on-Trent","T_T","Population, All ages. Administrative data","2013","2013","PER","Persons","0","Units",,,472866,,
"UK027","Stoke-on-Trent","T_T","Population, All ages. Administrative data","2014","2014","PER","Persons","0","Units",,,474772,,
"UK027","Stoke-on-Trent","T_T","Population, All ages. Administrative data","2015","2015","PER","Persons","0","Units",,,476620,,
"UK027","Stoke-on-Trent","T_T","Population, All ages. Administrative data","2016","2016","PER","Persons","0","Units",,,479961,,
"BE003","Gent","T_T","Population, All ages. Administrative data","2000","2000","PER","Persons","0","Units",,,540727,,
"BE003","Gent","T_T","Population, All ages. Administrative data","2001","2001","PER","Persons","0","Units",,,541760,,
"BE003","Gent","T_T","Population, All ages. Administrative data","2002","2002","PER","Persons","0","Units",,,543580,,
"BE003","Gent","T_T","Population, All ages. Administrative data","2003","2003","PER","Persons","0","Units",,,545608,,
"BE003","Gent","T_T","Population, All ages. Administrative data","2004","2004","PER","Persons","0","Units",,,547819,,
"BE003","Gent","T_T","Population, All ages. Administrative data","2005","2005","PER","Persons","0","Units",,,550778,,
"BE003","Gent","T_T","Population, All ages. Administrative data","2006","2006","PER","Persons","0","Units",,,554944,,
"BE003","Gent","T_T","Population, All ages. Administrative data","2007","2007","PER","Persons","0","Units",,,558577,,
"BE003","Gent","T_T","Population, All ages. Administrative data","2008","2008","PER","Persons","0","Units",,,563020,,
"BE003","Gent","T_T","Population, All ages. Administrative data","2009","2009","PER","Persons","0","Units",,,568201,,
"BE003","Gent","T_T","Population, All ages. Administrative data","2010","2010","PER","Persons","0","Units",,,573955,,
"BE003","Gent","T_T","Population, All ages. Administrative data","2011","2011","PER","Persons","0","Units",,,580285,,
"BE003","Gent","T_T","Population, All ages. Administrative data","2012","2012","PER","Persons","0","Units",,,583130,,
"BE003","Gent","T_T","Population, All ages. Administrative data","2013","2013","PER","Persons","0","Units",,,585168,,
"BE003","Gent","T_T","Population, All ages. Administrative data","2014","2014","PER","Persons","0","Units",,,588880,,
"BE003","Gent","T_T","Population, All ages. Administrative data","2015","2015","PER","Persons","0","Units",,,593062,,
"BE003","Gent","T_T","Population, All ages. Administrative data","2016","2016","PER","Persons","0","Units",,,598335,,
"MEX23","Tampico","T_T_SH_NAT","Share of population  in metropolitan area over the national value","2005","2005","RATIO","Ratio","0","Units",,,0.7,,
"MEX23","Tampico","T_T_SH_NAT","Share of population  in metropolitan area over the national value","2010","2010","RATIO","Ratio","0","Units",,,0.7,,
"MEX23","Tampico","T_T_SH_NAT","Share of population  in metropolitan area over the national value","2015","2015","RATIO","Ratio","0","Units",,,0.7,,
"DE044","Kaiserslautern","POP_DEN","Population density (pop. per km2)","2001","2001","PER","Persons","0","Units",,,214,,
"DE044","Kaiserslautern","POP_DEN","Population density (pop. per km2)","2002","2002","PER","Persons","0","Units",,,213,,
"DE044","Kaiserslautern","POP_DEN","Population density (pop. per km2)","2003","2003","PER","Persons","0","Units",,,213,,
"DE044","Kaiserslautern","POP_DEN","Population density (pop. per km2)","2004","2004","PER","Persons","0","Units",,,212,,
"DE044","Kaiserslautern","POP_DEN","Population density (pop. per km2)","2005","2005","PER","Persons","0","Units",,,212,,
"DE044","Kaiserslautern","POP_DEN","Population density (pop. per km2)","2006","2006","PER","Persons","0","Units",,,210,,
"DE044","Kaiserslautern","POP_DEN","Population density (pop. per km2)","2007","2007","PER","Persons","0","Units",,,209,,
"DE044","Kaiserslautern","POP_DEN","Population density (pop. per km2)","2008","2008","PER","Persons","0","Units",,,208,,
"DE044","Kaiserslautern","POP_DEN","Population density (pop. per km2)","2009","2009","PER","Persons","0","Units",,,206,,
"DE044","Kaiserslautern","POP_DEN","Population density (pop. per km2)","2010","2010","PER","Persons","0","Units",,,206,,
"DE044","Kaiserslautern","POP_DEN","Population density (pop. per km2)","2011","2011","PER","Persons","0","Units",,,204,,
"DE044","Kaiserslautern","POP_DEN","Population density (pop. per km2)","2012","2012","PER","Persons","0","Units",,,203,,
"DE044","Kaiserslautern","POP_DEN","Population density (pop. per km2)","2013","2013","PER","Persons","0","Units",,,202,,
"DE044","Kaiserslautern","POP_DEN","Population density (pop. per km2)","2014","2014","PER","Persons","0","Units",,,202,,
"DE044","Kaiserslautern","POP_DEN","Population density (pop. per km2)","2015","2015","PER","Persons","0","Units",,,202,,
"DE044","Kaiserslautern","POP_DEN","Population density (pop. per km2)","2016","2016","PER","Persons","0","Units",,,203,,
"MEX63","Tulancingo de Bravo","POP_DEN","Population density (pop. per km2)","2000","2000","PER","Persons","0","Units",,,277,,
"MEX63","Tulancingo de Bravo","POP_DEN","Population density (pop. per km2)","2005","2005","PER","Persons","0","Units",,,297,,
"MEX63","Tulancingo de Bravo","POP_DEN","Population density (pop. per km2)","2010","2010","PER","Persons","0","Units",,,350,,
"MEX63","Tulancingo de Bravo","POP_DEN","Population density (pop. per km2)","2015","2015","PER","Persons","0","Units",,,428,,
"FR009","Lille","T_T_SH_NAT","Share of population  in metropolitan area over the national value","2001","2001","RATIO","Ratio","0","Units",,,2.1,,
"FR009","Lille","T_T_SH_NAT","Share of population  in metropolitan area over the national value","2002","2002","RATIO","Ratio","0","Units",,,2.1,,
"FR009","Lille","T_T_SH_NAT","Share of population  in metropolitan area over the national value","2003","2003","RATIO","Ratio","0","Units",,,2.1,,
"FR009","Lille","T_T_SH_NAT","Share of population  in metropolitan area over the national value","2004","2004","RATIO","Ratio","0","Units",,,2.1,,
"FR009","Lille","T_T_SH_NAT","Share of population  in metropolitan area over the national value","2005","2005","RATIO","Ratio","0","Units",,,2.1,,
"FR009","Lille","T_T_SH_NAT","Share of population  in metropolitan area over the national value","2006","2006","RATIO","Ratio","0","Units",,,2.1,,
"FR009","Lille","T_T_SH_NAT","Share of population  in metropolitan area over the national value","2007","2007","RATIO","Ratio","0","Units",,,2.1,,
"FR009","Lille","T_T_SH_NAT","Share of population  in metropolitan area over the national value","2008","2008","RATIO","Ratio","0","Units",,,2.1,,
"FR009","Lille","T_T_SH_NAT","Share of population  in metropolitan area over the national value","2009","2009","RATIO","Ratio","0","Units",,,2.1,,
"FR009","Lille","T_T_SH_NAT","Share of population  in metropolitan area over the national value","2010","2010","RATIO","Ratio","0","Units",,,2.1,,
"FR009","Lille","T_T_SH_NAT","Share of population  in metropolitan area over the national value","2011","2011","RATIO","Ratio","0","Units",,,2.1,,
"FR009","Lille","T_T_SH_NAT","Share of population  in metropolitan area over the national value","2012","2012","RATIO","Ratio","0","Units",,,2.1,,
"FR009","Lille","T_T_SH_NAT","Share of population  in metropolitan area over the national value","2013","2013","RATIO","Ratio","0","Units",,,2.1,,
"FR009","Lille","T_T_SH_NAT","Share of population  in metropolitan area over the national value","2014","2014","RATIO","Ratio","0","Units",,,2.1,,
"FR009","Lille","T_T_SH_NAT","Share of population  in metropolitan area over the national value","2015","2015","RATIO","Ratio","0","Units",,,2,,
"USA130","Collier","T_T","Population, All ages. Administrative data","2000","2000","PER","Persons","0","Units",,,254015,,
"USA130","Collier","T_T","Population, All ages. Administrative data","2001","2001","PER","Persons","0","Units",,,264240,,
"USA130","Collier","T_T","Population, All ages. Administrative data","2002","2002","PER","Persons","0","Units",,,275490,,
"USA130","Collier","T_T","Population, All ages. Administrative data","2003","2003","PER","Persons","0","Units",,,285321,,
"USA130","Collier","T_T","Population, All ages. Administrative data","2004","2004","PER","Persons","0","Units",,,296021,,
"USA130","Collier","T_T","Population, All ages. Administrative data","2005","2005","PER","Persons","0","Units",,,307452,,
"USA130","Collier","T_T","Population, All ages. Administrative data","2006","2006","PER","Persons","0","Units",,,312621,,
"USA130","Collier","T_T","Population, All ages. Administrative data","2007","2007","PER","Persons","0","Units",,,314437,,
"USA130","Collier","T_T","Population, All ages. Administrative data","2008","2008","PER","Persons","0","Units",,,316641,,
"USA130","Collier","T_T","Population, All ages. Administrative data","2009","2009","PER","Persons","0","Units",,,318485,,
"USA130","Collier","T_T","Population, All ages. Administrative data","2010","2010","PER","Persons","0","Units",,,322601,,
"USA130","Collier","T_T","Population, All ages. Administrative data","2011","2011","PER","Persons","0","Units",,,327667,,
"USA130","Collier","T_T","Population, All ages. Administrative data","2012","2012","PER","Persons","0","Units",,,332556,,
"USA130","Collier","T_T","Population, All ages. Administrative data","2013","2013","PER","Persons","0","Units",,,339483,,
"USA130","Collier","T_T","Population, All ages. Administrative data","2014","2014","PER","Persons","0","Units",,,348216,,
"USA130","Collier","T_T","Population, All ages. Administrative data","2015","2015","PER","Persons","0","Units",,,357194,,
"USA130","Collier","T_T","Population, All ages. Administrative data","2016","2016","PER","Persons","0","Units",,,366095,,
"IT028","Padua","T_T","Population, All ages. Administrative data","2000","2000","PER","Persons","0","Units",,,478740,,
"IT028","Padua","T_T","Population, All ages. Administrative data","2001","2001","PER","Persons","0","Units",,,482174,,
"IT028","Padua","T_T","Population, All ages. Administrative data","2002","2002","PER","Persons","0","Units",,,485608,,
"IT028","Padua","T_T","Population, All ages. Administrative data","2003","2003","PER","Persons","0","Units",,,489044,,
"IT028","Padua","T_T","Population, All ages. Administrative data","2004","2004","PER","Persons","0","Units",,,492479,,
"IT028","Padua","T_T","Population, All ages. Administrative data","2005","2005","PER","Persons","0","Units",,,495914,,
"IT028","Padua","T_T","Population, All ages. Administrative data","2006","2006","PER","Persons","0","Units",,,499350,,
"IT028","Padua","T_T","Population, All ages. Administrative data","2007","2007","PER","Persons","0","Units",,,502785,,
"IT028","Padua","T_T","Population, All ages. Administrative data","2008","2008","PER","Persons","0","Units",,,506221,,
"IT028","Padua","T_T","Population, All ages. Administrative data","2009","2009","PER","Persons","0","Units",,,509655,,
"IT028","Padua","T_T","Population, All ages. Administrative data","2010","2010","PER","Persons","0","Units",,,513090,,
"IT028","Padua","T_T","Population, All ages. Administrative data","2011","2011","PER","Persons","0","Units",,,516526,,
"IT028","Padua","T_T","Population, All ages. Administrative data","2012","2012","PER","Persons","0","Units",,,519961,,
"IT028","Padua","T_T","Population, All ages. Administrative data","2013","2013","PER","Persons","0","Units",,,524855,,
"IT028","Padua","T_T","Population, All ages. Administrative data","2014","2014","PER","Persons","0","Units",,,531194,,
"IT028","Padua","T_T","Population, All ages. Administrative data","2015","2015","PER","Persons","0","Units",,,534033,,
"IT028","Padua","T_T","Population, All ages. Administrative data","2016","2016","PER","Persons","0","Units",,,533818,,
"COL07","Cucuta","T_T","Population, All ages. Administrative data","2000","2000","PER","Persons","0","Units",,,702866,,
"COL07","Cucuta","T_T","Population, All ages. Administrative data","2001","2001","PER","Persons","0","Units",,,708825,,
"COL07","Cucuta","T_T","Population, All ages. Administrative data","2002","2002","PER","Persons","0","Units",,,714783,,
"COL07","Cucuta","T_T","Population, All ages. Administrative data","2003","2003","PER","Persons","0","Units",,,720742,,
"COL07","Cucuta","T_T","Population, All ages. Administrative data","2004","2004","PER","Persons","0","Units",,,726700,,
"COL07","Cucuta","T_T","Population, All ages. Administrative data","2005","2005","PER","Persons","0","Units",,,732659,,
"COL07","Cucuta","T_T","Population, All ages. Administrative data","2006","2006","PER","Persons","0","Units",,,738618,,
"COL07","Cucuta","T_T","Population, All ages. Administrative data","2007","2007","PER","Persons","0","Units",,,744576,,
"COL07","Cucuta","T_T","Population, All ages. Administrative data","2008","2008","PER","Persons","0","Units",,,750535,,
"COL07","Cucuta","T_T","Population, All ages. Administrative data","2009","2009","PER","Persons","0","Units",,,756493,,
"COL07","Cucuta","T_T","Population, All ages. Administrative data","2010","2010","PER","Persons","0","Units",,,762452,,
"COL07","Cucuta","T_T","Population, All ages. Administrative data","2011","2011","PER","Persons","0","Units",,,768410,,
"COL07","Cucuta","T_T","Population, All ages. Administrative data","2012","2012","PER","Persons","0","Units",,,774369,,
"COL07","Cucuta","T_T","Population, All ages. Administrative data","2013","2013","PER","Persons","0","Units",,,780327,,
"COL07","Cucuta","T_T","Population, All ages. Administrative data","2014","2014","PER","Persons","0","Units",,,786286,,
"COL07","Cucuta","T_T","Population, All ages. Administrative data","2015","2015","PER","Persons","0","Units",,,792244,,
"DE031","Schwerin","T_T","Population, All ages. Administrative data","2001","2001","PER","Persons","0","Units",,,341138,,
"DE031","Schwerin","T_T","Population, All ages. Administrative data","2002","2002","PER","Persons","0","Units",,,338596,,
"DE031","Schwerin","T_T","Population, All ages. Administrative data","2003","2003","PER","Persons","0","Units",,,335874,,
"DE031","Schwerin","T_T","Population, All ages. Administrative data","2004","2004","PER","Persons","0","Units",,,333030,,
"DE031","Schwerin","T_T","Population, All ages. Administrative data","2005","2005","PER","Persons","0","Units",,,329859,,
"DE031","Schwerin","T_T","Population, All ages. Administrative data","2006","2006","PER","Persons","0","Units",,,327172,,
"DE031","Schwerin","T_T","Population, All ages. Administrative data","2007","2007","PER","Persons","0","Units",,,324226,,
"DE031","Schwerin","T_T","Population, All ages. Administrative data","2008","2008","PER","Persons","0","Units",,,321274,,
"DE031","Schwerin","T_T","Population, All ages. Administrative data","2009","2009","PER","Persons","0","Units",,,317811,,
"DE031","Schwerin","T_T","Population, All ages. Administrative data","2010","2010","PER","Persons","0","Units",,,314833,,
"DE031","Schwerin","T_T","Population, All ages. Administrative data","2011","2011","PER","Persons","0","Units",,,305988,,
"DE031","Schwerin","T_T","Population, All ages. Administrative data","2012","2012","PER","Persons","0","Units",,,304297,,
"DE031","Schwerin","T_T","Population, All ages. Administrative data","2013","2013","PER","Persons","0","Units",,,303031,,
"DE031","Schwerin","T_T","Population, All ages. Administrative data","2014","2014","PER","Persons","0","Units",,,302940,,
"DE031","Schwerin","T_T","Population, All ages. Administrative data","2015","2015","PER","Persons","0","Units",,,304158,,
"DE031","Schwerin","T_T","Population, All ages. Administrative data","2016","2016","PER","Persons","0","Units",,,310273,,
"UK003","Leeds","POP_DEN","Population density (pop. per km2)","2001","2001","PER","Persons","0","Units",,,463,,
"UK003","Leeds","POP_DEN","Population density (pop. per km2)","2002","2002","PER","Persons","0","Units",,,465,,
"UK003","Leeds","POP_DEN","Population density (pop. per km2)","2003","2003","PER","Persons","0","Units",,,467,,
"UK003","Leeds","POP_DEN","Population density (pop. per km2)","2004","2004","PER","Persons","0","Units",,,470,,
"UK003","Leeds","POP_DEN","Population density (pop. per km2)","2005","2005","PER","Persons","0","Units",,,475,,
"UK003","Leeds","POP_DEN","Population density (pop. per km2)","2006","2006","PER","Persons","0","Units",,,478,,
"UK003","Leeds","POP_DEN","Population density (pop. per km2)","2007","2007","PER","Persons","0","Units",,,481,,
"UK003","Leeds","POP_DEN","Population density (pop. per km2)","2008","2008","PER","Persons","0","Units",,,485,,
"UK003","Leeds","POP_DEN","Population density (pop. per km2)","2009","2009","PER","Persons","0","Units",,,487,,
"UK003","Leeds","POP_DEN","Population density (pop. per km2)","2010","2010","PER","Persons","0","Units",,,491,,
"UK003","Leeds","POP_DEN","Population density (pop. per km2)","2011","2011","PER","Persons","0","Units",,,494,,
"UK003","Leeds","POP_DEN","Population density (pop. per km2)","2012","2012","PER","Persons","0","Units",,,497,,
"UK003","Leeds","POP_DEN","Population density (pop. per km2)","2013","2013","PER","Persons","0","Units",,,499,,
"UK003","Leeds","POP_DEN","Population density (pop. per km2)","2014","2014","PER","Persons","0","Units",,,501,,
"UK003","Leeds","POP_DEN","Population density (pop. per km2)","2015","2015","PER","Persons","0","Units",,,505,,
"UK003","Leeds","POP_DEN","Population density (pop. per km2)","2016","2016","PER","Persons","0","Units",,,508,,
"UK016","Aberdeen","T_T_SH_NAT","Share of population  in metropolitan area over the national value","2001","2001","RATIO","Ratio","0","Units",,,0.7,,
"UK016","Aberdeen","T_T_SH_NAT","Share of population  in metropolitan area over the national value","2002","2002","RATIO","Ratio","0","Units",,,0.7,,
"UK016","Aberdeen","T_T_SH_NAT","Share of population  in metropolitan area over the national value","2003","2003","RATIO","Ratio","0","Units",,,0.7,,
"UK016","Aberdeen","T_T_SH_NAT","Share of population  in metropolitan area over the national value","2004","2004","RATIO","Ratio","0","Units",,,0.7,,
"UK016","Aberdeen","T_T_SH_NAT","Share of population  in metropolitan area over the national value","2005","2005","RATIO","Ratio","0","Units",,,0.7,,
"UK016","Aberdeen","T_T_SH_NAT","Share of population  in metropolitan area over the national value","2006","2006","RATIO","Ratio","0","Units",,,0.7,,
"UK016","Aberdeen","T_T_SH_NAT","Share of population  in metropolitan area over the national value","2007","2007","RATIO","Ratio","0","Units",,,0.8,,
"UK016","Aberdeen","T_T_SH_NAT","Share of population  in metropolitan area over the national value","2008","2008","RATIO","Ratio","0","Units",,,0.8,,
"UK016","Aberdeen","T_T_SH_NAT","Share of population  in metropolitan area over the national value","2009","2009","RATIO","Ratio","0","Units",,,0.8,,
"UK016","Aberdeen","T_T_SH_NAT","Share of population  in metropolitan area over the national value","2010","2010","RATIO","Ratio","0","Units",,,0.8,,
"UK016","Aberdeen","T_T_SH_NAT","Share of population  in metropolitan area over the national value","2011","2011","RATIO","Ratio","0","Units",,,0.8,,
"UK016","Aberdeen","T_T_SH_NAT","Share of population  in metropolitan area over the national value","2012","2012","RATIO","Ratio","0","Units",,,0.8,,
"UK016","Aberdeen","T_T_SH_NAT","Share of population  in metropolitan area over the national value","2013","2013","RATIO","Ratio","0","Units",,,0.8,,
"UK016","Aberdeen","T_T_SH_NAT","Share of population  in metropolitan area over the national value","2014","2014","RATIO","Ratio","0","Units",,,0.8,,
"UK016","Aberdeen","T_T_SH_NAT","Share of population  in metropolitan area over the national value","2015","2015","RATIO","Ratio","0","Units",,,0.8,,
"UK016","Aberdeen","T_T_SH_NAT","Share of population  in metropolitan area over the national value","2016","2016","RATIO","Ratio","0","Units",,,0.8,,
"NL503","s-Hertogenbosch","T_T_SH_NAT","Share of population  in metropolitan area over the national value","2001","2001","RATIO","Ratio","0","Units",,,1.6,,
"NL503","s-Hertogenbosch","T_T_SH_NAT","Share of population  in metropolitan area over the national value","2002","2002","RATIO","Ratio","0","Units",,,1.6,,
"NL503","s-Hertogenbosch","T_T_SH_NAT","Share of population  in metropolitan area over the national value","2003","2003","RATIO","Ratio","0","Units",,,1.6,,
"NL503","s-Hertogenbosch","T_T_SH_NAT","Share of population  in metropolitan area over the national value","2004","2004","RATIO","Ratio","0","Units",,,1.6,,
"NL503","s-Hertogenbosch","T_T_SH_NAT","Share of population  in metropolitan area over the national value","2005","2005","RATIO","Ratio","0","Units",,,1.6,,
"NL503","s-Hertogenbosch","T_T_SH_NAT","Share of population  in metropolitan area over the national value","2006","2006","RATIO","Ratio","0","Units",,,1.6,,
"NL503","s-Hertogenbosch","T_T_SH_NAT","Share of population  in metropolitan area over the national value","2007","2007","RATIO","Ratio","0","Units",,,1.6,,
"NL503","s-Hertogenbosch","T_T_SH_NAT","Share of population  in metropolitan area over the national value","2008","2008","RATIO","Ratio","0","Units",,,1.6,,
"NL503","s-Hertogenbosch","T_T_SH_NAT","Share of population  in metropolitan area over the national value","2009","2009","RATIO","Ratio","0","Units",,,1.6,,
"NL503","s-Hertogenbosch","T_T_SH_NAT","Share of population  in metropolitan area over the national value","2010","2010","RATIO","Ratio","0","Units",,,1.6,,
"NL503","s-Hertogenbosch","T_T_SH_NAT","Share of population  in metropolitan area over the national value","2011","2011","RATIO","Ratio","0","Units",,,1.6,,
"NL503","s-Hertogenbosch","T_T_SH_NAT","Share of population  in metropolitan area over the national value","2012","2012","RATIO","Ratio","0","Units",,,1.6,,
"NL503","s-Hertogenbosch","T_T_SH_NAT","Share of population  in metropolitan area over the national value","2013","2013","RATIO","Ratio","0","Units",,,1.6,,
"NL503","s-Hertogenbosch","T_T_SH_NAT","Share of population  in metropolitan area over the national value","2014","2014","RATIO","Ratio","0","Units",,,1.6,,
"NL503","s-Hertogenbosch","T_T_SH_NAT","Share of population  in metropolitan area over the national value","2015","2015","RATIO","Ratio","0","Units",,,1.6,,
"NL503","s-Hertogenbosch","T_T_SH_NAT","Share of population  in metropolitan area over the national value","2016","2016","RATIO","Ratio","0","Units",,,1.6,,
"USA71","El Paso (CO)","POP_DEN","Population density (pop. per km2)","2000","2000","PER","Persons","0","Units",,,78,,
"USA71","El Paso (CO)","POP_DEN","Population density (pop. per km2)","2001","2001","PER","Persons","0","Units",,,80,,
"USA71","El Paso (CO)","POP_DEN","Population density (pop. per km2)","2002","2002","PER","Persons","0","Units",,,81,,
"USA71","El Paso (CO)","POP_DEN","Population density (pop. per km2)","2003","2003","PER","Persons","0","Units",,,82,,
"USA71","El Paso (CO)","POP_DEN","Population density (pop. per km2)","2004","2004","PER","Persons","0","Units",,,83,,
"USA71","El Paso (CO)","POP_DEN","Population density (pop. per km2)","2005","2005","PER","Persons","0","Units",,,84,,
"USA71","El Paso (CO)","POP_DEN","Population density (pop. per km2)","2006","2006","PER","Persons","0","Units",,,86,,
"USA71","El Paso (CO)","POP_DEN","Population density (pop. per km2)","2007","2007","PER","Persons","0","Units",,,87,,
"USA71","El Paso (CO)","POP_DEN","Population density (pop. per km2)","2008","2008","PER","Persons","0","Units",,,89,,
"USA71","El Paso (CO)","POP_DEN","Population density (pop. per km2)","2009","2009","PER","Persons","0","Units",,,90,,
"USA71","El Paso (CO)","POP_DEN","Population density (pop. per km2)","2010","2010","PER","Persons","0","Units",,,93,,
"USA71","El Paso (CO)","POP_DEN","Population density (pop. per km2)","2011","2011","PER","Persons","0","Units",,,95,,
"USA71","El Paso (CO)","POP_DEN","Population density (pop. per km2)","2012","2012","PER","Persons","0","Units",,,96,,
"USA71","El Paso (CO)","POP_DEN","Population density (pop. per km2)","2013","2013","PER","Persons","0","Units",,,97,,
"USA71","El Paso (CO)","POP_DEN","Population density (pop. per km2)","2014","2014","PER","Persons","0","Units",,,98,,
"USA71","El Paso (CO)","POP_DEN","Population density (pop. per km2)","2015","2015","PER","Persons","0","Units",,,100,,
"USA71","El Paso (CO)","POP_DEN","Population density (pop. per km2)","2016","2016","PER","Persons","0","Units",,,102,,
"CAN01","Toronto","T_T_SH_NAT","Share of population  in metropolitan area over the national value","2001","2001","RATIO","Ratio","0","Units",,,18.4,,
"CAN01","Toronto","T_T_SH_NAT","Share of population  in metropolitan area over the national value","2002","2002","RATIO","Ratio","0","Units",,,18.6,,
"CAN01","Toronto","T_T_SH_NAT","Share of population  in metropolitan area over the national value","2003","2003","RATIO","Ratio","0","Units",,,18.8,,
"CAN01","Toronto","T_T_SH_NAT","Share of population  in metropolitan area over the national value","2004","2004","RATIO","Ratio","0","Units",,,18.9,,
"CAN01","Toronto","T_T_SH_NAT","Share of population  in metropolitan area over the national value","2005","2005","RATIO","Ratio","0","Units",,,19.1,,
"CAN01","Toronto","T_T_SH_NAT","Share of population  in metropolitan area over the national value","2006","2006","RATIO","Ratio","0","Units",,,19.2,,
"CAN01","Toronto","T_T_SH_NAT","Share of population  in metropolitan area over the national value","2007","2007","RATIO","Ratio","0","Units",,,19.3,,
"CAN01","Toronto","T_T_SH_NAT","Share of population  in metropolitan area over the national value","2008","2008","RATIO","Ratio","0","Units",,,19.3,,
"CAN01","Toronto","T_T_SH_NAT","Share of population  in metropolitan area over the national value","2009","2009","RATIO","Ratio","0","Units",,,19.4,,
"CAN01","Toronto","T_T_SH_NAT","Share of population  in metropolitan area over the national value","2010","2010","RATIO","Ratio","0","Units",,,19.2,,
"CAN01","Toronto","T_T_SH_NAT","Share of population  in metropolitan area over the national value","2011","2011","RATIO","Ratio","0","Units",,,18.9,,
"CAN01","Toronto","T_T_SH_NAT","Share of population  in metropolitan area over the national value","2012","2012","RATIO","Ratio","0","Units",,,18.9,,
"CAN01","Toronto","T_T_SH_NAT","Share of population  in metropolitan area over the national value","2013","2013","RATIO","Ratio","0","Units",,,18.9,,
"CAN01","Toronto","T_T_SH_NAT","Share of population  in metropolitan area over the national value","2014","2014","RATIO","Ratio","0","Units",,,18.9,,
"CAN01","Toronto","T_T_SH_NAT","Share of population  in metropolitan area over the national value","2015","2015","RATIO","Ratio","0","Units",,,19,,
"CAN01","Toronto","T_T_SH_NAT","Share of population  in metropolitan area over the national value","2016","2016","RATIO","Ratio","0","Units",,,19,,
"USA40","Hartford","POP_DEN","Population density (pop. per km2)","2000","2000","PER","Persons","0","Units",,,286,,
"USA40","Hartford","POP_DEN","Population density (pop. per km2)","2001","2001","PER","Persons","0","Units",,,288,,
"USA40","Hartford","POP_DEN","Population density (pop. per km2)","2002","2002","PER","Persons","0","Units",,,290,,
"USA40","Hartford","POP_DEN","Population density (pop. per km2)","2003","2003","PER","Persons","0","Units",,,293,,
"USA40","Hartford","POP_DEN","Population density (pop. per km2)","2004","2004","PER","Persons","0","Units",,,294,,
"USA40","Hartford","POP_DEN","Population density (pop. per km2)","2005","2005","PER","Persons","0","Units",,,295,,
"USA40","Hartford","POP_DEN","Population density (pop. per km2)","2006","2006","PER","Persons","0","Units",,,296,,
"USA40","Hartford","POP_DEN","Population density (pop. per km2)","2007","2007","PER","Persons","0","Units",,,298,,
"USA40","Hartford","POP_DEN","Population density (pop. per km2)","2008","2008","PER","Persons","0","Units",,,299,,
"USA40","Hartford","POP_DEN","Population density (pop. per km2)","2009","2009","PER","Persons","0","Units",,,300,,
"USA40","Hartford","POP_DEN","Population density (pop. per km2)","2010","2010","PER","Persons","0","Units",,,302,,
"USA40","Hartford","POP_DEN","Population density (pop. per km2)","2011","2011","PER","Persons","0","Units",,,302,,
"USA40","Hartford","POP_DEN","Population density (pop. per km2)","2012","2012","PER","Persons","0","Units",,,302,,
"USA40","Hartford","POP_DEN","Population density (pop. per km2)","2013","2013","PER","Persons","0","Units",,,302,,
"USA40","Hartford","POP_DEN","Population density (pop. per km2)","2014","2014","PER","Persons","0","Units",,,302,,
"USA40","Hartford","POP_DEN","Population density (pop. per km2)","2015","2015","PER","Persons","0","Units",,,301,,
"USA40","Hartford","POP_DEN","Population density (pop. per km2)","2016","2016","PER","Persons","0","Units",,,301,,
"USA160","Yakima","T_T","Population, All ages. Administrative data","2000","2000","PER","Persons","0","Units",,,222615,,
"USA160","Yakima","T_T","Population, All ages. Administrative data","2001","2001","PER","Persons","0","Units",,,222757,,
"USA160","Yakima","T_T","Population, All ages. Administrative data","2002","2002","PER","Persons","0","Units",,,223402,,
"USA160","Yakima","T_T","Population, All ages. Administrative data","2003","2003","PER","Persons","0","Units",,,225161,,
"USA160","Yakima","T_T","Population, All ages. Administrative data","2004","2004","PER","Persons","0","Units",,,227280,,
"USA160","Yakima","T_T","Population, All ages. Administrative data","2005","2005","PER","Persons","0","Units",,,228570,,
"USA160","Yakima","T_T","Population, All ages. Administrative data","2006","2006","PER","Persons","0","Units",,,230617,,
"USA160","Yakima","T_T","Population, All ages. Administrative data","2007","2007","PER","Persons","0","Units",,,232733,,
"USA160","Yakima","T_T","Population, All ages. Administrative data","2008","2008","PER","Persons","0","Units",,,235272,,
"USA160","Yakima","T_T","Population, All ages. Administrative data","2009","2009","PER","Persons","0","Units",,,239604,,
"USA160","Yakima","T_T","Population, All ages. Administrative data","2010","2010","PER","Persons","0","Units",,,244283,,
"USA160","Yakima","T_T","Population, All ages. Administrative data","2011","2011","PER","Persons","0","Units",,,246050,,
"USA160","Yakima","T_T","Population, All ages. Administrative data","2012","2012","PER","Persons","0","Units",,,246428,,
"USA160","Yakima","T_T","Population, All ages. Administrative data","2013","2013","PER","Persons","0","Units",,,246809,,
"USA160","Yakima","T_T","Population, All ages. Administrative data","2014","2014","PER","Persons","0","Units",,,247064,,
"USA160","Yakima","T_T","Population, All ages. Administrative data","2015","2015","PER","Persons","0","Units",,,248006,,
"USA160","Yakima","T_T","Population, All ages. Administrative data","2016","2016","PER","Persons","0","Units",,,249323,,
"USA51","Tulsa","T_T_SH_NAT","Share of population  in metropolitan area over the national value","2001","2001","RATIO","Ratio","0","Units",,,0.3,,
"USA51","Tulsa","T_T_SH_NAT","Share of population  in metropolitan area over the national value","2002","2002","RATIO","Ratio","0","Units",,,0.3,,
"USA51","Tulsa","T_T_SH_NAT","Share of population  in metropolitan area over the national value","2003","2003","RATIO","Ratio","0","Units",,,0.3,,
"USA51","Tulsa","T_T_SH_NAT","Share of population  in metropolitan area over the national value","2004","2004","RATIO","Ratio","0","Units",,,0.3,,
"USA51","Tulsa","T_T_SH_NAT","Share of population  in metropolitan area over the national value","2005","2005","RATIO","Ratio","0","Units",,,0.3,,
"USA51","Tulsa","T_T_SH_NAT","Share of population  in metropolitan area over the national value","2006","2006","RATIO","Ratio","0","Units",,,0.3,,
"USA51","Tulsa","T_T_SH_NAT","Share of population  in metropolitan area over the national value","2007","2007","RATIO","Ratio","0","Units",,,0.3,,
"USA51","Tulsa","T_T_SH_NAT","Share of population  in metropolitan area over the national value","2008","2008","RATIO","Ratio","0","Units",,,0.3,,
"USA51","Tulsa","T_T_SH_NAT","Share of population  in metropolitan area over the national value","2009","2009","RATIO","Ratio","0","Units",,,0.3,,
"USA51","Tulsa","T_T_SH_NAT","Share of population  in metropolitan area over the national value","2010","2010","RATIO","Ratio","0","Units",,,0.3,,
"USA51","Tulsa","T_T_SH_NAT","Share of population  in metropolitan area over the national value","2011","2011","RATIO","Ratio","0","Units",,,0.3,,
"USA51","Tulsa","T_T_SH_NAT","Share of population  in metropolitan area over the national value","2012","2012","RATIO","Ratio","0","Units",,,0.3,,
"USA51","Tulsa","T_T_SH_NAT","Share of population  in metropolitan area over the national value","2013","2013","RATIO","Ratio","0","Units",,,0.3,,
"USA51","Tulsa","T_T_SH_NAT","Share of population  in metropolitan area over the national value","2014","2014","RATIO","Ratio","0","Units",,,0.3,,
"USA51","Tulsa","T_T_SH_NAT","Share of population  in metropolitan area over the national value","2015","2015","RATIO","Ratio","0","Units",,,0.3,,
"USA51","Tulsa","T_T_SH_NAT","Share of population  in metropolitan area over the national value","2016","2016","RATIO","Ratio","0","Units",,,0.3,,
"USA129","Peoria","T_T","Population, All ages. Administrative data","2000","2000","PER","Persons","0","Units",,,318023,,
"USA129","Peoria","T_T","Population, All ages. Administrative data","2001","2001","PER","Persons","0","Units",,,317124,,
"USA129","Peoria","T_T","Population, All ages. Administrative data","2002","2002","PER","Persons","0","Units",,,317675,,
"USA129","Peoria","T_T","Population, All ages. Administrative data","2003","2003","PER","Persons","0","Units",,,317304,,
"USA129","Peoria","T_T","Population, All ages. Administrative data","2004","2004","PER","Persons","0","Units",,,318441,,
"USA129","Peoria","T_T","Population, All ages. Administrative data","2005","2005","PER","Persons","0","Units",,,319788,,
"USA129","Peoria","T_T","Population, All ages. Administrative data","2006","2006","PER","Persons","0","Units",,,321406,,
"USA129","Peoria","T_T","Population, All ages. Administrative data","2007","2007","PER","Persons","0","Units",,,323322,,
"USA129","Peoria","T_T","Population, All ages. Administrative data","2008","2008","PER","Persons","0","Units",,,324805,,
"USA129","Peoria","T_T","Population, All ages. Administrative data","2009","2009","PER","Persons","0","Units",,,328027,,
"USA129","Peoria","T_T","Population, All ages. Administrative data","2010","2010","PER","Persons","0","Units",,,327681,,
"USA129","Peoria","T_T","Population, All ages. Administrative data","2011","2011","PER","Persons","0","Units",,,328342,,
"USA129","Peoria","T_T","Population, All ages. Administrative data","2012","2012","PER","Persons","0","Units",,,329046,,
"USA129","Peoria","T_T","Population, All ages. Administrative data","2013","2013","PER","Persons","0","Units",,,330412,,
"USA129","Peoria","T_T","Population, All ages. Administrative data","2014","2014","PER","Persons","0","Units",,,328386,,
"USA129","Peoria","T_T","Population, All ages. Administrative data","2015","2015","PER","Persons","0","Units",,,326419,,
"USA129","Peoria","T_T","Population, All ages. Administrative data","2016","2016","PER","Persons","0","Units",,,324769,,
"CL020","Concepcion","T_T","Population, All ages. Administrative data","2000","2000","PER","Persons","0","Units",,,820982,,
"CL020","Concepcion","T_T","Population, All ages. Administrative data","2001","2001","PER","Persons","0","Units",,,846409,,
"CL020","Concepcion","T_T","Population, All ages. Administrative data","2002","2002","PER","Persons","0","Units",,,871836,,
"CL020","Concepcion","T_T","Population, All ages. Administrative data","2003","2003","PER","Persons","0","Units",,,880965,,
"CL020","Concepcion","T_T","Population, All ages. Administrative data","2004","2004","PER","Persons","0","Units",,,889831,,
"CL020","Concepcion","T_T","Population, All ages. Administrative data","2005","2005","PER","Persons","0","Units",,,898533,,
"CL020","Concepcion","T_T","Population, All ages. Administrative data","2006","2006","PER","Persons","0","Units",,,907610,,
"CL020","Concepcion","T_T","Population, All ages. Administrative data","2007","2007","PER","Persons","0","Units",,,916801,,
"CL020","Concepcion","T_T","Population, All ages. Administrative data","2008","2008","PER","Persons","0","Units",,,926234,,
"CL020","Concepcion","T_T","Population, All ages. Administrative data","2009","2009","PER","Persons","0","Units",,,935855,,
"CL020","Concepcion","T_T","Population, All ages. Administrative data","2010","2010","PER","Persons","0","Units",,,945449,,
"CL020","Concepcion","T_T","Population, All ages. Administrative data","2011","2011","PER","Persons","0","Units",,,955093,,
"CL020","Concepcion","T_T","Population, All ages. Administrative data","2012","2012","PER","Persons","0","Units",,,964508,,
"CL020","Concepcion","T_T","Population, All ages. Administrative data","2013","2013","PER","Persons","0","Units",,,973720,,
"CL020","Concepcion","T_T","Population, All ages. Administrative data","2014","2014","PER","Persons","0","Units",,,983050,,
"CL020","Concepcion","T_T","Population, All ages. Administrative data","2015","2015","PER","Persons","0","Units",,,992527,,
"CL020","Concepcion","T_T","Population, All ages. Administrative data","2016","2016","PER","Persons","0","Units",,,1001946,,
"COL05","Cartagena","POP_DEN","Population density (pop. per km2)","2000","2000","PER","Persons","0","Units",,,477,,
"COL05","Cartagena","POP_DEN","Population density (pop. per km2)","2001","2001","PER","Persons","0","Units",,,485,,
"COL05","Cartagena","POP_DEN","Population density (pop. per km2)","2002","2002","PER","Persons","0","Units",,,493,,
"COL05","Cartagena","POP_DEN","Population density (pop. per km2)","2003","2003","PER","Persons","0","Units",,,501,,
"COL05","Cartagena","POP_DEN","Population density (pop. per km2)","2004","2004","PER","Persons","0","Units",,,509,,
"COL05","Cartagena","POP_DEN","Population density (pop. per km2)","2005","2005","PER","Persons","0","Units",,,517,,
"COL05","Cartagena","POP_DEN","Population density (pop. per km2)","2006","2006","PER","Persons","0","Units",,,525,,
"COL05","Cartagena","POP_DEN","Population density (pop. per km2)","2007","2007","PER","Persons","0","Units",,,533,,
"COL05","Cartagena","POP_DEN","Population density (pop. per km2)","2008","2008","PER","Persons","0","Units",,,541,,
"COL05","Cartagena","POP_DEN","Population density (pop. per km2)","2009","2009","PER","Persons","0","Units",,,549,,
"COL05","Cartagena","POP_DEN","Population density (pop. per km2)","2010","2010","PER","Persons","0","Units",,,557,,
"COL05","Cartagena","POP_DEN","Population density (pop. per km2)","2011","2011","PER","Persons","0","Units",,,565,,
"COL05","Cartagena","POP_DEN","Population density (pop. per km2)","2012","2012","PER","Persons","0","Units",,,573,,
"COL05","Cartagena","POP_DEN","Population density (pop. per km2)","2013","2013","PER","Persons","0","Units",,,581,,
"COL05","Cartagena","POP_DEN","Population density (pop. per km2)","2014","2014","PER","Persons","0","Units",,,589,,
"COL05","Cartagena","POP_DEN","Population density (pop. per km2)","2015","2015","PER","Persons","0","Units",,,597,,
"USA63","Richland","T_T","Population, All ages. Administrative data","2000","2000","PER","Persons","0","Units",,,630376,,
"USA63","Richland","T_T","Population, All ages. Administrative data","2001","2001","PER","Persons","0","Units",,,639934,,
"USA63","Richland","T_T","Population, All ages. Administrative data","2002","2002","PER","Persons","0","Units",,,646907,,
"USA63","Richland","T_T","Population, All ages. Administrative data","2003","2003","PER","Persons","0","Units",,,656987,,
"USA63","Richland","T_T","Population, All ages. Administrative data","2004","2004","PER","Persons","0","Units",,,671517,,
"USA63","Richland","T_T","Population, All ages. Administrative data","2005","2005","PER","Persons","0","Units",,,680029,,
"USA63","Richland","T_T","Population, All ages. Administrative data","2006","2006","PER","Persons","0","Units",,,695781,,
"USA63","Richland","T_T","Population, All ages. Administrative data","2007","2007","PER","Persons","0","Units",,,711129,,
"USA63","Richland","T_T","Population, All ages. Administrative data","2008","2008","PER","Persons","0","Units",,,726237,,
"USA63","Richland","T_T","Population, All ages. Administrative data","2009","2009","PER","Persons","0","Units",,,739723,,
"USA63","Richland","T_T","Population, All ages. Administrative data","2010","2010","PER","Persons","0","Units",,,749771,,
"USA63","Richland","T_T","Population, All ages. Administrative data","2011","2011","PER","Persons","0","Units",,,756636,,
"USA63","Richland","T_T","Population, All ages. Administrative data","2012","2012","PER","Persons","0","Units",,,763559,,
"USA63","Richland","T_T","Population, All ages. Administrative data","2013","2013","PER","Persons","0","Units",,,771070,,
"USA63","Richland","T_T","Population, All ages. Administrative data","2014","2014","PER","Persons","0","Units",,,779008,,
"USA63","Richland","T_T","Population, All ages. Administrative data","2015","2015","PER","Persons","0","Units",,,788944,,
"USA63","Richland","T_T","Population, All ages. Administrative data","2016","2016","PER","Persons","0","Units",,,797148,,
"USA111","Berks","T_T","Population, All ages. Administrative data","2000","2000","PER","Persons","0","Units",,,374546,,
"USA111","Berks","T_T","Population, All ages. Administrative data","2001","2001","PER","Persons","0","Units",,,377487,,
"USA111","Berks","T_T","Population, All ages. Administrative data","2002","2002","PER","Persons","0","Units",,,381338,,
"USA111","Berks","T_T","Population, All ages. Administrative data","2003","2003","PER","Persons","0","Units",,,385846,,
"USA111","Berks","T_T","Population, All ages. Administrative data","2004","2004","PER","Persons","0","Units",,,390848,,
"USA111","Berks","T_T","Population, All ages. Administrative data","2005","2005","PER","Persons","0","Units",,,395933,,
"USA111","Berks","T_T","Population, All ages. Administrative data","2006","2006","PER","Persons","0","Units",,,401834,,
"USA111","Berks","T_T","Population, All ages. Administrative data","2007","2007","PER","Persons","0","Units",,,405223,,
"USA111","Berks","T_T","Population, All ages. Administrative data","2008","2008","PER","Persons","0","Units",,,407737,,
"USA111","Berks","T_T","Population, All ages. Administrative data","2009","2009","PER","Persons","0","Units",,,409904,,
"USA111","Berks","T_T","Population, All ages. Administrative data","2010","2010","PER","Persons","0","Units",,,411989,,
"USA111","Berks","T_T","Population, All ages. Administrative data","2011","2011","PER","Persons","0","Units",,,412857,,
"USA111","Berks","T_T","Population, All ages. Administrative data","2012","2012","PER","Persons","0","Units",,,413522,,
"USA111","Berks","T_T","Population, All ages. Administrative data","2013","2013","PER","Persons","0","Units",,,414011,,
"USA111","Berks","T_T","Population, All ages. Administrative data","2014","2014","PER","Persons","0","Units",,,414642,,
"USA111","Berks","T_T","Population, All ages. Administrative data","2015","2015","PER","Persons","0","Units",,,415261,,
"USA111","Berks","T_T","Population, All ages. Administrative data","2016","2016","PER","Persons","0","Units",,,415732,,
"DE004","Cologne","T_T","Population, All ages. Administrative data","2001","2001","PER","Persons","0","Units",,,1856494,,
"DE004","Cologne","T_T","Population, All ages. Administrative data","2002","2002","PER","Persons","0","Units",,,1865339,,
"DE004","Cologne","T_T","Population, All ages. Administrative data","2003","2003","PER","Persons","0","Units",,,1869506,,
"DE004","Cologne","T_T","Population, All ages. Administrative data","2004","2004","PER","Persons","0","Units",,,1869696,,
"DE004","Cologne","T_T","Population, All ages. Administrative data","2005","2005","PER","Persons","0","Units",,,1875197,,
"DE004","Cologne","T_T","Population, All ages. Administrative data","2006","2006","PER","Persons","0","Units",,,1888142,,
"DE004","Cologne","T_T","Population, All ages. Administrative data","2007","2007","PER","Persons","0","Units",,,1894513,,
"DE004","Cologne","T_T","Population, All ages. Administrative data","2008","2008","PER","Persons","0","Units",,,1900899,,
"DE004","Cologne","T_T","Population, All ages. Administrative data","2009","2009","PER","Persons","0","Units",,,1900034,,
"DE004","Cologne","T_T","Population, All ages. Administrative data","2010","2010","PER","Persons","0","Units",,,1901520,,
"DE004","Cologne","T_T","Population, All ages. Administrative data","2011","2011","PER","Persons","0","Units",,,1892775,,
"DE004","Cologne","T_T","Population, All ages. Administrative data","2012","2012","PER","Persons","0","Units",,,1905181,,
"DE004","Cologne","T_T","Population, All ages. Administrative data","2013","2013","PER","Persons","0","Units",,,1918623,,
"DE004","Cologne","T_T","Population, All ages. Administrative data","2014","2014","PER","Persons","0","Units",,,1931571,,
"DE004","Cologne","T_T","Population, All ages. Administrative data","2015","2015","PER","Persons","0","Units",,,1948704,,
"DE004","Cologne","T_T","Population, All ages. Administrative data","2016","2016","PER","Persons","0","Units",,,1975018,,
"UK569","Ipswich","POP_DEN","Population density (pop. per km2)","2001","2001","PER","Persons","0","Units",,,207,,
"UK569","Ipswich","POP_DEN","Population density (pop. per km2)","2002","2002","PER","Persons","0","Units",,,208,,
"UK569","Ipswich","POP_DEN","Population density (pop. per km2)","2003","2003","PER","Persons","0","Units",,,210,,
"UK569","Ipswich","POP_DEN","Population density (pop. per km2)","2004","2004","PER","Persons","0","Units",,,213,,
"UK569","Ipswich","POP_DEN","Population density (pop. per km2)","2005","2005","PER","Persons","0","Units",,,216,,
"UK569","Ipswich","POP_DEN","Population density (pop. per km2)","2006","2006","PER","Persons","0","Units",,,218,,
"UK569","Ipswich","POP_DEN","Population density (pop. per km2)","2007","2007","PER","Persons","0","Units",,,219,,
"UK569","Ipswich","POP_DEN","Population density (pop. per km2)","2008","2008","PER","Persons","0","Units",,,221,,
"UK569","Ipswich","POP_DEN","Population density (pop. per km2)","2009","2009","PER","Persons","0","Units",,,223,,
"UK569","Ipswich","POP_DEN","Population density (pop. per km2)","2010","2010","PER","Persons","0","Units",,,225,,
"UK569","Ipswich","POP_DEN","Population density (pop. per km2)","2011","2011","PER","Persons","0","Units",,,227,,
"UK569","Ipswich","POP_DEN","Population density (pop. per km2)","2012","2012","PER","Persons","0","Units",,,228,,
"UK569","Ipswich","POP_DEN","Population density (pop. per km2)","2013","2013","PER","Persons","0","Units",,,229,,
"UK569","Ipswich","POP_DEN","Population density (pop. per km2)","2014","2014","PER","Persons","0","Units",,,230,,
"UK569","Ipswich","POP_DEN","Population density (pop. per km2)","2015","2015","PER","Persons","0","Units",,,232,,
"UK569","Ipswich","POP_DEN","Population density (pop. per km2)","2016","2016","PER","Persons","0","Units",,,233,,
"KOR16","Wonju","T_T","Population, All ages. Administrative data","2000","2000","PER","Persons","0","Units",,,278259,,
"KOR16","Wonju","T_T","Population, All ages. Administrative data","2001","2001","PER","Persons","0","Units",,,282103,,
"KOR16","Wonju","T_T","Population, All ages. Administrative data","2002","2002","PER","Persons","0","Units",,,285946,,
"KOR16","Wonju","T_T","Population, All ages. Administrative data","2003","2003","PER","Persons","0","Units",,,289789,,
"KOR16","Wonju","T_T","Population, All ages. Administrative data","2004","2004","PER","Persons","0","Units",,,293633,,
"KOR16","Wonju","T_T","Population, All ages. Administrative data","2005","2005","PER","Persons","0","Units",,,297476,,
"KOR16","Wonju","T_T","Population, All ages. Administrative data","2006","2006","PER","Persons","0","Units",,,301319,,
"KOR16","Wonju","T_T","Population, All ages. Administrative data","2007","2007","PER","Persons","0","Units",,,305163,,
"KOR16","Wonju","T_T","Population, All ages. Administrative data","2008","2008","PER","Persons","0","Units",,,309006,,
"KOR16","Wonju","T_T","Population, All ages. Administrative data","2009","2009","PER","Persons","0","Units",,,312849,,
"KOR16","Wonju","T_T","Population, All ages. Administrative data","2010","2010","PER","Persons","0","Units",,,316693,,
"KOR16","Wonju","T_T","Population, All ages. Administrative data","2011","2011","PER","Persons","0","Units",,,320536,,
"KOR16","Wonju","T_T","Population, All ages. Administrative data","2012","2012","PER","Persons","0","Units",,,323885,,
"KOR16","Wonju","T_T","Population, All ages. Administrative data","2013","2013","PER","Persons","0","Units",,,324837,,
"KOR16","Wonju","T_T","Population, All ages. Administrative data","2014","2014","PER","Persons","0","Units",,,327292,,
"KOR16","Wonju","T_T","Population, All ages. Administrative data","2015","2015","PER","Persons","0","Units",,,332995,,
"KOR16","Wonju","T_T","Population, All ages. Administrative data","2016","2016","PER","Persons","0","Units",,,337979,,
"USA44","Erie (NY)","T_T","Population, All ages. Administrative data","2000","2000","PER","Persons","0","Units",,,1169060,,
"USA44","Erie (NY)","T_T","Population, All ages. Administrative data","2001","2001","PER","Persons","0","Units",,,1165067,,
"USA44","Erie (NY)","T_T","Population, All ages. Administrative data","2002","2002","PER","Persons","0","Units",,,1161678,,
"USA44","Erie (NY)","T_T","Population, All ages. Administrative data","2003","2003","PER","Persons","0","Units",,,1159918,,
"USA44","Erie (NY)","T_T","Population, All ages. Administrative data","2004","2004","PER","Persons","0","Units",,,1156070,,
"USA44","Erie (NY)","T_T","Population, All ages. Administrative data","2005","2005","PER","Persons","0","Units",,,1148563,,
"USA44","Erie (NY)","T_T","Population, All ages. Administrative data","2006","2006","PER","Persons","0","Units",,,1141712,,
"USA44","Erie (NY)","T_T","Population, All ages. Administrative data","2007","2007","PER","Persons","0","Units",,,1137678,,
"USA44","Erie (NY)","T_T","Population, All ages. Administrative data","2008","2008","PER","Persons","0","Units",,,1136364,,
"USA44","Erie (NY)","T_T","Population, All ages. Administrative data","2009","2009","PER","Persons","0","Units",,,1135377,,
"USA44","Erie (NY)","T_T","Population, All ages. Administrative data","2010","2010","PER","Persons","0","Units",,,1135710,,
"USA44","Erie (NY)","T_T","Population, All ages. Administrative data","2011","2011","PER","Persons","0","Units",,,1136059,,
"USA44","Erie (NY)","T_T","Population, All ages. Administrative data","2012","2012","PER","Persons","0","Units",,,1135717,,
"USA44","Erie (NY)","T_T","Population, All ages. Administrative data","2013","2013","PER","Persons","0","Units",,,1136993,,
"USA44","Erie (NY)","T_T","Population, All ages. Administrative data","2014","2014","PER","Persons","0","Units",,,1137924,,
"USA44","Erie (NY)","T_T","Population, All ages. Administrative data","2015","2015","PER","Persons","0","Units",,,1136662,,
"USA44","Erie (NY)","T_T","Population, All ages. Administrative data","2016","2016","PER","Persons","0","Units",,,1134914,,
"PL020","Nowy Sacz","T_T_SH_NAT","Share of population  in metropolitan area over the national value","2001","2001","RATIO","Ratio","0","Units",,,0.6,,
"PL020","Nowy Sacz","T_T_SH_NAT","Share of population  in metropolitan area over the national value","2002","2002","RATIO","Ratio","0","Units",,,0.6,,
"PL020","Nowy Sacz","T_T_SH_NAT","Share of population  in metropolitan area over the national value","2003","2003","RATIO","Ratio","0","Units",,,0.6,,
"PL020","Nowy Sacz","T_T_SH_NAT","Share of population  in metropolitan area over the national value","2004","2004","RATIO","Ratio","0","Units",,,0.7,,
"PL020","Nowy Sacz","T_T_SH_NAT","Share of population  in metropolitan area over the national value","2005","2005","RATIO","Ratio","0","Units",,,0.7,,
"PL020","Nowy Sacz","T_T_SH_NAT","Share of population  in metropolitan area over the national value","2006","2006","RATIO","Ratio","0","Units",,,0.7,,
"PL020","Nowy Sacz","T_T_SH_NAT","Share of population  in metropolitan area over the national value","2007","2007","RATIO","Ratio","0","Units",,,0.7,,
"PL020","Nowy Sacz","T_T_SH_NAT","Share of population  in metropolitan area over the national value","2008","2008","RATIO","Ratio","0","Units",,,0.7,,
"PL020","Nowy Sacz","T_T_SH_NAT","Share of population  in metropolitan area over the national value","2009","2009","RATIO","Ratio","0","Units",,,0.7,,
"PL020","Nowy Sacz","T_T_SH_NAT","Share of population  in metropolitan area over the national value","2010","2010","RATIO","Ratio","0","Units",,,0.7,,
"PL020","Nowy Sacz","T_T_SH_NAT","Share of population  in metropolitan area over the national value","2011","2011","RATIO","Ratio","0","Units",,,0.7,,
"PL020","Nowy Sacz","T_T_SH_NAT","Share of population  in metropolitan area over the national value","2012","2012","RATIO","Ratio","0","Units",,,0.7,,
"PL020","Nowy Sacz","T_T_SH_NAT","Share of population  in metropolitan area over the national value","2013","2013","RATIO","Ratio","0","Units",,,0.7,,
"PL020","Nowy Sacz","T_T_SH_NAT","Share of population  in metropolitan area over the national value","2014","2014","RATIO","Ratio","0","Units",,,0.7,,
"PL020","Nowy Sacz","T_T_SH_NAT","Share of population  in metropolitan area over the national value","2015","2015","RATIO","Ratio","0","Units",,,0.7,,
"PL020","Nowy Sacz","T_T_SH_NAT","Share of population  in metropolitan area over the national value","2016","2016","RATIO","Ratio","0","Units",,,0.7,,
"SE006","Uppsala","POP_DEN","Population density (pop. per km2)","2000","2000","PER","Persons","0","Units",,,36,,
"SE006","Uppsala","POP_DEN","Population density (pop. per km2)","2001","2001","PER","Persons","0","Units",,,36,,
"SE006","Uppsala","POP_DEN","Population density (pop. per km2)","2002","2002","PER","Persons","0","Units",,,36,,
"SE006","Uppsala","POP_DEN","Population density (pop. per km2)","2003","2003","PER","Persons","0","Units",,,36,,
"SE006","Uppsala","POP_DEN","Population density (pop. per km2)","2004","2004","PER","Persons","0","Units",,,37,,
"SE006","Uppsala","POP_DEN","Population density (pop. per km2)","2005","2005","PER","Persons","0","Units",,,37,,
"SE006","Uppsala","POP_DEN","Population density (pop. per km2)","2006","2006","PER","Persons","0","Units",,,37,,
"SE006","Uppsala","POP_DEN","Population density (pop. per km2)","2007","2007","PER","Persons","0","Units",,,37,,
"SE006","Uppsala","POP_DEN","Population density (pop. per km2)","2008","2008","PER","Persons","0","Units",,,38,,
"SE006","Uppsala","POP_DEN","Population density (pop. per km2)","2009","2009","PER","Persons","0","Units",,,39,,
"SE006","Uppsala","POP_DEN","Population density (pop. per km2)","2010","2010","PER","Persons","0","Units",,,39,,
"SE006","Uppsala","POP_DEN","Population density (pop. per km2)","2011","2011","PER","Persons","0","Units",,,39,,
"SE006","Uppsala","POP_DEN","Population density (pop. per km2)","2012","2012","PER","Persons","0","Units",,,40,,
"SE006","Uppsala","POP_DEN","Population density (pop. per km2)","2013","2013","PER","Persons","0","Units",,,40,,
"SE006","Uppsala","POP_DEN","Population density (pop. per km2)","2014","2014","PER","Persons","0","Units",,,41,,
"SE006","Uppsala","POP_DEN","Population density (pop. per km2)","2015","2015","PER","Persons","0","Units",,,41,,
"SE006","Uppsala","POP_DEN","Population density (pop. per km2)","2016","2016","PER","Persons","0","Units",,,42,,
"UK568","Cheshire West and Chester","T_T_SH_NAT","Share of population  in metropolitan area over the national value","2001","2001","RATIO","Ratio","0","Units",,,0.8,,
"UK568","Cheshire West and Chester","T_T_SH_NAT","Share of population  in metropolitan area over the national value","2002","2002","RATIO","Ratio","0","Units",,,0.8,,
"UK568","Cheshire West and Chester","T_T_SH_NAT","Share of population  in metropolitan area over the national value","2003","2003","RATIO","Ratio","0","Units",,,0.8,,
"UK568","Cheshire West and Chester","T_T_SH_NAT","Share of population  in metropolitan area over the national value","2004","2004","RATIO","Ratio","0","Units",,,0.8,,
"UK568","Cheshire West and Chester","T_T_SH_NAT","Share of population  in metropolitan area over the national value","2005","2005","RATIO","Ratio","0","Units",,,0.8,,
"UK568","Cheshire West and Chester","T_T_SH_NAT","Share of population  in metropolitan area over the national value","2006","2006","RATIO","Ratio","0","Units",,,0.8,,
"UK568","Cheshire West and Chester","T_T_SH_NAT","Share of population  in metropolitan area over the national value","2007","2007","RATIO","Ratio","0","Units",,,0.8,,
"UK568","Cheshire West and Chester","T_T_SH_NAT","Share of population  in metropolitan area over the national value","2008","2008","RATIO","Ratio","0","Units",,,0.8,,
"UK568","Cheshire West and Chester","T_T_SH_NAT","Share of population  in metropolitan area over the national value","2009","2009","RATIO","Ratio","0","Units",,,0.8,,
"UK568","Cheshire West and Chester","T_T_SH_NAT","Share of population  in metropolitan area over the national value","2010","2010","RATIO","Ratio","0","Units",,,0.8,,
"UK568","Cheshire West and Chester","T_T_SH_NAT","Share of population  in metropolitan area over the national value","2011","2011","RATIO","Ratio","0","Units",,,0.8,,
"UK568","Cheshire West and Chester","T_T_SH_NAT","Share of population  in metropolitan area over the national value","2012","2012","RATIO","Ratio","0","Units",,,0.8,,
"UK568","Cheshire West and Chester","T_T_SH_NAT","Share of population  in metropolitan area over the national value","2013","2013","RATIO","Ratio","0","Units",,,0.8,,
"UK568","Cheshire West and Chester","T_T_SH_NAT","Share of population  in metropolitan area over the national value","2014","2014","RATIO","Ratio","0","Units",,,0.8,,
"UK568","Cheshire West and Chester","T_T_SH_NAT","Share of population  in metropolitan area over the national value","2015","2015","RATIO","Ratio","0","Units",,,0.8,,
"UK568","Cheshire West and Chester","T_T_SH_NAT","Share of population  in metropolitan area over the national value","2016","2016","RATIO","Ratio","0","Units",,,0.8,,
"MEX02","Guadalajara","T_T_SH_NAT","Share of population  in metropolitan area over the national value","2005","2005","RATIO","Ratio","0","Units",,,3.8,,
"MEX02","Guadalajara","T_T_SH_NAT","Share of population  in metropolitan area over the national value","2010","2010","RATIO","Ratio","0","Units",,,3.9,,
"MEX02","Guadalajara","T_T_SH_NAT","Share of population  in metropolitan area over the national value","2015","2015","RATIO","Ratio","0","Units",,,4.4,,
"USA21","Cincinnati","POP_DEN","Population density (pop. per km2)","2000","2000","PER","Persons","0","Units",,,210,,
"USA21","Cincinnati","POP_DEN","Population density (pop. per km2)","2001","2001","PER","Persons","0","Units",,,211,,
"USA21","Cincinnati","POP_DEN","Population density (pop. per km2)","2002","2002","PER","Persons","0","Units",,,212,,
"USA21","Cincinnati","POP_DEN","Population density (pop. per km2)","2003","2003","PER","Persons","0","Units",,,213,,
"USA21","Cincinnati","POP_DEN","Population density (pop. per km2)","2004","2004","PER","Persons","0","Units",,,214,,
"USA21","Cincinnati","POP_DEN","Population density (pop. per km2)","2005","2005","PER","Persons","0","Units",,,216,,
"USA21","Cincinnati","POP_DEN","Population density (pop. per km2)","2006","2006","PER","Persons","0","Units",,,217,,
"USA21","Cincinnati","POP_DEN","Population density (pop. per km2)","2007","2007","PER","Persons","0","Units",,,219,,
"USA21","Cincinnati","POP_DEN","Population density (pop. per km2)","2008","2008","PER","Persons","0","Units",,,220,,
"USA21","Cincinnati","POP_DEN","Population density (pop. per km2)","2009","2009","PER","Persons","0","Units",,,221,,
"USA21","Cincinnati","POP_DEN","Population density (pop. per km2)","2010","2010","PER","Persons","0","Units",,,222,,
"USA21","Cincinnati","POP_DEN","Population density (pop. per km2)","2011","2011","PER","Persons","0","Units",,,223,,
"USA21","Cincinnati","POP_DEN","Population density (pop. per km2)","2012","2012","PER","Persons","0","Units",,,224,,
"USA21","Cincinnati","POP_DEN","Population density (pop. per km2)","2013","2013","PER","Persons","0","Units",,,224,,
"USA21","Cincinnati","POP_DEN","Population density (pop. per km2)","2014","2014","PER","Persons","0","Units",,,226,,
"USA21","Cincinnati","POP_DEN","Population density (pop. per km2)","2015","2015","PER","Persons","0","Units",,,227,,
"USA21","Cincinnati","POP_DEN","Population density (pop. per km2)","2016","2016","PER","Persons","0","Units",,,228,,
"USA20","Portland","T_T_SH_NAT","Share of population  in metropolitan area over the national value","2001","2001","RATIO","Ratio","0","Units",,,0.7,,
"USA20","Portland","T_T_SH_NAT","Share of population  in metropolitan area over the national value","2002","2002","RATIO","Ratio","0","Units",,,0.7,,
"USA20","Portland","T_T_SH_NAT","Share of population  in metropolitan area over the national value","2003","2003","RATIO","Ratio","0","Units",,,0.7,,
"USA20","Portland","T_T_SH_NAT","Share of population  in metropolitan area over the national value","2004","2004","RATIO","Ratio","0","Units",,,0.7,,
"USA20","Portland","T_T_SH_NAT","Share of population  in metropolitan area over the national value","2005","2005","RATIO","Ratio","0","Units",,,0.7,,
"USA20","Portland","T_T_SH_NAT","Share of population  in metropolitan area over the national value","2006","2006","RATIO","Ratio","0","Units",,,0.7,,
"USA20","Portland","T_T_SH_NAT","Share of population  in metropolitan area over the national value","2007","2007","RATIO","Ratio","0","Units",,,0.7,,
"USA20","Portland","T_T_SH_NAT","Share of population  in metropolitan area over the national value","2008","2008","RATIO","Ratio","0","Units",,,0.7,,
"USA20","Portland","T_T_SH_NAT","Share of population  in metropolitan area over the national value","2009","2009","RATIO","Ratio","0","Units",,,0.7,,
"USA20","Portland","T_T_SH_NAT","Share of population  in metropolitan area over the national value","2010","2010","RATIO","Ratio","0","Units",,,0.7,,
"USA20","Portland","T_T_SH_NAT","Share of population  in metropolitan area over the national value","2011","2011","RATIO","Ratio","0","Units",,,0.7,,
"USA20","Portland","T_T_SH_NAT","Share of population  in metropolitan area over the national value","2012","2012","RATIO","Ratio","0","Units",,,0.7,,
"USA20","Portland","T_T_SH_NAT","Share of population  in metropolitan area over the national value","2013","2013","RATIO","Ratio","0","Units",,,0.7,,
"USA20","Portland","T_T_SH_NAT","Share of population  in metropolitan area over the national value","2014","2014","RATIO","Ratio","0","Units",,,0.7,,
"USA20","Portland","T_T_SH_NAT","Share of population  in metropolitan area over the national value","2015","2015","RATIO","Ratio","0","Units",,,0.7,,
"USA20","Portland","T_T_SH_NAT","Share of population  in metropolitan area over the national value","2016","2016","RATIO","Ratio","0","Units",,,0.7,,
"EE001","Tallinn","POP_DEN","Population density (pop. per km2)","2000","2000","PER","Persons","0","Units",,,124,,
"EE001","Tallinn","POP_DEN","Population density (pop. per km2)","2001","2001","PER","Persons","0","Units",,,123,,
"EE001","Tallinn","POP_DEN","Population density (pop. per km2)","2002","2002","PER","Persons","0","Units",,,123,,
"EE001","Tallinn","POP_DEN","Population density (pop. per km2)","2003","2003","PER","Persons","0","Units",,,123,,
"EE001","Tallinn","POP_DEN","Population density (pop. per km2)","2004","2004","PER","Persons","0","Units",,,124,,
"EE001","Tallinn","POP_DEN","Population density (pop. per km2)","2005","2005","PER","Persons","0","Units",,,125,,
"EE001","Tallinn","POP_DEN","Population density (pop. per km2)","2006","2006","PER","Persons","0","Units",,,125,,
"EE001","Tallinn","POP_DEN","Population density (pop. per km2)","2007","2007","PER","Persons","0","Units",,,126,,
"EE001","Tallinn","POP_DEN","Population density (pop. per km2)","2008","2008","PER","Persons","0","Units",,,126,,
"EE001","Tallinn","POP_DEN","Population density (pop. per km2)","2009","2009","PER","Persons","0","Units",,,127,,
"EE001","Tallinn","POP_DEN","Population density (pop. per km2)","2010","2010","PER","Persons","0","Units",,,129,,
"EE001","Tallinn","POP_DEN","Population density (pop. per km2)","2011","2011","PER","Persons","0","Units",,,130,,
"EE001","Tallinn","POP_DEN","Population density (pop. per km2)","2012","2012","PER","Persons","0","Units",,,131,,
"EE001","Tallinn","POP_DEN","Population density (pop. per km2)","2013","2013","PER","Persons","0","Units",,,131,,
"EE001","Tallinn","POP_DEN","Population density (pop. per km2)","2014","2014","PER","Persons","0","Units",,,132,,
"EE001","Tallinn","POP_DEN","Population density (pop. per km2)","2015","2015","PER","Persons","0","Units",,,133,,
"EE001","Tallinn","POP_DEN","Population density (pop. per km2)","2016","2016","PER","Persons","0","Units",,,133,,
"JPN48","Hakodate","POP_DEN","Population density (pop. per km2)","2000","2000","PER","Persons","0","Units",,,294,,
"JPN48","Hakodate","POP_DEN","Population density (pop. per km2)","2001","2001","PER","Persons","0","Units",,,293,,
"JPN48","Hakodate","POP_DEN","Population density (pop. per km2)","2002","2002","PER","Persons","0","Units",,,291,,
"JPN48","Hakodate","POP_DEN","Population density (pop. per km2)","2003","2003","PER","Persons","0","Units",,,290,,
"JPN48","Hakodate","POP_DEN","Population density (pop. per km2)","2004","2004","PER","Persons","0","Units",,,288,,
"JPN48","Hakodate","POP_DEN","Population density (pop. per km2)","2005","2005","PER","Persons","0","Units",,,287,,
"JPN48","Hakodate","POP_DEN","Population density (pop. per km2)","2006","2006","PER","Persons","0","Units",,,284,,
"JPN48","Hakodate","POP_DEN","Population density (pop. per km2)","2007","2007","PER","Persons","0","Units",,,282,,
"JPN48","Hakodate","POP_DEN","Population density (pop. per km2)","2008","2008","PER","Persons","0","Units",,,279,,
"JPN48","Hakodate","POP_DEN","Population density (pop. per km2)","2009","2009","PER","Persons","0","Units",,,277,,
"JPN48","Hakodate","POP_DEN","Population density (pop. per km2)","2010","2010","PER","Persons","0","Units",,,275,,
"JPN48","Hakodate","POP_DEN","Population density (pop. per km2)","2011","2011","PER","Persons","0","Units",,,272,,
"JPN48","Hakodate","POP_DEN","Population density (pop. per km2)","2012","2012","PER","Persons","0","Units",,,270,,
"JPN48","Hakodate","POP_DEN","Population density (pop. per km2)","2013","2013","PER","Persons","0","Units",,,267,,
"JPN48","Hakodate","POP_DEN","Population density (pop. per km2)","2014","2014","PER","Persons","0","Units",,,265,,
"JPN48","Hakodate","POP_DEN","Population density (pop. per km2)","2015","2015","PER","Persons","0","Units",,,263,,
"MEX33","Irapuato","T_T","Population, All ages. Administrative data","2000","2000","PER","Persons","0","Units",,,443654,,
"MEX33","Irapuato","T_T","Population, All ages. Administrative data","2005","2005","PER","Persons","0","Units",,,469684,,
"MEX33","Irapuato","T_T","Population, All ages. Administrative data","2010","2010","PER","Persons","0","Units",,,537758,,
"MEX33","Irapuato","T_T","Population, All ages. Administrative data","2015","2015","PER","Persons","0","Units",,,634261,,
"FR025","Besancon","T_T","Population, All ages. Administrative data","2000","2000","PER","Persons","0","Units",,,249037,,
"FR025","Besancon","T_T","Population, All ages. Administrative data","2001","2001","PER","Persons","0","Units",,,250918,,
"FR025","Besancon","T_T","Population, All ages. Administrative data","2002","2002","PER","Persons","0","Units",,,252797,,
"FR025","Besancon","T_T","Population, All ages. Administrative data","2003","2003","PER","Persons","0","Units",,,254678,,
"FR025","Besancon","T_T","Population, All ages. Administrative data","2004","2004","PER","Persons","0","Units",,,256557,,
"FR025","Besancon","T_T","Population, All ages. Administrative data","2005","2005","PER","Persons","0","Units",,,258435,,
"FR025","Besancon","T_T","Population, All ages. Administrative data","2006","2006","PER","Persons","0","Units",,,260316,,
"FR025","Besancon","T_T","Population, All ages. Administrative data","2007","2007","PER","Persons","0","Units",,,262195,,
"FR025","Besancon","T_T","Population, All ages. Administrative data","2008","2008","PER","Persons","0","Units",,,264076,,
"FR025","Besancon","T_T","Population, All ages. Administrative data","2009","2009","PER","Persons","0","Units",,,265955,,
"FR025","Besancon","T_T","Population, All ages. Administrative data","2010","2010","PER","Persons","0","Units",,,267007,,
"FR025","Besancon","T_T","Population, All ages. Administrative data","2011","2011","PER","Persons","0","Units",,,268059,,
"FR025","Besancon","T_T","Population, All ages. Administrative data","2012","2012","PER","Persons","0","Units",,,269112,,
"FR025","Besancon","T_T","Population, All ages. Administrative data","2013","2013","PER","Persons","0","Units",,,270164,,
"FR025","Besancon","T_T","Population, All ages. Administrative data","2014","2014","PER","Persons","0","Units",,,271216,,
"FR025","Besancon","T_T","Population, All ages. Administrative data","2015","2015","PER","Persons","0","Units",,,275514,,
"NL005","Eindhoven","T_T","Population, All ages. Administrative data","2000","2000","PER","Persons","0","Units",,,715148,,
"NL005","Eindhoven","T_T","Population, All ages. Administrative data","2001","2001","PER","Persons","0","Units",,,714511,,
"NL005","Eindhoven","T_T","Population, All ages. Administrative data","2002","2002","PER","Persons","0","Units",,,713874,,
"NL005","Eindhoven","T_T","Population, All ages. Administrative data","2003","2003","PER","Persons","0","Units",,,713237,,
"NL005","Eindhoven","T_T","Population, All ages. Administrative data","2004","2004","PER","Persons","0","Units",,,712600,,
"NL005","Eindhoven","T_T","Population, All ages. Administrative data","2005","2005","PER","Persons","0","Units",,,714251,,
"NL005","Eindhoven","T_T","Population, All ages. Administrative data","2006","2006","PER","Persons","0","Units",,,715337,,
"NL005","Eindhoven","T_T","Population, All ages. Administrative data","2007","2007","PER","Persons","0","Units",,,716421,,
"NL005","Eindhoven","T_T","Population, All ages. Administrative data","2008","2008","PER","Persons","0","Units",,,717503,,
"NL005","Eindhoven","T_T","Population, All ages. Administrative data","2009","2009","PER","Persons","0","Units",,,720299,,
"NL005","Eindhoven","T_T","Population, All ages. Administrative data","2010","2010","PER","Persons","0","Units",,,722609,,
"NL005","Eindhoven","T_T","Population, All ages. Administrative data","2011","2011","PER","Persons","0","Units",,,726249,,
"NL005","Eindhoven","T_T","Population, All ages. Administrative data","2012","2012","PER","Persons","0","Units",,,729723,,
"NL005","Eindhoven","T_T","Population, All ages. Administrative data","2013","2013","PER","Persons","0","Units",,,732349,,
"NL005","Eindhoven","T_T","Population, All ages. Administrative data","2014","2014","PER","Persons","0","Units",,,735613,,
"NL005","Eindhoven","T_T","Population, All ages. Administrative data","2015","2015","PER","Persons","0","Units",,,739749,,
"NL005","Eindhoven","T_T","Population, All ages. Administrative data","2016","2016","PER","Persons","0","Units",,,743804,,
"JPN27","Kofu","POP_DEN","Population density (pop. per km2)","2000","2000","PER","Persons","0","Units",,,361,,
"JPN27","Kofu","POP_DEN","Population density (pop. per km2)","2001","2001","PER","Persons","0","Units",,,362,,
"JPN27","Kofu","POP_DEN","Population density (pop. per km2)","2002","2002","PER","Persons","0","Units",,,362,,
"JPN27","Kofu","POP_DEN","Population density (pop. per km2)","2003","2003","PER","Persons","0","Units",,,362,,
"JPN27","Kofu","POP_DEN","Population density (pop. per km2)","2004","2004","PER","Persons","0","Units",,,362,,
"JPN27","Kofu","POP_DEN","Population density (pop. per km2)","2005","2005","PER","Persons","0","Units",,,363,,
"JPN27","Kofu","POP_DEN","Population density (pop. per km2)","2006","2006","PER","Persons","0","Units",,,361,,
"JPN27","Kofu","POP_DEN","Population density (pop. per km2)","2007","2007","PER","Persons","0","Units",,,360,,
"JPN27","Kofu","POP_DEN","Population density (pop. per km2)","2008","2008","PER","Persons","0","Units",,,358,,
"JPN27","Kofu","POP_DEN","Population density (pop. per km2)","2009","2009","PER","Persons","0","Units",,,357,,
"JPN27","Kofu","POP_DEN","Population density (pop. per km2)","2010","2010","PER","Persons","0","Units",,,356,,
"JPN27","Kofu","POP_DEN","Population density (pop. per km2)","2011","2011","PER","Persons","0","Units",,,354,,
"JPN27","Kofu","POP_DEN","Population density (pop. per km2)","2012","2012","PER","Persons","0","Units",,,351,,
"JPN27","Kofu","POP_DEN","Population density (pop. per km2)","2013","2013","PER","Persons","0","Units",,,349,,
"JPN27","Kofu","POP_DEN","Population density (pop. per km2)","2014","2014","PER","Persons","0","Units",,,347,,
"JPN27","Kofu","POP_DEN","Population density (pop. per km2)","2015","2015","PER","Persons","0","Units",,,345,,
"MEX21","Aguascalientes","T_T_SH_NAT","Share of population  in metropolitan area over the national value","2005","2005","RATIO","Ratio","0","Units",,,0.7,,
"MEX21","Aguascalientes","T_T_SH_NAT","Share of population  in metropolitan area over the national value","2010","2010","RATIO","Ratio","0","Units",,,0.7,,
"MEX21","Aguascalientes","T_T_SH_NAT","Share of population  in metropolitan area over the national value","2015","2015","RATIO","Ratio","0","Units",,,0.8,,
"UK552","Reading","T_T","Population, All ages. Administrative data","2001","2001","PER","Persons","0","Units",,,295018,,
"UK552","Reading","T_T","Population, All ages. Administrative data","2002","2002","PER","Persons","0","Units",,,293360,,
"UK552","Reading","T_T","Population, All ages. Administrative data","2003","2003","PER","Persons","0","Units",,,292864,,
"UK552","Reading","T_T","Population, All ages. Administrative data","2004","2004","PER","Persons","0","Units",,,293598,,
"UK552","Reading","T_T","Population, All ages. Administrative data","2005","2005","PER","Persons","0","Units",,,296538,,
"UK552","Reading","T_T","Population, All ages. Administrative data","2006","2006","PER","Persons","0","Units",,,298869,,
"UK552","Reading","T_T","Population, All ages. Administrative data","2007","2007","PER","Persons","0","Units",,,301822,,
"UK552","Reading","T_T","Population, All ages. Administrative data","2008","2008","PER","Persons","0","Units",,,304651,,
"UK552","Reading","T_T","Population, All ages. Administrative data","2009","2009","PER","Persons","0","Units",,,306491,,
"UK552","Reading","T_T","Population, All ages. Administrative data","2010","2010","PER","Persons","0","Units",,,308946,,
"UK552","Reading","T_T","Population, All ages. Administrative data","2011","2011","PER","Persons","0","Units",,,310282,,
"UK552","Reading","T_T","Population, All ages. Administrative data","2012","2012","PER","Persons","0","Units",,,313453,,
"UK552","Reading","T_T","Population, All ages. Administrative data","2013","2013","PER","Persons","0","Units",,,316686,,
"UK552","Reading","T_T","Population, All ages. Administrative data","2014","2014","PER","Persons","0","Units",,,319682,,
"UK552","Reading","T_T","Population, All ages. Administrative data","2015","2015","PER","Persons","0","Units",,,322901,,
"UK552","Reading","T_T","Population, All ages. Administrative data","2016","2016","PER","Persons","0","Units",,,325788,,
"FR014","Amiens","T_T_SH_NAT","Share of population  in metropolitan area over the national value","2001","2001","RATIO","Ratio","0","Units",,,0.5,,
"FR014","Amiens","T_T_SH_NAT","Share of population  in metropolitan area over the national value","2002","2002","RATIO","Ratio","0","Units",,,0.5,,
"FR014","Amiens","T_T_SH_NAT","Share of population  in metropolitan area over the national value","2003","2003","RATIO","Ratio","0","Units",,,0.5,,
"FR014","Amiens","T_T_SH_NAT","Share of population  in metropolitan area over the national value","2004","2004","RATIO","Ratio","0","Units",,,0.5,,
"FR014","Amiens","T_T_SH_NAT","Share of population  in metropolitan area over the national value","2005","2005","RATIO","Ratio","0","Units",,,0.5,,
"FR014","Amiens","T_T_SH_NAT","Share of population  in metropolitan area over the national value","2006","2006","RATIO","Ratio","0","Units",,,0.5,,
"FR014","Amiens","T_T_SH_NAT","Share of population  in metropolitan area over the national value","2007","2007","RATIO","Ratio","0","Units",,,0.5,,
"FR014","Amiens","T_T_SH_NAT","Share of population  in metropolitan area over the national value","2008","2008","RATIO","Ratio","0","Units",,,0.5,,
"FR014","Amiens","T_T_SH_NAT","Share of population  in metropolitan area over the national value","2009","2009","RATIO","Ratio","0","Units",,,0.5,,
"FR014","Amiens","T_T_SH_NAT","Share of population  in metropolitan area over the national value","2010","2010","RATIO","Ratio","0","Units",,,0.5,,
"FR014","Amiens","T_T_SH_NAT","Share of population  in metropolitan area over the national value","2011","2011","RATIO","Ratio","0","Units",,,0.5,,
"FR014","Amiens","T_T_SH_NAT","Share of population  in metropolitan area over the national value","2012","2012","RATIO","Ratio","0","Units",,,0.5,,
"FR014","Amiens","T_T_SH_NAT","Share of population  in metropolitan area over the national value","2013","2013","RATIO","Ratio","0","Units",,,0.5,,
"FR014","Amiens","T_T_SH_NAT","Share of population  in metropolitan area over the national value","2014","2014","RATIO","Ratio","0","Units",,,0.5,,
"FR014","Amiens","T_T_SH_NAT","Share of population  in metropolitan area over the national value","2015","2015","RATIO","Ratio","0","Units",,,0.5,,
"ES022","Vigo","POP_DEN","Population density (pop. per km2)","2000","2000","PER","Persons","0","Units",,,376,,
"ES022","Vigo","POP_DEN","Population density (pop. per km2)","2001","2001","PER","Persons","0","Units",,,378,,
"ES022","Vigo","POP_DEN","Population density (pop. per km2)","2002","2002","PER","Persons","0","Units",,,379,,
"ES022","Vigo","POP_DEN","Population density (pop. per km2)","2003","2003","PER","Persons","0","Units",,,381,,
"ES022","Vigo","POP_DEN","Population density (pop. per km2)","2004","2004","PER","Persons","0","Units",,,382,,
"ES022","Vigo","POP_DEN","Population density (pop. per km2)","2005","2005","PER","Persons","0","Units",,,384,,
"ES022","Vigo","POP_DEN","Population density (pop. per km2)","2006","2006","PER","Persons","0","Units",,,385,,
"ES022","Vigo","POP_DEN","Population density (pop. per km2)","2007","2007","PER","Persons","0","Units",,,387,,
"ES022","Vigo","POP_DEN","Population density (pop. per km2)","2008","2008","PER","Persons","0","Units",,,388,,
"ES022","Vigo","POP_DEN","Population density (pop. per km2)","2009","2009","PER","Persons","0","Units",,,390,,
"ES022","Vigo","POP_DEN","Population density (pop. per km2)","2010","2010","PER","Persons","0","Units",,,391,,
"ES022","Vigo","POP_DEN","Population density (pop. per km2)","2011","2011","PER","Persons","0","Units",,,393,,
"ES022","Vigo","POP_DEN","Population density (pop. per km2)","2012","2012","PER","Persons","0","Units",,,394,,
"ES022","Vigo","POP_DEN","Population density (pop. per km2)","2013","2013","PER","Persons","0","Units",,,396,,
"ES022","Vigo","POP_DEN","Population density (pop. per km2)","2014","2014","PER","Persons","0","Units",,,397,,
"ES022","Vigo","POP_DEN","Population density (pop. per km2)","2015","2015","PER","Persons","0","Units",,,399,,
"ES022","Vigo","POP_DEN","Population density (pop. per km2)","2016","2016","PER","Persons","0","Units",,,400,,
"DE504","Muenster","T_T","Population, All ages. Administrative data","2001","2001","PER","Persons","0","Units",,,481008,,
"DE504","Muenster","T_T","Population, All ages. Administrative data","2002","2002","PER","Persons","0","Units",,,484505,,
"DE504","Muenster","T_T","Population, All ages. Administrative data","2003","2003","PER","Persons","0","Units",,,488016,,
"DE504","Muenster","T_T","Population, All ages. Administrative data","2004","2004","PER","Persons","0","Units",,,489987,,
"DE504","Muenster","T_T","Population, All ages. Administrative data","2005","2005","PER","Persons","0","Units",,,491512,,
"DE504","Muenster","T_T","Population, All ages. Administrative data","2006","2006","PER","Persons","0","Units",,,492355,,
"DE504","Muenster","T_T","Population, All ages. Administrative data","2007","2007","PER","Persons","0","Units",,,494083,,
"DE504","Muenster","T_T","Population, All ages. Administrative data","2008","2008","PER","Persons","0","Units",,,494810,,
"DE504","Muenster","T_T","Population, All ages. Administrative data","2009","2009","PER","Persons","0","Units",,,495011,,
"DE504","Muenster","T_T","Population, All ages. Administrative data","2010","2010","PER","Persons","0","Units",,,496275,,
"DE504","Muenster","T_T","Population, All ages. Administrative data","2011","2011","PER","Persons","0","Units",,,497842,,
"DE504","Muenster","T_T","Population, All ages. Administrative data","2012","2012","PER","Persons","0","Units",,,508880,,
"DE504","Muenster","T_T","Population, All ages. Administrative data","2013","2013","PER","Persons","0","Units",,,512138,,
"DE504","Muenster","T_T","Population, All ages. Administrative data","2014","2014","PER","Persons","0","Units",,,515441,,
"DE504","Muenster","T_T","Population, All ages. Administrative data","2015","2015","PER","Persons","0","Units",,,518624,,
"DE504","Muenster","T_T","Population, All ages. Administrative data","2016","2016","PER","Persons","0","Units",,,528892,,
"FI002","Tampere","POP_DEN","Population density (pop. per km2)","2000","2000","PER","Persons","0","Units",,,54,,
"FI002","Tampere","POP_DEN","Population density (pop. per km2)","2001","2001","PER","Persons","0","Units",,,54,,
"FI002","Tampere","POP_DEN","Population density (pop. per km2)","2002","2002","PER","Persons","0","Units",,,55,,
"FI002","Tampere","POP_DEN","Population density (pop. per km2)","2003","2003","PER","Persons","0","Units",,,55,,
"FI002","Tampere","POP_DEN","Population density (pop. per km2)","2004","2004","PER","Persons","0","Units",,,56,,
"FI002","Tampere","POP_DEN","Population density (pop. per km2)","2005","2005","PER","Persons","0","Units",,,57,,
"FI002","Tampere","POP_DEN","Population density (pop. per km2)","2006","2006","PER","Persons","0","Units",,,57,,
"FI002","Tampere","POP_DEN","Population density (pop. per km2)","2007","2007","PER","Persons","0","Units",,,58,,
"FI002","Tampere","POP_DEN","Population density (pop. per km2)","2008","2008","PER","Persons","0","Units",,,59,,
"FI002","Tampere","POP_DEN","Population density (pop. per km2)","2009","2009","PER","Persons","0","Units",,,59,,
"FI002","Tampere","POP_DEN","Population density (pop. per km2)","2010","2010","PER","Persons","0","Units",,,60,,
"FI002","Tampere","POP_DEN","Population density (pop. per km2)","2011","2011","PER","Persons","0","Units",,,61,,
"FI002","Tampere","POP_DEN","Population density (pop. per km2)","2012","2012","PER","Persons","0","Units",,,61,,
"FI002","Tampere","POP_DEN","Population density (pop. per km2)","2013","2013","PER","Persons","0","Units",,,62,,
"FI002","Tampere","POP_DEN","Population density (pop. per km2)","2014","2014","PER","Persons","0","Units",,,63,,
"FI002","Tampere","POP_DEN","Population density (pop. per km2)","2015","2015","PER","Persons","0","Units",,,63,,
"FI002","Tampere","POP_DEN","Population density (pop. per km2)","2016","2016","PER","Persons","0","Units",,,64,,
"USA143","Erie (PA)","T_T_SH_NAT","Share of population  in metropolitan area over the national value","2001","2001","RATIO","Ratio","0","Units",,,0.1,,
"USA143","Erie (PA)","T_T_SH_NAT","Share of population  in metropolitan area over the national value","2002","2002","RATIO","Ratio","0","Units",,,0.1,,
"USA143","Erie (PA)","T_T_SH_NAT","Share of population  in metropolitan area over the national value","2003","2003","RATIO","Ratio","0","Units",,,0.1,,
"USA143","Erie (PA)","T_T_SH_NAT","Share of population  in metropolitan area over the national value","2004","2004","RATIO","Ratio","0","Units",,,0.1,,
"USA143","Erie (PA)","T_T_SH_NAT","Share of population  in metropolitan area over the national value","2005","2005","RATIO","Ratio","0","Units",,,0.1,,
"USA143","Erie (PA)","T_T_SH_NAT","Share of population  in metropolitan area over the national value","2006","2006","RATIO","Ratio","0","Units",,,0.1,,
"USA143","Erie (PA)","T_T_SH_NAT","Share of population  in metropolitan area over the national value","2007","2007","RATIO","Ratio","0","Units",,,0.1,,
"USA143","Erie (PA)","T_T_SH_NAT","Share of population  in metropolitan area over the national value","2008","2008","RATIO","Ratio","0","Units",,,0.1,,
"USA143","Erie (PA)","T_T_SH_NAT","Share of population  in metropolitan area over the national value","2009","2009","RATIO","Ratio","0","Units",,,0.1,,
"USA143","Erie (PA)","T_T_SH_NAT","Share of population  in metropolitan area over the national value","2010","2010","RATIO","Ratio","0","Units",,,0.1,,
"USA143","Erie (PA)","T_T_SH_NAT","Share of population  in metropolitan area over the national value","2011","2011","RATIO","Ratio","0","Units",,,0.1,,
"USA143","Erie (PA)","T_T_SH_NAT","Share of population  in metropolitan area over the national value","2012","2012","RATIO","Ratio","0","Units",,,0.1,,
"USA143","Erie (PA)","T_T_SH_NAT","Share of population  in metropolitan area over the national value","2013","2013","RATIO","Ratio","0","Units",,,0.1,,
"USA143","Erie (PA)","T_T_SH_NAT","Share of population  in metropolitan area over the national value","2014","2014","RATIO","Ratio","0","Units",,,0.1,,
"USA143","Erie (PA)","T_T_SH_NAT","Share of population  in metropolitan area over the national value","2015","2015","RATIO","Ratio","0","Units",,,0.1,,
"USA143","Erie (PA)","T_T_SH_NAT","Share of population  in metropolitan area over the national value","2016","2016","RATIO","Ratio","0","Units",,,0.1,,
"DE054","Constance","T_T","Population, All ages. Administrative data","2001","2001","PER","Persons","0","Units",,,264871,,
"DE054","Constance","T_T","Population, All ages. Administrative data","2002","2002","PER","Persons","0","Units",,,267534,,
"DE054","Constance","T_T","Population, All ages. Administrative data","2003","2003","PER","Persons","0","Units",,,270036,,
"DE054","Constance","T_T","Population, All ages. Administrative data","2004","2004","PER","Persons","0","Units",,,271621,,
"DE054","Constance","T_T","Population, All ages. Administrative data","2005","2005","PER","Persons","0","Units",,,272745,,
"DE054","Constance","T_T","Population, All ages. Administrative data","2006","2006","PER","Persons","0","Units",,,273338,,
"DE054","Constance","T_T","Population, All ages. Administrative data","2007","2007","PER","Persons","0","Units",,,273398,,
"DE054","Constance","T_T","Population, All ages. Administrative data","2008","2008","PER","Persons","0","Units",,,273764,,
"DE054","Constance","T_T","Population, All ages. Administrative data","2009","2009","PER","Persons","0","Units",,,274878,,
"DE054","Constance","T_T","Population, All ages. Administrative data","2010","2010","PER","Persons","0","Units",,,276186,,
"DE054","Constance","T_T","Population, All ages. Administrative data","2011","2011","PER","Persons","0","Units",,,265331,,
"DE054","Constance","T_T","Population, All ages. Administrative data","2012","2012","PER","Persons","0","Units",,,266940,,
"DE054","Constance","T_T","Population, All ages. Administrative data","2013","2013","PER","Persons","0","Units",,,269234,,
"DE054","Constance","T_T","Population, All ages. Administrative data","2014","2014","PER","Persons","0","Units",,,272059,,
"DE054","Constance","T_T","Population, All ages. Administrative data","2015","2015","PER","Persons","0","Units",,,274425,,
"DE054","Constance","T_T","Population, All ages. Administrative data","2016","2016","PER","Persons","0","Units",,,278906,,
"FR043","Perpignan","T_T","Population, All ages. Administrative data","2000","2000","PER","Persons","0","Units",,,327215,,
"FR043","Perpignan","T_T","Population, All ages. Administrative data","2001","2001","PER","Persons","0","Units",,,332230,,
"FR043","Perpignan","T_T","Population, All ages. Administrative data","2002","2002","PER","Persons","0","Units",,,337245,,
"FR043","Perpignan","T_T","Population, All ages. Administrative data","2003","2003","PER","Persons","0","Units",,,342260,,
"FR043","Perpignan","T_T","Population, All ages. Administrative data","2004","2004","PER","Persons","0","Units",,,347277,,
"FR043","Perpignan","T_T","Population, All ages. Administrative data","2005","2005","PER","Persons","0","Units",,,352293,,
"FR043","Perpignan","T_T","Population, All ages. Administrative data","2006","2006","PER","Persons","0","Units",,,357308,,
"FR043","Perpignan","T_T","Population, All ages. Administrative data","2007","2007","PER","Persons","0","Units",,,362323,,
"FR043","Perpignan","T_T","Population, All ages. Administrative data","2008","2008","PER","Persons","0","Units",,,367338,,
"FR043","Perpignan","T_T","Population, All ages. Administrative data","2009","2009","PER","Persons","0","Units",,,372354,,
"FR043","Perpignan","T_T","Population, All ages. Administrative data","2010","2010","PER","Persons","0","Units",,,376520,,
"FR043","Perpignan","T_T","Population, All ages. Administrative data","2011","2011","PER","Persons","0","Units",,,380685,,
"FR043","Perpignan","T_T","Population, All ages. Administrative data","2012","2012","PER","Persons","0","Units",,,384851,,
"FR043","Perpignan","T_T","Population, All ages. Administrative data","2013","2013","PER","Persons","0","Units",,,389016,,
"FR043","Perpignan","T_T","Population, All ages. Administrative data","2014","2014","PER","Persons","0","Units",,,393182,,
"FR043","Perpignan","T_T","Population, All ages. Administrative data","2015","2015","PER","Persons","0","Units",,,398061,,
"MEX36","Ensenada","POP_DEN","Population density (pop. per km2)","2000","2000","PER","Persons","0","Units",,,7,,
"MEX36","Ensenada","POP_DEN","Population density (pop. per km2)","2005","2005","PER","Persons","0","Units",,,7,,
"MEX36","Ensenada","POP_DEN","Population density (pop. per km2)","2010","2010","PER","Persons","0","Units",,,9,,
"MEX36","Ensenada","POP_DEN","Population density (pop. per km2)","2015","2015","PER","Persons","0","Units",,,10,,
"NL511","Zwolle","T_T","Population, All ages. Administrative data","2000","2000","PER","Persons","0","Units",,,322930,,
"NL511","Zwolle","T_T","Population, All ages. Administrative data","2001","2001","PER","Persons","0","Units",,,324977,,
"NL511","Zwolle","T_T","Population, All ages. Administrative data","2002","2002","PER","Persons","0","Units",,,327025,,
"NL511","Zwolle","T_T","Population, All ages. Administrative data","2003","2003","PER","Persons","0","Units",,,329072,,
"NL511","Zwolle","T_T","Population, All ages. Administrative data","2004","2004","PER","Persons","0","Units",,,331120,,
"NL511","Zwolle","T_T","Population, All ages. Administrative data","2005","2005","PER","Persons","0","Units",,,332215,,
"NL511","Zwolle","T_T","Population, All ages. Administrative data","2006","2006","PER","Persons","0","Units",,,333941,,
"NL511","Zwolle","T_T","Population, All ages. Administrative data","2007","2007","PER","Persons","0","Units",,,335710,,
"NL511","Zwolle","T_T","Population, All ages. Administrative data","2008","2008","PER","Persons","0","Units",,,337477,,
"NL511","Zwolle","T_T","Population, All ages. Administrative data","2009","2009","PER","Persons","0","Units",,,339547,,
"NL511","Zwolle","T_T","Population, All ages. Administrative data","2010","2010","PER","Persons","0","Units",,,341483,,
"NL511","Zwolle","T_T","Population, All ages. Administrative data","2011","2011","PER","Persons","0","Units",,,343006,,
"NL511","Zwolle","T_T","Population, All ages. Administrative data","2012","2012","PER","Persons","0","Units",,,344684,,
"NL511","Zwolle","T_T","Population, All ages. Administrative data","2013","2013","PER","Persons","0","Units",,,346212,,
"NL511","Zwolle","T_T","Population, All ages. Administrative data","2014","2014","PER","Persons","0","Units",,,347396,,
"NL511","Zwolle","T_T","Population, All ages. Administrative data","2015","2015","PER","Persons","0","Units",,,348835,,
"NL511","Zwolle","T_T","Population, All ages. Administrative data","2016","2016","PER","Persons","0","Units",,,351530,,
"USA129","Peoria","POP_DEN","Population density (pop. per km2)","2000","2000","PER","Persons","0","Units",,,78,,
"USA129","Peoria","POP_DEN","Population density (pop. per km2)","2001","2001","PER","Persons","0","Units",,,78,,
"USA129","Peoria","POP_DEN","Population density (pop. per km2)","2002","2002","PER","Persons","0","Units",,,78,,
"USA129","Peoria","POP_DEN","Population density (pop. per km2)","2003","2003","PER","Persons","0","Units",,,78,,
"USA129","Peoria","POP_DEN","Population density (pop. per km2)","2004","2004","PER","Persons","0","Units",,,78,,
"USA129","Peoria","POP_DEN","Population density (pop. per km2)","2005","2005","PER","Persons","0","Units",,,78,,
"USA129","Peoria","POP_DEN","Population density (pop. per km2)","2006","2006","PER","Persons","0","Units",,,79,,
"USA129","Peoria","POP_DEN","Population density (pop. per km2)","2007","2007","PER","Persons","0","Units",,,79,,
"USA129","Peoria","POP_DEN","Population density (pop. per km2)","2008","2008","PER","Persons","0","Units",,,79,,
"USA129","Peoria","POP_DEN","Population density (pop. per km2)","2009","2009","PER","Persons","0","Units",,,80,,
"USA129","Peoria","POP_DEN","Population density (pop. per km2)","2010","2010","PER","Persons","0","Units",,,80,,
"USA129","Peoria","POP_DEN","Population density (pop. per km2)","2011","2011","PER","Persons","0","Units",,,80,,
"USA129","Peoria","POP_DEN","Population density (pop. per km2)","2012","2012","PER","Persons","0","Units",,,80,,
"USA129","Peoria","POP_DEN","Population density (pop. per km2)","2013","2013","PER","Persons","0","Units",,,81,,
"USA129","Peoria","POP_DEN","Population density (pop. per km2)","2014","2014","PER","Persons","0","Units",,,80,,
"USA129","Peoria","POP_DEN","Population density (pop. per km2)","2015","2015","PER","Persons","0","Units",,,80,,
"USA129","Peoria","POP_DEN","Population density (pop. per km2)","2016","2016","PER","Persons","0","Units",,,79,,
"JPN16","Utsunomiya","T_T_SH_NAT","Share of population  in metropolitan area over the national value","2001","2001","RATIO","Ratio","0","Units",,,0.7,,
"JPN16","Utsunomiya","T_T_SH_NAT","Share of population  in metropolitan area over the national value","2002","2002","RATIO","Ratio","0","Units",,,0.7,,
"JPN16","Utsunomiya","T_T_SH_NAT","Share of population  in metropolitan area over the national value","2003","2003","RATIO","Ratio","0","Units",,,0.7,,
"JPN16","Utsunomiya","T_T_SH_NAT","Share of population  in metropolitan area over the national value","2004","2004","RATIO","Ratio","0","Units",,,0.7,,
"JPN16","Utsunomiya","T_T_SH_NAT","Share of population  in metropolitan area over the national value","2005","2005","RATIO","Ratio","0","Units",,,0.7,,
"JPN16","Utsunomiya","T_T_SH_NAT","Share of population  in metropolitan area over the national value","2006","2006","RATIO","Ratio","0","Units",,,0.7,,
"JPN16","Utsunomiya","T_T_SH_NAT","Share of population  in metropolitan area over the national value","2007","2007","RATIO","Ratio","0","Units",,,0.7,,
"JPN16","Utsunomiya","T_T_SH_NAT","Share of population  in metropolitan area over the national value","2008","2008","RATIO","Ratio","0","Units",,,0.7,,
"JPN16","Utsunomiya","T_T_SH_NAT","Share of population  in metropolitan area over the national value","2009","2009","RATIO","Ratio","0","Units",,,0.7,,
"JPN16","Utsunomiya","T_T_SH_NAT","Share of population  in metropolitan area over the national value","2010","2010","RATIO","Ratio","0","Units",,,0.7,,
"JPN16","Utsunomiya","T_T_SH_NAT","Share of population  in metropolitan area over the national value","2011","2011","RATIO","Ratio","0","Units",,,0.7,,
"JPN16","Utsunomiya","T_T_SH_NAT","Share of population  in metropolitan area over the national value","2012","2012","RATIO","Ratio","0","Units",,,0.7,,
"JPN16","Utsunomiya","T_T_SH_NAT","Share of population  in metropolitan area over the national value","2013","2013","RATIO","Ratio","0","Units",,,0.7,,
"JPN16","Utsunomiya","T_T_SH_NAT","Share of population  in metropolitan area over the national value","2014","2014","RATIO","Ratio","0","Units",,,0.7,,
"JPN16","Utsunomiya","T_T_SH_NAT","Share of population  in metropolitan area over the national value","2015","2015","RATIO","Ratio","0","Units",,,0.7,,
"UK033","Guildford","T_T","Population, All ages. Administrative data","2001","2001","PER","Persons","0","Units",,,245442,,
"UK033","Guildford","T_T","Population, All ages. Administrative data","2002","2002","PER","Persons","0","Units",,,244870,,
"UK033","Guildford","T_T","Population, All ages. Administrative data","2003","2003","PER","Persons","0","Units",,,244787,,
"UK033","Guildford","T_T","Population, All ages. Administrative data","2004","2004","PER","Persons","0","Units",,,244805,,
"UK033","Guildford","T_T","Population, All ages. Administrative data","2005","2005","PER","Persons","0","Units",,,245400,,
"UK033","Guildford","T_T","Population, All ages. Administrative data","2006","2006","PER","Persons","0","Units",,,247711,,
"UK033","Guildford","T_T","Population, All ages. Administrative data","2007","2007","PER","Persons","0","Units",,,249754,,
"UK033","Guildford","T_T","Population, All ages. Administrative data","2008","2008","PER","Persons","0","Units",,,251413,,
"UK033","Guildford","T_T","Population, All ages. Administrative data","2009","2009","PER","Persons","0","Units",,,253690,,
"UK033","Guildford","T_T","Population, All ages. Administrative data","2010","2010","PER","Persons","0","Units",,,256504,,
"UK033","Guildford","T_T","Population, All ages. Administrative data","2011","2011","PER","Persons","0","Units",,,259334,,
"UK033","Guildford","T_T","Population, All ages. Administrative data","2012","2012","PER","Persons","0","Units",,,261419,,
"UK033","Guildford","T_T","Population, All ages. Administrative data","2013","2013","PER","Persons","0","Units",,,263440,,
"UK033","Guildford","T_T","Population, All ages. Administrative data","2014","2014","PER","Persons","0","Units",,,265910,,
"UK033","Guildford","T_T","Population, All ages. Administrative data","2015","2015","PER","Persons","0","Units",,,269067,,
"UK033","Guildford","T_T","Population, All ages. Administrative data","2016","2016","PER","Persons","0","Units",,,271438,,
"USA128","Marion (FL)","T_T_SH_NAT","Share of population  in metropolitan area over the national value","2001","2001","RATIO","Ratio","0","Units",,,0.1,,
"USA128","Marion (FL)","T_T_SH_NAT","Share of population  in metropolitan area over the national value","2002","2002","RATIO","Ratio","0","Units",,,0.1,,
"USA128","Marion (FL)","T_T_SH_NAT","Share of population  in metropolitan area over the national value","2003","2003","RATIO","Ratio","0","Units",,,0.1,,
"USA128","Marion (FL)","T_T_SH_NAT","Share of population  in metropolitan area over the national value","2004","2004","RATIO","Ratio","0","Units",,,0.1,,
"USA128","Marion (FL)","T_T_SH_NAT","Share of population  in metropolitan area over the national value","2005","2005","RATIO","Ratio","0","Units",,,0.1,,
"USA128","Marion (FL)","T_T_SH_NAT","Share of population  in metropolitan area over the national value","2006","2006","RATIO","Ratio","0","Units",,,0.1,,
"USA128","Marion (FL)","T_T_SH_NAT","Share of population  in metropolitan area over the national value","2007","2007","RATIO","Ratio","0","Units",,,0.1,,
"USA128","Marion (FL)","T_T_SH_NAT","Share of population  in metropolitan area over the national value","2008","2008","RATIO","Ratio","0","Units",,,0.1,,
"USA128","Marion (FL)","T_T_SH_NAT","Share of population  in metropolitan area over the national value","2009","2009","RATIO","Ratio","0","Units",,,0.1,,
"USA128","Marion (FL)","T_T_SH_NAT","Share of population  in metropolitan area over the national value","2010","2010","RATIO","Ratio","0","Units",,,0.1,,
"USA128","Marion (FL)","T_T_SH_NAT","Share of population  in metropolitan area over the national value","2011","2011","RATIO","Ratio","0","Units",,,0.1,,
"USA128","Marion (FL)","T_T_SH_NAT","Share of population  in metropolitan area over the national value","2012","2012","RATIO","Ratio","0","Units",,,0.1,,
"USA128","Marion (FL)","T_T_SH_NAT","Share of population  in metropolitan area over the national value","2013","2013","RATIO","Ratio","0","Units",,,0.1,,
"USA128","Marion (FL)","T_T_SH_NAT","Share of population  in metropolitan area over the national value","2014","2014","RATIO","Ratio","0","Units",,,0.1,,
"USA128","Marion (FL)","T_T_SH_NAT","Share of population  in metropolitan area over the national value","2015","2015","RATIO","Ratio","0","Units",,,0.1,,
"USA128","Marion (FL)","T_T_SH_NAT","Share of population  in metropolitan area over the national value","2016","2016","RATIO","Ratio","0","Units",,,0.1,,
"USA15","Minneapolis","T_T","Population, All ages. Administrative data","2000","2000","PER","Persons","0","Units",,,2996224,,
"USA15","Minneapolis","T_T","Population, All ages. Administrative data","2001","2001","PER","Persons","0","Units",,,3037997,,
"USA15","Minneapolis","T_T","Population, All ages. Administrative data","2002","2002","PER","Persons","0","Units",,,3066812,,
"USA15","Minneapolis","T_T","Population, All ages. Administrative data","2003","2003","PER","Persons","0","Units",,,3093407,,
"USA15","Minneapolis","T_T","Population, All ages. Administrative data","2004","2004","PER","Persons","0","Units",,,3121253,,
"USA15","Minneapolis","T_T","Population, All ages. Administrative data","2005","2005","PER","Persons","0","Units",,,3147749,,
"USA15","Minneapolis","T_T","Population, All ages. Administrative data","2006","2006","PER","Persons","0","Units",,,3182201,,
"USA15","Minneapolis","T_T","Population, All ages. Administrative data","2007","2007","PER","Persons","0","Units",,,3216867,,
"USA15","Minneapolis","T_T","Population, All ages. Administrative data","2008","2008","PER","Persons","0","Units",,,3248517,,
"USA15","Minneapolis","T_T","Population, All ages. Administrative data","2009","2009","PER","Persons","0","Units",,,3277805,,
"USA15","Minneapolis","T_T","Population, All ages. Administrative data","2010","2010","PER","Persons","0","Units",,,3302348,,
"USA15","Minneapolis","T_T","Population, All ages. Administrative data","2011","2011","PER","Persons","0","Units",,,3336072,,
"USA15","Minneapolis","T_T","Population, All ages. Administrative data","2012","2012","PER","Persons","0","Units",,,3369798,,
"USA15","Minneapolis","T_T","Population, All ages. Administrative data","2013","2013","PER","Persons","0","Units",,,3405918,,
"USA15","Minneapolis","T_T","Population, All ages. Administrative data","2014","2014","PER","Persons","0","Units",,,3440930,,
"USA15","Minneapolis","T_T","Population, All ages. Administrative data","2015","2015","PER","Persons","0","Units",,,3469146,,
"USA15","Minneapolis","T_T","Population, All ages. Administrative data","2016","2016","PER","Persons","0","Units",,,3505038,,
"AUS05","Greater Adelaide","T_T_SH_NAT","Share of population  in metropolitan area over the national value","2001","2001","RATIO","Ratio","0","Units",,,6,,
"AUS05","Greater Adelaide","T_T_SH_NAT","Share of population  in metropolitan area over the national value","2002","2002","RATIO","Ratio","0","Units",,,5.9,,
"AUS05","Greater Adelaide","T_T_SH_NAT","Share of population  in metropolitan area over the national value","2003","2003","RATIO","Ratio","0","Units",,,5.9,,
"AUS05","Greater Adelaide","T_T_SH_NAT","Share of population  in metropolitan area over the national value","2004","2004","RATIO","Ratio","0","Units",,,5.9,,
"AUS05","Greater Adelaide","T_T_SH_NAT","Share of population  in metropolitan area over the national value","2005","2005","RATIO","Ratio","0","Units",,,5.8,,
"AUS05","Greater Adelaide","T_T_SH_NAT","Share of population  in metropolitan area over the national value","2006","2006","RATIO","Ratio","0","Units",,,5.8,,
"AUS05","Greater Adelaide","T_T_SH_NAT","Share of population  in metropolitan area over the national value","2007","2007","RATIO","Ratio","0","Units",,,5.8,,
"AUS05","Greater Adelaide","T_T_SH_NAT","Share of population  in metropolitan area over the national value","2008","2008","RATIO","Ratio","0","Units",,,5.7,,
"AUS05","Greater Adelaide","T_T_SH_NAT","Share of population  in metropolitan area over the national value","2009","2009","RATIO","Ratio","0","Units",,,5.7,,
"AUS05","Greater Adelaide","T_T_SH_NAT","Share of population  in metropolitan area over the national value","2010","2010","RATIO","Ratio","0","Units",,,5.7,,
"AUS05","Greater Adelaide","T_T_SH_NAT","Share of population  in metropolitan area over the national value","2011","2011","RATIO","Ratio","0","Units",,,5.7,,
"AUS05","Greater Adelaide","T_T_SH_NAT","Share of population  in metropolitan area over the national value","2012","2012","RATIO","Ratio","0","Units",,,5.6,,
"AUS05","Greater Adelaide","T_T_SH_NAT","Share of population  in metropolitan area over the national value","2013","2013","RATIO","Ratio","0","Units",,,5.6,,
"AUS05","Greater Adelaide","T_T_SH_NAT","Share of population  in metropolitan area over the national value","2014","2014","RATIO","Ratio","0","Units",,,5.5,,
"AUS05","Greater Adelaide","T_T_SH_NAT","Share of population  in metropolitan area over the national value","2015","2015","RATIO","Ratio","0","Units",,,5.5,,
"AUS05","Greater Adelaide","T_T_SH_NAT","Share of population  in metropolitan area over the national value","2016","2016","RATIO","Ratio","0","Units",,,5.5,,
"KOR15","Jinju","T_T_SH_NAT","Share of population  in metropolitan area over the national value","2001","2001","RATIO","Ratio","0","Units",,,0.7,,
"KOR15","Jinju","T_T_SH_NAT","Share of population  in metropolitan area over the national value","2002","2002","RATIO","Ratio","0","Units",,,0.7,,
"KOR15","Jinju","T_T_SH_NAT","Share of population  in metropolitan area over the national value","2003","2003","RATIO","Ratio","0","Units",,,0.7,,
"KOR15","Jinju","T_T_SH_NAT","Share of population  in metropolitan area over the national value","2004","2004","RATIO","Ratio","0","Units",,,0.7,,
"KOR15","Jinju","T_T_SH_NAT","Share of population  in metropolitan area over the national value","2005","2005","RATIO","Ratio","0","Units",,,0.7,,
"KOR15","Jinju","T_T_SH_NAT","Share of population  in metropolitan area over the national value","2006","2006","RATIO","Ratio","0","Units",,,0.7,,
"KOR15","Jinju","T_T_SH_NAT","Share of population  in metropolitan area over the national value","2007","2007","RATIO","Ratio","0","Units",,,0.7,,
"KOR15","Jinju","T_T_SH_NAT","Share of population  in metropolitan area over the national value","2008","2008","RATIO","Ratio","0","Units",,,0.7,,
"KOR15","Jinju","T_T_SH_NAT","Share of population  in metropolitan area over the national value","2009","2009","RATIO","Ratio","0","Units",,,0.7,,
"KOR15","Jinju","T_T_SH_NAT","Share of population  in metropolitan area over the national value","2010","2010","RATIO","Ratio","0","Units",,,0.7,,
"KOR15","Jinju","T_T_SH_NAT","Share of population  in metropolitan area over the national value","2011","2011","RATIO","Ratio","0","Units",,,0.7,,
"KOR15","Jinju","T_T_SH_NAT","Share of population  in metropolitan area over the national value","2012","2012","RATIO","Ratio","0","Units",,,0.7,,
"KOR15","Jinju","T_T_SH_NAT","Share of population  in metropolitan area over the national value","2013","2013","RATIO","Ratio","0","Units",,,0.7,,
"KOR15","Jinju","T_T_SH_NAT","Share of population  in metropolitan area over the national value","2014","2014","RATIO","Ratio","0","Units",,,0.7,,
"KOR15","Jinju","T_T_SH_NAT","Share of population  in metropolitan area over the national value","2015","2015","RATIO","Ratio","0","Units",,,0.7,,
"KOR15","Jinju","T_T_SH_NAT","Share of population  in metropolitan area over the national value","2016","2016","RATIO","Ratio","0","Units",,,0.7,,
"DE003","Munich","T_T_SH_NAT","Share of population  in metropolitan area over the national value","2001","2001","RATIO","Ratio","0","Units",,,3,,
"DE003","Munich","T_T_SH_NAT","Share of population  in metropolitan area over the national value","2002","2002","RATIO","Ratio","0","Units",,,3,,
"DE003","Munich","T_T_SH_NAT","Share of population  in metropolitan area over the national value","2003","2003","RATIO","Ratio","0","Units",,,3,,
"DE003","Munich","T_T_SH_NAT","Share of population  in metropolitan area over the national value","2004","2004","RATIO","Ratio","0","Units",,,3.1,,
"DE003","Munich","T_T_SH_NAT","Share of population  in metropolitan area over the national value","2005","2005","RATIO","Ratio","0","Units",,,3.1,,
"DE003","Munich","T_T_SH_NAT","Share of population  in metropolitan area over the national value","2006","2006","RATIO","Ratio","0","Units",,,3.1,,
"DE003","Munich","T_T_SH_NAT","Share of population  in metropolitan area over the national value","2007","2007","RATIO","Ratio","0","Units",,,3.1,,
"DE003","Munich","T_T_SH_NAT","Share of population  in metropolitan area over the national value","2008","2008","RATIO","Ratio","0","Units",,,3.2,,
"DE003","Munich","T_T_SH_NAT","Share of population  in metropolitan area over the national value","2009","2009","RATIO","Ratio","0","Units",,,3.2,,
"DE003","Munich","T_T_SH_NAT","Share of population  in metropolitan area over the national value","2010","2010","RATIO","Ratio","0","Units",,,3.3,,
"DE003","Munich","T_T_SH_NAT","Share of population  in metropolitan area over the national value","2011","2011","RATIO","Ratio","0","Units",,,3.3,,
"DE003","Munich","T_T_SH_NAT","Share of population  in metropolitan area over the national value","2012","2012","RATIO","Ratio","0","Units",,,3.4,,
"DE003","Munich","T_T_SH_NAT","Share of population  in metropolitan area over the national value","2013","2013","RATIO","Ratio","0","Units",,,3.4,,
"DE003","Munich","T_T_SH_NAT","Share of population  in metropolitan area over the national value","2014","2014","RATIO","Ratio","0","Units",,,3.4,,
"DE003","Munich","T_T_SH_NAT","Share of population  in metropolitan area over the national value","2015","2015","RATIO","Ratio","0","Units",,,3.5,,
"DE003","Munich","T_T_SH_NAT","Share of population  in metropolitan area over the national value","2016","2016","RATIO","Ratio","0","Units",,,3.5,,
"JPN05","Sapporo","T_T","Population, All ages. Administrative data","2000","2000","PER","Persons","0","Units",,,2068839,,
"JPN05","Sapporo","T_T","Population, All ages. Administrative data","2001","2001","PER","Persons","0","Units",,,2085743,,
"JPN05","Sapporo","T_T","Population, All ages. Administrative data","2002","2002","PER","Persons","0","Units",,,2102646,,
"JPN05","Sapporo","T_T","Population, All ages. Administrative data","2003","2003","PER","Persons","0","Units",,,2119549,,
"JPN05","Sapporo","T_T","Population, All ages. Administrative data","2004","2004","PER","Persons","0","Units",,,2136452,,
"JPN05","Sapporo","T_T","Population, All ages. Administrative data","2005","2005","PER","Persons","0","Units",,,2153356,,
"JPN05","Sapporo","T_T","Population, All ages. Administrative data","2006","2006","PER","Persons","0","Units",,,2158518,,
"JPN05","Sapporo","T_T","Population, All ages. Administrative data","2007","2007","PER","Persons","0","Units",,,2163680,,
"JPN05","Sapporo","T_T","Population, All ages. Administrative data","2008","2008","PER","Persons","0","Units",,,2168843,,
"JPN05","Sapporo","T_T","Population, All ages. Administrative data","2009","2009","PER","Persons","0","Units",,,2174005,,
"JPN05","Sapporo","T_T","Population, All ages. Administrative data","2010","2010","PER","Persons","0","Units",,,2179167,,
"JPN05","Sapporo","T_T","Population, All ages. Administrative data","2011","2011","PER","Persons","0","Units",,,2183702,,
"JPN05","Sapporo","T_T","Population, All ages. Administrative data","2012","2012","PER","Persons","0","Units",,,2188236,,
"JPN05","Sapporo","T_T","Population, All ages. Administrative data","2013","2013","PER","Persons","0","Units",,,2192770,,
"JPN05","Sapporo","T_T","Population, All ages. Administrative data","2014","2014","PER","Persons","0","Units",,,2197304,,
"JPN05","Sapporo","T_T","Population, All ages. Administrative data","2015","2015","PER","Persons","0","Units",,,2201839,,
"DE077","Schweinfurt","POP_DEN","Population density (pop. per km2)","2001","2001","PER","Persons","0","Units",,,139,,
"DE077","Schweinfurt","POP_DEN","Population density (pop. per km2)","2002","2002","PER","Persons","0","Units",,,140,,
"DE077","Schweinfurt","POP_DEN","Population density (pop. per km2)","2003","2003","PER","Persons","0","Units",,,139,,
"DE077","Schweinfurt","POP_DEN","Population density (pop. per km2)","2004","2004","PER","Persons","0","Units",,,139,,
"DE077","Schweinfurt","POP_DEN","Population density (pop. per km2)","2005","2005","PER","Persons","0","Units",,,139,,
"DE077","Schweinfurt","POP_DEN","Population density (pop. per km2)","2006","2006","PER","Persons","0","Units",,,138,,
"DE077","Schweinfurt","POP_DEN","Population density (pop. per km2)","2007","2007","PER","Persons","0","Units",,,137,,
"DE077","Schweinfurt","POP_DEN","Population density (pop. per km2)","2008","2008","PER","Persons","0","Units",,,137,,
"DE077","Schweinfurt","POP_DEN","Population density (pop. per km2)","2009","2009","PER","Persons","0","Units",,,136,,
"DE077","Schweinfurt","POP_DEN","Population density (pop. per km2)","2010","2010","PER","Persons","0","Units",,,135,,
"DE077","Schweinfurt","POP_DEN","Population density (pop. per km2)","2011","2011","PER","Persons","0","Units",,,134,,
"DE077","Schweinfurt","POP_DEN","Population density (pop. per km2)","2012","2012","PER","Persons","0","Units",,,133,,
"DE077","Schweinfurt","POP_DEN","Population density (pop. per km2)","2013","2013","PER","Persons","0","Units",,,133,,
"DE077","Schweinfurt","POP_DEN","Population density (pop. per km2)","2014","2014","PER","Persons","0","Units",,,133,,
"DE077","Schweinfurt","POP_DEN","Population density (pop. per km2)","2015","2015","PER","Persons","0","Units",,,133,,
"DE077","Schweinfurt","POP_DEN","Population density (pop. per km2)","2016","2016","PER","Persons","0","Units",,,134,,
"KOR16","Wonju","POP_DEN","Population density (pop. per km2)","2000","2000","PER","Persons","0","Units",,,318,,
"KOR16","Wonju","POP_DEN","Population density (pop. per km2)","2001","2001","PER","Persons","0","Units",,,322,,
"KOR16","Wonju","POP_DEN","Population density (pop. per km2)","2002","2002","PER","Persons","0","Units",,,327,,
"KOR16","Wonju","POP_DEN","Population density (pop. per km2)","2003","2003","PER","Persons","0","Units",,,331,,
"KOR16","Wonju","POP_DEN","Population density (pop. per km2)","2004","2004","PER","Persons","0","Units",,,335,,
"KOR16","Wonju","POP_DEN","Population density (pop. per km2)","2005","2005","PER","Persons","0","Units",,,340,,
"KOR16","Wonju","POP_DEN","Population density (pop. per km2)","2006","2006","PER","Persons","0","Units",,,344,,
"KOR16","Wonju","POP_DEN","Population density (pop. per km2)","2007","2007","PER","Persons","0","Units",,,349,,
"KOR16","Wonju","POP_DEN","Population density (pop. per km2)","2008","2008","PER","Persons","0","Units",,,353,,
"KOR16","Wonju","POP_DEN","Population density (pop. per km2)","2009","2009","PER","Persons","0","Units",,,357,,
"KOR16","Wonju","POP_DEN","Population density (pop. per km2)","2010","2010","PER","Persons","0","Units",,,362,,
"KOR16","Wonju","POP_DEN","Population density (pop. per km2)","2011","2011","PER","Persons","0","Units",,,366,,
"KOR16","Wonju","POP_DEN","Population density (pop. per km2)","2012","2012","PER","Persons","0","Units",,,370,,
"KOR16","Wonju","POP_DEN","Population density (pop. per km2)","2013","2013","PER","Persons","0","Units",,,371,,
"KOR16","Wonju","POP_DEN","Population density (pop. per km2)","2014","2014","PER","Persons","0","Units",,,374,,
"KOR16","Wonju","POP_DEN","Population density (pop. per km2)","2015","2015","PER","Persons","0","Units",,,380,,
"KOR16","Wonju","POP_DEN","Population density (pop. per km2)","2016","2016","PER","Persons","0","Units",,,386,,
"USA110","Mobile","T_T_SH_NAT","Share of population  in metropolitan area over the national value","2001","2001","RATIO","Ratio","0","Units",,,0.1,,
"USA110","Mobile","T_T_SH_NAT","Share of population  in metropolitan area over the national value","2002","2002","RATIO","Ratio","0","Units",,,0.1,,
"USA110","Mobile","T_T_SH_NAT","Share of population  in metropolitan area over the national value","2003","2003","RATIO","Ratio","0","Units",,,0.1,,
"USA110","Mobile","T_T_SH_NAT","Share of population  in metropolitan area over the national value","2004","2004","RATIO","Ratio","0","Units",,,0.1,,
"USA110","Mobile","T_T_SH_NAT","Share of population  in metropolitan area over the national value","2005","2005","RATIO","Ratio","0","Units",,,0.1,,
"USA110","Mobile","T_T_SH_NAT","Share of population  in metropolitan area over the national value","2006","2006","RATIO","Ratio","0","Units",,,0.1,,
"USA110","Mobile","T_T_SH_NAT","Share of population  in metropolitan area over the national value","2007","2007","RATIO","Ratio","0","Units",,,0.1,,
"USA110","Mobile","T_T_SH_NAT","Share of population  in metropolitan area over the national value","2008","2008","RATIO","Ratio","0","Units",,,0.1,,
"USA110","Mobile","T_T_SH_NAT","Share of population  in metropolitan area over the national value","2009","2009","RATIO","Ratio","0","Units",,,0.1,,
"USA110","Mobile","T_T_SH_NAT","Share of population  in metropolitan area over the national value","2010","2010","RATIO","Ratio","0","Units",,,0.1,,
"USA110","Mobile","T_T_SH_NAT","Share of population  in metropolitan area over the national value","2011","2011","RATIO","Ratio","0","Units",,,0.1,,
"USA110","Mobile","T_T_SH_NAT","Share of population  in metropolitan area over the national value","2012","2012","RATIO","Ratio","0","Units",,,0.1,,
"USA110","Mobile","T_T_SH_NAT","Share of population  in metropolitan area over the national value","2013","2013","RATIO","Ratio","0","Units",,,0.1,,
"USA110","Mobile","T_T_SH_NAT","Share of population  in metropolitan area over the national value","2014","2014","RATIO","Ratio","0","Units",,,0.1,,
"USA110","Mobile","T_T_SH_NAT","Share of population  in metropolitan area over the national value","2015","2015","RATIO","Ratio","0","Units",,,0.1,,
"USA110","Mobile","T_T_SH_NAT","Share of population  in metropolitan area over the national value","2016","2016","RATIO","Ratio","0","Units",,,0.1,,
"DE546","Wuppertal","T_T","Population, All ages. Administrative data","2001","2001","PER","Persons","0","Units",,,366309,,
"DE546","Wuppertal","T_T","Population, All ages. Administrative data","2002","2002","PER","Persons","0","Units",,,364666,,
"DE546","Wuppertal","T_T","Population, All ages. Administrative data","2003","2003","PER","Persons","0","Units",,,363402,,
"DE546","Wuppertal","T_T","Population, All ages. Administrative data","2004","2004","PER","Persons","0","Units",,,362007,,
"DE546","Wuppertal","T_T","Population, All ages. Administrative data","2005","2005","PER","Persons","0","Units",,,360945,,
"DE546","Wuppertal","T_T","Population, All ages. Administrative data","2006","2006","PER","Persons","0","Units",,,359101,,
"DE546","Wuppertal","T_T","Population, All ages. Administrative data","2007","2007","PER","Persons","0","Units",,,358182,,
"DE546","Wuppertal","T_T","Population, All ages. Administrative data","2008","2008","PER","Persons","0","Units",,,356270,,
"DE546","Wuppertal","T_T","Population, All ages. Administrative data","2009","2009","PER","Persons","0","Units",,,353163,,
"DE546","Wuppertal","T_T","Population, All ages. Administrative data","2010","2010","PER","Persons","0","Units",,,350905,,
"DE546","Wuppertal","T_T","Population, All ages. Administrative data","2011","2011","PER","Persons","0","Units",,,342641,,
"DE546","Wuppertal","T_T","Population, All ages. Administrative data","2012","2012","PER","Persons","0","Units",,,342425,,
"DE546","Wuppertal","T_T","Population, All ages. Administrative data","2013","2013","PER","Persons","0","Units",,,342727,,
"DE546","Wuppertal","T_T","Population, All ages. Administrative data","2014","2014","PER","Persons","0","Units",,,343310,,
"DE546","Wuppertal","T_T","Population, All ages. Administrative data","2015","2015","PER","Persons","0","Units",,,345231,,
"DE546","Wuppertal","T_T","Population, All ages. Administrative data","2016","2016","PER","Persons","0","Units",,,349836,,
"DE504","Muenster","POP_DEN","Population density (pop. per km2)","2001","2001","PER","Persons","0","Units",,,340,,
"DE504","Muenster","POP_DEN","Population density (pop. per km2)","2002","2002","PER","Persons","0","Units",,,343,,
"DE504","Muenster","POP_DEN","Population density (pop. per km2)","2003","2003","PER","Persons","0","Units",,,345,,
"DE504","Muenster","POP_DEN","Population density (pop. per km2)","2004","2004","PER","Persons","0","Units",,,347,,
"DE504","Muenster","POP_DEN","Population density (pop. per km2)","2005","2005","PER","Persons","0","Units",,,348,,
"DE504","Muenster","POP_DEN","Population density (pop. per km2)","2006","2006","PER","Persons","0","Units",,,348,,
"DE504","Muenster","POP_DEN","Population density (pop. per km2)","2007","2007","PER","Persons","0","Units",,,350,,
"DE504","Muenster","POP_DEN","Population density (pop. per km2)","2008","2008","PER","Persons","0","Units",,,350,,
"DE504","Muenster","POP_DEN","Population density (pop. per km2)","2009","2009","PER","Persons","0","Units",,,350,,
"DE504","Muenster","POP_DEN","Population density (pop. per km2)","2010","2010","PER","Persons","0","Units",,,351,,
"DE504","Muenster","POP_DEN","Population density (pop. per km2)","2011","2011","PER","Persons","0","Units",,,352,,
"DE504","Muenster","POP_DEN","Population density (pop. per km2)","2012","2012","PER","Persons","0","Units",,,360,,
"DE504","Muenster","POP_DEN","Population density (pop. per km2)","2013","2013","PER","Persons","0","Units",,,362,,
"DE504","Muenster","POP_DEN","Population density (pop. per km2)","2014","2014","PER","Persons","0","Units",,,365,,
"DE504","Muenster","POP_DEN","Population density (pop. per km2)","2015","2015","PER","Persons","0","Units",,,367,,
"DE504","Muenster","POP_DEN","Population density (pop. per km2)","2016","2016","PER","Persons","0","Units",,,374,,
"DE084","Mannheim-Ludwigshafen","T_T","Population, All ages. Administrative data","2001","2001","PER","Persons","0","Units",,,1166033,,
"DE084","Mannheim-Ludwigshafen","T_T","Population, All ages. Administrative data","2002","2002","PER","Persons","0","Units",,,1169938,,
"DE084","Mannheim-Ludwigshafen","T_T","Population, All ages. Administrative data","2003","2003","PER","Persons","0","Units",,,1172329,,
"DE084","Mannheim-Ludwigshafen","T_T","Population, All ages. Administrative data","2004","2004","PER","Persons","0","Units",,,1172987,,
"DE084","Mannheim-Ludwigshafen","T_T","Population, All ages. Administrative data","2005","2005","PER","Persons","0","Units",,,1173845,,
"DE084","Mannheim-Ludwigshafen","T_T","Population, All ages. Administrative data","2006","2006","PER","Persons","0","Units",,,1174044,,
"DE084","Mannheim-Ludwigshafen","T_T","Population, All ages. Administrative data","2007","2007","PER","Persons","0","Units",,,1172506,,
"DE084","Mannheim-Ludwigshafen","T_T","Population, All ages. Administrative data","2008","2008","PER","Persons","0","Units",,,1174092,,
"DE084","Mannheim-Ludwigshafen","T_T","Population, All ages. Administrative data","2009","2009","PER","Persons","0","Units",,,1172640,,
"DE084","Mannheim-Ludwigshafen","T_T","Population, All ages. Administrative data","2010","2010","PER","Persons","0","Units",,,1171274,,
"DE084","Mannheim-Ludwigshafen","T_T","Population, All ages. Administrative data","2011","2011","PER","Persons","0","Units",,,1135338,,
"DE084","Mannheim-Ludwigshafen","T_T","Population, All ages. Administrative data","2012","2012","PER","Persons","0","Units",,,1139266,,
"DE084","Mannheim-Ludwigshafen","T_T","Population, All ages. Administrative data","2013","2013","PER","Persons","0","Units",,,1145686,,
"DE084","Mannheim-Ludwigshafen","T_T","Population, All ages. Administrative data","2014","2014","PER","Persons","0","Units",,,1151247,,
"DE084","Mannheim-Ludwigshafen","T_T","Population, All ages. Administrative data","2015","2015","PER","Persons","0","Units",,,1160379,,
"DE084","Mannheim-Ludwigshafen","T_T","Population, All ages. Administrative data","2016","2016","PER","Persons","0","Units",,,1174004,,
"UK546","Colchester","POP_DEN","Population density (pop. per km2)","2001","2001","PER","Persons","0","Units",,,438,,
"UK546","Colchester","POP_DEN","Population density (pop. per km2)","2002","2002","PER","Persons","0","Units",,,438,,
"UK546","Colchester","POP_DEN","Population density (pop. per km2)","2003","2003","PER","Persons","0","Units",,,441,,
"UK546","Colchester","POP_DEN","Population density (pop. per km2)","2004","2004","PER","Persons","0","Units",,,444,,
"UK546","Colchester","POP_DEN","Population density (pop. per km2)","2005","2005","PER","Persons","0","Units",,,449,,
"UK546","Colchester","POP_DEN","Population density (pop. per km2)","2006","2006","PER","Persons","0","Units",,,452,,
"UK546","Colchester","POP_DEN","Population density (pop. per km2)","2007","2007","PER","Persons","0","Units",,,454,,
"UK546","Colchester","POP_DEN","Population density (pop. per km2)","2008","2008","PER","Persons","0","Units",,,458,,
"UK546","Colchester","POP_DEN","Population density (pop. per km2)","2009","2009","PER","Persons","0","Units",,,458,,
"UK546","Colchester","POP_DEN","Population density (pop. per km2)","2010","2010","PER","Persons","0","Units",,,461,,
"UK546","Colchester","POP_DEN","Population density (pop. per km2)","2011","2011","PER","Persons","0","Units",,,463,,
"UK546","Colchester","POP_DEN","Population density (pop. per km2)","2012","2012","PER","Persons","0","Units",,,467,,
"UK546","Colchester","POP_DEN","Population density (pop. per km2)","2013","2013","PER","Persons","0","Units",,,470,,
"UK546","Colchester","POP_DEN","Population density (pop. per km2)","2014","2014","PER","Persons","0","Units",,,477,,
"UK546","Colchester","POP_DEN","Population density (pop. per km2)","2015","2015","PER","Persons","0","Units",,,485,,
"UK546","Colchester","POP_DEN","Population density (pop. per km2)","2016","2016","PER","Persons","0","Units",,,491,,
"JPN21","Mito","T_T_SH_NAT","Share of population  in metropolitan area over the national value","2001","2001","RATIO","Ratio","0","Units",,,0.6,,
"JPN21","Mito","T_T_SH_NAT","Share of population  in metropolitan area over the national value","2002","2002","RATIO","Ratio","0","Units",,,0.6,,
"JPN21","Mito","T_T_SH_NAT","Share of population  in metropolitan area over the national value","2003","2003","RATIO","Ratio","0","Units",,,0.6,,
"JPN21","Mito","T_T_SH_NAT","Share of population  in metropolitan area over the national value","2004","2004","RATIO","Ratio","0","Units",,,0.6,,
"JPN21","Mito","T_T_SH_NAT","Share of population  in metropolitan area over the national value","2005","2005","RATIO","Ratio","0","Units",,,0.6,,
"JPN21","Mito","T_T_SH_NAT","Share of population  in metropolitan area over the national value","2006","2006","RATIO","Ratio","0","Units",,,0.6,,
"JPN21","Mito","T_T_SH_NAT","Share of population  in metropolitan area over the national value","2007","2007","RATIO","Ratio","0","Units",,,0.6,,
"JPN21","Mito","T_T_SH_NAT","Share of population  in metropolitan area over the national value","2008","2008","RATIO","Ratio","0","Units",,,0.6,,
"JPN21","Mito","T_T_SH_NAT","Share of population  in metropolitan area over the national value","2009","2009","RATIO","Ratio","0","Units",,,0.6,,
"JPN21","Mito","T_T_SH_NAT","Share of population  in metropolitan area over the national value","2010","2010","RATIO","Ratio","0","Units",,,0.6,,
"JPN21","Mito","T_T_SH_NAT","Share of population  in metropolitan area over the national value","2011","2011","RATIO","Ratio","0","Units",,,0.6,,
"JPN21","Mito","T_T_SH_NAT","Share of population  in metropolitan area over the national value","2012","2012","RATIO","Ratio","0","Units",,,0.6,,
"JPN21","Mito","T_T_SH_NAT","Share of population  in metropolitan area over the national value","2013","2013","RATIO","Ratio","0","Units",,,0.6,,
"JPN21","Mito","T_T_SH_NAT","Share of population  in metropolitan area over the national value","2014","2014","RATIO","Ratio","0","Units",,,0.6,,
"JPN21","Mito","T_T_SH_NAT","Share of population  in metropolitan area over the national value","2015","2015","RATIO","Ratio","0","Units",,,0.6,,
"USA42","New Orleans","POP_DEN","Population density (pop. per km2)","2000","2000","PER","Persons","0","Units",,,110,,
"USA42","New Orleans","POP_DEN","Population density (pop. per km2)","2001","2001","PER","Persons","0","Units",,,111,,
"USA42","New Orleans","POP_DEN","Population density (pop. per km2)","2002","2002","PER","Persons","0","Units",,,111,,
"USA42","New Orleans","POP_DEN","Population density (pop. per km2)","2003","2003","PER","Persons","0","Units",,,112,,
"USA42","New Orleans","POP_DEN","Population density (pop. per km2)","2004","2004","PER","Persons","0","Units",,,113,,
"USA42","New Orleans","POP_DEN","Population density (pop. per km2)","2005","2005","PER","Persons","0","Units",,,114,,
"USA42","New Orleans","POP_DEN","Population density (pop. per km2)","2006","2006","PER","Persons","0","Units",,,85,,
"USA42","New Orleans","POP_DEN","Population density (pop. per km2)","2007","2007","PER","Persons","0","Units",,,90,,
"USA42","New Orleans","POP_DEN","Population density (pop. per km2)","2008","2008","PER","Persons","0","Units",,,93,,
"USA42","New Orleans","POP_DEN","Population density (pop. per km2)","2009","2009","PER","Persons","0","Units",,,96,,
"USA42","New Orleans","POP_DEN","Population density (pop. per km2)","2010","2010","PER","Persons","0","Units",,,98,,
"USA42","New Orleans","POP_DEN","Population density (pop. per km2)","2011","2011","PER","Persons","0","Units",,,100,,
"USA42","New Orleans","POP_DEN","Population density (pop. per km2)","2012","2012","PER","Persons","0","Units",,,101,,
"USA42","New Orleans","POP_DEN","Population density (pop. per km2)","2013","2013","PER","Persons","0","Units",,,102,,
"USA42","New Orleans","POP_DEN","Population density (pop. per km2)","2014","2014","PER","Persons","0","Units",,,103,,
"USA42","New Orleans","POP_DEN","Population density (pop. per km2)","2015","2015","PER","Persons","0","Units",,,104,,
"USA42","New Orleans","POP_DEN","Population density (pop. per km2)","2016","2016","PER","Persons","0","Units",,,104,,
"CAN16","Sherbrooke","T_T","Population, All ages. Administrative data","2000","2000","PER","Persons","0","Units",,,227709,,
"CAN16","Sherbrooke","T_T","Population, All ages. Administrative data","2001","2001","PER","Persons","0","Units",,,230124,,
"CAN16","Sherbrooke","T_T","Population, All ages. Administrative data","2002","2002","PER","Persons","0","Units",,,231896,,
"CAN16","Sherbrooke","T_T","Population, All ages. Administrative data","2003","2003","PER","Persons","0","Units",,,233928,,
"CAN16","Sherbrooke","T_T","Population, All ages. Administrative data","2004","2004","PER","Persons","0","Units",,,235993,,
"CAN16","Sherbrooke","T_T","Population, All ages. Administrative data","2005","2005","PER","Persons","0","Units",,,237899,,
"CAN16","Sherbrooke","T_T","Population, All ages. Administrative data","2006","2006","PER","Persons","0","Units",,,239298,,
"CAN16","Sherbrooke","T_T","Population, All ages. Administrative data","2007","2007","PER","Persons","0","Units",,,240793,,
"CAN16","Sherbrooke","T_T","Population, All ages. Administrative data","2008","2008","PER","Persons","0","Units",,,242843,,
"CAN16","Sherbrooke","T_T","Population, All ages. Administrative data","2009","2009","PER","Persons","0","Units",,,245181,,
"CAN16","Sherbrooke","T_T","Population, All ages. Administrative data","2010","2010","PER","Persons","0","Units",,,246627,,
"CAN16","Sherbrooke","T_T","Population, All ages. Administrative data","2011","2011","PER","Persons","0","Units",,,248070,,
"CAN16","Sherbrooke","T_T","Population, All ages. Administrative data","2012","2012","PER","Persons","0","Units",,,250110,,
"CAN16","Sherbrooke","T_T","Population, All ages. Administrative data","2013","2013","PER","Persons","0","Units",,,252150,,
"CAN16","Sherbrooke","T_T","Population, All ages. Administrative data","2014","2014","PER","Persons","0","Units",,,254190,,
"CAN16","Sherbrooke","T_T","Population, All ages. Administrative data","2015","2015","PER","Persons","0","Units",,,256230,,
"CAN16","Sherbrooke","T_T","Population, All ages. Administrative data","2016","2016","PER","Persons","0","Units",,,258270,,
"MEX41","Cajeme","T_T","Population, All ages. Administrative data","2000","2000","PER","Persons","0","Units",,,371569,,
"MEX41","Cajeme","T_T","Population, All ages. Administrative data","2005","2005","PER","Persons","0","Units",,,364764,,
"MEX41","Cajeme","T_T","Population, All ages. Administrative data","2010","2010","PER","Persons","0","Units",,,406569,,
"MEX41","Cajeme","T_T","Population, All ages. Administrative data","2015","2015","PER","Persons","0","Units",,,459534,,
"AT003","Linz","POP_DEN","Population density (pop. per km2)","2000","2000","PER","Persons","0","Units",,,165,,
"AT003","Linz","POP_DEN","Population density (pop. per km2)","2001","2001","PER","Persons","0","Units",,,165,,
"AT003","Linz","POP_DEN","Population density (pop. per km2)","2002","2002","PER","Persons","0","Units",,,166,,
"AT003","Linz","POP_DEN","Population density (pop. per km2)","2003","2003","PER","Persons","0","Units",,,166,,
"AT003","Linz","POP_DEN","Population density (pop. per km2)","2004","2004","PER","Persons","0","Units",,,166,,
"AT003","Linz","POP_DEN","Population density (pop. per km2)","2005","2005","PER","Persons","0","Units",,,167,,
"AT003","Linz","POP_DEN","Population density (pop. per km2)","2006","2006","PER","Persons","0","Units",,,167,,
"AT003","Linz","POP_DEN","Population density (pop. per km2)","2007","2007","PER","Persons","0","Units",,,168,,
"AT003","Linz","POP_DEN","Population density (pop. per km2)","2008","2008","PER","Persons","0","Units",,,169,,
"AT003","Linz","POP_DEN","Population density (pop. per km2)","2009","2009","PER","Persons","0","Units",,,169,,
"AT003","Linz","POP_DEN","Population density (pop. per km2)","2010","2010","PER","Persons","0","Units",,,170,,
"AT003","Linz","POP_DEN","Population density (pop. per km2)","2011","2011","PER","Persons","0","Units",,,171,,
"AT003","Linz","POP_DEN","Population density (pop. per km2)","2012","2012","PER","Persons","0","Units",,,172,,
"AT003","Linz","POP_DEN","Population density (pop. per km2)","2013","2013","PER","Persons","0","Units",,,173,,
"AT003","Linz","POP_DEN","Population density (pop. per km2)","2014","2014","PER","Persons","0","Units",,,173,,
"AT003","Linz","POP_DEN","Population density (pop. per km2)","2015","2015","PER","Persons","0","Units",,,174,,
"DE008","Leipzig","T_T","Population, All ages. Administrative data","2001","2001","PER","Persons","0","Units",,,1014187,,
"DE008","Leipzig","T_T","Population, All ages. Administrative data","2002","2002","PER","Persons","0","Units",,,1009232,,
"DE008","Leipzig","T_T","Population, All ages. Administrative data","2003","2003","PER","Persons","0","Units",,,1006004,,
"DE008","Leipzig","T_T","Population, All ages. Administrative data","2004","2004","PER","Persons","0","Units",,,1004975,,
"DE008","Leipzig","T_T","Population, All ages. Administrative data","2005","2005","PER","Persons","0","Units",,,1002194,,
"DE008","Leipzig","T_T","Population, All ages. Administrative data","2006","2006","PER","Persons","0","Units",,,1001889,,
"DE008","Leipzig","T_T","Population, All ages. Administrative data","2007","2007","PER","Persons","0","Units",,,1000954,,
"DE008","Leipzig","T_T","Population, All ages. Administrative data","2008","2008","PER","Persons","0","Units",,,999581,,
"DE008","Leipzig","T_T","Population, All ages. Administrative data","2009","2009","PER","Persons","0","Units",,,999035,,
"DE008","Leipzig","T_T","Population, All ages. Administrative data","2010","2010","PER","Persons","0","Units",,,997560,,
"DE008","Leipzig","T_T","Population, All ages. Administrative data","2011","2011","PER","Persons","0","Units",,,966767,,
"DE008","Leipzig","T_T","Population, All ages. Administrative data","2012","2012","PER","Persons","0","Units",,,971359,,
"DE008","Leipzig","T_T","Population, All ages. Administrative data","2013","2013","PER","Persons","0","Units",,,978997,,
"DE008","Leipzig","T_T","Population, All ages. Administrative data","2014","2014","PER","Persons","0","Units",,,986824,,
"DE008","Leipzig","T_T","Population, All ages. Administrative data","2015","2015","PER","Persons","0","Units",,,999484,,
"DE008","Leipzig","T_T","Population, All ages. Administrative data","2016","2016","PER","Persons","0","Units",,,1016801,,
"MEX17","Morelia","T_T_SH_NAT","Share of population  in metropolitan area over the national value","2005","2005","RATIO","Ratio","0","Units",,,0.7,,
"MEX17","Morelia","T_T_SH_NAT","Share of population  in metropolitan area over the national value","2010","2010","RATIO","Ratio","0","Units",,,0.7,,
"MEX17","Morelia","T_T_SH_NAT","Share of population  in metropolitan area over the national value","2015","2015","RATIO","Ratio","0","Units",,,0.8,,
"DE052","Flensburg","POP_DEN","Population density (pop. per km2)","2001","2001","PER","Persons","0","Units",,,137,,
"DE052","Flensburg","POP_DEN","Population density (pop. per km2)","2002","2002","PER","Persons","0","Units",,,137,,
"DE052","Flensburg","POP_DEN","Population density (pop. per km2)","2003","2003","PER","Persons","0","Units",,,138,,
"DE052","Flensburg","POP_DEN","Population density (pop. per km2)","2004","2004","PER","Persons","0","Units",,,138,,
"DE052","Flensburg","POP_DEN","Population density (pop. per km2)","2005","2005","PER","Persons","0","Units",,,138,,
"DE052","Flensburg","POP_DEN","Population density (pop. per km2)","2006","2006","PER","Persons","0","Units",,,138,,
"DE052","Flensburg","POP_DEN","Population density (pop. per km2)","2007","2007","PER","Persons","0","Units",,,139,,
"DE052","Flensburg","POP_DEN","Population density (pop. per km2)","2008","2008","PER","Persons","0","Units",,,139,,
"DE052","Flensburg","POP_DEN","Population density (pop. per km2)","2009","2009","PER","Persons","0","Units",,,139,,
"DE052","Flensburg","POP_DEN","Population density (pop. per km2)","2010","2010","PER","Persons","0","Units",,,139,,
"DE052","Flensburg","POP_DEN","Population density (pop. per km2)","2011","2011","PER","Persons","0","Units",,,135,,
"DE052","Flensburg","POP_DEN","Population density (pop. per km2)","2012","2012","PER","Persons","0","Units",,,135,,
"DE052","Flensburg","POP_DEN","Population density (pop. per km2)","2013","2013","PER","Persons","0","Units",,,135,,
"DE052","Flensburg","POP_DEN","Population density (pop. per km2)","2014","2014","PER","Persons","0","Units",,,135,,
"DE052","Flensburg","POP_DEN","Population density (pop. per km2)","2015","2015","PER","Persons","0","Units",,,136,,
"DE052","Flensburg","POP_DEN","Population density (pop. per km2)","2016","2016","PER","Persons","0","Units",,,137,,
"JPN01","Tokyo","POP_DEN","Population density (pop. per km2)","2000","2000","PER","Persons","0","Units",,,2912,,
"JPN01","Tokyo","POP_DEN","Population density (pop. per km2)","2001","2001","PER","Persons","0","Units",,,2928,,
"JPN01","Tokyo","POP_DEN","Population density (pop. per km2)","2002","2002","PER","Persons","0","Units",,,2944,,
"JPN01","Tokyo","POP_DEN","Population density (pop. per km2)","2003","2003","PER","Persons","0","Units",,,2961,,
"JPN01","Tokyo","POP_DEN","Population density (pop. per km2)","2004","2004","PER","Persons","0","Units",,,2977,,
"JPN01","Tokyo","POP_DEN","Population density (pop. per km2)","2005","2005","PER","Persons","0","Units",,,2993,,
"JPN01","Tokyo","POP_DEN","Population density (pop. per km2)","2006","2006","PER","Persons","0","Units",,,3012,,
"JPN01","Tokyo","POP_DEN","Population density (pop. per km2)","2007","2007","PER","Persons","0","Units",,,3031,,
"JPN01","Tokyo","POP_DEN","Population density (pop. per km2)","2008","2008","PER","Persons","0","Units",,,3049,,
"JPN01","Tokyo","POP_DEN","Population density (pop. per km2)","2009","2009","PER","Persons","0","Units",,,3068,,
"JPN01","Tokyo","POP_DEN","Population density (pop. per km2)","2010","2010","PER","Persons","0","Units",,,3087,,
"JPN01","Tokyo","POP_DEN","Population density (pop. per km2)","2011","2011","PER","Persons","0","Units",,,3094,,
"JPN01","Tokyo","POP_DEN","Population density (pop. per km2)","2012","2012","PER","Persons","0","Units",,,3102,,
"JPN01","Tokyo","POP_DEN","Population density (pop. per km2)","2013","2013","PER","Persons","0","Units",,,3109,,
"JPN01","Tokyo","POP_DEN","Population density (pop. per km2)","2014","2014","PER","Persons","0","Units",,,3116,,
"JPN01","Tokyo","POP_DEN","Population density (pop. per km2)","2015","2015","PER","Persons","0","Units",,,3123,,
"UK557","Blackburn with Darwen","T_T","Population, All ages. Administrative data","2001","2001","PER","Persons","0","Units",,,274001,,
"UK557","Blackburn with Darwen","T_T","Population, All ages. Administrative data","2002","2002","PER","Persons","0","Units",,,275430,,
"UK557","Blackburn with Darwen","T_T","Population, All ages. Administrative data","2003","2003","PER","Persons","0","Units",,,277237,,
"UK557","Blackburn with Darwen","T_T","Population, All ages. Administrative data","2004","2004","PER","Persons","0","Units",,,278752,,
"UK557","Blackburn with Darwen","T_T","Population, All ages. Administrative data","2005","2005","PER","Persons","0","Units",,,279814,,
"UK557","Blackburn with Darwen","T_T","Population, All ages. Administrative data","2006","2006","PER","Persons","0","Units",,,281265,,
"UK557","Blackburn with Darwen","T_T","Population, All ages. Administrative data","2007","2007","PER","Persons","0","Units",,,282381,,
"UK557","Blackburn with Darwen","T_T","Population, All ages. Administrative data","2008","2008","PER","Persons","0","Units",,,283236,,
"UK557","Blackburn with Darwen","T_T","Population, All ages. Administrative data","2009","2009","PER","Persons","0","Units",,,284204,,
"UK557","Blackburn with Darwen","T_T","Population, All ages. Administrative data","2010","2010","PER","Persons","0","Units",,,285060,,
"UK557","Blackburn with Darwen","T_T","Population, All ages. Administrative data","2011","2011","PER","Persons","0","Units",,,285498,,
"UK557","Blackburn with Darwen","T_T","Population, All ages. Administrative data","2012","2012","PER","Persons","0","Units",,,285620,,
"UK557","Blackburn with Darwen","T_T","Population, All ages. Administrative data","2013","2013","PER","Persons","0","Units",,,285594,,
"UK557","Blackburn with Darwen","T_T","Population, All ages. Administrative data","2014","2014","PER","Persons","0","Units",,,285671,,
"UK557","Blackburn with Darwen","T_T","Population, All ages. Administrative data","2015","2015","PER","Persons","0","Units",,,286488,,
"UK557","Blackburn with Darwen","T_T","Population, All ages. Administrative data","2016","2016","PER","Persons","0","Units",,,287718,,
"ES023","Gijon","T_T","Population, All ages. Administrative data","2000","2000","PER","Persons","0","Units",,,292258,,
"ES023","Gijon","T_T","Population, All ages. Administrative data","2001","2001","PER","Persons","0","Units",,,292558,,
"ES023","Gijon","T_T","Population, All ages. Administrative data","2002","2002","PER","Persons","0","Units",,,292859,,
"ES023","Gijon","T_T","Population, All ages. Administrative data","2003","2003","PER","Persons","0","Units",,,293159,,
"ES023","Gijon","T_T","Population, All ages. Administrative data","2004","2004","PER","Persons","0","Units",,,293460,,
"ES023","Gijon","T_T","Population, All ages. Administrative data","2005","2005","PER","Persons","0","Units",,,293760,,
"ES023","Gijon","T_T","Population, All ages. Administrative data","2006","2006","PER","Persons","0","Units",,,294060,,
"ES023","Gijon","T_T","Population, All ages. Administrative data","2007","2007","PER","Persons","0","Units",,,294361,,
"ES023","Gijon","T_T","Population, All ages. Administrative data","2008","2008","PER","Persons","0","Units",,,294661,,
"ES023","Gijon","T_T","Population, All ages. Administrative data","2009","2009","PER","Persons","0","Units",,,294962,,
"ES023","Gijon","T_T","Population, All ages. Administrative data","2010","2010","PER","Persons","0","Units",,,295262,,
"ES023","Gijon","T_T","Population, All ages. Administrative data","2011","2011","PER","Persons","0","Units",,,295563,,
"ES023","Gijon","T_T","Population, All ages. Administrative data","2012","2012","PER","Persons","0","Units",,,295863,,
"ES023","Gijon","T_T","Population, All ages. Administrative data","2013","2013","PER","Persons","0","Units",,,296163,,
"ES023","Gijon","T_T","Population, All ages. Administrative data","2014","2014","PER","Persons","0","Units",,,296464,,
"ES023","Gijon","T_T","Population, All ages. Administrative data","2015","2015","PER","Persons","0","Units",,,296764,,
"ES023","Gijon","T_T","Population, All ages. Administrative data","2016","2016","PER","Persons","0","Units",,,297065,,
"MEX30","Durango","T_T_SH_NAT","Share of population  in metropolitan area over the national value","2005","2005","RATIO","Ratio","0","Units",,,0.5,,
"MEX30","Durango","T_T_SH_NAT","Share of population  in metropolitan area over the national value","2010","2010","RATIO","Ratio","0","Units",,,0.5,,
"MEX30","Durango","T_T_SH_NAT","Share of population  in metropolitan area over the national value","2015","2015","RATIO","Ratio","0","Units",,,0.6,,
"CL022","Temuco","T_T_SH_NAT","Share of population  in metropolitan area over the national value","2001","2001","RATIO","Ratio","0","Units",,,2.3,,
"CL022","Temuco","T_T_SH_NAT","Share of population  in metropolitan area over the national value","2002","2002","RATIO","Ratio","0","Units",,,2.4,,
"CL022","Temuco","T_T_SH_NAT","Share of population  in metropolitan area over the national value","2003","2003","RATIO","Ratio","0","Units",,,2.4,,
"CL022","Temuco","T_T_SH_NAT","Share of population  in metropolitan area over the national value","2004","2004","RATIO","Ratio","0","Units",,,2.4,,
"CL022","Temuco","T_T_SH_NAT","Share of population  in metropolitan area over the national value","2005","2005","RATIO","Ratio","0","Units",,,2.4,,
"CL022","Temuco","T_T_SH_NAT","Share of population  in metropolitan area over the national value","2006","2006","RATIO","Ratio","0","Units",,,2.4,,
"CL022","Temuco","T_T_SH_NAT","Share of population  in metropolitan area over the national value","2007","2007","RATIO","Ratio","0","Units",,,2.4,,
"CL022","Temuco","T_T_SH_NAT","Share of population  in metropolitan area over the national value","2008","2008","RATIO","Ratio","0","Units",,,2.4,,
"CL022","Temuco","T_T_SH_NAT","Share of population  in metropolitan area over the national value","2009","2009","RATIO","Ratio","0","Units",,,2.4,,
"CL022","Temuco","T_T_SH_NAT","Share of population  in metropolitan area over the national value","2010","2010","RATIO","Ratio","0","Units",,,2.4,,
"CL022","Temuco","T_T_SH_NAT","Share of population  in metropolitan area over the national value","2011","2011","RATIO","Ratio","0","Units",,,2.4,,
"CL022","Temuco","T_T_SH_NAT","Share of population  in metropolitan area over the national value","2012","2012","RATIO","Ratio","0","Units",,,2.4,,
"CL022","Temuco","T_T_SH_NAT","Share of population  in metropolitan area over the national value","2013","2013","RATIO","Ratio","0","Units",,,2.4,,
"CL022","Temuco","T_T_SH_NAT","Share of population  in metropolitan area over the national value","2014","2014","RATIO","Ratio","0","Units",,,2.4,,
"CL022","Temuco","T_T_SH_NAT","Share of population  in metropolitan area over the national value","2015","2015","RATIO","Ratio","0","Units",,,2.4,,
"CL022","Temuco","T_T_SH_NAT","Share of population  in metropolitan area over the national value","2016","2016","RATIO","Ratio","0","Units",,,2.4,,
"USA132","Lancaster (NE)","T_T","Population, All ages. Administrative data","2000","2000","PER","Persons","0","Units",,,281922,,
"USA132","Lancaster (NE)","T_T","Population, All ages. Administrative data","2001","2001","PER","Persons","0","Units",,,285241,,
"USA132","Lancaster (NE)","T_T","Population, All ages. Administrative data","2002","2002","PER","Persons","0","Units",,,289082,,
"USA132","Lancaster (NE)","T_T","Population, All ages. Administrative data","2003","2003","PER","Persons","0","Units",,,293426,,
"USA132","Lancaster (NE)","T_T","Population, All ages. Administrative data","2004","2004","PER","Persons","0","Units",,,295974,,
"USA132","Lancaster (NE)","T_T","Population, All ages. Administrative data","2005","2005","PER","Persons","0","Units",,,299605,,
"USA132","Lancaster (NE)","T_T","Population, All ages. Administrative data","2006","2006","PER","Persons","0","Units",,,302927,,
"USA132","Lancaster (NE)","T_T","Population, All ages. Administrative data","2007","2007","PER","Persons","0","Units",,,306571,,
"USA132","Lancaster (NE)","T_T","Population, All ages. Administrative data","2008","2008","PER","Persons","0","Units",,,310306,,
"USA132","Lancaster (NE)","T_T","Population, All ages. Administrative data","2009","2009","PER","Persons","0","Units",,,313799,,
"USA132","Lancaster (NE)","T_T","Population, All ages. Administrative data","2010","2010","PER","Persons","0","Units",,,317201,,
"USA132","Lancaster (NE)","T_T","Population, All ages. Administrative data","2011","2011","PER","Persons","0","Units",,,321082,,
"USA132","Lancaster (NE)","T_T","Population, All ages. Administrative data","2012","2012","PER","Persons","0","Units",,,324999,,
"USA132","Lancaster (NE)","T_T","Population, All ages. Administrative data","2013","2013","PER","Persons","0","Units",,,328854,,
"USA132","Lancaster (NE)","T_T","Population, All ages. Administrative data","2014","2014","PER","Persons","0","Units",,,334168,,
"USA132","Lancaster (NE)","T_T","Population, All ages. Administrative data","2015","2015","PER","Persons","0","Units",,,337730,,
"USA132","Lancaster (NE)","T_T","Population, All ages. Administrative data","2016","2016","PER","Persons","0","Units",,,341928,,
"USA14","Seattle","POP_DEN","Population density (pop. per km2)","2000","2000","PER","Persons","0","Units",,,196,,
"USA14","Seattle","POP_DEN","Population density (pop. per km2)","2001","2001","PER","Persons","0","Units",,,199,,
"USA14","Seattle","POP_DEN","Population density (pop. per km2)","2002","2002","PER","Persons","0","Units",,,200,,
"USA14","Seattle","POP_DEN","Population density (pop. per km2)","2003","2003","PER","Persons","0","Units",,,201,,
"USA14","Seattle","POP_DEN","Population density (pop. per km2)","2004","2004","PER","Persons","0","Units",,,203,,
"USA14","Seattle","POP_DEN","Population density (pop. per km2)","2005","2005","PER","Persons","0","Units",,,205,,
"USA14","Seattle","POP_DEN","Population density (pop. per km2)","2006","2006","PER","Persons","0","Units",,,209,,
"USA14","Seattle","POP_DEN","Population density (pop. per km2)","2007","2007","PER","Persons","0","Units",,,212,,
"USA14","Seattle","POP_DEN","Population density (pop. per km2)","2008","2008","PER","Persons","0","Units",,,215,,
"USA14","Seattle","POP_DEN","Population density (pop. per km2)","2009","2009","PER","Persons","0","Units",,,219,,
"USA14","Seattle","POP_DEN","Population density (pop. per km2)","2010","2010","PER","Persons","0","Units",,,221,,
"USA14","Seattle","POP_DEN","Population density (pop. per km2)","2011","2011","PER","Persons","0","Units",,,225,,
"USA14","Seattle","POP_DEN","Population density (pop. per km2)","2012","2012","PER","Persons","0","Units",,,228,,
"USA14","Seattle","POP_DEN","Population density (pop. per km2)","2013","2013","PER","Persons","0","Units",,,232,,
"USA14","Seattle","POP_DEN","Population density (pop. per km2)","2014","2014","PER","Persons","0","Units",,,235,,
"USA14","Seattle","POP_DEN","Population density (pop. per km2)","2015","2015","PER","Persons","0","Units",,,239,,
"USA14","Seattle","POP_DEN","Population density (pop. per km2)","2016","2016","PER","Persons","0","Units",,,244,,
"USA74","Lee","T_T_SH_NAT","Share of population  in metropolitan area over the national value","2001","2001","RATIO","Ratio","0","Units",,,0.2,,
"USA74","Lee","T_T_SH_NAT","Share of population  in metropolitan area over the national value","2002","2002","RATIO","Ratio","0","Units",,,0.2,,
"USA74","Lee","T_T_SH_NAT","Share of population  in metropolitan area over the national value","2003","2003","RATIO","Ratio","0","Units",,,0.2,,
"USA74","Lee","T_T_SH_NAT","Share of population  in metropolitan area over the national value","2004","2004","RATIO","Ratio","0","Units",,,0.2,,
"USA74","Lee","T_T_SH_NAT","Share of population  in metropolitan area over the national value","2005","2005","RATIO","Ratio","0","Units",,,0.2,,
"USA74","Lee","T_T_SH_NAT","Share of population  in metropolitan area over the national value","2006","2006","RATIO","Ratio","0","Units",,,0.2,,
"USA74","Lee","T_T_SH_NAT","Share of population  in metropolitan area over the national value","2007","2007","RATIO","Ratio","0","Units",,,0.2,,
"USA74","Lee","T_T_SH_NAT","Share of population  in metropolitan area over the national value","2008","2008","RATIO","Ratio","0","Units",,,0.2,,
"USA74","Lee","T_T_SH_NAT","Share of population  in metropolitan area over the national value","2009","2009","RATIO","Ratio","0","Units",,,0.2,,
"USA74","Lee","T_T_SH_NAT","Share of population  in metropolitan area over the national value","2010","2010","RATIO","Ratio","0","Units",,,0.2,,
"USA74","Lee","T_T_SH_NAT","Share of population  in metropolitan area over the national value","2011","2011","RATIO","Ratio","0","Units",,,0.2,,
"USA74","Lee","T_T_SH_NAT","Share of population  in metropolitan area over the national value","2012","2012","RATIO","Ratio","0","Units",,,0.2,,
"USA74","Lee","T_T_SH_NAT","Share of population  in metropolitan area over the national value","2013","2013","RATIO","Ratio","0","Units",,,0.2,,
"USA74","Lee","T_T_SH_NAT","Share of population  in metropolitan area over the national value","2014","2014","RATIO","Ratio","0","Units",,,0.2,,
"USA74","Lee","T_T_SH_NAT","Share of population  in metropolitan area over the national value","2015","2015","RATIO","Ratio","0","Units",,,0.2,,
"USA74","Lee","T_T_SH_NAT","Share of population  in metropolitan area over the national value","2016","2016","RATIO","Ratio","0","Units",,,0.2,,
"JPN42","Kurume","T_T","Population, All ages. Administrative data","2000","2000","PER","Persons","0","Units",,,419333,,
"JPN42","Kurume","T_T","Population, All ages. Administrative data","2001","2001","PER","Persons","0","Units",,,419326,,
"JPN42","Kurume","T_T","Population, All ages. Administrative data","2002","2002","PER","Persons","0","Units",,,419319,,
"JPN42","Kurume","T_T","Population, All ages. Administrative data","2003","2003","PER","Persons","0","Units",,,419313,,
"JPN42","Kurume","T_T","Population, All ages. Administrative data","2004","2004","PER","Persons","0","Units",,,419306,,
"JPN42","Kurume","T_T","Population, All ages. Administrative data","2005","2005","PER","Persons","0","Units",,,419299,,
"JPN42","Kurume","T_T","Population, All ages. Administrative data","2006","2006","PER","Persons","0","Units",,,417796,,
"JPN42","Kurume","T_T","Population, All ages. Administrative data","2007","2007","PER","Persons","0","Units",,,416294,,
"JPN42","Kurume","T_T","Population, All ages. Administrative data","2008","2008","PER","Persons","0","Units",,,414791,,
"JPN42","Kurume","T_T","Population, All ages. Administrative data","2009","2009","PER","Persons","0","Units",,,413289,,
"JPN42","Kurume","T_T","Population, All ages. Administrative data","2010","2010","PER","Persons","0","Units",,,411786,,
"JPN42","Kurume","T_T","Population, All ages. Administrative data","2011","2011","PER","Persons","0","Units",,,411184,,
"JPN42","Kurume","T_T","Population, All ages. Administrative data","2012","2012","PER","Persons","0","Units",,,410582,,
"JPN42","Kurume","T_T","Population, All ages. Administrative data","2013","2013","PER","Persons","0","Units",,,409982,,
"JPN42","Kurume","T_T","Population, All ages. Administrative data","2014","2014","PER","Persons","0","Units",,,409380,,
"JPN42","Kurume","T_T","Population, All ages. Administrative data","2015","2015","PER","Persons","0","Units",,,408778,,
"DE004","Cologne","POP_DEN","Population density (pop. per km2)","2001","2001","PER","Persons","0","Units",,,1143,,
"DE004","Cologne","POP_DEN","Population density (pop. per km2)","2002","2002","PER","Persons","0","Units",,,1148,,
"DE004","Cologne","POP_DEN","Population density (pop. per km2)","2003","2003","PER","Persons","0","Units",,,1151,,
"DE004","Cologne","POP_DEN","Population density (pop. per km2)","2004","2004","PER","Persons","0","Units",,,1151,,
"DE004","Cologne","POP_DEN","Population density (pop. per km2)","2005","2005","PER","Persons","0","Units",,,1154,,
"DE004","Cologne","POP_DEN","Population density (pop. per km2)","2006","2006","PER","Persons","0","Units",,,1162,,
"DE004","Cologne","POP_DEN","Population density (pop. per km2)","2007","2007","PER","Persons","0","Units",,,1166,,
"DE004","Cologne","POP_DEN","Population density (pop. per km2)","2008","2008","PER","Persons","0","Units",,,1170,,
"DE004","Cologne","POP_DEN","Population density (pop. per km2)","2009","2009","PER","Persons","0","Units",,,1170,,
"DE004","Cologne","POP_DEN","Population density (pop. per km2)","2010","2010","PER","Persons","0","Units",,,1171,,
"DE004","Cologne","POP_DEN","Population density (pop. per km2)","2011","2011","PER","Persons","0","Units",,,1165,,
"DE004","Cologne","POP_DEN","Population density (pop. per km2)","2012","2012","PER","Persons","0","Units",,,1173,,
"DE004","Cologne","POP_DEN","Population density (pop. per km2)","2013","2013","PER","Persons","0","Units",,,1181,,
"DE004","Cologne","POP_DEN","Population density (pop. per km2)","2014","2014","PER","Persons","0","Units",,,1189,,
"DE004","Cologne","POP_DEN","Population density (pop. per km2)","2015","2015","PER","Persons","0","Units",,,1200,,
"DE004","Cologne","POP_DEN","Population density (pop. per km2)","2016","2016","PER","Persons","0","Units",,,1216,,
"IT002","Milan","T_T_SH_NAT","Share of population  in metropolitan area over the national value","2001","2001","RATIO","Ratio","0","Units",,,8.1,,
"IT002","Milan","T_T_SH_NAT","Share of population  in metropolitan area over the national value","2002","2002","RATIO","Ratio","0","Units",,,8.1,,
"IT002","Milan","T_T_SH_NAT","Share of population  in metropolitan area over the national value","2003","2003","RATIO","Ratio","0","Units",,,8.2,,
"IT002","Milan","T_T_SH_NAT","Share of population  in metropolitan area over the national value","2004","2004","RATIO","Ratio","0","Units",,,8.2,,
"IT002","Milan","T_T_SH_NAT","Share of population  in metropolitan area over the national value","2005","2005","RATIO","Ratio","0","Units",,,8.1,,
"IT002","Milan","T_T_SH_NAT","Share of population  in metropolitan area over the national value","2006","2006","RATIO","Ratio","0","Units",,,8.2,,
"IT002","Milan","T_T_SH_NAT","Share of population  in metropolitan area over the national value","2007","2007","RATIO","Ratio","0","Units",,,8.2,,
"IT002","Milan","T_T_SH_NAT","Share of population  in metropolitan area over the national value","2008","2008","RATIO","Ratio","0","Units",,,8.2,,
"IT002","Milan","T_T_SH_NAT","Share of population  in metropolitan area over the national value","2009","2009","RATIO","Ratio","0","Units",,,8.2,,
"IT002","Milan","T_T_SH_NAT","Share of population  in metropolitan area over the national value","2010","2010","RATIO","Ratio","0","Units",,,8.2,,
"IT002","Milan","T_T_SH_NAT","Share of population  in metropolitan area over the national value","2011","2011","RATIO","Ratio","0","Units",,,8.2,,
"IT002","Milan","T_T_SH_NAT","Share of population  in metropolitan area over the national value","2012","2012","RATIO","Ratio","0","Units",,,8.2,,
"IT002","Milan","T_T_SH_NAT","Share of population  in metropolitan area over the national value","2013","2013","RATIO","Ratio","0","Units",,,8.3,,
"IT002","Milan","T_T_SH_NAT","Share of population  in metropolitan area over the national value","2014","2014","RATIO","Ratio","0","Units",,,8.3,,
"IT002","Milan","T_T_SH_NAT","Share of population  in metropolitan area over the national value","2015","2015","RATIO","Ratio","0","Units",,,8.4,,
"IT002","Milan","T_T_SH_NAT","Share of population  in metropolitan area over the national value","2016","2016","RATIO","Ratio","0","Units",,,8.4,,
"HU005","Debrecen","T_T_SH_NAT","Share of population  in metropolitan area over the national value","2001","2001","RATIO","Ratio","0","Units",,,3.4,,
"HU005","Debrecen","T_T_SH_NAT","Share of population  in metropolitan area over the national value","2002","2002","RATIO","Ratio","0","Units",,,3.4,,
"HU005","Debrecen","T_T_SH_NAT","Share of population  in metropolitan area over the national value","2003","2003","RATIO","Ratio","0","Units",,,3.4,,
"HU005","Debrecen","T_T_SH_NAT","Share of population  in metropolitan area over the national value","2004","2004","RATIO","Ratio","0","Units",,,3.4,,
"HU005","Debrecen","T_T_SH_NAT","Share of population  in metropolitan area over the national value","2005","2005","RATIO","Ratio","0","Units",,,3.4,,
"HU005","Debrecen","T_T_SH_NAT","Share of population  in metropolitan area over the national value","2006","2006","RATIO","Ratio","0","Units",,,3.4,,
"HU005","Debrecen","T_T_SH_NAT","Share of population  in metropolitan area over the national value","2007","2007","RATIO","Ratio","0","Units",,,3.4,,
"HU005","Debrecen","T_T_SH_NAT","Share of population  in metropolitan area over the national value","2008","2008","RATIO","Ratio","0","Units",,,3.4,,
"HU005","Debrecen","T_T_SH_NAT","Share of population  in metropolitan area over the national value","2009","2009","RATIO","Ratio","0","Units",,,3.4,,
"HU005","Debrecen","T_T_SH_NAT","Share of population  in metropolitan area over the national value","2010","2010","RATIO","Ratio","0","Units",,,3.4,,
"HU005","Debrecen","T_T_SH_NAT","Share of population  in metropolitan area over the national value","2011","2011","RATIO","Ratio","0","Units",,,3.4,,
"HU005","Debrecen","T_T_SH_NAT","Share of population  in metropolitan area over the national value","2012","2012","RATIO","Ratio","0","Units",,,3.4,,
"HU005","Debrecen","T_T_SH_NAT","Share of population  in metropolitan area over the national value","2013","2013","RATIO","Ratio","0","Units",,,3.4,,
"HU005","Debrecen","T_T_SH_NAT","Share of population  in metropolitan area over the national value","2014","2014","RATIO","Ratio","0","Units",,,3.4,,
"HU005","Debrecen","T_T_SH_NAT","Share of population  in metropolitan area over the national value","2015","2015","RATIO","Ratio","0","Units",,,3.4,,
"HU005","Debrecen","T_T_SH_NAT","Share of population  in metropolitan area over the national value","2016","2016","RATIO","Ratio","0","Units",,,3.4,,
"USA87","Greene","POP_DEN","Population density (pop. per km2)","2000","2000","PER","Persons","0","Units",,,31,,
"USA87","Greene","POP_DEN","Population density (pop. per km2)","2001","2001","PER","Persons","0","Units",,,32,,
"USA87","Greene","POP_DEN","Population density (pop. per km2)","2002","2002","PER","Persons","0","Units",,,32,,
"USA87","Greene","POP_DEN","Population density (pop. per km2)","2003","2003","PER","Persons","0","Units",,,33,,
"USA87","Greene","POP_DEN","Population density (pop. per km2)","2004","2004","PER","Persons","0","Units",,,33,,
"USA87","Greene","POP_DEN","Population density (pop. per km2)","2005","2005","PER","Persons","0","Units",,,34,,
"USA87","Greene","POP_DEN","Population density (pop. per km2)","2006","2006","PER","Persons","0","Units",,,35,,
"USA87","Greene","POP_DEN","Population density (pop. per km2)","2007","2007","PER","Persons","0","Units",,,35,,
"USA87","Greene","POP_DEN","Population density (pop. per km2)","2008","2008","PER","Persons","0","Units",,,36,,
"USA87","Greene","POP_DEN","Population density (pop. per km2)","2009","2009","PER","Persons","0","Units",,,36,,
"USA87","Greene","POP_DEN","Population density (pop. per km2)","2010","2010","PER","Persons","0","Units",,,36,,
"USA87","Greene","POP_DEN","Population density (pop. per km2)","2011","2011","PER","Persons","0","Units",,,37,,
"USA87","Greene","POP_DEN","Population density (pop. per km2)","2012","2012","PER","Persons","0","Units",,,37,,
"USA87","Greene","POP_DEN","Population density (pop. per km2)","2013","2013","PER","Persons","0","Units",,,37,,
"USA87","Greene","POP_DEN","Population density (pop. per km2)","2014","2014","PER","Persons","0","Units",,,37,,
"USA87","Greene","POP_DEN","Population density (pop. per km2)","2015","2015","PER","Persons","0","Units",,,38,,
"USA87","Greene","POP_DEN","Population density (pop. per km2)","2016","2016","PER","Persons","0","Units",,,38,,
"NL009","Arnhem","T_T","Population, All ages. Administrative data","2000","2000","PER","Persons","0","Units",,,379985,,
"NL009","Arnhem","T_T","Population, All ages. Administrative data","2001","2001","PER","Persons","0","Units",,,380848,,
"NL009","Arnhem","T_T","Population, All ages. Administrative data","2002","2002","PER","Persons","0","Units",,,381712,,
"NL009","Arnhem","T_T","Population, All ages. Administrative data","2003","2003","PER","Persons","0","Units",,,382575,,
"NL009","Arnhem","T_T","Population, All ages. Administrative data","2004","2004","PER","Persons","0","Units",,,383439,,
"NL009","Arnhem","T_T","Population, All ages. Administrative data","2005","2005","PER","Persons","0","Units",,,389497,,
"NL009","Arnhem","T_T","Population, All ages. Administrative data","2006","2006","PER","Persons","0","Units",,,390471,,
"NL009","Arnhem","T_T","Population, All ages. Administrative data","2007","2007","PER","Persons","0","Units",,,392156,,
"NL009","Arnhem","T_T","Population, All ages. Administrative data","2008","2008","PER","Persons","0","Units",,,393839,,
"NL009","Arnhem","T_T","Population, All ages. Administrative data","2009","2009","PER","Persons","0","Units",,,396800,,
"NL009","Arnhem","T_T","Population, All ages. Administrative data","2010","2010","PER","Persons","0","Units",,,399252,,
"NL009","Arnhem","T_T","Population, All ages. Administrative data","2011","2011","PER","Persons","0","Units",,,401421,,
"NL009","Arnhem","T_T","Population, All ages. Administrative data","2012","2012","PER","Persons","0","Units",,,402912,,
"NL009","Arnhem","T_T","Population, All ages. Administrative data","2013","2013","PER","Persons","0","Units",,,403618,,
"NL009","Arnhem","T_T","Population, All ages. Administrative data","2014","2014","PER","Persons","0","Units",,,404454,,
"NL009","Arnhem","T_T","Population, All ages. Administrative data","2015","2015","PER","Persons","0","Units",,,405616,,
"NL009","Arnhem","T_T","Population, All ages. Administrative data","2016","2016","PER","Persons","0","Units",,,407385,,
"AT001","Vienna","POP_DEN","Population density (pop. per km2)","2000","2000","PER","Persons","0","Units",,,266,,
"AT001","Vienna","POP_DEN","Population density (pop. per km2)","2001","2001","PER","Persons","0","Units",,,269,,
"AT001","Vienna","POP_DEN","Population density (pop. per km2)","2002","2002","PER","Persons","0","Units",,,271,,
"AT001","Vienna","POP_DEN","Population density (pop. per km2)","2003","2003","PER","Persons","0","Units",,,273,,
"AT001","Vienna","POP_DEN","Population density (pop. per km2)","2004","2004","PER","Persons","0","Units",,,276,,
"AT001","Vienna","POP_DEN","Population density (pop. per km2)","2005","2005","PER","Persons","0","Units",,,278,,
"AT001","Vienna","POP_DEN","Population density (pop. per km2)","2006","2006","PER","Persons","0","Units",,,280,,
"AT001","Vienna","POP_DEN","Population density (pop. per km2)","2007","2007","PER","Persons","0","Units",,,282,,
"AT001","Vienna","POP_DEN","Population density (pop. per km2)","2008","2008","PER","Persons","0","Units",,,285,,
"AT001","Vienna","POP_DEN","Population density (pop. per km2)","2009","2009","PER","Persons","0","Units",,,287,,
"AT001","Vienna","POP_DEN","Population density (pop. per km2)","2010","2010","PER","Persons","0","Units",,,289,,
"AT001","Vienna","POP_DEN","Population density (pop. per km2)","2011","2011","PER","Persons","0","Units",,,292,,
"AT001","Vienna","POP_DEN","Population density (pop. per km2)","2012","2012","PER","Persons","0","Units",,,295,,
"AT001","Vienna","POP_DEN","Population density (pop. per km2)","2013","2013","PER","Persons","0","Units",,,298,,
"AT001","Vienna","POP_DEN","Population density (pop. per km2)","2014","2014","PER","Persons","0","Units",,,301,,
"AT001","Vienna","POP_DEN","Population density (pop. per km2)","2015","2015","PER","Persons","0","Units",,,304,,
"USA04","Washington (Greater)","POP_DEN","Population density (pop. per km2)","2000","2000","PER","Persons","0","Units",,,314,,
"USA04","Washington (Greater)","POP_DEN","Population density (pop. per km2)","2001","2001","PER","Persons","0","Units",,,319,,
"USA04","Washington (Greater)","POP_DEN","Population density (pop. per km2)","2002","2002","PER","Persons","0","Units",,,324,,
"USA04","Washington (Greater)","POP_DEN","Population density (pop. per km2)","2003","2003","PER","Persons","0","Units",,,327,,
"USA04","Washington (Greater)","POP_DEN","Population density (pop. per km2)","2004","2004","PER","Persons","0","Units",,,331,,
"USA04","Washington (Greater)","POP_DEN","Population density (pop. per km2)","2005","2005","PER","Persons","0","Units",,,335,,
"USA04","Washington (Greater)","POP_DEN","Population density (pop. per km2)","2006","2006","PER","Persons","0","Units",,,337,,
"USA04","Washington (Greater)","POP_DEN","Population density (pop. per km2)","2007","2007","PER","Persons","0","Units",,,340,,
"USA04","Washington (Greater)","POP_DEN","Population density (pop. per km2)","2008","2008","PER","Persons","0","Units",,,344,,
"USA04","Washington (Greater)","POP_DEN","Population density (pop. per km2)","2009","2009","PER","Persons","0","Units",,,349,,
"USA04","Washington (Greater)","POP_DEN","Population density (pop. per km2)","2010","2010","PER","Persons","0","Units",,,355,,
"USA04","Washington (Greater)","POP_DEN","Population density (pop. per km2)","2011","2011","PER","Persons","0","Units",,,360,,
"USA04","Washington (Greater)","POP_DEN","Population density (pop. per km2)","2012","2012","PER","Persons","0","Units",,,365,,
"USA04","Washington (Greater)","POP_DEN","Population density (pop. per km2)","2013","2013","PER","Persons","0","Units",,,370,,
"USA04","Washington (Greater)","POP_DEN","Population density (pop. per km2)","2014","2014","PER","Persons","0","Units",,,373,,
"USA04","Washington (Greater)","POP_DEN","Population density (pop. per km2)","2015","2015","PER","Persons","0","Units",,,376,,
"USA04","Washington (Greater)","POP_DEN","Population density (pop. per km2)","2016","2016","PER","Persons","0","Units",,,379,,
"FR020","Dijon","T_T","Population, All ages. Administrative data","2000","2000","PER","Persons","0","Units",,,380230,,
"FR020","Dijon","T_T","Population, All ages. Administrative data","2001","2001","PER","Persons","0","Units",,,381923,,
"FR020","Dijon","T_T","Population, All ages. Administrative data","2002","2002","PER","Persons","0","Units",,,383618,,
"FR020","Dijon","T_T","Population, All ages. Administrative data","2003","2003","PER","Persons","0","Units",,,385311,,
"FR020","Dijon","T_T","Population, All ages. Administrative data","2004","2004","PER","Persons","0","Units",,,387005,,
"FR020","Dijon","T_T","Population, All ages. Administrative data","2005","2005","PER","Persons","0","Units",,,388698,,
"FR020","Dijon","T_T","Population, All ages. Administrative data","2006","2006","PER","Persons","0","Units",,,390392,,
"FR020","Dijon","T_T","Population, All ages. Administrative data","2007","2007","PER","Persons","0","Units",,,392086,,
"FR020","Dijon","T_T","Population, All ages. Administrative data","2008","2008","PER","Persons","0","Units",,,393780,,
"FR020","Dijon","T_T","Population, All ages. Administrative data","2009","2009","PER","Persons","0","Units",,,395473,,
"FR020","Dijon","T_T","Population, All ages. Administrative data","2010","2010","PER","Persons","0","Units",,,397333,,
"FR020","Dijon","T_T","Population, All ages. Administrative data","2011","2011","PER","Persons","0","Units",,,399193,,
"FR020","Dijon","T_T","Population, All ages. Administrative data","2012","2012","PER","Persons","0","Units",,,401052,,
"FR020","Dijon","T_T","Population, All ages. Administrative data","2013","2013","PER","Persons","0","Units",,,402912,,
"FR020","Dijon","T_T","Population, All ages. Administrative data","2014","2014","PER","Persons","0","Units",,,404772,,
"FR020","Dijon","T_T","Population, All ages. Administrative data","2015","2015","PER","Persons","0","Units",,,402614,,
"IT002","Milan","T_T","Population, All ages. Administrative data","2000","2000","PER","Persons","0","Units",,,4592962,,
"IT002","Milan","T_T","Population, All ages. Administrative data","2001","2001","PER","Persons","0","Units",,,4617119,,
"IT002","Milan","T_T","Population, All ages. Administrative data","2002","2002","PER","Persons","0","Units",,,4641275,,
"IT002","Milan","T_T","Population, All ages. Administrative data","2003","2003","PER","Persons","0","Units",,,4665432,,
"IT002","Milan","T_T","Population, All ages. Administrative data","2004","2004","PER","Persons","0","Units",,,4689589,,
"IT002","Milan","T_T","Population, All ages. Administrative data","2005","2005","PER","Persons","0","Units",,,4713746,,
"IT002","Milan","T_T","Population, All ages. Administrative data","2006","2006","PER","Persons","0","Units",,,4737902,,
"IT002","Milan","T_T","Population, All ages. Administrative data","2007","2007","PER","Persons","0","Units",,,4762059,,
"IT002","Milan","T_T","Population, All ages. Administrative data","2008","2008","PER","Persons","0","Units",,,4786216,,
"IT002","Milan","T_T","Population, All ages. Administrative data","2009","2009","PER","Persons","0","Units",,,4810373,,
"IT002","Milan","T_T","Population, All ages. Administrative data","2010","2010","PER","Persons","0","Units",,,4834529,,
"IT002","Milan","T_T","Population, All ages. Administrative data","2011","2011","PER","Persons","0","Units",,,4858686,,
"IT002","Milan","T_T","Population, All ages. Administrative data","2012","2012","PER","Persons","0","Units",,,4882843,,
"IT002","Milan","T_T","Population, All ages. Administrative data","2013","2013","PER","Persons","0","Units",,,4943099,,
"IT002","Milan","T_T","Population, All ages. Administrative data","2014","2014","PER","Persons","0","Units",,,5071502,,
"IT002","Milan","T_T","Population, All ages. Administrative data","2015","2015","PER","Persons","0","Units",,,5091798,,
"IT002","Milan","T_T","Population, All ages. Administrative data","2016","2016","PER","Persons","0","Units",,,5101065,,
"USA01","New York (Greater)","T_T_SH_NAT","Share of population  in metropolitan area over the national value","2001","2001","RATIO","Ratio","0","Units",,,6.7,,
"USA01","New York (Greater)","T_T_SH_NAT","Share of population  in metropolitan area over the national value","2002","2002","RATIO","Ratio","0","Units",,,6.7,,
"USA01","New York (Greater)","T_T_SH_NAT","Share of population  in metropolitan area over the national value","2003","2003","RATIO","Ratio","0","Units",,,6.6,,
"USA01","New York (Greater)","T_T_SH_NAT","Share of population  in metropolitan area over the national value","2004","2004","RATIO","Ratio","0","Units",,,6.6,,
"USA01","New York (Greater)","T_T_SH_NAT","Share of population  in metropolitan area over the national value","2005","2005","RATIO","Ratio","0","Units",,,6.5,,
"USA01","New York (Greater)","T_T_SH_NAT","Share of population  in metropolitan area over the national value","2006","2006","RATIO","Ratio","0","Units",,,6.4,,
"USA01","New York (Greater)","T_T_SH_NAT","Share of population  in metropolitan area over the national value","2007","2007","RATIO","Ratio","0","Units",,,6.4,,
"USA01","New York (Greater)","T_T_SH_NAT","Share of population  in metropolitan area over the national value","2008","2008","RATIO","Ratio","0","Units",,,6.4,,
"USA01","New York (Greater)","T_T_SH_NAT","Share of population  in metropolitan area over the national value","2009","2009","RATIO","Ratio","0","Units",,,6.3,,
"USA01","New York (Greater)","T_T_SH_NAT","Share of population  in metropolitan area over the national value","2010","2010","RATIO","Ratio","0","Units",,,6.3,,
"USA01","New York (Greater)","T_T_SH_NAT","Share of population  in metropolitan area over the national value","2011","2011","RATIO","Ratio","0","Units",,,6.3,,
"USA01","New York (Greater)","T_T_SH_NAT","Share of population  in metropolitan area over the national value","2012","2012","RATIO","Ratio","0","Units",,,6.3,,
"USA01","New York (Greater)","T_T_SH_NAT","Share of population  in metropolitan area over the national value","2013","2013","RATIO","Ratio","0","Units",,,6.3,,
"USA01","New York (Greater)","T_T_SH_NAT","Share of population  in metropolitan area over the national value","2014","2014","RATIO","Ratio","0","Units",,,6.3,,
"USA01","New York (Greater)","T_T_SH_NAT","Share of population  in metropolitan area over the national value","2015","2015","RATIO","Ratio","0","Units",,,6.3,,
"USA01","New York (Greater)","T_T_SH_NAT","Share of population  in metropolitan area over the national value","2016","2016","RATIO","Ratio","0","Units",,,6.3,,
"JPN22","Shizuoka","POP_DEN","Population density (pop. per km2)","2000","2000","PER","Persons","0","Units",,,516,,
"JPN22","Shizuoka","POP_DEN","Population density (pop. per km2)","2001","2001","PER","Persons","0","Units",,,515,,
"JPN22","Shizuoka","POP_DEN","Population density (pop. per km2)","2002","2002","PER","Persons","0","Units",,,514,,
"JPN22","Shizuoka","POP_DEN","Population density (pop. per km2)","2003","2003","PER","Persons","0","Units",,,513,,
"JPN22","Shizuoka","POP_DEN","Population density (pop. per km2)","2004","2004","PER","Persons","0","Units",,,512,,
"JPN22","Shizuoka","POP_DEN","Population density (pop. per km2)","2005","2005","PER","Persons","0","Units",,,511,,
"JPN22","Shizuoka","POP_DEN","Population density (pop. per km2)","2006","2006","PER","Persons","0","Units",,,509,,
"JPN22","Shizuoka","POP_DEN","Population density (pop. per km2)","2007","2007","PER","Persons","0","Units",,,508,,
"JPN22","Shizuoka","POP_DEN","Population density (pop. per km2)","2008","2008","PER","Persons","0","Units",,,506,,
"JPN22","Shizuoka","POP_DEN","Population density (pop. per km2)","2009","2009","PER","Persons","0","Units",,,505,,
"JPN22","Shizuoka","POP_DEN","Population density (pop. per km2)","2010","2010","PER","Persons","0","Units",,,503,,
"JPN22","Shizuoka","POP_DEN","Population density (pop. per km2)","2011","2011","PER","Persons","0","Units",,,502,,
"JPN22","Shizuoka","POP_DEN","Population density (pop. per km2)","2012","2012","PER","Persons","0","Units",,,500,,
"JPN22","Shizuoka","POP_DEN","Population density (pop. per km2)","2013","2013","PER","Persons","0","Units",,,499,,
"JPN22","Shizuoka","POP_DEN","Population density (pop. per km2)","2014","2014","PER","Persons","0","Units",,,497,,
"JPN22","Shizuoka","POP_DEN","Population density (pop. per km2)","2015","2015","PER","Persons","0","Units",,,495,,
"MEX02","Guadalajara","POP_DEN","Population density (pop. per km2)","2000","2000","PER","Persons","0","Units",,,1247,,
"MEX02","Guadalajara","POP_DEN","Population density (pop. per km2)","2005","2005","PER","Persons","0","Units",,,1176,,
"MEX02","Guadalajara","POP_DEN","Population density (pop. per km2)","2010","2010","PER","Persons","0","Units",,,1306,,
"MEX02","Guadalajara","POP_DEN","Population density (pop. per km2)","2015","2015","PER","Persons","0","Units",,,1538,,
"COL12","Pasto","POP_DEN","Population density (pop. per km2)","2000","2000","PER","Persons","0","Units",,,293,,
"COL12","Pasto","POP_DEN","Population density (pop. per km2)","2001","2001","PER","Persons","0","Units",,,297,,
"COL12","Pasto","POP_DEN","Population density (pop. per km2)","2002","2002","PER","Persons","0","Units",,,300,,
"COL12","Pasto","POP_DEN","Population density (pop. per km2)","2003","2003","PER","Persons","0","Units",,,303,,
"COL12","Pasto","POP_DEN","Population density (pop. per km2)","2004","2004","PER","Persons","0","Units",,,307,,
"COL12","Pasto","POP_DEN","Population density (pop. per km2)","2005","2005","PER","Persons","0","Units",,,310,,
"COL12","Pasto","POP_DEN","Population density (pop. per km2)","2006","2006","PER","Persons","0","Units",,,313,,
"COL12","Pasto","POP_DEN","Population density (pop. per km2)","2007","2007","PER","Persons","0","Units",,,317,,
"COL12","Pasto","POP_DEN","Population density (pop. per km2)","2008","2008","PER","Persons","0","Units",,,320,,
"COL12","Pasto","POP_DEN","Population density (pop. per km2)","2009","2009","PER","Persons","0","Units",,,323,,
"COL12","Pasto","POP_DEN","Population density (pop. per km2)","2010","2010","PER","Persons","0","Units",,,327,,
"COL12","Pasto","POP_DEN","Population density (pop. per km2)","2011","2011","PER","Persons","0","Units",,,330,,
"COL12","Pasto","POP_DEN","Population density (pop. per km2)","2012","2012","PER","Persons","0","Units",,,333,,
"COL12","Pasto","POP_DEN","Population density (pop. per km2)","2013","2013","PER","Persons","0","Units",,,337,,
"COL12","Pasto","POP_DEN","Population density (pop. per km2)","2014","2014","PER","Persons","0","Units",,,340,,
"COL12","Pasto","POP_DEN","Population density (pop. per km2)","2015","2015","PER","Persons","0","Units",,,343,,
"ES533","Marbella","T_T_SH_NAT","Share of population  in metropolitan area over the national value","2001","2001","RATIO","Ratio","0","Units",,,0.5,,
"ES533","Marbella","T_T_SH_NAT","Share of population  in metropolitan area over the national value","2002","2002","RATIO","Ratio","0","Units",,,0.5,,
"ES533","Marbella","T_T_SH_NAT","Share of population  in metropolitan area over the national value","2003","2003","RATIO","Ratio","0","Units",,,0.5,,
"ES533","Marbella","T_T_SH_NAT","Share of population  in metropolitan area over the national value","2004","2004","RATIO","Ratio","0","Units",,,0.5,,
"ES533","Marbella","T_T_SH_NAT","Share of population  in metropolitan area over the national value","2005","2005","RATIO","Ratio","0","Units",,,0.5,,
"ES533","Marbella","T_T_SH_NAT","Share of population  in metropolitan area over the national value","2006","2006","RATIO","Ratio","0","Units",,,0.6,,
"ES533","Marbella","T_T_SH_NAT","Share of population  in metropolitan area over the national value","2007","2007","RATIO","Ratio","0","Units",,,0.6,,
"ES533","Marbella","T_T_SH_NAT","Share of population  in metropolitan area over the national value","2008","2008","RATIO","Ratio","0","Units",,,0.6,,
"ES533","Marbella","T_T_SH_NAT","Share of population  in metropolitan area over the national value","2009","2009","RATIO","Ratio","0","Units",,,0.6,,
"ES533","Marbella","T_T_SH_NAT","Share of population  in metropolitan area over the national value","2010","2010","RATIO","Ratio","0","Units",,,0.6,,
"ES533","Marbella","T_T_SH_NAT","Share of population  in metropolitan area over the national value","2011","2011","RATIO","Ratio","0","Units",,,0.6,,
"ES533","Marbella","T_T_SH_NAT","Share of population  in metropolitan area over the national value","2012","2012","RATIO","Ratio","0","Units",,,0.6,,
"ES533","Marbella","T_T_SH_NAT","Share of population  in metropolitan area over the national value","2013","2013","RATIO","Ratio","0","Units",,,0.6,,
"ES533","Marbella","T_T_SH_NAT","Share of population  in metropolitan area over the national value","2014","2014","RATIO","Ratio","0","Units",,,0.6,,
"ES533","Marbella","T_T_SH_NAT","Share of population  in metropolitan area over the national value","2015","2015","RATIO","Ratio","0","Units",,,0.6,,
"ES533","Marbella","T_T_SH_NAT","Share of population  in metropolitan area over the national value","2016","2016","RATIO","Ratio","0","Units",,,0.7,,
"USA154","Merced","T_T","Population, All ages. Administrative data","2000","2000","PER","Persons","0","Units",,,212258,,
"USA154","Merced","T_T","Population, All ages. Administrative data","2001","2001","PER","Persons","0","Units",,,218816,,
"USA154","Merced","T_T","Population, All ages. Administrative data","2002","2002","PER","Persons","0","Units",,,225351,,
"USA154","Merced","T_T","Population, All ages. Administrative data","2003","2003","PER","Persons","0","Units",,,231735,,
"USA154","Merced","T_T","Population, All ages. Administrative data","2004","2004","PER","Persons","0","Units",,,237180,,
"USA154","Merced","T_T","Population, All ages. Administrative data","2005","2005","PER","Persons","0","Units",,,242554,,
"USA154","Merced","T_T","Population, All ages. Administrative data","2006","2006","PER","Persons","0","Units",,,245338,,
"USA154","Merced","T_T","Population, All ages. Administrative data","2007","2007","PER","Persons","0","Units",,,248540,,
"USA154","Merced","T_T","Population, All ages. Administrative data","2008","2008","PER","Persons","0","Units",,,250538,,
"USA154","Merced","T_T","Population, All ages. Administrative data","2009","2009","PER","Persons","0","Units",,,252302,,
"USA154","Merced","T_T","Population, All ages. Administrative data","2010","2010","PER","Persons","0","Units",,,256772,,
"USA154","Merced","T_T","Population, All ages. Administrative data","2011","2011","PER","Persons","0","Units",,,259607,,
"USA154","Merced","T_T","Population, All ages. Administrative data","2012","2012","PER","Persons","0","Units",,,261407,,
"USA154","Merced","T_T","Population, All ages. Administrative data","2013","2013","PER","Persons","0","Units",,,262712,,
"USA154","Merced","T_T","Population, All ages. Administrative data","2014","2014","PER","Persons","0","Units",,,265281,,
"USA154","Merced","T_T","Population, All ages. Administrative data","2015","2015","PER","Persons","0","Units",,,267406,,
"USA154","Merced","T_T","Population, All ages. Administrative data","2016","2016","PER","Persons","0","Units",,,268878,,
"NL004","Utrecht","T_T","Population, All ages. Administrative data","2000","2000","PER","Persons","0","Units",,,758218,,
"NL004","Utrecht","T_T","Population, All ages. Administrative data","2001","2001","PER","Persons","0","Units",,,765766,,
"NL004","Utrecht","T_T","Population, All ages. Administrative data","2002","2002","PER","Persons","0","Units",,,773314,,
"NL004","Utrecht","T_T","Population, All ages. Administrative data","2003","2003","PER","Persons","0","Units",,,780863,,
"NL004","Utrecht","T_T","Population, All ages. Administrative data","2004","2004","PER","Persons","0","Units",,,788411,,
"NL004","Utrecht","T_T","Population, All ages. Administrative data","2005","2005","PER","Persons","0","Units",,,795959,,
"NL004","Utrecht","T_T","Population, All ages. Administrative data","2006","2006","PER","Persons","0","Units",,,803508,,
"NL004","Utrecht","T_T","Population, All ages. Administrative data","2007","2007","PER","Persons","0","Units",,,811056,,
"NL004","Utrecht","T_T","Population, All ages. Administrative data","2008","2008","PER","Persons","0","Units",,,818604,,
"NL004","Utrecht","T_T","Population, All ages. Administrative data","2009","2009","PER","Persons","0","Units",,,826152,,
"NL004","Utrecht","T_T","Population, All ages. Administrative data","2010","2010","PER","Persons","0","Units",,,833701,,
"NL004","Utrecht","T_T","Population, All ages. Administrative data","2011","2011","PER","Persons","0","Units",,,841249,,
"NL004","Utrecht","T_T","Population, All ages. Administrative data","2012","2012","PER","Persons","0","Units",,,846839,,
"NL004","Utrecht","T_T","Population, All ages. Administrative data","2013","2013","PER","Persons","0","Units",,,853309,,
"NL004","Utrecht","T_T","Population, All ages. Administrative data","2014","2014","PER","Persons","0","Units",,,859934,,
"NL004","Utrecht","T_T","Population, All ages. Administrative data","2015","2015","PER","Persons","0","Units",,,867476,,
"NL004","Utrecht","T_T","Population, All ages. Administrative data","2016","2016","PER","Persons","0","Units",,,875245,,
"JPN12","Yokkaichi","T_T","Population, All ages. Administrative data","2000","2000","PER","Persons","0","Units",,,1041880,,
"JPN12","Yokkaichi","T_T","Population, All ages. Administrative data","2001","2001","PER","Persons","0","Units",,,1045662,,
"JPN12","Yokkaichi","T_T","Population, All ages. Administrative data","2002","2002","PER","Persons","0","Units",,,1049444,,
"JPN12","Yokkaichi","T_T","Population, All ages. Administrative data","2003","2003","PER","Persons","0","Units",,,1053227,,
"JPN12","Yokkaichi","T_T","Population, All ages. Administrative data","2004","2004","PER","Persons","0","Units",,,1057009,,
"JPN12","Yokkaichi","T_T","Population, All ages. Administrative data","2005","2005","PER","Persons","0","Units",,,1060791,,
"JPN12","Yokkaichi","T_T","Population, All ages. Administrative data","2006","2006","PER","Persons","0","Units",,,1062031,,
"JPN12","Yokkaichi","T_T","Population, All ages. Administrative data","2007","2007","PER","Persons","0","Units",,,1063273,,
"JPN12","Yokkaichi","T_T","Population, All ages. Administrative data","2008","2008","PER","Persons","0","Units",,,1064514,,
"JPN12","Yokkaichi","T_T","Population, All ages. Administrative data","2009","2009","PER","Persons","0","Units",,,1065756,,
"JPN12","Yokkaichi","T_T","Population, All ages. Administrative data","2010","2010","PER","Persons","0","Units",,,1066996,,
"JPN12","Yokkaichi","T_T","Population, All ages. Administrative data","2011","2011","PER","Persons","0","Units",,,1064074,,
"JPN12","Yokkaichi","T_T","Population, All ages. Administrative data","2012","2012","PER","Persons","0","Units",,,1061152,,
"JPN12","Yokkaichi","T_T","Population, All ages. Administrative data","2013","2013","PER","Persons","0","Units",,,1058231,,
"JPN12","Yokkaichi","T_T","Population, All ages. Administrative data","2014","2014","PER","Persons","0","Units",,,1055309,,
"JPN12","Yokkaichi","T_T","Population, All ages. Administrative data","2015","2015","PER","Persons","0","Units",,,1052387,,
"USA91","Guilford","T_T_SH_NAT","Share of population  in metropolitan area over the national value","2001","2001","RATIO","Ratio","0","Units",,,0.1,,
"USA91","Guilford","T_T_SH_NAT","Share of population  in metropolitan area over the national value","2002","2002","RATIO","Ratio","0","Units",,,0.1,,
"USA91","Guilford","T_T_SH_NAT","Share of population  in metropolitan area over the national value","2003","2003","RATIO","Ratio","0","Units",,,0.1,,
"USA91","Guilford","T_T_SH_NAT","Share of population  in metropolitan area over the national value","2004","2004","RATIO","Ratio","0","Units",,,0.1,,
"USA91","Guilford","T_T_SH_NAT","Share of population  in metropolitan area over the national value","2005","2005","RATIO","Ratio","0","Units",,,0.1,,
"USA91","Guilford","T_T_SH_NAT","Share of population  in metropolitan area over the national value","2006","2006","RATIO","Ratio","0","Units",,,0.1,,
"USA91","Guilford","T_T_SH_NAT","Share of population  in metropolitan area over the national value","2007","2007","RATIO","Ratio","0","Units",,,0.2,,
"USA91","Guilford","T_T_SH_NAT","Share of population  in metropolitan area over the national value","2008","2008","RATIO","Ratio","0","Units",,,0.2,,
"USA91","Guilford","T_T_SH_NAT","Share of population  in metropolitan area over the national value","2009","2009","RATIO","Ratio","0","Units",,,0.2,,
"USA91","Guilford","T_T_SH_NAT","Share of population  in metropolitan area over the national value","2010","2010","RATIO","Ratio","0","Units",,,0.2,,
"USA91","Guilford","T_T_SH_NAT","Share of population  in metropolitan area over the national value","2011","2011","RATIO","Ratio","0","Units",,,0.2,,
"USA91","Guilford","T_T_SH_NAT","Share of population  in metropolitan area over the national value","2012","2012","RATIO","Ratio","0","Units",,,0.2,,
"USA91","Guilford","T_T_SH_NAT","Share of population  in metropolitan area over the national value","2013","2013","RATIO","Ratio","0","Units",,,0.2,,
"USA91","Guilford","T_T_SH_NAT","Share of population  in metropolitan area over the national value","2014","2014","RATIO","Ratio","0","Units",,,0.2,,
"USA91","Guilford","T_T_SH_NAT","Share of population  in metropolitan area over the national value","2015","2015","RATIO","Ratio","0","Units",,,0.2,,
"USA91","Guilford","T_T_SH_NAT","Share of population  in metropolitan area over the national value","2016","2016","RATIO","Ratio","0","Units",,,0.2,,
"AUS07","Australian Capital Territory","T_T","Population, All ages. Administrative data","2001","2001","PER","Persons","0","Units",,,321538,,
"AUS07","Australian Capital Territory","T_T","Population, All ages. Administrative data","2002","2002","PER","Persons","0","Units",,,324627,,
"AUS07","Australian Capital Territory","T_T","Population, All ages. Administrative data","2003","2003","PER","Persons","0","Units",,,327357,,
"AUS07","Australian Capital Territory","T_T","Population, All ages. Administrative data","2004","2004","PER","Persons","0","Units",,,328940,,
"AUS07","Australian Capital Territory","T_T","Population, All ages. Administrative data","2005","2005","PER","Persons","0","Units",,,331399,,
"AUS07","Australian Capital Territory","T_T","Population, All ages. Administrative data","2006","2006","PER","Persons","0","Units",,,335170,,
"AUS07","Australian Capital Territory","T_T","Population, All ages. Administrative data","2007","2007","PER","Persons","0","Units",,,342644,,
"AUS07","Australian Capital Territory","T_T","Population, All ages. Administrative data","2008","2008","PER","Persons","0","Units",,,348368,,
"AUS07","Australian Capital Territory","T_T","Population, All ages. Administrative data","2009","2009","PER","Persons","0","Units",,,354785,,
"AUS07","Australian Capital Territory","T_T","Population, All ages. Administrative data","2010","2010","PER","Persons","0","Units",,,361766,,
"AUS07","Australian Capital Territory","T_T","Population, All ages. Administrative data","2011","2011","PER","Persons","0","Units",,,367985,,
"AUS07","Australian Capital Territory","T_T","Population, All ages. Administrative data","2012","2012","PER","Persons","0","Units",,,376564,,
"AUS07","Australian Capital Territory","T_T","Population, All ages. Administrative data","2013","2013","PER","Persons","0","Units",,,383652,,
"AUS07","Australian Capital Territory","T_T","Population, All ages. Administrative data","2014","2014","PER","Persons","0","Units",,,389406,,
"AUS07","Australian Capital Territory","T_T","Population, All ages. Administrative data","2015","2015","PER","Persons","0","Units",,,396690,,
"AUS07","Australian Capital Territory","T_T","Population, All ages. Administrative data","2016","2016","PER","Persons","0","Units",,,403468,,
"NL009","Arnhem","T_T_SH_NAT","Share of population  in metropolitan area over the national value","2001","2001","RATIO","Ratio","0","Units",,,2.4,,
"NL009","Arnhem","T_T_SH_NAT","Share of population  in metropolitan area over the national value","2002","2002","RATIO","Ratio","0","Units",,,2.4,,
"NL009","Arnhem","T_T_SH_NAT","Share of population  in metropolitan area over the national value","2003","2003","RATIO","Ratio","0","Units",,,2.4,,
"NL009","Arnhem","T_T_SH_NAT","Share of population  in metropolitan area over the national value","2004","2004","RATIO","Ratio","0","Units",,,2.4,,
"NL009","Arnhem","T_T_SH_NAT","Share of population  in metropolitan area over the national value","2005","2005","RATIO","Ratio","0","Units",,,2.4,,
"NL009","Arnhem","T_T_SH_NAT","Share of population  in metropolitan area over the national value","2006","2006","RATIO","Ratio","0","Units",,,2.4,,
"NL009","Arnhem","T_T_SH_NAT","Share of population  in metropolitan area over the national value","2007","2007","RATIO","Ratio","0","Units",,,2.4,,
"NL009","Arnhem","T_T_SH_NAT","Share of population  in metropolitan area over the national value","2008","2008","RATIO","Ratio","0","Units",,,2.4,,
"NL009","Arnhem","T_T_SH_NAT","Share of population  in metropolitan area over the national value","2009","2009","RATIO","Ratio","0","Units",,,2.4,,
"NL009","Arnhem","T_T_SH_NAT","Share of population  in metropolitan area over the national value","2010","2010","RATIO","Ratio","0","Units",,,2.4,,
"NL009","Arnhem","T_T_SH_NAT","Share of population  in metropolitan area over the national value","2011","2011","RATIO","Ratio","0","Units",,,2.4,,
"NL009","Arnhem","T_T_SH_NAT","Share of population  in metropolitan area over the national value","2012","2012","RATIO","Ratio","0","Units",,,2.4,,
"NL009","Arnhem","T_T_SH_NAT","Share of population  in metropolitan area over the national value","2013","2013","RATIO","Ratio","0","Units",,,2.4,,
"NL009","Arnhem","T_T_SH_NAT","Share of population  in metropolitan area over the national value","2014","2014","RATIO","Ratio","0","Units",,,2.4,,
"NL009","Arnhem","T_T_SH_NAT","Share of population  in metropolitan area over the national value","2015","2015","RATIO","Ratio","0","Units",,,2.4,,
"NL009","Arnhem","T_T_SH_NAT","Share of population  in metropolitan area over the national value","2016","2016","RATIO","Ratio","0","Units",,,2.4,,
"USA155","Benton (WA)","POP_DEN","Population density (pop. per km2)","2000","2000","PER","Persons","0","Units",,,25,,
"USA155","Benton (WA)","POP_DEN","Population density (pop. per km2)","2001","2001","PER","Persons","0","Units",,,25,,
"USA155","Benton (WA)","POP_DEN","Population density (pop. per km2)","2002","2002","PER","Persons","0","Units",,,26,,
"USA155","Benton (WA)","POP_DEN","Population density (pop. per km2)","2003","2003","PER","Persons","0","Units",,,27,,
"USA155","Benton (WA)","POP_DEN","Population density (pop. per km2)","2004","2004","PER","Persons","0","Units",,,27,,
"USA155","Benton (WA)","POP_DEN","Population density (pop. per km2)","2005","2005","PER","Persons","0","Units",,,28,,
"USA155","Benton (WA)","POP_DEN","Population density (pop. per km2)","2006","2006","PER","Persons","0","Units",,,29,,
"USA155","Benton (WA)","POP_DEN","Population density (pop. per km2)","2007","2007","PER","Persons","0","Units",,,29,,
"USA155","Benton (WA)","POP_DEN","Population density (pop. per km2)","2008","2008","PER","Persons","0","Units",,,30,,
"USA155","Benton (WA)","POP_DEN","Population density (pop. per km2)","2009","2009","PER","Persons","0","Units",,,31,,
"USA155","Benton (WA)","POP_DEN","Population density (pop. per km2)","2010","2010","PER","Persons","0","Units",,,33,,
"USA155","Benton (WA)","POP_DEN","Population density (pop. per km2)","2011","2011","PER","Persons","0","Units",,,34,,
"USA155","Benton (WA)","POP_DEN","Population density (pop. per km2)","2012","2012","PER","Persons","0","Units",,,34,,
"USA155","Benton (WA)","POP_DEN","Population density (pop. per km2)","2013","2013","PER","Persons","0","Units",,,35,,
"USA155","Benton (WA)","POP_DEN","Population density (pop. per km2)","2014","2014","PER","Persons","0","Units",,,35,,
"USA155","Benton (WA)","POP_DEN","Population density (pop. per km2)","2015","2015","PER","Persons","0","Units",,,36,,
"USA155","Benton (WA)","POP_DEN","Population density (pop. per km2)","2016","2016","PER","Persons","0","Units",,,36,,
"PT005","Coimbra","T_T","Population, All ages. Administrative data","2000","2000","PER","Persons","0","Units",,,282261,,
"PT005","Coimbra","T_T","Population, All ages. Administrative data","2001","2001","PER","Persons","0","Units",,,283487,,
"PT005","Coimbra","T_T","Population, All ages. Administrative data","2002","2002","PER","Persons","0","Units",,,283762,,
"PT005","Coimbra","T_T","Population, All ages. Administrative data","2003","2003","PER","Persons","0","Units",,,283597,,
"PT005","Coimbra","T_T","Population, All ages. Administrative data","2004","2004","PER","Persons","0","Units",,,283231,,
"PT005","Coimbra","T_T","Population, All ages. Administrative data","2005","2005","PER","Persons","0","Units",,,282840,,
"PT005","Coimbra","T_T","Population, All ages. Administrative data","2006","2006","PER","Persons","0","Units",,,282464,,
"PT005","Coimbra","T_T","Population, All ages. Administrative data","2007","2007","PER","Persons","0","Units",,,282102,,
"PT005","Coimbra","T_T","Population, All ages. Administrative data","2008","2008","PER","Persons","0","Units",,,281644,,
"PT005","Coimbra","T_T","Population, All ages. Administrative data","2009","2009","PER","Persons","0","Units",,,281076,,
"PT005","Coimbra","T_T","Population, All ages. Administrative data","2010","2010","PER","Persons","0","Units",,,280388,,
"PT005","Coimbra","T_T","Population, All ages. Administrative data","2011","2011","PER","Persons","0","Units",,,278572,,
"PT005","Coimbra","T_T","Population, All ages. Administrative data","2012","2012","PER","Persons","0","Units",,,275669,,
"PT005","Coimbra","T_T","Population, All ages. Administrative data","2013","2013","PER","Persons","0","Units",,,272659,,
"PT005","Coimbra","T_T","Population, All ages. Administrative data","2014","2014","PER","Persons","0","Units",,,269960,,
"PT005","Coimbra","T_T","Population, All ages. Administrative data","2015","2015","PER","Persons","0","Units",,,268092,,
"PT005","Coimbra","T_T","Population, All ages. Administrative data","2016","2016","PER","Persons","0","Units",,,266971,,
"IT009","Bologna","T_T","Population, All ages. Administrative data","2000","2000","PER","Persons","0","Units",,,669325,,
"IT009","Bologna","T_T","Population, All ages. Administrative data","2001","2001","PER","Persons","0","Units",,,673517,,
"IT009","Bologna","T_T","Population, All ages. Administrative data","2002","2002","PER","Persons","0","Units",,,677709,,
"IT009","Bologna","T_T","Population, All ages. Administrative data","2003","2003","PER","Persons","0","Units",,,681902,,
"IT009","Bologna","T_T","Population, All ages. Administrative data","2004","2004","PER","Persons","0","Units",,,686093,,
"IT009","Bologna","T_T","Population, All ages. Administrative data","2005","2005","PER","Persons","0","Units",,,690285,,
"IT009","Bologna","T_T","Population, All ages. Administrative data","2006","2006","PER","Persons","0","Units",,,694477,,
"IT009","Bologna","T_T","Population, All ages. Administrative data","2007","2007","PER","Persons","0","Units",,,698670,,
"IT009","Bologna","T_T","Population, All ages. Administrative data","2008","2008","PER","Persons","0","Units",,,702862,,
"IT009","Bologna","T_T","Population, All ages. Administrative data","2009","2009","PER","Persons","0","Units",,,707054,,
"IT009","Bologna","T_T","Population, All ages. Administrative data","2010","2010","PER","Persons","0","Units",,,711245,,
"IT009","Bologna","T_T","Population, All ages. Administrative data","2011","2011","PER","Persons","0","Units",,,715438,,
"IT009","Bologna","T_T","Population, All ages. Administrative data","2012","2012","PER","Persons","0","Units",,,719630,,
"IT009","Bologna","T_T","Population, All ages. Administrative data","2013","2013","PER","Persons","0","Units",,,732165,,
"IT009","Bologna","T_T","Population, All ages. Administrative data","2014","2014","PER","Persons","0","Units",,,740020,,
"IT009","Bologna","T_T","Population, All ages. Administrative data","2015","2015","PER","Persons","0","Units",,,743149,,
"IT009","Bologna","T_T","Population, All ages. Administrative data","2016","2016","PER","Persons","0","Units",,,744686,,
"USA148","Durham","T_T","Population, All ages. Administrative data","2000","2000","PER","Persons","0","Units",,,224476,,
"USA148","Durham","T_T","Population, All ages. Administrative data","2001","2001","PER","Persons","0","Units",,,228978,,
"USA148","Durham","T_T","Population, All ages. Administrative data","2002","2002","PER","Persons","0","Units",,,233505,,
"USA148","Durham","T_T","Population, All ages. Administrative data","2003","2003","PER","Persons","0","Units",,,235570,,
"USA148","Durham","T_T","Population, All ages. Administrative data","2004","2004","PER","Persons","0","Units",,,238376,,
"USA148","Durham","T_T","Population, All ages. Administrative data","2005","2005","PER","Persons","0","Units",,,241785,,
"USA148","Durham","T_T","Population, All ages. Administrative data","2006","2006","PER","Persons","0","Units",,,246929,,
"USA148","Durham","T_T","Population, All ages. Administrative data","2007","2007","PER","Persons","0","Units",,,252796,,
"USA148","Durham","T_T","Population, All ages. Administrative data","2008","2008","PER","Persons","0","Units",,,259356,,
"USA148","Durham","T_T","Population, All ages. Administrative data","2009","2009","PER","Persons","0","Units",,,265356,,
"USA148","Durham","T_T","Population, All ages. Administrative data","2010","2010","PER","Persons","0","Units",,,271327,,
"USA148","Durham","T_T","Population, All ages. Administrative data","2011","2011","PER","Persons","0","Units",,,276881,,
"USA148","Durham","T_T","Population, All ages. Administrative data","2012","2012","PER","Persons","0","Units",,,282996,,
"USA148","Durham","T_T","Population, All ages. Administrative data","2013","2013","PER","Persons","0","Units",,,288960,,
"USA148","Durham","T_T","Population, All ages. Administrative data","2014","2014","PER","Persons","0","Units",,,295462,,
"USA148","Durham","T_T","Population, All ages. Administrative data","2015","2015","PER","Persons","0","Units",,,301174,,
"USA148","Durham","T_T","Population, All ages. Administrative data","2016","2016","PER","Persons","0","Units",,,307090,,
"AUS03","Greater Brisbane","T_T","Population, All ages. Administrative data","2001","2001","PER","Persons","0","Units",,,1693556,,
"AUS03","Greater Brisbane","T_T","Population, All ages. Administrative data","2002","2002","PER","Persons","0","Units",,,1735730,,
"AUS03","Greater Brisbane","T_T","Population, All ages. Administrative data","2003","2003","PER","Persons","0","Units",,,1780650,,
"AUS03","Greater Brisbane","T_T","Population, All ages. Administrative data","2004","2004","PER","Persons","0","Units",,,1823496,,
"AUS03","Greater Brisbane","T_T","Population, All ages. Administrative data","2005","2005","PER","Persons","0","Units",,,1866210,,
"AUS03","Greater Brisbane","T_T","Population, All ages. Administrative data","2006","2006","PER","Persons","0","Units",,,1908265,,
"AUS03","Greater Brisbane","T_T","Population, All ages. Administrative data","2007","2007","PER","Persons","0","Units",,,1958907,,
"AUS03","Greater Brisbane","T_T","Population, All ages. Administrative data","2008","2008","PER","Persons","0","Units",,,2012204,,
"AUS03","Greater Brisbane","T_T","Population, All ages. Administrative data","2009","2009","PER","Persons","0","Units",,,2068479,,
"AUS03","Greater Brisbane","T_T","Population, All ages. Administrative data","2010","2010","PER","Persons","0","Units",,,2108348,,
"AUS03","Greater Brisbane","T_T","Population, All ages. Administrative data","2011","2011","PER","Persons","0","Units",,,2147436,,
"AUS03","Greater Brisbane","T_T","Population, All ages. Administrative data","2012","2012","PER","Persons","0","Units",,,2196013,,
"AUS03","Greater Brisbane","T_T","Population, All ages. Administrative data","2013","2013","PER","Persons","0","Units",,,2241079,,
"AUS03","Greater Brisbane","T_T","Population, All ages. Administrative data","2014","2014","PER","Persons","0","Units",,,2281499,,
"AUS03","Greater Brisbane","T_T","Population, All ages. Administrative data","2015","2015","PER","Persons","0","Units",,,2318501,,
"AUS03","Greater Brisbane","T_T","Population, All ages. Administrative data","2016","2016","PER","Persons","0","Units",,,2360241,,
"DE520","Oldenburg (Oldenburg)","T_T","Population, All ages. Administrative data","2001","2001","PER","Persons","0","Units",,,386216,,
"DE520","Oldenburg (Oldenburg)","T_T","Population, All ages. Administrative data","2002","2002","PER","Persons","0","Units",,,390145,,
"DE520","Oldenburg (Oldenburg)","T_T","Population, All ages. Administrative data","2003","2003","PER","Persons","0","Units",,,393979,,
"DE520","Oldenburg (Oldenburg)","T_T","Population, All ages. Administrative data","2004","2004","PER","Persons","0","Units",,,397088,,
"DE520","Oldenburg (Oldenburg)","T_T","Population, All ages. Administrative data","2005","2005","PER","Persons","0","Units",,,398397,,
"DE520","Oldenburg (Oldenburg)","T_T","Population, All ages. Administrative data","2006","2006","PER","Persons","0","Units",,,399828,,
"DE520","Oldenburg (Oldenburg)","T_T","Population, All ages. Administrative data","2007","2007","PER","Persons","0","Units",,,401261,,
"DE520","Oldenburg (Oldenburg)","T_T","Population, All ages. Administrative data","2008","2008","PER","Persons","0","Units",,,402355,,
"DE520","Oldenburg (Oldenburg)","T_T","Population, All ages. Administrative data","2009","2009","PER","Persons","0","Units",,,402938,,
"DE520","Oldenburg (Oldenburg)","T_T","Population, All ages. Administrative data","2010","2010","PER","Persons","0","Units",,,405020,,
"DE520","Oldenburg (Oldenburg)","T_T","Population, All ages. Administrative data","2011","2011","PER","Persons","0","Units",,,398948,,
"DE520","Oldenburg (Oldenburg)","T_T","Population, All ages. Administrative data","2012","2012","PER","Persons","0","Units",,,400516,,
"DE520","Oldenburg (Oldenburg)","T_T","Population, All ages. Administrative data","2013","2013","PER","Persons","0","Units",,,402152,,
"DE520","Oldenburg (Oldenburg)","T_T","Population, All ages. Administrative data","2014","2014","PER","Persons","0","Units",,,403844,,
"DE520","Oldenburg (Oldenburg)","T_T","Population, All ages. Administrative data","2015","2015","PER","Persons","0","Units",,,407207,,
"DE520","Oldenburg (Oldenburg)","T_T","Population, All ages. Administrative data","2016","2016","PER","Persons","0","Units",,,413453,,
"IT505","Reggio nell'Emilia","T_T_SH_NAT","Share of population  in metropolitan area over the national value","2001","2001","RATIO","Ratio","0","Units",,,0.4,,
"IT505","Reggio nell'Emilia","T_T_SH_NAT","Share of population  in metropolitan area over the national value","2002","2002","RATIO","Ratio","0","Units",,,0.4,,
"IT505","Reggio nell'Emilia","T_T_SH_NAT","Share of population  in metropolitan area over the national value","2003","2003","RATIO","Ratio","0","Units",,,0.4,,
"IT505","Reggio nell'Emilia","T_T_SH_NAT","Share of population  in metropolitan area over the national value","2004","2004","RATIO","Ratio","0","Units",,,0.4,,
"IT505","Reggio nell'Emilia","T_T_SH_NAT","Share of population  in metropolitan area over the national value","2005","2005","RATIO","Ratio","0","Units",,,0.4,,
"IT505","Reggio nell'Emilia","T_T_SH_NAT","Share of population  in metropolitan area over the national value","2006","2006","RATIO","Ratio","0","Units",,,0.4,,
"IT505","Reggio nell'Emilia","T_T_SH_NAT","Share of population  in metropolitan area over the national value","2007","2007","RATIO","Ratio","0","Units",,,0.4,,
"IT505","Reggio nell'Emilia","T_T_SH_NAT","Share of population  in metropolitan area over the national value","2008","2008","RATIO","Ratio","0","Units",,,0.5,,
"IT505","Reggio nell'Emilia","T_T_SH_NAT","Share of population  in metropolitan area over the national value","2009","2009","RATIO","Ratio","0","Units",,,0.5,,
"IT505","Reggio nell'Emilia","T_T_SH_NAT","Share of population  in metropolitan area over the national value","2010","2010","RATIO","Ratio","0","Units",,,0.5,,
"IT505","Reggio nell'Emilia","T_T_SH_NAT","Share of population  in metropolitan area over the national value","2011","2011","RATIO","Ratio","0","Units",,,0.5,,
"IT505","Reggio nell'Emilia","T_T_SH_NAT","Share of population  in metropolitan area over the national value","2012","2012","RATIO","Ratio","0","Units",,,0.5,,
"IT505","Reggio nell'Emilia","T_T_SH_NAT","Share of population  in metropolitan area over the national value","2013","2013","RATIO","Ratio","0","Units",,,0.5,,
"IT505","Reggio nell'Emilia","T_T_SH_NAT","Share of population  in metropolitan area over the national value","2014","2014","RATIO","Ratio","0","Units",,,0.5,,
"IT505","Reggio nell'Emilia","T_T_SH_NAT","Share of population  in metropolitan area over the national value","2015","2015","RATIO","Ratio","0","Units",,,0.5,,
"IT505","Reggio nell'Emilia","T_T_SH_NAT","Share of population  in metropolitan area over the national value","2016","2016","RATIO","Ratio","0","Units",,,0.5,,
"DE033","Augsburg","T_T_SH_NAT","Share of population  in metropolitan area over the national value","2001","2001","RATIO","Ratio","0","Units",,,0.8,,
"DE033","Augsburg","T_T_SH_NAT","Share of population  in metropolitan area over the national value","2002","2002","RATIO","Ratio","0","Units",,,0.8,,
"DE033","Augsburg","T_T_SH_NAT","Share of population  in metropolitan area over the national value","2003","2003","RATIO","Ratio","0","Units",,,0.8,,
"DE033","Augsburg","T_T_SH_NAT","Share of population  in metropolitan area over the national value","2004","2004","RATIO","Ratio","0","Units",,,0.8,,
"DE033","Augsburg","T_T_SH_NAT","Share of population  in metropolitan area over the national value","2005","2005","RATIO","Ratio","0","Units",,,0.8,,
"DE033","Augsburg","T_T_SH_NAT","Share of population  in metropolitan area over the national value","2006","2006","RATIO","Ratio","0","Units",,,0.8,,
"DE033","Augsburg","T_T_SH_NAT","Share of population  in metropolitan area over the national value","2007","2007","RATIO","Ratio","0","Units",,,0.8,,
"DE033","Augsburg","T_T_SH_NAT","Share of population  in metropolitan area over the national value","2008","2008","RATIO","Ratio","0","Units",,,0.8,,
"DE033","Augsburg","T_T_SH_NAT","Share of population  in metropolitan area over the national value","2009","2009","RATIO","Ratio","0","Units",,,0.8,,
"DE033","Augsburg","T_T_SH_NAT","Share of population  in metropolitan area over the national value","2010","2010","RATIO","Ratio","0","Units",,,0.8,,
"DE033","Augsburg","T_T_SH_NAT","Share of population  in metropolitan area over the national value","2011","2011","RATIO","Ratio","0","Units",,,0.8,,
"DE033","Augsburg","T_T_SH_NAT","Share of population  in metropolitan area over the national value","2012","2012","RATIO","Ratio","0","Units",,,0.8,,
"DE033","Augsburg","T_T_SH_NAT","Share of population  in metropolitan area over the national value","2013","2013","RATIO","Ratio","0","Units",,,0.8,,
"DE033","Augsburg","T_T_SH_NAT","Share of population  in metropolitan area over the national value","2014","2014","RATIO","Ratio","0","Units",,,0.8,,
"DE033","Augsburg","T_T_SH_NAT","Share of population  in metropolitan area over the national value","2015","2015","RATIO","Ratio","0","Units",,,0.8,,
"DE033","Augsburg","T_T_SH_NAT","Share of population  in metropolitan area over the national value","2016","2016","RATIO","Ratio","0","Units",,,0.8,,
"FR038","Le Mans","POP_DEN","Population density (pop. per km2)","2000","2000","PER","Persons","0","Units",,,148,,
"FR038","Le Mans","POP_DEN","Population density (pop. per km2)","2001","2001","PER","Persons","0","Units",,,149,,
"FR038","Le Mans","POP_DEN","Population density (pop. per km2)","2002","2002","PER","Persons","0","Units",,,150,,
"FR038","Le Mans","POP_DEN","Population density (pop. per km2)","2003","2003","PER","Persons","0","Units",,,151,,
"FR038","Le Mans","POP_DEN","Population density (pop. per km2)","2004","2004","PER","Persons","0","Units",,,152,,
"FR038","Le Mans","POP_DEN","Population density (pop. per km2)","2005","2005","PER","Persons","0","Units",,,152,,
"FR038","Le Mans","POP_DEN","Population density (pop. per km2)","2006","2006","PER","Persons","0","Units",,,153,,
"FR038","Le Mans","POP_DEN","Population density (pop. per km2)","2007","2007","PER","Persons","0","Units",,,154,,
"FR038","Le Mans","POP_DEN","Population density (pop. per km2)","2008","2008","PER","Persons","0","Units",,,155,,
"FR038","Le Mans","POP_DEN","Population density (pop. per km2)","2009","2009","PER","Persons","0","Units",,,156,,
"FR038","Le Mans","POP_DEN","Population density (pop. per km2)","2010","2010","PER","Persons","0","Units",,,157,,
"FR038","Le Mans","POP_DEN","Population density (pop. per km2)","2011","2011","PER","Persons","0","Units",,,157,,
"FR038","Le Mans","POP_DEN","Population density (pop. per km2)","2012","2012","PER","Persons","0","Units",,,158,,
"FR038","Le Mans","POP_DEN","Population density (pop. per km2)","2013","2013","PER","Persons","0","Units",,,159,,
"FR038","Le Mans","POP_DEN","Population density (pop. per km2)","2014","2014","PER","Persons","0","Units",,,159,,
"FR038","Le Mans","POP_DEN","Population density (pop. per km2)","2015","2015","PER","Persons","0","Units",,,160,,
"DE043","Rostock","T_T_SH_NAT","Share of population  in metropolitan area over the national value","2001","2001","RATIO","Ratio","0","Units",,,0.5,,
"DE043","Rostock","T_T_SH_NAT","Share of population  in metropolitan area over the national value","2002","2002","RATIO","Ratio","0","Units",,,0.5,,
"DE043","Rostock","T_T_SH_NAT","Share of population  in metropolitan area over the national value","2003","2003","RATIO","Ratio","0","Units",,,0.5,,
"DE043","Rostock","T_T_SH_NAT","Share of population  in metropolitan area over the national value","2004","2004","RATIO","Ratio","0","Units",,,0.5,,
"DE043","Rostock","T_T_SH_NAT","Share of population  in metropolitan area over the national value","2005","2005","RATIO","Ratio","0","Units",,,0.5,,
"DE043","Rostock","T_T_SH_NAT","Share of population  in metropolitan area over the national value","2006","2006","RATIO","Ratio","0","Units",,,0.5,,
"DE043","Rostock","T_T_SH_NAT","Share of population  in metropolitan area over the national value","2007","2007","RATIO","Ratio","0","Units",,,0.5,,
"DE043","Rostock","T_T_SH_NAT","Share of population  in metropolitan area over the national value","2008","2008","RATIO","Ratio","0","Units",,,0.5,,
"DE043","Rostock","T_T_SH_NAT","Share of population  in metropolitan area over the national value","2009","2009","RATIO","Ratio","0","Units",,,0.5,,
"DE043","Rostock","T_T_SH_NAT","Share of population  in metropolitan area over the national value","2010","2010","RATIO","Ratio","0","Units",,,0.5,,
"DE043","Rostock","T_T_SH_NAT","Share of population  in metropolitan area over the national value","2011","2011","RATIO","Ratio","0","Units",,,0.5,,
"DE043","Rostock","T_T_SH_NAT","Share of population  in metropolitan area over the national value","2012","2012","RATIO","Ratio","0","Units",,,0.5,,
"DE043","Rostock","T_T_SH_NAT","Share of population  in metropolitan area over the national value","2013","2013","RATIO","Ratio","0","Units",,,0.5,,
"DE043","Rostock","T_T_SH_NAT","Share of population  in metropolitan area over the national value","2014","2014","RATIO","Ratio","0","Units",,,0.5,,
"DE043","Rostock","T_T_SH_NAT","Share of population  in metropolitan area over the national value","2015","2015","RATIO","Ratio","0","Units",,,0.5,,
"DE043","Rostock","T_T_SH_NAT","Share of population  in metropolitan area over the national value","2016","2016","RATIO","Ratio","0","Units",,,0.5,,
"COL01","Bogota D.C.","T_T","Population, All ages. Administrative data","2000","2000","PER","Persons","0","Units",,,6916466,,
"COL01","Bogota D.C.","T_T","Population, All ages. Administrative data","2001","2001","PER","Persons","0","Units",,,7052219,,
"COL01","Bogota D.C.","T_T","Population, All ages. Administrative data","2002","2002","PER","Persons","0","Units",,,7187972,,
"COL01","Bogota D.C.","T_T","Population, All ages. Administrative data","2003","2003","PER","Persons","0","Units",,,7323724,,
"COL01","Bogota D.C.","T_T","Population, All ages. Administrative data","2004","2004","PER","Persons","0","Units",,,7459477,,
"COL01","Bogota D.C.","T_T","Population, All ages. Administrative data","2005","2005","PER","Persons","0","Units",,,7595230,,
"COL01","Bogota D.C.","T_T","Population, All ages. Administrative data","2006","2006","PER","Persons","0","Units",,,7730982,,
"COL01","Bogota D.C.","T_T","Population, All ages. Administrative data","2007","2007","PER","Persons","0","Units",,,7866735,,
"COL01","Bogota D.C.","T_T","Population, All ages. Administrative data","2008","2008","PER","Persons","0","Units",,,8002488,,
"COL01","Bogota D.C.","T_T","Population, All ages. Administrative data","2009","2009","PER","Persons","0","Units",,,8138240,,
"COL01","Bogota D.C.","T_T","Population, All ages. Administrative data","2010","2010","PER","Persons","0","Units",,,8273993,,
"COL01","Bogota D.C.","T_T","Population, All ages. Administrative data","2011","2011","PER","Persons","0","Units",,,8409746,,
"COL01","Bogota D.C.","T_T","Population, All ages. Administrative data","2012","2012","PER","Persons","0","Units",,,8545498,,
"COL01","Bogota D.C.","T_T","Population, All ages. Administrative data","2013","2013","PER","Persons","0","Units",,,8681251,,
"COL01","Bogota D.C.","T_T","Population, All ages. Administrative data","2014","2014","PER","Persons","0","Units",,,8817004,,
"COL01","Bogota D.C.","T_T","Population, All ages. Administrative data","2015","2015","PER","Persons","0","Units",,,8952756,,
"USA61","Worcester","POP_DEN","Population density (pop. per km2)","2000","2000","PER","Persons","0","Units",,,184,,
"USA61","Worcester","POP_DEN","Population density (pop. per km2)","2001","2001","PER","Persons","0","Units",,,186,,
"USA61","Worcester","POP_DEN","Population density (pop. per km2)","2002","2002","PER","Persons","0","Units",,,188,,
"USA61","Worcester","POP_DEN","Population density (pop. per km2)","2003","2003","PER","Persons","0","Units",,,189,,
"USA61","Worcester","POP_DEN","Population density (pop. per km2)","2004","2004","PER","Persons","0","Units",,,190,,
"USA61","Worcester","POP_DEN","Population density (pop. per km2)","2005","2005","PER","Persons","0","Units",,,191,,
"USA61","Worcester","POP_DEN","Population density (pop. per km2)","2006","2006","PER","Persons","0","Units",,,192,,
"USA61","Worcester","POP_DEN","Population density (pop. per km2)","2007","2007","PER","Persons","0","Units",,,193,,
"USA61","Worcester","POP_DEN","Population density (pop. per km2)","2008","2008","PER","Persons","0","Units",,,193,,
"USA61","Worcester","POP_DEN","Population density (pop. per km2)","2009","2009","PER","Persons","0","Units",,,194,,
"USA61","Worcester","POP_DEN","Population density (pop. per km2)","2010","2010","PER","Persons","0","Units",,,196,,
"USA61","Worcester","POP_DEN","Population density (pop. per km2)","2011","2011","PER","Persons","0","Units",,,196,,
"USA61","Worcester","POP_DEN","Population density (pop. per km2)","2012","2012","PER","Persons","0","Units",,,197,,
"USA61","Worcester","POP_DEN","Population density (pop. per km2)","2013","2013","PER","Persons","0","Units",,,198,,
"USA61","Worcester","POP_DEN","Population density (pop. per km2)","2014","2014","PER","Persons","0","Units",,,199,,
"USA61","Worcester","POP_DEN","Population density (pop. per km2)","2015","2015","PER","Persons","0","Units",,,200,,
"USA61","Worcester","POP_DEN","Population density (pop. per km2)","2016","2016","PER","Persons","0","Units",,,201,,
"PL014","Olsztyn","T_T","Population, All ages. Administrative data","2000","2000","PER","Persons","0","Units",,,243472,,
"PL014","Olsztyn","T_T","Population, All ages. Administrative data","2001","2001","PER","Persons","0","Units",,,243671,,
"PL014","Olsztyn","T_T","Population, All ages. Administrative data","2002","2002","PER","Persons","0","Units",,,244077,,
"PL014","Olsztyn","T_T","Population, All ages. Administrative data","2003","2003","PER","Persons","0","Units",,,245495,,
"PL014","Olsztyn","T_T","Population, All ages. Administrative data","2004","2004","PER","Persons","0","Units",,,247052,,
"PL014","Olsztyn","T_T","Population, All ages. Administrative data","2005","2005","PER","Persons","0","Units",,,248653,,
"PL014","Olsztyn","T_T","Population, All ages. Administrative data","2006","2006","PER","Persons","0","Units",,,249768,,
"PL014","Olsztyn","T_T","Population, All ages. Administrative data","2007","2007","PER","Persons","0","Units",,,251408,,
"PL014","Olsztyn","T_T","Population, All ages. Administrative data","2008","2008","PER","Persons","0","Units",,,253019,,
"PL014","Olsztyn","T_T","Population, All ages. Administrative data","2009","2009","PER","Persons","0","Units",,,254565,,
"PL014","Olsztyn","T_T","Population, All ages. Administrative data","2010","2010","PER","Persons","0","Units",,,255797,,
"PL014","Olsztyn","T_T","Population, All ages. Administrative data","2011","2011","PER","Persons","0","Units",,,256944,,
"PL014","Olsztyn","T_T","Population, All ages. Administrative data","2012","2012","PER","Persons","0","Units",,,257080,,
"PL014","Olsztyn","T_T","Population, All ages. Administrative data","2013","2013","PER","Persons","0","Units",,,258065,,
"PL014","Olsztyn","T_T","Population, All ages. Administrative data","2014","2014","PER","Persons","0","Units",,,257858,,
"PL014","Olsztyn","T_T","Population, All ages. Administrative data","2015","2015","PER","Persons","0","Units",,,258109,,
"PL014","Olsztyn","T_T","Population, All ages. Administrative data","2016","2016","PER","Persons","0","Units",,,258512,,
"CAN08","Winnipeg","POP_DEN","Population density (pop. per km2)","2000","2000","PER","Persons","0","Units",,,55,,
"CAN08","Winnipeg","POP_DEN","Population density (pop. per km2)","2001","2001","PER","Persons","0","Units",,,56,,
"CAN08","Winnipeg","POP_DEN","Population density (pop. per km2)","2002","2002","PER","Persons","0","Units",,,56,,
"CAN08","Winnipeg","POP_DEN","Population density (pop. per km2)","2003","2003","PER","Persons","0","Units",,,56,,
"CAN08","Winnipeg","POP_DEN","Population density (pop. per km2)","2004","2004","PER","Persons","0","Units",,,57,,
"CAN08","Winnipeg","POP_DEN","Population density (pop. per km2)","2005","2005","PER","Persons","0","Units",,,57,,
"CAN08","Winnipeg","POP_DEN","Population density (pop. per km2)","2006","2006","PER","Persons","0","Units",,,57,,
"CAN08","Winnipeg","POP_DEN","Population density (pop. per km2)","2007","2007","PER","Persons","0","Units",,,58,,
"CAN08","Winnipeg","POP_DEN","Population density (pop. per km2)","2008","2008","PER","Persons","0","Units",,,58,,
"CAN08","Winnipeg","POP_DEN","Population density (pop. per km2)","2009","2009","PER","Persons","0","Units",,,58,,
"CAN08","Winnipeg","POP_DEN","Population density (pop. per km2)","2010","2010","PER","Persons","0","Units",,,58,,
"CAN08","Winnipeg","POP_DEN","Population density (pop. per km2)","2011","2011","PER","Persons","0","Units",,,58,,
"CAN08","Winnipeg","POP_DEN","Population density (pop. per km2)","2012","2012","PER","Persons","0","Units",,,59,,
"CAN08","Winnipeg","POP_DEN","Population density (pop. per km2)","2013","2013","PER","Persons","0","Units",,,60,,
"CAN08","Winnipeg","POP_DEN","Population density (pop. per km2)","2014","2014","PER","Persons","0","Units",,,61,,
"CAN08","Winnipeg","POP_DEN","Population density (pop. per km2)","2015","2015","PER","Persons","0","Units",,,61,,
"CAN08","Winnipeg","POP_DEN","Population density (pop. per km2)","2016","2016","PER","Persons","0","Units",,,62,,
"USA98","Greenville","T_T_SH_NAT","Share of population  in metropolitan area over the national value","2001","2001","RATIO","Ratio","0","Units",,,0.1,,
"USA98","Greenville","T_T_SH_NAT","Share of population  in metropolitan area over the national value","2002","2002","RATIO","Ratio","0","Units",,,0.1,,
"USA98","Greenville","T_T_SH_NAT","Share of population  in metropolitan area over the national value","2003","2003","RATIO","Ratio","0","Units",,,0.1,,
"USA98","Greenville","T_T_SH_NAT","Share of population  in metropolitan area over the national value","2004","2004","RATIO","Ratio","0","Units",,,0.1,,
"USA98","Greenville","T_T_SH_NAT","Share of population  in metropolitan area over the national value","2005","2005","RATIO","Ratio","0","Units",,,0.1,,
"USA98","Greenville","T_T_SH_NAT","Share of population  in metropolitan area over the national value","2006","2006","RATIO","Ratio","0","Units",,,0.1,,
"USA98","Greenville","T_T_SH_NAT","Share of population  in metropolitan area over the national value","2007","2007","RATIO","Ratio","0","Units",,,0.1,,
"USA98","Greenville","T_T_SH_NAT","Share of population  in metropolitan area over the national value","2008","2008","RATIO","Ratio","0","Units",,,0.1,,
"USA98","Greenville","T_T_SH_NAT","Share of population  in metropolitan area over the national value","2009","2009","RATIO","Ratio","0","Units",,,0.1,,
"USA98","Greenville","T_T_SH_NAT","Share of population  in metropolitan area over the national value","2010","2010","RATIO","Ratio","0","Units",,,0.1,,
"USA98","Greenville","T_T_SH_NAT","Share of population  in metropolitan area over the national value","2011","2011","RATIO","Ratio","0","Units",,,0.1,,
"USA98","Greenville","T_T_SH_NAT","Share of population  in metropolitan area over the national value","2012","2012","RATIO","Ratio","0","Units",,,0.1,,
"USA98","Greenville","T_T_SH_NAT","Share of population  in metropolitan area over the national value","2013","2013","RATIO","Ratio","0","Units",,,0.1,,
"USA98","Greenville","T_T_SH_NAT","Share of population  in metropolitan area over the national value","2014","2014","RATIO","Ratio","0","Units",,,0.1,,
"USA98","Greenville","T_T_SH_NAT","Share of population  in metropolitan area over the national value","2015","2015","RATIO","Ratio","0","Units",,,0.1,,
"USA98","Greenville","T_T_SH_NAT","Share of population  in metropolitan area over the national value","2016","2016","RATIO","Ratio","0","Units",,,0.1,,
"IT005","Palermo","POP_DEN","Population density (pop. per km2)","2000","2000","PER","Persons","0","Units",,,671,,
"IT005","Palermo","POP_DEN","Population density (pop. per km2)","2001","2001","PER","Persons","0","Units",,,671,,
"IT005","Palermo","POP_DEN","Population density (pop. per km2)","2002","2002","PER","Persons","0","Units",,,671,,
"IT005","Palermo","POP_DEN","Population density (pop. per km2)","2003","2003","PER","Persons","0","Units",,,671,,
"IT005","Palermo","POP_DEN","Population density (pop. per km2)","2004","2004","PER","Persons","0","Units",,,671,,
"IT005","Palermo","POP_DEN","Population density (pop. per km2)","2005","2005","PER","Persons","0","Units",,,672,,
"IT005","Palermo","POP_DEN","Population density (pop. per km2)","2006","2006","PER","Persons","0","Units",,,672,,
"IT005","Palermo","POP_DEN","Population density (pop. per km2)","2007","2007","PER","Persons","0","Units",,,672,,
"IT005","Palermo","POP_DEN","Population density (pop. per km2)","2008","2008","PER","Persons","0","Units",,,672,,
"IT005","Palermo","POP_DEN","Population density (pop. per km2)","2009","2009","PER","Persons","0","Units",,,672,,
"IT005","Palermo","POP_DEN","Population density (pop. per km2)","2010","2010","PER","Persons","0","Units",,,672,,
"IT005","Palermo","POP_DEN","Population density (pop. per km2)","2011","2011","PER","Persons","0","Units",,,672,,
"IT005","Palermo","POP_DEN","Population density (pop. per km2)","2012","2012","PER","Persons","0","Units",,,672,,
"IT005","Palermo","POP_DEN","Population density (pop. per km2)","2013","2013","PER","Persons","0","Units",,,673,,
"IT005","Palermo","POP_DEN","Population density (pop. per km2)","2014","2014","PER","Persons","0","Units",,,694,,
"IT005","Palermo","POP_DEN","Population density (pop. per km2)","2015","2015","PER","Persons","0","Units",,,695,,
"IT005","Palermo","POP_DEN","Population density (pop. per km2)","2016","2016","PER","Persons","0","Units",,,693,,
"UK557","Blackburn with Darwen","T_T_SH_NAT","Share of population  in metropolitan area over the national value","2001","2001","RATIO","Ratio","0","Units",,,0.5,,
"UK557","Blackburn with Darwen","T_T_SH_NAT","Share of population  in metropolitan area over the national value","2002","2002","RATIO","Ratio","0","Units",,,0.5,,
"UK557","Blackburn with Darwen","T_T_SH_NAT","Share of population  in metropolitan area over the national value","2003","2003","RATIO","Ratio","0","Units",,,0.5,,
"UK557","Blackburn with Darwen","T_T_SH_NAT","Share of population  in metropolitan area over the national value","2004","2004","RATIO","Ratio","0","Units",,,0.5,,
"UK557","Blackburn with Darwen","T_T_SH_NAT","Share of population  in metropolitan area over the national value","2005","2005","RATIO","Ratio","0","Units",,,0.5,,
"UK557","Blackburn with Darwen","T_T_SH_NAT","Share of population  in metropolitan area over the national value","2006","2006","RATIO","Ratio","0","Units",,,0.5,,
"UK557","Blackburn with Darwen","T_T_SH_NAT","Share of population  in metropolitan area over the national value","2007","2007","RATIO","Ratio","0","Units",,,0.5,,
"UK557","Blackburn with Darwen","T_T_SH_NAT","Share of population  in metropolitan area over the national value","2008","2008","RATIO","Ratio","0","Units",,,0.5,,
"UK557","Blackburn with Darwen","T_T_SH_NAT","Share of population  in metropolitan area over the national value","2009","2009","RATIO","Ratio","0","Units",,,0.5,,
"UK557","Blackburn with Darwen","T_T_SH_NAT","Share of population  in metropolitan area over the national value","2010","2010","RATIO","Ratio","0","Units",,,0.5,,
"UK557","Blackburn with Darwen","T_T_SH_NAT","Share of population  in metropolitan area over the national value","2011","2011","RATIO","Ratio","0","Units",,,0.5,,
"UK557","Blackburn with Darwen","T_T_SH_NAT","Share of population  in metropolitan area over the national value","2012","2012","RATIO","Ratio","0","Units",,,0.5,,
"UK557","Blackburn with Darwen","T_T_SH_NAT","Share of population  in metropolitan area over the national value","2013","2013","RATIO","Ratio","0","Units",,,0.5,,
"UK557","Blackburn with Darwen","T_T_SH_NAT","Share of population  in metropolitan area over the national value","2014","2014","RATIO","Ratio","0","Units",,,0.4,,
"UK557","Blackburn with Darwen","T_T_SH_NAT","Share of population  in metropolitan area over the national value","2015","2015","RATIO","Ratio","0","Units",,,0.4,,
"UK557","Blackburn with Darwen","T_T_SH_NAT","Share of population  in metropolitan area over the national value","2016","2016","RATIO","Ratio","0","Units",,,0.4,,
"USA11","Boston","POP_DEN","Population density (pop. per km2)","2000","2000","PER","Persons","0","Units",,,602,,
"USA11","Boston","POP_DEN","Population density (pop. per km2)","2001","2001","PER","Persons","0","Units",,,605,,
"USA11","Boston","POP_DEN","Population density (pop. per km2)","2002","2002","PER","Persons","0","Units",,,606,,
"USA11","Boston","POP_DEN","Population density (pop. per km2)","2003","2003","PER","Persons","0","Units",,,605,,
"USA11","Boston","POP_DEN","Population density (pop. per km2)","2004","2004","PER","Persons","0","Units",,,603,,
"USA11","Boston","POP_DEN","Population density (pop. per km2)","2005","2005","PER","Persons","0","Units",,,601,,
"USA11","Boston","POP_DEN","Population density (pop. per km2)","2006","2006","PER","Persons","0","Units",,,602,,
"USA11","Boston","POP_DEN","Population density (pop. per km2)","2007","2007","PER","Persons","0","Units",,,605,,
"USA11","Boston","POP_DEN","Population density (pop. per km2)","2008","2008","PER","Persons","0","Units",,,610,,
"USA11","Boston","POP_DEN","Population density (pop. per km2)","2009","2009","PER","Persons","0","Units",,,617,,
"USA11","Boston","POP_DEN","Population density (pop. per km2)","2010","2010","PER","Persons","0","Units",,,622,,
"USA11","Boston","POP_DEN","Population density (pop. per km2)","2011","2011","PER","Persons","0","Units",,,628,,
"USA11","Boston","POP_DEN","Population density (pop. per km2)","2012","2012","PER","Persons","0","Units",,,635,,
"USA11","Boston","POP_DEN","Population density (pop. per km2)","2013","2013","PER","Persons","0","Units",,,642,,
"USA11","Boston","POP_DEN","Population density (pop. per km2)","2014","2014","PER","Persons","0","Units",,,647,,
"USA11","Boston","POP_DEN","Population density (pop. per km2)","2015","2015","PER","Persons","0","Units",,,652,,
"USA11","Boston","POP_DEN","Population density (pop. per km2)","2016","2016","PER","Persons","0","Units",,,656,,
"COL14","Villavicencio","T_T","Population, All ages. Administrative data","2000","2000","PER","Persons","0","Units",,,337766,,
"COL14","Villavicencio","T_T","Population, All ages. Administrative data","2001","2001","PER","Persons","0","Units",,,346034,,
"COL14","Villavicencio","T_T","Population, All ages. Administrative data","2002","2002","PER","Persons","0","Units",,,354302,,
"COL14","Villavicencio","T_T","Population, All ages. Administrative data","2003","2003","PER","Persons","0","Units",,,362570,,
"COL14","Villavicencio","T_T","Population, All ages. Administrative data","2004","2004","PER","Persons","0","Units",,,370838,,
"COL14","Villavicencio","T_T","Population, All ages. Administrative data","2005","2005","PER","Persons","0","Units",,,379106,,
"COL14","Villavicencio","T_T","Population, All ages. Administrative data","2006","2006","PER","Persons","0","Units",,,387374,,
"COL14","Villavicencio","T_T","Population, All ages. Administrative data","2007","2007","PER","Persons","0","Units",,,395642,,
"COL14","Villavicencio","T_T","Population, All ages. Administrative data","2008","2008","PER","Persons","0","Units",,,403911,,
"COL14","Villavicencio","T_T","Population, All ages. Administrative data","2009","2009","PER","Persons","0","Units",,,412179,,
"COL14","Villavicencio","T_T","Population, All ages. Administrative data","2010","2010","PER","Persons","0","Units",,,420447,,
"COL14","Villavicencio","T_T","Population, All ages. Administrative data","2011","2011","PER","Persons","0","Units",,,428715,,
"COL14","Villavicencio","T_T","Population, All ages. Administrative data","2012","2012","PER","Persons","0","Units",,,436983,,
"COL14","Villavicencio","T_T","Population, All ages. Administrative data","2013","2013","PER","Persons","0","Units",,,445251,,
"COL14","Villavicencio","T_T","Population, All ages. Administrative data","2014","2014","PER","Persons","0","Units",,,453519,,
"COL14","Villavicencio","T_T","Population, All ages. Administrative data","2015","2015","PER","Persons","0","Units",,,461787,,
"MEX44","Coatzacoalcos","T_T","Population, All ages. Administrative data","2000","2000","PER","Persons","0","Units",,,301918,,
"MEX44","Coatzacoalcos","T_T","Population, All ages. Administrative data","2005","2005","PER","Persons","0","Units",,,304604,,
"MEX44","Coatzacoalcos","T_T","Population, All ages. Administrative data","2010","2010","PER","Persons","0","Units",,,331239,,
"MEX44","Coatzacoalcos","T_T","Population, All ages. Administrative data","2015","2015","PER","Persons","0","Units",,,371131,,
"USA29","Sacramento","T_T_SH_NAT","Share of population  in metropolitan area over the national value","2001","2001","RATIO","Ratio","0","Units",,,0.7,,
"USA29","Sacramento","T_T_SH_NAT","Share of population  in metropolitan area over the national value","2002","2002","RATIO","Ratio","0","Units",,,0.7,,
"USA29","Sacramento","T_T_SH_NAT","Share of population  in metropolitan area over the national value","2003","2003","RATIO","Ratio","0","Units",,,0.7,,
"USA29","Sacramento","T_T_SH_NAT","Share of population  in metropolitan area over the national value","2004","2004","RATIO","Ratio","0","Units",,,0.7,,
"USA29","Sacramento","T_T_SH_NAT","Share of population  in metropolitan area over the national value","2005","2005","RATIO","Ratio","0","Units",,,0.7,,
"USA29","Sacramento","T_T_SH_NAT","Share of population  in metropolitan area over the national value","2006","2006","RATIO","Ratio","0","Units",,,0.7,,
"USA29","Sacramento","T_T_SH_NAT","Share of population  in metropolitan area over the national value","2007","2007","RATIO","Ratio","0","Units",,,0.7,,
"USA29","Sacramento","T_T_SH_NAT","Share of population  in metropolitan area over the national value","2008","2008","RATIO","Ratio","0","Units",,,0.7,,
"USA29","Sacramento","T_T_SH_NAT","Share of population  in metropolitan area over the national value","2009","2009","RATIO","Ratio","0","Units",,,0.7,,
"USA29","Sacramento","T_T_SH_NAT","Share of population  in metropolitan area over the national value","2010","2010","RATIO","Ratio","0","Units",,,0.7,,
"USA29","Sacramento","T_T_SH_NAT","Share of population  in metropolitan area over the national value","2011","2011","RATIO","Ratio","0","Units",,,0.7,,
"USA29","Sacramento","T_T_SH_NAT","Share of population  in metropolitan area over the national value","2012","2012","RATIO","Ratio","0","Units",,,0.7,,
"USA29","Sacramento","T_T_SH_NAT","Share of population  in metropolitan area over the national value","2013","2013","RATIO","Ratio","0","Units",,,0.7,,
"USA29","Sacramento","T_T_SH_NAT","Share of population  in metropolitan area over the national value","2014","2014","RATIO","Ratio","0","Units",,,0.7,,
"USA29","Sacramento","T_T_SH_NAT","Share of population  in metropolitan area over the national value","2015","2015","RATIO","Ratio","0","Units",,,0.7,,
"USA29","Sacramento","T_T_SH_NAT","Share of population  in metropolitan area over the national value","2016","2016","RATIO","Ratio","0","Units",,,0.7,,
"CAN06","Edmonton","T_T","Population, All ages. Administrative data","2000","2000","PER","Persons","0","Units",,,981054,,
"CAN06","Edmonton","T_T","Population, All ages. Administrative data","2001","2001","PER","Persons","0","Units",,,995705,,
"CAN06","Edmonton","T_T","Population, All ages. Administrative data","2002","2002","PER","Persons","0","Units",,,1017837,,
"CAN06","Edmonton","T_T","Population, All ages. Administrative data","2003","2003","PER","Persons","0","Units",,,1034067,,
"CAN06","Edmonton","T_T","Population, All ages. Administrative data","2004","2004","PER","Persons","0","Units",,,1049899,,
"CAN06","Edmonton","T_T","Population, All ages. Administrative data","2005","2005","PER","Persons","0","Units",,,1074739,,
"CAN06","Edmonton","T_T","Population, All ages. Administrative data","2006","2006","PER","Persons","0","Units",,,1107362,,
"CAN06","Edmonton","T_T","Population, All ages. Administrative data","2007","2007","PER","Persons","0","Units",,,1137658,,
"CAN06","Edmonton","T_T","Population, All ages. Administrative data","2008","2008","PER","Persons","0","Units",,,1165117,,
"CAN06","Edmonton","T_T","Population, All ages. Administrative data","2009","2009","PER","Persons","0","Units",,,1195161,,
"CAN06","Edmonton","T_T","Population, All ages. Administrative data","2010","2010","PER","Persons","0","Units",,,1193680,,
"CAN06","Edmonton","T_T","Population, All ages. Administrative data","2011","2011","PER","Persons","0","Units",,,1192200,,
"CAN06","Edmonton","T_T","Population, All ages. Administrative data","2012","2012","PER","Persons","0","Units",,,1224752,,
"CAN06","Edmonton","T_T","Population, All ages. Administrative data","2013","2013","PER","Persons","0","Units",,,1257304,,
"CAN06","Edmonton","T_T","Population, All ages. Administrative data","2014","2014","PER","Persons","0","Units",,,1289856,,
"CAN06","Edmonton","T_T","Population, All ages. Administrative data","2015","2015","PER","Persons","0","Units",,,1322408,,
"CAN06","Edmonton","T_T","Population, All ages. Administrative data","2016","2016","PER","Persons","0","Units",,,1354960,,
"DE037","Mainz","POP_DEN","Population density (pop. per km2)","2001","2001","PER","Persons","0","Units",,,538,,
"DE037","Mainz","POP_DEN","Population density (pop. per km2)","2002","2002","PER","Persons","0","Units",,,544,,
"DE037","Mainz","POP_DEN","Population density (pop. per km2)","2003","2003","PER","Persons","0","Units",,,548,,
"DE037","Mainz","POP_DEN","Population density (pop. per km2)","2004","2004","PER","Persons","0","Units",,,549,,
"DE037","Mainz","POP_DEN","Population density (pop. per km2)","2005","2005","PER","Persons","0","Units",,,551,,
"DE037","Mainz","POP_DEN","Population density (pop. per km2)","2006","2006","PER","Persons","0","Units",,,563,,
"DE037","Mainz","POP_DEN","Population density (pop. per km2)","2007","2007","PER","Persons","0","Units",,,567,,
"DE037","Mainz","POP_DEN","Population density (pop. per km2)","2008","2008","PER","Persons","0","Units",,,570,,
"DE037","Mainz","POP_DEN","Population density (pop. per km2)","2009","2009","PER","Persons","0","Units",,,569,,
"DE037","Mainz","POP_DEN","Population density (pop. per km2)","2010","2010","PER","Persons","0","Units",,,570,,
"DE037","Mainz","POP_DEN","Population density (pop. per km2)","2011","2011","PER","Persons","0","Units",,,571,,
"DE037","Mainz","POP_DEN","Population density (pop. per km2)","2012","2012","PER","Persons","0","Units",,,574,,
"DE037","Mainz","POP_DEN","Population density (pop. per km2)","2013","2013","PER","Persons","0","Units",,,578,,
"DE037","Mainz","POP_DEN","Population density (pop. per km2)","2014","2014","PER","Persons","0","Units",,,582,,
"DE037","Mainz","POP_DEN","Population density (pop. per km2)","2015","2015","PER","Persons","0","Units",,,587,,
"DE037","Mainz","POP_DEN","Population density (pop. per km2)","2016","2016","PER","Persons","0","Units",,,597,,
"PL011","Bialystok","T_T_SH_NAT","Share of population  in metropolitan area over the national value","2001","2001","RATIO","Ratio","0","Units",,,1.1,,
"PL011","Bialystok","T_T_SH_NAT","Share of population  in metropolitan area over the national value","2002","2002","RATIO","Ratio","0","Units",,,1.1,,
"PL011","Bialystok","T_T_SH_NAT","Share of population  in metropolitan area over the national value","2003","2003","RATIO","Ratio","0","Units",,,1.1,,
"PL011","Bialystok","T_T_SH_NAT","Share of population  in metropolitan area over the national value","2004","2004","RATIO","Ratio","0","Units",,,1.1,,
"PL011","Bialystok","T_T_SH_NAT","Share of population  in metropolitan area over the national value","2005","2005","RATIO","Ratio","0","Units",,,1.1,,
"PL011","Bialystok","T_T_SH_NAT","Share of population  in metropolitan area over the national value","2006","2006","RATIO","Ratio","0","Units",,,1.1,,
"PL011","Bialystok","T_T_SH_NAT","Share of population  in metropolitan area over the national value","2007","2007","RATIO","Ratio","0","Units",,,1.1,,
"PL011","Bialystok","T_T_SH_NAT","Share of population  in metropolitan area over the national value","2008","2008","RATIO","Ratio","0","Units",,,1.1,,
"PL011","Bialystok","T_T_SH_NAT","Share of population  in metropolitan area over the national value","2009","2009","RATIO","Ratio","0","Units",,,1.1,,
"PL011","Bialystok","T_T_SH_NAT","Share of population  in metropolitan area over the national value","2010","2010","RATIO","Ratio","0","Units",,,1.1,,
"PL011","Bialystok","T_T_SH_NAT","Share of population  in metropolitan area over the national value","2011","2011","RATIO","Ratio","0","Units",,,1.1,,
"PL011","Bialystok","T_T_SH_NAT","Share of population  in metropolitan area over the national value","2012","2012","RATIO","Ratio","0","Units",,,1.1,,
"PL011","Bialystok","T_T_SH_NAT","Share of population  in metropolitan area over the national value","2013","2013","RATIO","Ratio","0","Units",,,1.1,,
"PL011","Bialystok","T_T_SH_NAT","Share of population  in metropolitan area over the national value","2014","2014","RATIO","Ratio","0","Units",,,1.1,,
"PL011","Bialystok","T_T_SH_NAT","Share of population  in metropolitan area over the national value","2015","2015","RATIO","Ratio","0","Units",,,1.1,,
"PL011","Bialystok","T_T_SH_NAT","Share of population  in metropolitan area over the national value","2016","2016","RATIO","Ratio","0","Units",,,1.1,,
"BE004","Charleroi","POP_DEN","Population density (pop. per km2)","2000","2000","PER","Persons","0","Units",,,434,,
"BE004","Charleroi","POP_DEN","Population density (pop. per km2)","2001","2001","PER","Persons","0","Units",,,433,,
"BE004","Charleroi","POP_DEN","Population density (pop. per km2)","2002","2002","PER","Persons","0","Units",,,433,,
"BE004","Charleroi","POP_DEN","Population density (pop. per km2)","2003","2003","PER","Persons","0","Units",,,433,,
"BE004","Charleroi","POP_DEN","Population density (pop. per km2)","2004","2004","PER","Persons","0","Units",,,434,,
"BE004","Charleroi","POP_DEN","Population density (pop. per km2)","2005","2005","PER","Persons","0","Units",,,435,,
"BE004","Charleroi","POP_DEN","Population density (pop. per km2)","2006","2006","PER","Persons","0","Units",,,435,,
"BE004","Charleroi","POP_DEN","Population density (pop. per km2)","2007","2007","PER","Persons","0","Units",,,436,,
"BE004","Charleroi","POP_DEN","Population density (pop. per km2)","2008","2008","PER","Persons","0","Units",,,437,,
"BE004","Charleroi","POP_DEN","Population density (pop. per km2)","2009","2009","PER","Persons","0","Units",,,439,,
"BE004","Charleroi","POP_DEN","Population density (pop. per km2)","2010","2010","PER","Persons","0","Units",,,440,,
"BE004","Charleroi","POP_DEN","Population density (pop. per km2)","2011","2011","PER","Persons","0","Units",,,442,,
"BE004","Charleroi","POP_DEN","Population density (pop. per km2)","2012","2012","PER","Persons","0","Units",,,443,,
"BE004","Charleroi","POP_DEN","Population density (pop. per km2)","2013","2013","PER","Persons","0","Units",,,444,,
"BE004","Charleroi","POP_DEN","Population density (pop. per km2)","2014","2014","PER","Persons","0","Units",,,445,,
"BE004","Charleroi","POP_DEN","Population density (pop. per km2)","2015","2015","PER","Persons","0","Units",,,445,,
"BE004","Charleroi","POP_DEN","Population density (pop. per km2)","2016","2016","PER","Persons","0","Units",,,445,,
"USA93","Forsyth","T_T_SH_NAT","Share of population  in metropolitan area over the national value","2001","2001","RATIO","Ratio","0","Units",,,0.1,,
"USA93","Forsyth","T_T_SH_NAT","Share of population  in metropolitan area over the national value","2002","2002","RATIO","Ratio","0","Units",,,0.1,,
"USA93","Forsyth","T_T_SH_NAT","Share of population  in metropolitan area over the national value","2003","2003","RATIO","Ratio","0","Units",,,0.1,,
"USA93","Forsyth","T_T_SH_NAT","Share of population  in metropolitan area over the national value","2004","2004","RATIO","Ratio","0","Units",,,0.1,,
"USA93","Forsyth","T_T_SH_NAT","Share of population  in metropolitan area over the national value","2005","2005","RATIO","Ratio","0","Units",,,0.1,,
"USA93","Forsyth","T_T_SH_NAT","Share of population  in metropolitan area over the national value","2006","2006","RATIO","Ratio","0","Units",,,0.1,,
"USA93","Forsyth","T_T_SH_NAT","Share of population  in metropolitan area over the national value","2007","2007","RATIO","Ratio","0","Units",,,0.1,,
"USA93","Forsyth","T_T_SH_NAT","Share of population  in metropolitan area over the national value","2008","2008","RATIO","Ratio","0","Units",,,0.1,,
"USA93","Forsyth","T_T_SH_NAT","Share of population  in metropolitan area over the national value","2009","2009","RATIO","Ratio","0","Units",,,0.1,,
"USA93","Forsyth","T_T_SH_NAT","Share of population  in metropolitan area over the national value","2010","2010","RATIO","Ratio","0","Units",,,0.1,,
"USA93","Forsyth","T_T_SH_NAT","Share of population  in metropolitan area over the national value","2011","2011","RATIO","Ratio","0","Units",,,0.1,,
"USA93","Forsyth","T_T_SH_NAT","Share of population  in metropolitan area over the national value","2012","2012","RATIO","Ratio","0","Units",,,0.1,,
"USA93","Forsyth","T_T_SH_NAT","Share of population  in metropolitan area over the national value","2013","2013","RATIO","Ratio","0","Units",,,0.1,,
"USA93","Forsyth","T_T_SH_NAT","Share of population  in metropolitan area over the national value","2014","2014","RATIO","Ratio","0","Units",,,0.1,,
"USA93","Forsyth","T_T_SH_NAT","Share of population  in metropolitan area over the national value","2015","2015","RATIO","Ratio","0","Units",,,0.1,,
"USA93","Forsyth","T_T_SH_NAT","Share of population  in metropolitan area over the national value","2016","2016","RATIO","Ratio","0","Units",,,0.1,,
"IT010","Catania","POP_DEN","Population density (pop. per km2)","2000","2000","PER","Persons","0","Units",,,993,,
"IT010","Catania","POP_DEN","Population density (pop. per km2)","2001","2001","PER","Persons","0","Units",,,995,,
"IT010","Catania","POP_DEN","Population density (pop. per km2)","2002","2002","PER","Persons","0","Units",,,998,,
"IT010","Catania","POP_DEN","Population density (pop. per km2)","2003","2003","PER","Persons","0","Units",,,1000,,
"IT010","Catania","POP_DEN","Population density (pop. per km2)","2004","2004","PER","Persons","0","Units",,,1003,,
"IT010","Catania","POP_DEN","Population density (pop. per km2)","2005","2005","PER","Persons","0","Units",,,1006,,
"IT010","Catania","POP_DEN","Population density (pop. per km2)","2006","2006","PER","Persons","0","Units",,,1008,,
"IT010","Catania","POP_DEN","Population density (pop. per km2)","2007","2007","PER","Persons","0","Units",,,1011,,
"IT010","Catania","POP_DEN","Population density (pop. per km2)","2008","2008","PER","Persons","0","Units",,,1013,,
"IT010","Catania","POP_DEN","Population density (pop. per km2)","2009","2009","PER","Persons","0","Units",,,1016,,
"IT010","Catania","POP_DEN","Population density (pop. per km2)","2010","2010","PER","Persons","0","Units",,,1018,,
"IT010","Catania","POP_DEN","Population density (pop. per km2)","2011","2011","PER","Persons","0","Units",,,1021,,
"IT010","Catania","POP_DEN","Population density (pop. per km2)","2012","2012","PER","Persons","0","Units",,,1024,,
"IT010","Catania","POP_DEN","Population density (pop. per km2)","2013","2013","PER","Persons","0","Units",,,1023,,
"IT010","Catania","POP_DEN","Population density (pop. per km2)","2014","2014","PER","Persons","0","Units",,,1077,,
"IT010","Catania","POP_DEN","Population density (pop. per km2)","2015","2015","PER","Persons","0","Units",,,1080,,
"IT010","Catania","POP_DEN","Population density (pop. per km2)","2016","2016","PER","Persons","0","Units",,,1080,,
"DE020","Wiesbaden","T_T","Population, All ages. Administrative data","2001","2001","PER","Persons","0","Units",,,454734,,
"DE020","Wiesbaden","T_T","Population, All ages. Administrative data","2002","2002","PER","Persons","0","Units",,,456023,,
"DE020","Wiesbaden","T_T","Population, All ages. Administrative data","2003","2003","PER","Persons","0","Units",,,457270,,
"DE020","Wiesbaden","T_T","Population, All ages. Administrative data","2004","2004","PER","Persons","0","Units",,,457532,,
"DE020","Wiesbaden","T_T","Population, All ages. Administrative data","2005","2005","PER","Persons","0","Units",,,459681,,
"DE020","Wiesbaden","T_T","Population, All ages. Administrative data","2006","2006","PER","Persons","0","Units",,,459894,,
"DE020","Wiesbaden","T_T","Population, All ages. Administrative data","2007","2007","PER","Persons","0","Units",,,459893,,
"DE020","Wiesbaden","T_T","Population, All ages. Administrative data","2008","2008","PER","Persons","0","Units",,,460043,,
"DE020","Wiesbaden","T_T","Population, All ages. Administrative data","2009","2009","PER","Persons","0","Units",,,460268,,
"DE020","Wiesbaden","T_T","Population, All ages. Administrative data","2010","2010","PER","Persons","0","Units",,,460835,,
"DE020","Wiesbaden","T_T","Population, All ages. Administrative data","2011","2011","PER","Persons","0","Units",,,448701,,
"DE020","Wiesbaden","T_T","Population, All ages. Administrative data","2012","2012","PER","Persons","0","Units",,,451510,,
"DE020","Wiesbaden","T_T","Population, All ages. Administrative data","2013","2013","PER","Persons","0","Units",,,453599,,
"DE020","Wiesbaden","T_T","Population, All ages. Administrative data","2014","2014","PER","Persons","0","Units",,,455114,,
"DE020","Wiesbaden","T_T","Population, All ages. Administrative data","2015","2015","PER","Persons","0","Units",,,457287,,
"DE020","Wiesbaden","T_T","Population, All ages. Administrative data","2016","2016","PER","Persons","0","Units",,,460391,,
"USA156","Weld","T_T_SH_NAT","Share of population  in metropolitan area over the national value","2001","2001","RATIO","Ratio","0","Units",,,0.1,,
"USA156","Weld","T_T_SH_NAT","Share of population  in metropolitan area over the national value","2002","2002","RATIO","Ratio","0","Units",,,0.1,,
"USA156","Weld","T_T_SH_NAT","Share of population  in metropolitan area over the national value","2003","2003","RATIO","Ratio","0","Units",,,0.1,,
"USA156","Weld","T_T_SH_NAT","Share of population  in metropolitan area over the national value","2004","2004","RATIO","Ratio","0","Units",,,0.1,,
"USA156","Weld","T_T_SH_NAT","Share of population  in metropolitan area over the national value","2005","2005","RATIO","Ratio","0","Units",,,0.1,,
"USA156","Weld","T_T_SH_NAT","Share of population  in metropolitan area over the national value","2006","2006","RATIO","Ratio","0","Units",,,0.1,,
"USA156","Weld","T_T_SH_NAT","Share of population  in metropolitan area over the national value","2007","2007","RATIO","Ratio","0","Units",,,0.1,,
"USA156","Weld","T_T_SH_NAT","Share of population  in metropolitan area over the national value","2008","2008","RATIO","Ratio","0","Units",,,0.1,,
"USA156","Weld","T_T_SH_NAT","Share of population  in metropolitan area over the national value","2009","2009","RATIO","Ratio","0","Units",,,0.1,,
"USA156","Weld","T_T_SH_NAT","Share of population  in metropolitan area over the national value","2010","2010","RATIO","Ratio","0","Units",,,0.1,,
"USA156","Weld","T_T_SH_NAT","Share of population  in metropolitan area over the national value","2011","2011","RATIO","Ratio","0","Units",,,0.1,,
"USA156","Weld","T_T_SH_NAT","Share of population  in metropolitan area over the national value","2012","2012","RATIO","Ratio","0","Units",,,0.1,,
"USA156","Weld","T_T_SH_NAT","Share of population  in metropolitan area over the national value","2013","2013","RATIO","Ratio","0","Units",,,0.1,,
"USA156","Weld","T_T_SH_NAT","Share of population  in metropolitan area over the national value","2014","2014","RATIO","Ratio","0","Units",,,0.1,,
"USA156","Weld","T_T_SH_NAT","Share of population  in metropolitan area over the national value","2015","2015","RATIO","Ratio","0","Units",,,0.1,,
"USA156","Weld","T_T_SH_NAT","Share of population  in metropolitan area over the national value","2016","2016","RATIO","Ratio","0","Units",,,0.1,,
"SE003","Malmo","T_T_SH_NAT","Share of population  in metropolitan area over the national value","2001","2001","RATIO","Ratio","0","Units",,,6.1,,
"SE003","Malmo","T_T_SH_NAT","Share of population  in metropolitan area over the national value","2002","2002","RATIO","Ratio","0","Units",,,6.1,,
"SE003","Malmo","T_T_SH_NAT","Share of population  in metropolitan area over the national value","2003","2003","RATIO","Ratio","0","Units",,,6.2,,
"SE003","Malmo","T_T_SH_NAT","Share of population  in metropolitan area over the national value","2004","2004","RATIO","Ratio","0","Units",,,6.2,,
"SE003","Malmo","T_T_SH_NAT","Share of population  in metropolitan area over the national value","2005","2005","RATIO","Ratio","0","Units",,,6.2,,
"SE003","Malmo","T_T_SH_NAT","Share of population  in metropolitan area over the national value","2006","2006","RATIO","Ratio","0","Units",,,6.3,,
"SE003","Malmo","T_T_SH_NAT","Share of population  in metropolitan area over the national value","2007","2007","RATIO","Ratio","0","Units",,,6.4,,
"SE003","Malmo","T_T_SH_NAT","Share of population  in metropolitan area over the national value","2008","2008","RATIO","Ratio","0","Units",,,6.4,,
"SE003","Malmo","T_T_SH_NAT","Share of population  in metropolitan area over the national value","2009","2009","RATIO","Ratio","0","Units",,,6.5,,
"SE003","Malmo","T_T_SH_NAT","Share of population  in metropolitan area over the national value","2010","2010","RATIO","Ratio","0","Units",,,6.5,,
"SE003","Malmo","T_T_SH_NAT","Share of population  in metropolitan area over the national value","2011","2011","RATIO","Ratio","0","Units",,,6.5,,
"SE003","Malmo","T_T_SH_NAT","Share of population  in metropolitan area over the national value","2012","2012","RATIO","Ratio","0","Units",,,6.6,,
"SE003","Malmo","T_T_SH_NAT","Share of population  in metropolitan area over the national value","2013","2013","RATIO","Ratio","0","Units",,,6.6,,
"SE003","Malmo","T_T_SH_NAT","Share of population  in metropolitan area over the national value","2014","2014","RATIO","Ratio","0","Units",,,6.6,,
"SE003","Malmo","T_T_SH_NAT","Share of population  in metropolitan area over the national value","2015","2015","RATIO","Ratio","0","Units",,,6.6,,
"SE003","Malmo","T_T_SH_NAT","Share of population  in metropolitan area over the national value","2016","2016","RATIO","Ratio","0","Units",,,6.7,,
"MEX24","Oaxaca de Juarez","T_T","Population, All ages. Administrative data","2000","2000","PER","Persons","0","Units",,,676192,,
"MEX24","Oaxaca de Juarez","T_T","Population, All ages. Administrative data","2005","2005","PER","Persons","0","Units",,,665012,,
"MEX24","Oaxaca de Juarez","T_T","Population, All ages. Administrative data","2010","2010","PER","Persons","0","Units",,,751034,,
"MEX24","Oaxaca de Juarez","T_T","Population, All ages. Administrative data","2015","2015","PER","Persons","0","Units",,,875778,,
"CAN07","Quebec","T_T","Population, All ages. Administrative data","2000","2000","PER","Persons","0","Units",,,765976,,
"CAN07","Quebec","T_T","Population, All ages. Administrative data","2001","2001","PER","Persons","0","Units",,,770151,,
"CAN07","Quebec","T_T","Population, All ages. Administrative data","2002","2002","PER","Persons","0","Units",,,774892,,
"CAN07","Quebec","T_T","Population, All ages. Administrative data","2003","2003","PER","Persons","0","Units",,,778779,,
"CAN07","Quebec","T_T","Population, All ages. Administrative data","2004","2004","PER","Persons","0","Units",,,784619,,
"CAN07","Quebec","T_T","Population, All ages. Administrative data","2005","2005","PER","Persons","0","Units",,,788497,,
"CAN07","Quebec","T_T","Population, All ages. Administrative data","2006","2006","PER","Persons","0","Units",,,795088,,
"CAN07","Quebec","T_T","Population, All ages. Administrative data","2007","2007","PER","Persons","0","Units",,,804233,,
"CAN07","Quebec","T_T","Population, All ages. Administrative data","2008","2008","PER","Persons","0","Units",,,814690,,
"CAN07","Quebec","T_T","Population, All ages. Administrative data","2009","2009","PER","Persons","0","Units",,,825410,,
"CAN07","Quebec","T_T","Population, All ages. Administrative data","2010","2010","PER","Persons","0","Units",,,835193,,
"CAN07","Quebec","T_T","Population, All ages. Administrative data","2011","2011","PER","Persons","0","Units",,,844975,,
"CAN07","Quebec","T_T","Population, All ages. Administrative data","2012","2012","PER","Persons","0","Units",,,852580,,
"CAN07","Quebec","T_T","Population, All ages. Administrative data","2013","2013","PER","Persons","0","Units",,,860185,,
"CAN07","Quebec","T_T","Population, All ages. Administrative data","2014","2014","PER","Persons","0","Units",,,867790,,
"CAN07","Quebec","T_T","Population, All ages. Administrative data","2015","2015","PER","Persons","0","Units",,,875395,,
"CAN07","Quebec","T_T","Population, All ages. Administrative data","2016","2016","PER","Persons","0","Units",,,883000,,
"MEX07","Leon","T_T","Population, All ages. Administrative data","2000","2000","PER","Persons","0","Units",,,1221308,,
"MEX07","Leon","T_T","Population, All ages. Administrative data","2005","2005","PER","Persons","0","Units",,,1248564,,
"MEX07","Leon","T_T","Population, All ages. Administrative data","2010","2010","PER","Persons","0","Units",,,1427740,,
"MEX07","Leon","T_T","Population, All ages. Administrative data","2015","2015","PER","Persons","0","Units",,,1657720,,
"USA137","Brown","T_T","Population, All ages. Administrative data","2000","2000","PER","Persons","0","Units",,,283282,,
"USA137","Brown","T_T","Population, All ages. Administrative data","2001","2001","PER","Persons","0","Units",,,285783,,
"USA137","Brown","T_T","Population, All ages. Administrative data","2002","2002","PER","Persons","0","Units",,,288713,,
"USA137","Brown","T_T","Population, All ages. Administrative data","2003","2003","PER","Persons","0","Units",,,291169,,
"USA137","Brown","T_T","Population, All ages. Administrative data","2004","2004","PER","Persons","0","Units",,,294570,,
"USA137","Brown","T_T","Population, All ages. Administrative data","2005","2005","PER","Persons","0","Units",,,296800,,
"USA137","Brown","T_T","Population, All ages. Administrative data","2006","2006","PER","Persons","0","Units",,,298702,,
"USA137","Brown","T_T","Population, All ages. Administrative data","2007","2007","PER","Persons","0","Units",,,301190,,
"USA137","Brown","T_T","Population, All ages. Administrative data","2008","2008","PER","Persons","0","Units",,,302468,,
"USA137","Brown","T_T","Population, All ages. Administrative data","2009","2009","PER","Persons","0","Units",,,304686,,
"USA137","Brown","T_T","Population, All ages. Administrative data","2010","2010","PER","Persons","0","Units",,,306750,,
"USA137","Brown","T_T","Population, All ages. Administrative data","2011","2011","PER","Persons","0","Units",,,308651,,
"USA137","Brown","T_T","Population, All ages. Administrative data","2012","2012","PER","Persons","0","Units",,,310682,,
"USA137","Brown","T_T","Population, All ages. Administrative data","2013","2013","PER","Persons","0","Units",,,312000,,
"USA137","Brown","T_T","Population, All ages. Administrative data","2014","2014","PER","Persons","0","Units",,,314054,,
"USA137","Brown","T_T","Population, All ages. Administrative data","2015","2015","PER","Persons","0","Units",,,315687,,
"USA137","Brown","T_T","Population, All ages. Administrative data","2016","2016","PER","Persons","0","Units",,,317441,,
"FR008","Nantes","POP_DEN","Population density (pop. per km2)","2000","2000","PER","Persons","0","Units",,,248,,
"FR008","Nantes","POP_DEN","Population density (pop. per km2)","2001","2001","PER","Persons","0","Units",,,250,,
"FR008","Nantes","POP_DEN","Population density (pop. per km2)","2002","2002","PER","Persons","0","Units",,,253,,
"FR008","Nantes","POP_DEN","Population density (pop. per km2)","2003","2003","PER","Persons","0","Units",,,256,,
"FR008","Nantes","POP_DEN","Population density (pop. per km2)","2004","2004","PER","Persons","0","Units",,,258,,
"FR008","Nantes","POP_DEN","Population density (pop. per km2)","2005","2005","PER","Persons","0","Units",,,261,,
"FR008","Nantes","POP_DEN","Population density (pop. per km2)","2006","2006","PER","Persons","0","Units",,,264,,
"FR008","Nantes","POP_DEN","Population density (pop. per km2)","2007","2007","PER","Persons","0","Units",,,266,,
"FR008","Nantes","POP_DEN","Population density (pop. per km2)","2008","2008","PER","Persons","0","Units",,,269,,
"FR008","Nantes","POP_DEN","Population density (pop. per km2)","2009","2009","PER","Persons","0","Units",,,271,,
"FR008","Nantes","POP_DEN","Population density (pop. per km2)","2010","2010","PER","Persons","0","Units",,,276,,
"FR008","Nantes","POP_DEN","Population density (pop. per km2)","2011","2011","PER","Persons","0","Units",,,280,,
"FR008","Nantes","POP_DEN","Population density (pop. per km2)","2012","2012","PER","Persons","0","Units",,,285,,
"FR008","Nantes","POP_DEN","Population density (pop. per km2)","2013","2013","PER","Persons","0","Units",,,290,,
"FR008","Nantes","POP_DEN","Population density (pop. per km2)","2014","2014","PER","Persons","0","Units",,,294,,
"FR008","Nantes","POP_DEN","Population density (pop. per km2)","2015","2015","PER","Persons","0","Units",,,287,,
"USA49","Tampa-Hillsborough","POP_DEN","Population density (pop. per km2)","2000","2000","PER","Persons","0","Units",,,356,,
"USA49","Tampa-Hillsborough","POP_DEN","Population density (pop. per km2)","2001","2001","PER","Persons","0","Units",,,364,,
"USA49","Tampa-Hillsborough","POP_DEN","Population density (pop. per km2)","2002","2002","PER","Persons","0","Units",,,374,,
"USA49","Tampa-Hillsborough","POP_DEN","Population density (pop. per km2)","2003","2003","PER","Persons","0","Units",,,382,,
"USA49","Tampa-Hillsborough","POP_DEN","Population density (pop. per km2)","2004","2004","PER","Persons","0","Units",,,393,,
"USA49","Tampa-Hillsborough","POP_DEN","Population density (pop. per km2)","2005","2005","PER","Persons","0","Units",,,405,,
"USA49","Tampa-Hillsborough","POP_DEN","Population density (pop. per km2)","2006","2006","PER","Persons","0","Units",,,415,,
"USA49","Tampa-Hillsborough","POP_DEN","Population density (pop. per km2)","2007","2007","PER","Persons","0","Units",,,420,,
"USA49","Tampa-Hillsborough","POP_DEN","Population density (pop. per km2)","2008","2008","PER","Persons","0","Units",,,424,,
"USA49","Tampa-Hillsborough","POP_DEN","Population density (pop. per km2)","2009","2009","PER","Persons","0","Units",,,430,,
"USA49","Tampa-Hillsborough","POP_DEN","Population density (pop. per km2)","2010","2010","PER","Persons","0","Units",,,437,,
"USA49","Tampa-Hillsborough","POP_DEN","Population density (pop. per km2)","2011","2011","PER","Persons","0","Units",,,451,,
"USA49","Tampa-Hillsborough","POP_DEN","Population density (pop. per km2)","2012","2012","PER","Persons","0","Units",,,454,,
"USA49","Tampa-Hillsborough","POP_DEN","Population density (pop. per km2)","2013","2013","PER","Persons","0","Units",,,459,,
"USA49","Tampa-Hillsborough","POP_DEN","Population density (pop. per km2)","2014","2014","PER","Persons","0","Units",,,468,,
"USA49","Tampa-Hillsborough","POP_DEN","Population density (pop. per km2)","2015","2015","PER","Persons","0","Units",,,479,,
"USA49","Tampa-Hillsborough","POP_DEN","Population density (pop. per km2)","2016","2016","PER","Persons","0","Units",,,490,,
"ES026","Coruna (A)","T_T_SH_NAT","Share of population  in metropolitan area over the national value","2001","2001","RATIO","Ratio","0","Units",,,0.9,,
"ES026","Coruna (A)","T_T_SH_NAT","Share of population  in metropolitan area over the national value","2002","2002","RATIO","Ratio","0","Units",,,0.9,,
"ES026","Coruna (A)","T_T_SH_NAT","Share of population  in metropolitan area over the national value","2003","2003","RATIO","Ratio","0","Units",,,0.9,,
"ES026","Coruna (A)","T_T_SH_NAT","Share of population  in metropolitan area over the national value","2004","2004","RATIO","Ratio","0","Units",,,0.9,,
"ES026","Coruna (A)","T_T_SH_NAT","Share of population  in metropolitan area over the national value","2005","2005","RATIO","Ratio","0","Units",,,0.9,,
"ES026","Coruna (A)","T_T_SH_NAT","Share of population  in metropolitan area over the national value","2006","2006","RATIO","Ratio","0","Units",,,0.9,,
"ES026","Coruna (A)","T_T_SH_NAT","Share of population  in metropolitan area over the national value","2007","2007","RATIO","Ratio","0","Units",,,0.9,,
"ES026","Coruna (A)","T_T_SH_NAT","Share of population  in metropolitan area over the national value","2008","2008","RATIO","Ratio","0","Units",,,0.9,,
"ES026","Coruna (A)","T_T_SH_NAT","Share of population  in metropolitan area over the national value","2009","2009","RATIO","Ratio","0","Units",,,0.9,,
"ES026","Coruna (A)","T_T_SH_NAT","Share of population  in metropolitan area over the national value","2010","2010","RATIO","Ratio","0","Units",,,0.9,,
"ES026","Coruna (A)","T_T_SH_NAT","Share of population  in metropolitan area over the national value","2011","2011","RATIO","Ratio","0","Units",,,0.9,,
"ES026","Coruna (A)","T_T_SH_NAT","Share of population  in metropolitan area over the national value","2012","2012","RATIO","Ratio","0","Units",,,0.9,,
"ES026","Coruna (A)","T_T_SH_NAT","Share of population  in metropolitan area over the national value","2013","2013","RATIO","Ratio","0","Units",,,0.9,,
"ES026","Coruna (A)","T_T_SH_NAT","Share of population  in metropolitan area over the national value","2014","2014","RATIO","Ratio","0","Units",,,0.9,,
"ES026","Coruna (A)","T_T_SH_NAT","Share of population  in metropolitan area over the national value","2015","2015","RATIO","Ratio","0","Units",,,0.9,,
"ES026","Coruna (A)","T_T_SH_NAT","Share of population  in metropolitan area over the national value","2016","2016","RATIO","Ratio","0","Units",,,0.9,,
"DE013","Hanover","T_T","Population, All ages. Administrative data","2001","2001","PER","Persons","0","Units",,,1282417,,
"DE013","Hanover","T_T","Population, All ages. Administrative data","2002","2002","PER","Persons","0","Units",,,1286887,,
"DE013","Hanover","T_T","Population, All ages. Administrative data","2003","2003","PER","Persons","0","Units",,,1290925,,
"DE013","Hanover","T_T","Population, All ages. Administrative data","2004","2004","PER","Persons","0","Units",,,1291305,,
"DE013","Hanover","T_T","Population, All ages. Administrative data","2005","2005","PER","Persons","0","Units",,,1292744,,
"DE013","Hanover","T_T","Population, All ages. Administrative data","2006","2006","PER","Persons","0","Units",,,1292400,,
"DE013","Hanover","T_T","Population, All ages. Administrative data","2007","2007","PER","Persons","0","Units",,,1292182,,
"DE013","Hanover","T_T","Population, All ages. Administrative data","2008","2008","PER","Persons","0","Units",,,1292512,,
"DE013","Hanover","T_T","Population, All ages. Administrative data","2009","2009","PER","Persons","0","Units",,,1291072,,
"DE013","Hanover","T_T","Population, All ages. Administrative data","2010","2010","PER","Persons","0","Units",,,1290316,,
"DE013","Hanover","T_T","Population, All ages. Administrative data","2011","2011","PER","Persons","0","Units",,,1257932,,
"DE013","Hanover","T_T","Population, All ages. Administrative data","2012","2012","PER","Persons","0","Units",,,1261598,,
"DE013","Hanover","T_T","Population, All ages. Administrative data","2013","2013","PER","Persons","0","Units",,,1267062,,
"DE013","Hanover","T_T","Population, All ages. Administrative data","2014","2014","PER","Persons","0","Units",,,1273466,,
"DE013","Hanover","T_T","Population, All ages. Administrative data","2015","2015","PER","Persons","0","Units",,,1282215,,
"DE013","Hanover","T_T","Population, All ages. Administrative data","2016","2016","PER","Persons","0","Units",,,1299002,,
"UK030","Wirral","POP_DEN","Population density (pop. per km2)","2001","2001","PER","Persons","0","Units",,,2006,,
"UK030","Wirral","POP_DEN","Population density (pop. per km2)","2002","2002","PER","Persons","0","Units",,,2007,,
"UK030","Wirral","POP_DEN","Population density (pop. per km2)","2003","2003","PER","Persons","0","Units",,,2009,,
"UK030","Wirral","POP_DEN","Population density (pop. per km2)","2004","2004","PER","Persons","0","Units",,,2007,,
"UK030","Wirral","POP_DEN","Population density (pop. per km2)","2005","2005","PER","Persons","0","Units",,,2006,,
"UK030","Wirral","POP_DEN","Population density (pop. per km2)","2006","2006","PER","Persons","0","Units",,,2009,,
"UK030","Wirral","POP_DEN","Population density (pop. per km2)","2007","2007","PER","Persons","0","Units",,,2011,,
"UK030","Wirral","POP_DEN","Population density (pop. per km2)","2008","2008","PER","Persons","0","Units",,,2017,,
"UK030","Wirral","POP_DEN","Population density (pop. per km2)","2009","2009","PER","Persons","0","Units",,,2024,,
"UK030","Wirral","POP_DEN","Population density (pop. per km2)","2010","2010","PER","Persons","0","Units",,,2032,,
"UK030","Wirral","POP_DEN","Population density (pop. per km2)","2011","2011","PER","Persons","0","Units",,,2037,,
"UK030","Wirral","POP_DEN","Population density (pop. per km2)","2012","2012","PER","Persons","0","Units",,,2041,,
"UK030","Wirral","POP_DEN","Population density (pop. per km2)","2013","2013","PER","Persons","0","Units",,,2043,,
"UK030","Wirral","POP_DEN","Population density (pop. per km2)","2014","2014","PER","Persons","0","Units",,,2048,,
"UK030","Wirral","POP_DEN","Population density (pop. per km2)","2015","2015","PER","Persons","0","Units",,,2049,,
"UK030","Wirral","POP_DEN","Population density (pop. per km2)","2016","2016","PER","Persons","0","Units",,,2052,,
"USA72","Ada","T_T","Population, All ages. Administrative data","2000","2000","PER","Persons","0","Units",,,497627,,
"USA72","Ada","T_T","Population, All ages. Administrative data","2001","2001","PER","Persons","0","Units",,,513691,,
"USA72","Ada","T_T","Population, All ages. Administrative data","2002","2002","PER","Persons","0","Units",,,527041,,
"USA72","Ada","T_T","Population, All ages. Administrative data","2003","2003","PER","Persons","0","Units",,,538463,,
"USA72","Ada","T_T","Population, All ages. Administrative data","2004","2004","PER","Persons","0","Units",,,552330,,
"USA72","Ada","T_T","Population, All ages. Administrative data","2005","2005","PER","Persons","0","Units",,,572899,,
"USA72","Ada","T_T","Population, All ages. Administrative data","2006","2006","PER","Persons","0","Units",,,596510,,
"USA72","Ada","T_T","Population, All ages. Administrative data","2007","2007","PER","Persons","0","Units",,,616925,,
"USA72","Ada","T_T","Population, All ages. Administrative data","2008","2008","PER","Persons","0","Units",,,630148,,
"USA72","Ada","T_T","Population, All ages. Administrative data","2009","2009","PER","Persons","0","Units",,,638110,,
"USA72","Ada","T_T","Population, All ages. Administrative data","2010","2010","PER","Persons","0","Units",,,645103,,
"USA72","Ada","T_T","Population, All ages. Administrative data","2011","2011","PER","Persons","0","Units",,,653544,,
"USA72","Ada","T_T","Population, All ages. Administrative data","2012","2012","PER","Persons","0","Units",,,663624,,
"USA72","Ada","T_T","Population, All ages. Administrative data","2013","2013","PER","Persons","0","Units",,,675379,,
"USA72","Ada","T_T","Population, All ages. Administrative data","2014","2014","PER","Persons","0","Units",,,688845,,
"USA72","Ada","T_T","Population, All ages. Administrative data","2015","2015","PER","Persons","0","Units",,,700100,,
"USA72","Ada","T_T","Population, All ages. Administrative data","2016","2016","PER","Persons","0","Units",,,716900,,
"FR024","Limoges","T_T_SH_NAT","Share of population  in metropolitan area over the national value","2001","2001","RATIO","Ratio","0","Units",,,0.5,,
"FR024","Limoges","T_T_SH_NAT","Share of population  in metropolitan area over the national value","2002","2002","RATIO","Ratio","0","Units",,,0.5,,
"FR024","Limoges","T_T_SH_NAT","Share of population  in metropolitan area over the national value","2003","2003","RATIO","Ratio","0","Units",,,0.5,,
"FR024","Limoges","T_T_SH_NAT","Share of population  in metropolitan area over the national value","2004","2004","RATIO","Ratio","0","Units",,,0.5,,
"FR024","Limoges","T_T_SH_NAT","Share of population  in metropolitan area over the national value","2005","2005","RATIO","Ratio","0","Units",,,0.5,,
"FR024","Limoges","T_T_SH_NAT","Share of population  in metropolitan area over the national value","2006","2006","RATIO","Ratio","0","Units",,,0.5,,
"FR024","Limoges","T_T_SH_NAT","Share of population  in metropolitan area over the national value","2007","2007","RATIO","Ratio","0","Units",,,0.5,,
"FR024","Limoges","T_T_SH_NAT","Share of population  in metropolitan area over the national value","2008","2008","RATIO","Ratio","0","Units",,,0.5,,
"FR024","Limoges","T_T_SH_NAT","Share of population  in metropolitan area over the national value","2009","2009","RATIO","Ratio","0","Units",,,0.5,,
"FR024","Limoges","T_T_SH_NAT","Share of population  in metropolitan area over the national value","2010","2010","RATIO","Ratio","0","Units",,,0.5,,
"FR024","Limoges","T_T_SH_NAT","Share of population  in metropolitan area over the national value","2011","2011","RATIO","Ratio","0","Units",,,0.5,,
"FR024","Limoges","T_T_SH_NAT","Share of population  in metropolitan area over the national value","2012","2012","RATIO","Ratio","0","Units",,,0.5,,
"FR024","Limoges","T_T_SH_NAT","Share of population  in metropolitan area over the national value","2013","2013","RATIO","Ratio","0","Units",,,0.5,,
"FR024","Limoges","T_T_SH_NAT","Share of population  in metropolitan area over the national value","2014","2014","RATIO","Ratio","0","Units",,,0.5,,
"FR024","Limoges","T_T_SH_NAT","Share of population  in metropolitan area over the national value","2015","2015","RATIO","Ratio","0","Units",,,0.5,,
"PL006","Gdansk","T_T","Population, All ages. Administrative data","2000","2000","PER","Persons","0","Units",,,1066429,,
"PL006","Gdansk","T_T","Population, All ages. Administrative data","2001","2001","PER","Persons","0","Units",,,1068871,,
"PL006","Gdansk","T_T","Population, All ages. Administrative data","2002","2002","PER","Persons","0","Units",,,1071402,,
"PL006","Gdansk","T_T","Population, All ages. Administrative data","2003","2003","PER","Persons","0","Units",,,1074366,,
"PL006","Gdansk","T_T","Population, All ages. Administrative data","2004","2004","PER","Persons","0","Units",,,1076927,,
"PL006","Gdansk","T_T","Population, All ages. Administrative data","2005","2005","PER","Persons","0","Units",,,1079823,,
"PL006","Gdansk","T_T","Population, All ages. Administrative data","2006","2006","PER","Persons","0","Units",,,1082616,,
"PL006","Gdansk","T_T","Population, All ages. Administrative data","2007","2007","PER","Persons","0","Units",,,1086945,,
"PL006","Gdansk","T_T","Population, All ages. Administrative data","2008","2008","PER","Persons","0","Units",,,1091849,,
"PL006","Gdansk","T_T","Population, All ages. Administrative data","2009","2009","PER","Persons","0","Units",,,1098177,,
"PL006","Gdansk","T_T","Population, All ages. Administrative data","2010","2010","PER","Persons","0","Units",,,1118914,,
"PL006","Gdansk","T_T","Population, All ages. Administrative data","2011","2011","PER","Persons","0","Units",,,1124961,,
"PL006","Gdansk","T_T","Population, All ages. Administrative data","2012","2012","PER","Persons","0","Units",,,1130209,,
"PL006","Gdansk","T_T","Population, All ages. Administrative data","2013","2013","PER","Persons","0","Units",,,1136612,,
"PL006","Gdansk","T_T","Population, All ages. Administrative data","2014","2014","PER","Persons","0","Units",,,1141954,,
"PL006","Gdansk","T_T","Population, All ages. Administrative data","2015","2015","PER","Persons","0","Units",,,1147270,,
"PL006","Gdansk","T_T","Population, All ages. Administrative data","2016","2016","PER","Persons","0","Units",,,1154488,,
"USA30","Austin","POP_DEN","Population density (pop. per km2)","2000","2000","PER","Persons","0","Units",,,98,,
"USA30","Austin","POP_DEN","Population density (pop. per km2)","2001","2001","PER","Persons","0","Units",,,103,,
"USA30","Austin","POP_DEN","Population density (pop. per km2)","2002","2002","PER","Persons","0","Units",,,105,,
"USA30","Austin","POP_DEN","Population density (pop. per km2)","2003","2003","PER","Persons","0","Units",,,107,,
"USA30","Austin","POP_DEN","Population density (pop. per km2)","2004","2004","PER","Persons","0","Units",,,109,,
"USA30","Austin","POP_DEN","Population density (pop. per km2)","2005","2005","PER","Persons","0","Units",,,113,,
"USA30","Austin","POP_DEN","Population density (pop. per km2)","2006","2006","PER","Persons","0","Units",,,118,,
"USA30","Austin","POP_DEN","Population density (pop. per km2)","2007","2007","PER","Persons","0","Units",,,122,,
"USA30","Austin","POP_DEN","Population density (pop. per km2)","2008","2008","PER","Persons","0","Units",,,127,,
"USA30","Austin","POP_DEN","Population density (pop. per km2)","2009","2009","PER","Persons","0","Units",,,130,,
"USA30","Austin","POP_DEN","Population density (pop. per km2)","2010","2010","PER","Persons","0","Units",,,134,,
"USA30","Austin","POP_DEN","Population density (pop. per km2)","2011","2011","PER","Persons","0","Units",,,138,,
"USA30","Austin","POP_DEN","Population density (pop. per km2)","2012","2012","PER","Persons","0","Units",,,142,,
"USA30","Austin","POP_DEN","Population density (pop. per km2)","2013","2013","PER","Persons","0","Units",,,146,,
"USA30","Austin","POP_DEN","Population density (pop. per km2)","2014","2014","PER","Persons","0","Units",,,151,,
"USA30","Austin","POP_DEN","Population density (pop. per km2)","2015","2015","PER","Persons","0","Units",,,155,,
"USA30","Austin","POP_DEN","Population density (pop. per km2)","2016","2016","PER","Persons","0","Units",,,160,,
"USA01","New York (Greater)","T_T","Population, All ages. Administrative data","2000","2000","PER","Persons","0","Units",,,18941708,,
"USA01","New York (Greater)","T_T","Population, All ages. Administrative data","2001","2001","PER","Persons","0","Units",,,19073414,,
"USA01","New York (Greater)","T_T","Population, All ages. Administrative data","2002","2002","PER","Persons","0","Units",,,19163168,,
"USA01","New York (Greater)","T_T","Population, All ages. Administrative data","2003","2003","PER","Persons","0","Units",,,19219720,,
"USA01","New York (Greater)","T_T","Population, All ages. Administrative data","2004","2004","PER","Persons","0","Units",,,19227477,,
"USA01","New York (Greater)","T_T","Population, All ages. Administrative data","2005","2005","PER","Persons","0","Units",,,19204252,,
"USA01","New York (Greater)","T_T","Population, All ages. Administrative data","2006","2006","PER","Persons","0","Units",,,19179904,,
"USA01","New York (Greater)","T_T","Population, All ages. Administrative data","2007","2007","PER","Persons","0","Units",,,19217320,,
"USA01","New York (Greater)","T_T","Population, All ages. Administrative data","2008","2008","PER","Persons","0","Units",,,19320396,,
"USA01","New York (Greater)","T_T","Population, All ages. Administrative data","2009","2009","PER","Persons","0","Units",,,19450319,,
"USA01","New York (Greater)","T_T","Population, All ages. Administrative data","2010","2010","PER","Persons","0","Units",,,19583644,,
"USA01","New York (Greater)","T_T","Population, All ages. Administrative data","2011","2011","PER","Persons","0","Units",,,19743686,,
"USA01","New York (Greater)","T_T","Population, All ages. Administrative data","2012","2012","PER","Persons","0","Units",,,19877052,,
"USA01","New York (Greater)","T_T","Population, All ages. Administrative data","2013","2013","PER","Persons","0","Units",,,20000933,,
"USA01","New York (Greater)","T_T","Population, All ages. Administrative data","2014","2014","PER","Persons","0","Units",,,20104197,,
"USA01","New York (Greater)","T_T","Population, All ages. Administrative data","2015","2015","PER","Persons","0","Units",,,20194502,,
"USA01","New York (Greater)","T_T","Population, All ages. Administrative data","2016","2016","PER","Persons","0","Units",,,20253973,,
"UK019","Lincoln","T_T_SH_NAT","Share of population  in metropolitan area over the national value","2001","2001","RATIO","Ratio","0","Units",,,0.4,,
"UK019","Lincoln","T_T_SH_NAT","Share of population  in metropolitan area over the national value","2002","2002","RATIO","Ratio","0","Units",,,0.5,,
"UK019","Lincoln","T_T_SH_NAT","Share of population  in metropolitan area over the national value","2003","2003","RATIO","Ratio","0","Units",,,0.5,,
"UK019","Lincoln","T_T_SH_NAT","Share of population  in metropolitan area over the national value","2004","2004","RATIO","Ratio","0","Units",,,0.5,,
"UK019","Lincoln","T_T_SH_NAT","Share of population  in metropolitan area over the national value","2005","2005","RATIO","Ratio","0","Units",,,0.5,,
"UK019","Lincoln","T_T_SH_NAT","Share of population  in metropolitan area over the national value","2006","2006","RATIO","Ratio","0","Units",,,0.5,,
"UK019","Lincoln","T_T_SH_NAT","Share of population  in metropolitan area over the national value","2007","2007","RATIO","Ratio","0","Units",,,0.5,,
"UK019","Lincoln","T_T_SH_NAT","Share of population  in metropolitan area over the national value","2008","2008","RATIO","Ratio","0","Units",,,0.5,,
"UK019","Lincoln","T_T_SH_NAT","Share of population  in metropolitan area over the national value","2009","2009","RATIO","Ratio","0","Units",,,0.5,,
"UK019","Lincoln","T_T_SH_NAT","Share of population  in metropolitan area over the national value","2010","2010","RATIO","Ratio","0","Units",,,0.5,,
"UK019","Lincoln","T_T_SH_NAT","Share of population  in metropolitan area over the national value","2011","2011","RATIO","Ratio","0","Units",,,0.5,,
"UK019","Lincoln","T_T_SH_NAT","Share of population  in metropolitan area over the national value","2012","2012","RATIO","Ratio","0","Units",,,0.5,,
"UK019","Lincoln","T_T_SH_NAT","Share of population  in metropolitan area over the national value","2013","2013","RATIO","Ratio","0","Units",,,0.5,,
"UK019","Lincoln","T_T_SH_NAT","Share of population  in metropolitan area over the national value","2014","2014","RATIO","Ratio","0","Units",,,0.5,,
"UK019","Lincoln","T_T_SH_NAT","Share of population  in metropolitan area over the national value","2015","2015","RATIO","Ratio","0","Units",,,0.5,,
"UK019","Lincoln","T_T_SH_NAT","Share of population  in metropolitan area over the national value","2016","2016","RATIO","Ratio","0","Units",,,0.5,,
"DE537","Reutlingen","T_T_SH_NAT","Share of population  in metropolitan area over the national value","2001","2001","RATIO","Ratio","0","Units",,,0.3,,
"DE537","Reutlingen","T_T_SH_NAT","Share of population  in metropolitan area over the national value","2002","2002","RATIO","Ratio","0","Units",,,0.3,,
"DE537","Reutlingen","T_T_SH_NAT","Share of population  in metropolitan area over the national value","2003","2003","RATIO","Ratio","0","Units",,,0.3,,
"DE537","Reutlingen","T_T_SH_NAT","Share of population  in metropolitan area over the national value","2004","2004","RATIO","Ratio","0","Units",,,0.3,,
"DE537","Reutlingen","T_T_SH_NAT","Share of population  in metropolitan area over the national value","2005","2005","RATIO","Ratio","0","Units",,,0.3,,
"DE537","Reutlingen","T_T_SH_NAT","Share of population  in metropolitan area over the national value","2006","2006","RATIO","Ratio","0","Units",,,0.3,,
"DE537","Reutlingen","T_T_SH_NAT","Share of population  in metropolitan area over the national value","2007","2007","RATIO","Ratio","0","Units",,,0.3,,
"DE537","Reutlingen","T_T_SH_NAT","Share of population  in metropolitan area over the national value","2008","2008","RATIO","Ratio","0","Units",,,0.3,,
"DE537","Reutlingen","T_T_SH_NAT","Share of population  in metropolitan area over the national value","2009","2009","RATIO","Ratio","0","Units",,,0.3,,
"DE537","Reutlingen","T_T_SH_NAT","Share of population  in metropolitan area over the national value","2010","2010","RATIO","Ratio","0","Units",,,0.3,,
"DE537","Reutlingen","T_T_SH_NAT","Share of population  in metropolitan area over the national value","2011","2011","RATIO","Ratio","0","Units",,,0.3,,
"DE537","Reutlingen","T_T_SH_NAT","Share of population  in metropolitan area over the national value","2012","2012","RATIO","Ratio","0","Units",,,0.3,,
"DE537","Reutlingen","T_T_SH_NAT","Share of population  in metropolitan area over the national value","2013","2013","RATIO","Ratio","0","Units",,,0.3,,
"DE537","Reutlingen","T_T_SH_NAT","Share of population  in metropolitan area over the national value","2014","2014","RATIO","Ratio","0","Units",,,0.3,,
"DE537","Reutlingen","T_T_SH_NAT","Share of population  in metropolitan area over the national value","2015","2015","RATIO","Ratio","0","Units",,,0.3,,
"DE537","Reutlingen","T_T_SH_NAT","Share of population  in metropolitan area over the national value","2016","2016","RATIO","Ratio","0","Units",,,0.3,,
"FR013","Rennes","T_T","Population, All ages. Administrative data","2000","2000","PER","Persons","0","Units",,,585917,,
"FR013","Rennes","T_T","Population, All ages. Administrative data","2001","2001","PER","Persons","0","Units",,,594509,,
"FR013","Rennes","T_T","Population, All ages. Administrative data","2002","2002","PER","Persons","0","Units",,,603100,,
"FR013","Rennes","T_T","Population, All ages. Administrative data","2003","2003","PER","Persons","0","Units",,,611692,,
"FR013","Rennes","T_T","Population, All ages. Administrative data","2004","2004","PER","Persons","0","Units",,,620283,,
"FR013","Rennes","T_T","Population, All ages. Administrative data","2005","2005","PER","Persons","0","Units",,,628873,,
"FR013","Rennes","T_T","Population, All ages. Administrative data","2006","2006","PER","Persons","0","Units",,,637465,,
"FR013","Rennes","T_T","Population, All ages. Administrative data","2007","2007","PER","Persons","0","Units",,,646056,,
"FR013","Rennes","T_T","Population, All ages. Administrative data","2008","2008","PER","Persons","0","Units",,,654648,,
"FR013","Rennes","T_T","Population, All ages. Administrative data","2009","2009","PER","Persons","0","Units",,,663239,,
"FR013","Rennes","T_T","Population, All ages. Administrative data","2010","2010","PER","Persons","0","Units",,,672718,,
"FR013","Rennes","T_T","Population, All ages. Administrative data","2011","2011","PER","Persons","0","Units",,,682196,,
"FR013","Rennes","T_T","Population, All ages. Administrative data","2012","2012","PER","Persons","0","Units",,,691675,,
"FR013","Rennes","T_T","Population, All ages. Administrative data","2013","2013","PER","Persons","0","Units",,,701153,,
"FR013","Rennes","T_T","Population, All ages. Administrative data","2014","2014","PER","Persons","0","Units",,,710632,,
"FR013","Rennes","T_T","Population, All ages. Administrative data","2015","2015","PER","Persons","0","Units",,,717657,,
"USA91","Guilford","T_T","Population, All ages. Administrative data","2000","2000","PER","Persons","0","Units",,,422324,,
"USA91","Guilford","T_T","Population, All ages. Administrative data","2001","2001","PER","Persons","0","Units",,,428381,,
"USA91","Guilford","T_T","Population, All ages. Administrative data","2002","2002","PER","Persons","0","Units",,,432068,,
"USA91","Guilford","T_T","Population, All ages. Administrative data","2003","2003","PER","Persons","0","Units",,,436327,,
"USA91","Guilford","T_T","Population, All ages. Administrative data","2004","2004","PER","Persons","0","Units",,,440597,,
"USA91","Guilford","T_T","Population, All ages. Administrative data","2005","2005","PER","Persons","0","Units",,,448192,,
"USA91","Guilford","T_T","Population, All ages. Administrative data","2006","2006","PER","Persons","0","Units",,,458792,,
"USA91","Guilford","T_T","Population, All ages. Administrative data","2007","2007","PER","Persons","0","Units",,,468466,,
"USA91","Guilford","T_T","Population, All ages. Administrative data","2008","2008","PER","Persons","0","Units",,,477809,,
"USA91","Guilford","T_T","Population, All ages. Administrative data","2009","2009","PER","Persons","0","Units",,,484180,,
"USA91","Guilford","T_T","Population, All ages. Administrative data","2010","2010","PER","Persons","0","Units",,,489548,,
"USA91","Guilford","T_T","Population, All ages. Administrative data","2011","2011","PER","Persons","0","Units",,,495241,,
"USA91","Guilford","T_T","Population, All ages. Administrative data","2012","2012","PER","Persons","0","Units",,,500831,,
"USA91","Guilford","T_T","Population, All ages. Administrative data","2013","2013","PER","Persons","0","Units",,,506771,,
"USA91","Guilford","T_T","Population, All ages. Administrative data","2014","2014","PER","Persons","0","Units",,,512541,,
"USA91","Guilford","T_T","Population, All ages. Administrative data","2015","2015","PER","Persons","0","Units",,,517722,,
"USA91","Guilford","T_T","Population, All ages. Administrative data","2016","2016","PER","Persons","0","Units",,,521996,,
"JPN52","Shimonoseki","POP_DEN","Population density (pop. per km2)","2000","2000","PER","Persons","0","Units",,,419,,
"JPN52","Shimonoseki","POP_DEN","Population density (pop. per km2)","2001","2001","PER","Persons","0","Units",,,416,,
"JPN52","Shimonoseki","POP_DEN","Population density (pop. per km2)","2002","2002","PER","Persons","0","Units",,,413,,
"JPN52","Shimonoseki","POP_DEN","Population density (pop. per km2)","2003","2003","PER","Persons","0","Units",,,410,,
"JPN52","Shimonoseki","POP_DEN","Population density (pop. per km2)","2004","2004","PER","Persons","0","Units",,,406,,
"JPN52","Shimonoseki","POP_DEN","Population density (pop. per km2)","2005","2005","PER","Persons","0","Units",,,403,,
"JPN52","Shimonoseki","POP_DEN","Population density (pop. per km2)","2006","2006","PER","Persons","0","Units",,,400,,
"JPN52","Shimonoseki","POP_DEN","Population density (pop. per km2)","2007","2007","PER","Persons","0","Units",,,397,,
"JPN52","Shimonoseki","POP_DEN","Population density (pop. per km2)","2008","2008","PER","Persons","0","Units",,,395,,
"JPN52","Shimonoseki","POP_DEN","Population density (pop. per km2)","2009","2009","PER","Persons","0","Units",,,392,,
"JPN52","Shimonoseki","POP_DEN","Population density (pop. per km2)","2010","2010","PER","Persons","0","Units",,,389,,
"JPN52","Shimonoseki","POP_DEN","Population density (pop. per km2)","2011","2011","PER","Persons","0","Units",,,386,,
"JPN52","Shimonoseki","POP_DEN","Population density (pop. per km2)","2012","2012","PER","Persons","0","Units",,,382,,
"JPN52","Shimonoseki","POP_DEN","Population density (pop. per km2)","2013","2013","PER","Persons","0","Units",,,379,,
"JPN52","Shimonoseki","POP_DEN","Population density (pop. per km2)","2014","2014","PER","Persons","0","Units",,,376,,
"JPN52","Shimonoseki","POP_DEN","Population density (pop. per km2)","2015","2015","PER","Persons","0","Units",,,372,,
"USA126","Lubbock","T_T","Population, All ages. Administrative data","2000","2000","PER","Persons","0","Units",,,306689,,
"USA126","Lubbock","T_T","Population, All ages. Administrative data","2001","2001","PER","Persons","0","Units",,,309716,,
"USA126","Lubbock","T_T","Population, All ages. Administrative data","2002","2002","PER","Persons","0","Units",,,312642,,
"USA126","Lubbock","T_T","Population, All ages. Administrative data","2003","2003","PER","Persons","0","Units",,,316502,,
"USA126","Lubbock","T_T","Population, All ages. Administrative data","2004","2004","PER","Persons","0","Units",,,318501,,
"USA126","Lubbock","T_T","Population, All ages. Administrative data","2005","2005","PER","Persons","0","Units",,,320572,,
"USA126","Lubbock","T_T","Population, All ages. Administrative data","2006","2006","PER","Persons","0","Units",,,324117,,
"USA126","Lubbock","T_T","Population, All ages. Administrative data","2007","2007","PER","Persons","0","Units",,,327004,,
"USA126","Lubbock","T_T","Population, All ages. Administrative data","2008","2008","PER","Persons","0","Units",,,329709,,
"USA126","Lubbock","T_T","Population, All ages. Administrative data","2009","2009","PER","Persons","0","Units",,,335663,,
"USA126","Lubbock","T_T","Population, All ages. Administrative data","2010","2010","PER","Persons","0","Units",,,341750,,
"USA126","Lubbock","T_T","Population, All ages. Administrative data","2011","2011","PER","Persons","0","Units",,,344938,,
"USA126","Lubbock","T_T","Population, All ages. Administrative data","2012","2012","PER","Persons","0","Units",,,347428,,
"USA126","Lubbock","T_T","Population, All ages. Administrative data","2013","2013","PER","Persons","0","Units",,,351009,,
"USA126","Lubbock","T_T","Population, All ages. Administrative data","2014","2014","PER","Persons","0","Units",,,355960,,
"USA126","Lubbock","T_T","Population, All ages. Administrative data","2015","2015","PER","Persons","0","Units",,,359464,,
"USA126","Lubbock","T_T","Population, All ages. Administrative data","2016","2016","PER","Persons","0","Units",,,363165,,
"IS001","Reykjavik","T_T","Population, All ages. Administrative data","2000","2000","PER","Persons","0","Units",,,201973,,
"IS001","Reykjavik","T_T","Population, All ages. Administrative data","2001","2001","PER","Persons","0","Units",,,206251,,
"IS001","Reykjavik","T_T","Population, All ages. Administrative data","2002","2002","PER","Persons","0","Units",,,209456,,
"IS001","Reykjavik","T_T","Population, All ages. Administrative data","2003","2003","PER","Persons","0","Units",,,212384,,
"IS001","Reykjavik","T_T","Population, All ages. Administrative data","2004","2004","PER","Persons","0","Units",,,214509,,
"IS001","Reykjavik","T_T","Population, All ages. Administrative data","2005","2005","PER","Persons","0","Units",,,217130,,
"IS001","Reykjavik","T_T","Population, All ages. Administrative data","2006","2006","PER","Persons","0","Units",,,221769,,
"IS001","Reykjavik","T_T","Population, All ages. Administrative data","2007","2007","PER","Persons","0","Units",,,229925,,
"IS001","Reykjavik","T_T","Population, All ages. Administrative data","2008","2008","PER","Persons","0","Units",,,238692,,
"IS001","Reykjavik","T_T","Population, All ages. Administrative data","2009","2009","PER","Persons","0","Units",,,243271,,
"IS001","Reykjavik","T_T","Population, All ages. Administrative data","2010","2010","PER","Persons","0","Units",,,242234,,
"IS001","Reykjavik","T_T","Population, All ages. Administrative data","2011","2011","PER","Persons","0","Units",,,243389,,
"IS001","Reykjavik","T_T","Population, All ages. Administrative data","2012","2012","PER","Persons","0","Units",,,244803,,
"IS001","Reykjavik","T_T","Population, All ages. Administrative data","2013","2013","PER","Persons","0","Units",,,249326,,
"IS001","Reykjavik","T_T","Population, All ages. Administrative data","2014","2014","PER","Persons","0","Units",,,253000,,
"IS001","Reykjavik","T_T","Population, All ages. Administrative data","2015","2015","PER","Persons","0","Units",,,256256,,
"IS001","Reykjavik","T_T","Population, All ages. Administrative data","2016","2016","PER","Persons","0","Units",,,259573,,
"JPN37","Morioka","T_T_SH_NAT","Share of population  in metropolitan area over the national value","2001","2001","RATIO","Ratio","0","Units",,,0.3,,
"JPN37","Morioka","T_T_SH_NAT","Share of population  in metropolitan area over the national value","2002","2002","RATIO","Ratio","0","Units",,,0.3,,
"JPN37","Morioka","T_T_SH_NAT","Share of population  in metropolitan area over the national value","2003","2003","RATIO","Ratio","0","Units",,,0.3,,
"JPN37","Morioka","T_T_SH_NAT","Share of population  in metropolitan area over the national value","2004","2004","RATIO","Ratio","0","Units",,,0.3,,
"JPN37","Morioka","T_T_SH_NAT","Share of population  in metropolitan area over the national value","2005","2005","RATIO","Ratio","0","Units",,,0.3,,
"JPN37","Morioka","T_T_SH_NAT","Share of population  in metropolitan area over the national value","2006","2006","RATIO","Ratio","0","Units",,,0.3,,
"JPN37","Morioka","T_T_SH_NAT","Share of population  in metropolitan area over the national value","2007","2007","RATIO","Ratio","0","Units",,,0.3,,
"JPN37","Morioka","T_T_SH_NAT","Share of population  in metropolitan area over the national value","2008","2008","RATIO","Ratio","0","Units",,,0.3,,
"JPN37","Morioka","T_T_SH_NAT","Share of population  in metropolitan area over the national value","2009","2009","RATIO","Ratio","0","Units",,,0.3,,
"JPN37","Morioka","T_T_SH_NAT","Share of population  in metropolitan area over the national value","2010","2010","RATIO","Ratio","0","Units",,,0.3,,
"JPN37","Morioka","T_T_SH_NAT","Share of population  in metropolitan area over the national value","2011","2011","RATIO","Ratio","0","Units",,,0.3,,
"JPN37","Morioka","T_T_SH_NAT","Share of population  in metropolitan area over the national value","2012","2012","RATIO","Ratio","0","Units",,,0.3,,
"JPN37","Morioka","T_T_SH_NAT","Share of population  in metropolitan area over the national value","2013","2013","RATIO","Ratio","0","Units",,,0.3,,
"JPN37","Morioka","T_T_SH_NAT","Share of population  in metropolitan area over the national value","2014","2014","RATIO","Ratio","0","Units",,,0.3,,
"JPN37","Morioka","T_T_SH_NAT","Share of population  in metropolitan area over the national value","2015","2015","RATIO","Ratio","0","Units",,,0.3,,
"MEX38","Tepic","T_T","Population, All ages. Administrative data","2000","2000","PER","Persons","0","Units",,,360427,,
"MEX38","Tepic","T_T","Population, All ages. Administrative data","2005","2005","PER","Persons","0","Units",,,369891,,
"MEX38","Tepic","T_T","Population, All ages. Administrative data","2010","2010","PER","Persons","0","Units",,,425463,,
"MEX38","Tepic","T_T","Population, All ages. Administrative data","2015","2015","PER","Persons","0","Units",,,499692,,
"UK008","Manchester","POP_DEN","Population density (pop. per km2)","2001","2001","PER","Persons","0","Units",,,970,,
"UK008","Manchester","POP_DEN","Population density (pop. per km2)","2002","2002","PER","Persons","0","Units",,,973,,
"UK008","Manchester","POP_DEN","Population density (pop. per km2)","2003","2003","PER","Persons","0","Units",,,978,,
"UK008","Manchester","POP_DEN","Population density (pop. per km2)","2004","2004","PER","Persons","0","Units",,,982,,
"UK008","Manchester","POP_DEN","Population density (pop. per km2)","2005","2005","PER","Persons","0","Units",,,988,,
"UK008","Manchester","POP_DEN","Population density (pop. per km2)","2006","2006","PER","Persons","0","Units",,,995,,
"UK008","Manchester","POP_DEN","Population density (pop. per km2)","2007","2007","PER","Persons","0","Units",,,1001,,
"UK008","Manchester","POP_DEN","Population density (pop. per km2)","2008","2008","PER","Persons","0","Units",,,1009,,
"UK008","Manchester","POP_DEN","Population density (pop. per km2)","2009","2009","PER","Persons","0","Units",,,1016,,
"UK008","Manchester","POP_DEN","Population density (pop. per km2)","2010","2010","PER","Persons","0","Units",,,1023,,
"UK008","Manchester","POP_DEN","Population density (pop. per km2)","2011","2011","PER","Persons","0","Units",,,1032,,
"UK008","Manchester","POP_DEN","Population density (pop. per km2)","2012","2012","PER","Persons","0","Units",,,1037,,
"UK008","Manchester","POP_DEN","Population density (pop. per km2)","2013","2013","PER","Persons","0","Units",,,1042,,
"UK008","Manchester","POP_DEN","Population density (pop. per km2)","2014","2014","PER","Persons","0","Units",,,1048,,
"UK008","Manchester","POP_DEN","Population density (pop. per km2)","2015","2015","PER","Persons","0","Units",,,1056,,
"UK008","Manchester","POP_DEN","Population density (pop. per km2)","2016","2016","PER","Persons","0","Units",,,1065,,
"ES501","Granada","POP_DEN","Population density (pop. per km2)","2000","2000","PER","Persons","0","Units",,,284,,
"ES501","Granada","POP_DEN","Population density (pop. per km2)","2001","2001","PER","Persons","0","Units",,,288,,
"ES501","Granada","POP_DEN","Population density (pop. per km2)","2002","2002","PER","Persons","0","Units",,,292,,
"ES501","Granada","POP_DEN","Population density (pop. per km2)","2003","2003","PER","Persons","0","Units",,,295,,
"ES501","Granada","POP_DEN","Population density (pop. per km2)","2004","2004","PER","Persons","0","Units",,,299,,
"ES501","Granada","POP_DEN","Population density (pop. per km2)","2005","2005","PER","Persons","0","Units",,,302,,
"ES501","Granada","POP_DEN","Population density (pop. per km2)","2006","2006","PER","Persons","0","Units",,,306,,
"ES501","Granada","POP_DEN","Population density (pop. per km2)","2007","2007","PER","Persons","0","Units",,,309,,
"ES501","Granada","POP_DEN","Population density (pop. per km2)","2008","2008","PER","Persons","0","Units",,,313,,
"ES501","Granada","POP_DEN","Population density (pop. per km2)","2009","2009","PER","Persons","0","Units",,,316,,
"ES501","Granada","POP_DEN","Population density (pop. per km2)","2010","2010","PER","Persons","0","Units",,,320,,
"ES501","Granada","POP_DEN","Population density (pop. per km2)","2011","2011","PER","Persons","0","Units",,,324,,
"ES501","Granada","POP_DEN","Population density (pop. per km2)","2012","2012","PER","Persons","0","Units",,,327,,
"ES501","Granada","POP_DEN","Population density (pop. per km2)","2013","2013","PER","Persons","0","Units",,,331,,
"ES501","Granada","POP_DEN","Population density (pop. per km2)","2014","2014","PER","Persons","0","Units",,,334,,
"ES501","Granada","POP_DEN","Population density (pop. per km2)","2015","2015","PER","Persons","0","Units",,,338,,
"ES501","Granada","POP_DEN","Population density (pop. per km2)","2016","2016","PER","Persons","0","Units",,,341,,
"IT009","Bologna","T_T_SH_NAT","Share of population  in metropolitan area over the national value","2001","2001","RATIO","Ratio","0","Units",,,1.2,,
"IT009","Bologna","T_T_SH_NAT","Share of population  in metropolitan area over the national value","2002","2002","RATIO","Ratio","0","Units",,,1.2,,
"IT009","Bologna","T_T_SH_NAT","Share of population  in metropolitan area over the national value","2003","2003","RATIO","Ratio","0","Units",,,1.2,,
"IT009","Bologna","T_T_SH_NAT","Share of population  in metropolitan area over the national value","2004","2004","RATIO","Ratio","0","Units",,,1.2,,
"IT009","Bologna","T_T_SH_NAT","Share of population  in metropolitan area over the national value","2005","2005","RATIO","Ratio","0","Units",,,1.2,,
"IT009","Bologna","T_T_SH_NAT","Share of population  in metropolitan area over the national value","2006","2006","RATIO","Ratio","0","Units",,,1.2,,
"IT009","Bologna","T_T_SH_NAT","Share of population  in metropolitan area over the national value","2007","2007","RATIO","Ratio","0","Units",,,1.2,,
"IT009","Bologna","T_T_SH_NAT","Share of population  in metropolitan area over the national value","2008","2008","RATIO","Ratio","0","Units",,,1.2,,
"IT009","Bologna","T_T_SH_NAT","Share of population  in metropolitan area over the national value","2009","2009","RATIO","Ratio","0","Units",,,1.2,,
"IT009","Bologna","T_T_SH_NAT","Share of population  in metropolitan area over the national value","2010","2010","RATIO","Ratio","0","Units",,,1.2,,
"IT009","Bologna","T_T_SH_NAT","Share of population  in metropolitan area over the national value","2011","2011","RATIO","Ratio","0","Units",,,1.2,,
"IT009","Bologna","T_T_SH_NAT","Share of population  in metropolitan area over the national value","2012","2012","RATIO","Ratio","0","Units",,,1.2,,
"IT009","Bologna","T_T_SH_NAT","Share of population  in metropolitan area over the national value","2013","2013","RATIO","Ratio","0","Units",,,1.2,,
"IT009","Bologna","T_T_SH_NAT","Share of population  in metropolitan area over the national value","2014","2014","RATIO","Ratio","0","Units",,,1.2,,
"IT009","Bologna","T_T_SH_NAT","Share of population  in metropolitan area over the national value","2015","2015","RATIO","Ratio","0","Units",,,1.2,,
"IT009","Bologna","T_T_SH_NAT","Share of population  in metropolitan area over the national value","2016","2016","RATIO","Ratio","0","Units",,,1.2,,
"USA37","Memphis","POP_DEN","Population density (pop. per km2)","2000","2000","PER","Persons","0","Units",,,108,,
"USA37","Memphis","POP_DEN","Population density (pop. per km2)","2001","2001","PER","Persons","0","Units",,,109,,
"USA37","Memphis","POP_DEN","Population density (pop. per km2)","2002","2002","PER","Persons","0","Units",,,110,,
"USA37","Memphis","POP_DEN","Population density (pop. per km2)","2003","2003","PER","Persons","0","Units",,,111,,
"USA37","Memphis","POP_DEN","Population density (pop. per km2)","2004","2004","PER","Persons","0","Units",,,112,,
"USA37","Memphis","POP_DEN","Population density (pop. per km2)","2005","2005","PER","Persons","0","Units",,,113,,
"USA37","Memphis","POP_DEN","Population density (pop. per km2)","2006","2006","PER","Persons","0","Units",,,115,,
"USA37","Memphis","POP_DEN","Population density (pop. per km2)","2007","2007","PER","Persons","0","Units",,,115,,
"USA37","Memphis","POP_DEN","Population density (pop. per km2)","2008","2008","PER","Persons","0","Units",,,116,,
"USA37","Memphis","POP_DEN","Population density (pop. per km2)","2009","2009","PER","Persons","0","Units",,,117,,
"USA37","Memphis","POP_DEN","Population density (pop. per km2)","2010","2010","PER","Persons","0","Units",,,118,,
"USA37","Memphis","POP_DEN","Population density (pop. per km2)","2011","2011","PER","Persons","0","Units",,,118,,
"USA37","Memphis","POP_DEN","Population density (pop. per km2)","2012","2012","PER","Persons","0","Units",,,119,,
"USA37","Memphis","POP_DEN","Population density (pop. per km2)","2013","2013","PER","Persons","0","Units",,,119,,
"USA37","Memphis","POP_DEN","Population density (pop. per km2)","2014","2014","PER","Persons","0","Units",,,119,,
"USA37","Memphis","POP_DEN","Population density (pop. per km2)","2015","2015","PER","Persons","0","Units",,,119,,
"USA37","Memphis","POP_DEN","Population density (pop. per km2)","2016","2016","PER","Persons","0","Units",,,119,,
"MEX50","Tehuacan","POP_DEN","Population density (pop. per km2)","2000","2000","PER","Persons","0","Units",,,322,,
"MEX50","Tehuacan","POP_DEN","Population density (pop. per km2)","2005","2005","PER","Persons","0","Units",,,310,,
"MEX50","Tehuacan","POP_DEN","Population density (pop. per km2)","2010","2010","PER","Persons","0","Units",,,337,,
"MEX50","Tehuacan","POP_DEN","Population density (pop. per km2)","2015","2015","PER","Persons","0","Units",,,372,,
"UK516","Plymouth","T_T_SH_NAT","Share of population  in metropolitan area over the national value","2001","2001","RATIO","Ratio","0","Units",,,0.6,,
"UK516","Plymouth","T_T_SH_NAT","Share of population  in metropolitan area over the national value","2002","2002","RATIO","Ratio","0","Units",,,0.6,,
"UK516","Plymouth","T_T_SH_NAT","Share of population  in metropolitan area over the national value","2003","2003","RATIO","Ratio","0","Units",,,0.6,,
"UK516","Plymouth","T_T_SH_NAT","Share of population  in metropolitan area over the national value","2004","2004","RATIO","Ratio","0","Units",,,0.6,,
"UK516","Plymouth","T_T_SH_NAT","Share of population  in metropolitan area over the national value","2005","2005","RATIO","Ratio","0","Units",,,0.6,,
"UK516","Plymouth","T_T_SH_NAT","Share of population  in metropolitan area over the national value","2006","2006","RATIO","Ratio","0","Units",,,0.6,,
"UK516","Plymouth","T_T_SH_NAT","Share of population  in metropolitan area over the national value","2007","2007","RATIO","Ratio","0","Units",,,0.6,,
"UK516","Plymouth","T_T_SH_NAT","Share of population  in metropolitan area over the national value","2008","2008","RATIO","Ratio","0","Units",,,0.6,,
"UK516","Plymouth","T_T_SH_NAT","Share of population  in metropolitan area over the national value","2009","2009","RATIO","Ratio","0","Units",,,0.6,,
"UK516","Plymouth","T_T_SH_NAT","Share of population  in metropolitan area over the national value","2010","2010","RATIO","Ratio","0","Units",,,0.6,,
"UK516","Plymouth","T_T_SH_NAT","Share of population  in metropolitan area over the national value","2011","2011","RATIO","Ratio","0","Units",,,0.6,,
"UK516","Plymouth","T_T_SH_NAT","Share of population  in metropolitan area over the national value","2012","2012","RATIO","Ratio","0","Units",,,0.6,,
"UK516","Plymouth","T_T_SH_NAT","Share of population  in metropolitan area over the national value","2013","2013","RATIO","Ratio","0","Units",,,0.6,,
"UK516","Plymouth","T_T_SH_NAT","Share of population  in metropolitan area over the national value","2014","2014","RATIO","Ratio","0","Units",,,0.6,,
"UK516","Plymouth","T_T_SH_NAT","Share of population  in metropolitan area over the national value","2015","2015","RATIO","Ratio","0","Units",,,0.6,,
"UK516","Plymouth","T_T_SH_NAT","Share of population  in metropolitan area over the national value","2016","2016","RATIO","Ratio","0","Units",,,0.6,,
"DE043","Rostock","T_T","Population, All ages. Administrative data","2001","2001","PER","Persons","0","Units",,,429951,,
"DE043","Rostock","T_T","Population, All ages. Administrative data","2002","2002","PER","Persons","0","Units",,,427687,,
"DE043","Rostock","T_T","Population, All ages. Administrative data","2003","2003","PER","Persons","0","Units",,,426122,,
"DE043","Rostock","T_T","Population, All ages. Administrative data","2004","2004","PER","Persons","0","Units",,,425301,,
"DE043","Rostock","T_T","Population, All ages. Administrative data","2005","2005","PER","Persons","0","Units",,,424984,,
"DE043","Rostock","T_T","Population, All ages. Administrative data","2006","2006","PER","Persons","0","Units",,,423701,,
"DE043","Rostock","T_T","Population, All ages. Administrative data","2007","2007","PER","Persons","0","Units",,,422442,,
"DE043","Rostock","T_T","Population, All ages. Administrative data","2008","2008","PER","Persons","0","Units",,,420643,,
"DE043","Rostock","T_T","Population, All ages. Administrative data","2009","2009","PER","Persons","0","Units",,,419137,,
"DE043","Rostock","T_T","Population, All ages. Administrative data","2010","2010","PER","Persons","0","Units",,,417602,,
"DE043","Rostock","T_T","Population, All ages. Administrative data","2011","2011","PER","Persons","0","Units",,,412389,,
"DE043","Rostock","T_T","Population, All ages. Administrative data","2012","2012","PER","Persons","0","Units",,,412461,,
"DE043","Rostock","T_T","Population, All ages. Administrative data","2013","2013","PER","Persons","0","Units",,,412399,,
"DE043","Rostock","T_T","Population, All ages. Administrative data","2014","2014","PER","Persons","0","Units",,,412763,,
"DE043","Rostock","T_T","Population, All ages. Administrative data","2015","2015","PER","Persons","0","Units",,,414818,,
"DE043","Rostock","T_T","Population, All ages. Administrative data","2016","2016","PER","Persons","0","Units",,,418245,,
"BE005","Liege","POP_DEN","Population density (pop. per km2)","2000","2000","PER","Persons","0","Units",,,494,,
"BE005","Liege","POP_DEN","Population density (pop. per km2)","2001","2001","PER","Persons","0","Units",,,493,,
"BE005","Liege","POP_DEN","Population density (pop. per km2)","2002","2002","PER","Persons","0","Units",,,495,,
"BE005","Liege","POP_DEN","Population density (pop. per km2)","2003","2003","PER","Persons","0","Units",,,495,,
"BE005","Liege","POP_DEN","Population density (pop. per km2)","2004","2004","PER","Persons","0","Units",,,496,,
"BE005","Liege","POP_DEN","Population density (pop. per km2)","2005","2005","PER","Persons","0","Units",,,498,,
"BE005","Liege","POP_DEN","Population density (pop. per km2)","2006","2006","PER","Persons","0","Units",,,500,,
"BE005","Liege","POP_DEN","Population density (pop. per km2)","2007","2007","PER","Persons","0","Units",,,503,,
"BE005","Liege","POP_DEN","Population density (pop. per km2)","2008","2008","PER","Persons","0","Units",,,506,,
"BE005","Liege","POP_DEN","Population density (pop. per km2)","2009","2009","PER","Persons","0","Units",,,509,,
"BE005","Liege","POP_DEN","Population density (pop. per km2)","2010","2010","PER","Persons","0","Units",,,512,,
"BE005","Liege","POP_DEN","Population density (pop. per km2)","2011","2011","PER","Persons","0","Units",,,517,,
"BE005","Liege","POP_DEN","Population density (pop. per km2)","2012","2012","PER","Persons","0","Units",,,520,,
"BE005","Liege","POP_DEN","Population density (pop. per km2)","2013","2013","PER","Persons","0","Units",,,522,,
"BE005","Liege","POP_DEN","Population density (pop. per km2)","2014","2014","PER","Persons","0","Units",,,524,,
"BE005","Liege","POP_DEN","Population density (pop. per km2)","2015","2015","PER","Persons","0","Units",,,525,,
"BE005","Liege","POP_DEN","Population density (pop. per km2)","2016","2016","PER","Persons","0","Units",,,528,,
"JPN32","Fukui","T_T_SH_NAT","Share of population  in metropolitan area over the national value","2001","2001","RATIO","Ratio","0","Units",,,0.5,,
"JPN32","Fukui","T_T_SH_NAT","Share of population  in metropolitan area over the national value","2002","2002","RATIO","Ratio","0","Units",,,0.5,,
"JPN32","Fukui","T_T_SH_NAT","Share of population  in metropolitan area over the national value","2003","2003","RATIO","Ratio","0","Units",,,0.5,,
"JPN32","Fukui","T_T_SH_NAT","Share of population  in metropolitan area over the national value","2004","2004","RATIO","Ratio","0","Units",,,0.5,,
"JPN32","Fukui","T_T_SH_NAT","Share of population  in metropolitan area over the national value","2005","2005","RATIO","Ratio","0","Units",,,0.4,,
"JPN32","Fukui","T_T_SH_NAT","Share of population  in metropolitan area over the national value","2006","2006","RATIO","Ratio","0","Units",,,0.4,,
"JPN32","Fukui","T_T_SH_NAT","Share of population  in metropolitan area over the national value","2007","2007","RATIO","Ratio","0","Units",,,0.4,,
"JPN32","Fukui","T_T_SH_NAT","Share of population  in metropolitan area over the national value","2008","2008","RATIO","Ratio","0","Units",,,0.4,,
"JPN32","Fukui","T_T_SH_NAT","Share of population  in metropolitan area over the national value","2009","2009","RATIO","Ratio","0","Units",,,0.4,,
"JPN32","Fukui","T_T_SH_NAT","Share of population  in metropolitan area over the national value","2010","2010","RATIO","Ratio","0","Units",,,0.4,,
"JPN32","Fukui","T_T_SH_NAT","Share of population  in metropolitan area over the national value","2011","2011","RATIO","Ratio","0","Units",,,0.4,,
"JPN32","Fukui","T_T_SH_NAT","Share of population  in metropolitan area over the national value","2012","2012","RATIO","Ratio","0","Units",,,0.4,,
"JPN32","Fukui","T_T_SH_NAT","Share of population  in metropolitan area over the national value","2013","2013","RATIO","Ratio","0","Units",,,0.4,,
"JPN32","Fukui","T_T_SH_NAT","Share of population  in metropolitan area over the national value","2014","2014","RATIO","Ratio","0","Units",,,0.4,,
"JPN32","Fukui","T_T_SH_NAT","Share of population  in metropolitan area over the national value","2015","2015","RATIO","Ratio","0","Units",,,0.4,,
"DE001","Berlin","T_T","Population, All ages. Administrative data","2001","2001","PER","Persons","0","Units",,,4933906,,
"DE001","Berlin","T_T","Population, All ages. Administrative data","2002","2002","PER","Persons","0","Units",,,4950604,,
"DE001","Berlin","T_T","Population, All ages. Administrative data","2003","2003","PER","Persons","0","Units",,,4961163,,
"DE001","Berlin","T_T","Population, All ages. Administrative data","2004","2004","PER","Persons","0","Units",,,4964482,,
"DE001","Berlin","T_T","Population, All ages. Administrative data","2005","2005","PER","Persons","0","Units",,,4970571,,
"DE001","Berlin","T_T","Population, All ages. Administrative data","2006","2006","PER","Persons","0","Units",,,4984070,,
"DE001","Berlin","T_T","Population, All ages. Administrative data","2007","2007","PER","Persons","0","Units",,,4995504,,
"DE001","Berlin","T_T","Population, All ages. Administrative data","2008","2008","PER","Persons","0","Units",,,5009414,,
"DE001","Berlin","T_T","Population, All ages. Administrative data","2009","2009","PER","Persons","0","Units",,,5024501,,
"DE001","Berlin","T_T","Population, All ages. Administrative data","2010","2010","PER","Persons","0","Units",,,5035450,,
"DE001","Berlin","T_T","Population, All ages. Administrative data","2011","2011","PER","Persons","0","Units",,,4848511,,
"DE001","Berlin","T_T","Population, All ages. Administrative data","2012","2012","PER","Persons","0","Units",,,4897381,,
"DE001","Berlin","T_T","Population, All ages. Administrative data","2013","2013","PER","Persons","0","Units",,,4950913,,
"DE001","Berlin","T_T","Population, All ages. Administrative data","2014","2014","PER","Persons","0","Units",,,5004438,,
"DE001","Berlin","T_T","Population, All ages. Administrative data","2015","2015","PER","Persons","0","Units",,,5065574,,
"DE001","Berlin","T_T","Population, All ages. Administrative data","2016","2016","PER","Persons","0","Units",,,5142247,,
"MEX60","Salamanca","T_T","Population, All ages. Administrative data","2000","2000","PER","Persons","0","Units",,,225236,,
"MEX60","Salamanca","T_T","Population, All ages. Administrative data","2005","2005","PER","Persons","0","Units",,,231609,,
"MEX60","Salamanca","T_T","Population, All ages. Administrative data","2010","2010","PER","Persons","0","Units",,,259173,,
"MEX60","Salamanca","T_T","Population, All ages. Administrative data","2015","2015","PER","Persons","0","Units",,,298419,,
"USA41","Pittsburgh","T_T","Population, All ages. Administrative data","2000","2000","PER","Persons","0","Units",,,1482659,,
"USA41","Pittsburgh","T_T","Population, All ages. Administrative data","2001","2001","PER","Persons","0","Units",,,1475595,,
"USA41","Pittsburgh","T_T","Population, All ages. Administrative data","2002","2002","PER","Persons","0","Units",,,1468681,,
"USA41","Pittsburgh","T_T","Population, All ages. Administrative data","2003","2003","PER","Persons","0","Units",,,1462279,,
"USA41","Pittsburgh","T_T","Population, All ages. Administrative data","2004","2004","PER","Persons","0","Units",,,1451621,,
"USA41","Pittsburgh","T_T","Population, All ages. Administrative data","2005","2005","PER","Persons","0","Units",,,1440146,,
"USA41","Pittsburgh","T_T","Population, All ages. Administrative data","2006","2006","PER","Persons","0","Units",,,1432017,,
"USA41","Pittsburgh","T_T","Population, All ages. Administrative data","2007","2007","PER","Persons","0","Units",,,1428741,,
"USA41","Pittsburgh","T_T","Population, All ages. Administrative data","2008","2008","PER","Persons","0","Units",,,1428311,,
"USA41","Pittsburgh","T_T","Population, All ages. Administrative data","2009","2009","PER","Persons","0","Units",,,1429742,,
"USA41","Pittsburgh","T_T","Population, All ages. Administrative data","2010","2010","PER","Persons","0","Units",,,1431818,,
"USA41","Pittsburgh","T_T","Population, All ages. Administrative data","2011","2011","PER","Persons","0","Units",,,1435735,,
"USA41","Pittsburgh","T_T","Population, All ages. Administrative data","2012","2012","PER","Persons","0","Units",,,1439100,,
"USA41","Pittsburgh","T_T","Population, All ages. Administrative data","2013","2013","PER","Persons","0","Units",,,1441884,,
"USA41","Pittsburgh","T_T","Population, All ages. Administrative data","2014","2014","PER","Persons","0","Units",,,1441405,,
"USA41","Pittsburgh","T_T","Population, All ages. Administrative data","2015","2015","PER","Persons","0","Units",,,1437799,,
"USA41","Pittsburgh","T_T","Population, All ages. Administrative data","2016","2016","PER","Persons","0","Units",,,1434894,,
"AT004","Salzburg","POP_DEN","Population density (pop. per km2)","2000","2000","PER","Persons","0","Units",,,240,,
"AT004","Salzburg","POP_DEN","Population density (pop. per km2)","2001","2001","PER","Persons","0","Units",,,240,,
"AT004","Salzburg","POP_DEN","Population density (pop. per km2)","2002","2002","PER","Persons","0","Units",,,241,,
"AT004","Salzburg","POP_DEN","Population density (pop. per km2)","2003","2003","PER","Persons","0","Units",,,241,,
"AT004","Salzburg","POP_DEN","Population density (pop. per km2)","2004","2004","PER","Persons","0","Units",,,242,,
"AT004","Salzburg","POP_DEN","Population density (pop. per km2)","2005","2005","PER","Persons","0","Units",,,242,,
"AT004","Salzburg","POP_DEN","Population density (pop. per km2)","2006","2006","PER","Persons","0","Units",,,243,,
"AT004","Salzburg","POP_DEN","Population density (pop. per km2)","2007","2007","PER","Persons","0","Units",,,244,,
"AT004","Salzburg","POP_DEN","Population density (pop. per km2)","2008","2008","PER","Persons","0","Units",,,245,,
"AT004","Salzburg","POP_DEN","Population density (pop. per km2)","2009","2009","PER","Persons","0","Units",,,246,,
"AT004","Salzburg","POP_DEN","Population density (pop. per km2)","2010","2010","PER","Persons","0","Units",,,246,,
"AT004","Salzburg","POP_DEN","Population density (pop. per km2)","2011","2011","PER","Persons","0","Units",,,248,,
"AT004","Salzburg","POP_DEN","Population density (pop. per km2)","2012","2012","PER","Persons","0","Units",,,249,,
"AT004","Salzburg","POP_DEN","Population density (pop. per km2)","2013","2013","PER","Persons","0","Units",,,251,,
"AT004","Salzburg","POP_DEN","Population density (pop. per km2)","2014","2014","PER","Persons","0","Units",,,253,,
"AT004","Salzburg","POP_DEN","Population density (pop. per km2)","2015","2015","PER","Persons","0","Units",,,254,,
"FR007","Bordeaux","T_T_SH_NAT","Share of population  in metropolitan area over the national value","2001","2001","RATIO","Ratio","0","Units",,,1.7,,
"FR007","Bordeaux","T_T_SH_NAT","Share of population  in metropolitan area over the national value","2002","2002","RATIO","Ratio","0","Units",,,1.7,,
"FR007","Bordeaux","T_T_SH_NAT","Share of population  in metropolitan area over the national value","2003","2003","RATIO","Ratio","0","Units",,,1.7,,
"FR007","Bordeaux","T_T_SH_NAT","Share of population  in metropolitan area over the national value","2004","2004","RATIO","Ratio","0","Units",,,1.7,,
"FR007","Bordeaux","T_T_SH_NAT","Share of population  in metropolitan area over the national value","2005","2005","RATIO","Ratio","0","Units",,,1.7,,
"FR007","Bordeaux","T_T_SH_NAT","Share of population  in metropolitan area over the national value","2006","2006","RATIO","Ratio","0","Units",,,1.7,,
"FR007","Bordeaux","T_T_SH_NAT","Share of population  in metropolitan area over the national value","2007","2007","RATIO","Ratio","0","Units",,,1.7,,
"FR007","Bordeaux","T_T_SH_NAT","Share of population  in metropolitan area over the national value","2008","2008","RATIO","Ratio","0","Units",,,1.7,,
"FR007","Bordeaux","T_T_SH_NAT","Share of population  in metropolitan area over the national value","2009","2009","RATIO","Ratio","0","Units",,,1.7,,
"FR007","Bordeaux","T_T_SH_NAT","Share of population  in metropolitan area over the national value","2010","2010","RATIO","Ratio","0","Units",,,1.7,,
"FR007","Bordeaux","T_T_SH_NAT","Share of population  in metropolitan area over the national value","2011","2011","RATIO","Ratio","0","Units",,,1.8,,
"FR007","Bordeaux","T_T_SH_NAT","Share of population  in metropolitan area over the national value","2012","2012","RATIO","Ratio","0","Units",,,1.8,,
"FR007","Bordeaux","T_T_SH_NAT","Share of population  in metropolitan area over the national value","2013","2013","RATIO","Ratio","0","Units",,,1.8,,
"FR007","Bordeaux","T_T_SH_NAT","Share of population  in metropolitan area over the national value","2014","2014","RATIO","Ratio","0","Units",,,1.8,,
"FR007","Bordeaux","T_T_SH_NAT","Share of population  in metropolitan area over the national value","2015","2015","RATIO","Ratio","0","Units",,,1.8,,
"UK562","Preston","POP_DEN","Population density (pop. per km2)","2001","2001","PER","Persons","0","Units",,,916,,
"UK562","Preston","POP_DEN","Population density (pop. per km2)","2002","2002","PER","Persons","0","Units",,,921,,
"UK562","Preston","POP_DEN","Population density (pop. per km2)","2003","2003","PER","Persons","0","Units",,,930,,
"UK562","Preston","POP_DEN","Population density (pop. per km2)","2004","2004","PER","Persons","0","Units",,,938,,
"UK562","Preston","POP_DEN","Population density (pop. per km2)","2005","2005","PER","Persons","0","Units",,,946,,
"UK562","Preston","POP_DEN","Population density (pop. per km2)","2006","2006","PER","Persons","0","Units",,,955,,
"UK562","Preston","POP_DEN","Population density (pop. per km2)","2007","2007","PER","Persons","0","Units",,,960,,
"UK562","Preston","POP_DEN","Population density (pop. per km2)","2008","2008","PER","Persons","0","Units",,,963,,
"UK562","Preston","POP_DEN","Population density (pop. per km2)","2009","2009","PER","Persons","0","Units",,,964,,
"UK562","Preston","POP_DEN","Population density (pop. per km2)","2010","2010","PER","Persons","0","Units",,,968,,
"UK562","Preston","POP_DEN","Population density (pop. per km2)","2011","2011","PER","Persons","0","Units",,,974,,
"UK562","Preston","POP_DEN","Population density (pop. per km2)","2012","2012","PER","Persons","0","Units",,,975,,
"UK562","Preston","POP_DEN","Population density (pop. per km2)","2013","2013","PER","Persons","0","Units",,,973,,
"UK562","Preston","POP_DEN","Population density (pop. per km2)","2014","2014","PER","Persons","0","Units",,,973,,
"UK562","Preston","POP_DEN","Population density (pop. per km2)","2015","2015","PER","Persons","0","Units",,,979,,
"UK562","Preston","POP_DEN","Population density (pop. per km2)","2016","2016","PER","Persons","0","Units",,,982,,
"MEX62","Zamora","T_T","Population, All ages. Administrative data","2000","2000","PER","Persons","0","Units",,,229168,,
"MEX62","Zamora","T_T","Population, All ages. Administrative data","2005","2005","PER","Persons","0","Units",,,225419,,
"MEX62","Zamora","T_T","Population, All ages. Administrative data","2010","2010","PER","Persons","0","Units",,,249009,,
"MEX62","Zamora","T_T","Population, All ages. Administrative data","2015","2015","PER","Persons","0","Units",,,278669,,
"UK506","Doncaster","T_T_SH_NAT","Share of population  in metropolitan area over the national value","2001","2001","RATIO","Ratio","0","Units",,,0.5,,
"UK506","Doncaster","T_T_SH_NAT","Share of population  in metropolitan area over the national value","2002","2002","RATIO","Ratio","0","Units",,,0.5,,
"UK506","Doncaster","T_T_SH_NAT","Share of population  in metropolitan area over the national value","2003","2003","RATIO","Ratio","0","Units",,,0.5,,
"UK506","Doncaster","T_T_SH_NAT","Share of population  in metropolitan area over the national value","2004","2004","RATIO","Ratio","0","Units",,,0.5,,
"UK506","Doncaster","T_T_SH_NAT","Share of population  in metropolitan area over the national value","2005","2005","RATIO","Ratio","0","Units",,,0.5,,
"UK506","Doncaster","T_T_SH_NAT","Share of population  in metropolitan area over the national value","2006","2006","RATIO","Ratio","0","Units",,,0.5,,
"UK506","Doncaster","T_T_SH_NAT","Share of population  in metropolitan area over the national value","2007","2007","RATIO","Ratio","0","Units",,,0.5,,
"UK506","Doncaster","T_T_SH_NAT","Share of population  in metropolitan area over the national value","2008","2008","RATIO","Ratio","0","Units",,,0.5,,
"UK506","Doncaster","T_T_SH_NAT","Share of population  in metropolitan area over the national value","2009","2009","RATIO","Ratio","0","Units",,,0.5,,
"UK506","Doncaster","T_T_SH_NAT","Share of population  in metropolitan area over the national value","2010","2010","RATIO","Ratio","0","Units",,,0.5,,
"UK506","Doncaster","T_T_SH_NAT","Share of population  in metropolitan area over the national value","2011","2011","RATIO","Ratio","0","Units",,,0.5,,
"UK506","Doncaster","T_T_SH_NAT","Share of population  in metropolitan area over the national value","2012","2012","RATIO","Ratio","0","Units",,,0.5,,
"UK506","Doncaster","T_T_SH_NAT","Share of population  in metropolitan area over the national value","2013","2013","RATIO","Ratio","0","Units",,,0.5,,
"UK506","Doncaster","T_T_SH_NAT","Share of population  in metropolitan area over the national value","2014","2014","RATIO","Ratio","0","Units",,,0.5,,
"UK506","Doncaster","T_T_SH_NAT","Share of population  in metropolitan area over the national value","2015","2015","RATIO","Ratio","0","Units",,,0.5,,
"UK506","Doncaster","T_T_SH_NAT","Share of population  in metropolitan area over the national value","2016","2016","RATIO","Ratio","0","Units",,,0.5,,
"DE549","Bocholt, Stadt","T_T_SH_NAT","Share of population  in metropolitan area over the national value","2001","2001","RATIO","Ratio","0","Units",,,0.4,,
"DE549","Bocholt, Stadt","T_T_SH_NAT","Share of population  in metropolitan area over the national value","2002","2002","RATIO","Ratio","0","Units",,,0.4,,
"DE549","Bocholt, Stadt","T_T_SH_NAT","Share of population  in metropolitan area over the national value","2003","2003","RATIO","Ratio","0","Units",,,0.4,,
"DE549","Bocholt, Stadt","T_T_SH_NAT","Share of population  in metropolitan area over the national value","2004","2004","RATIO","Ratio","0","Units",,,0.4,,
"DE549","Bocholt, Stadt","T_T_SH_NAT","Share of population  in metropolitan area over the national value","2005","2005","RATIO","Ratio","0","Units",,,0.4,,
"DE549","Bocholt, Stadt","T_T_SH_NAT","Share of population  in metropolitan area over the national value","2006","2006","RATIO","Ratio","0","Units",,,0.5,,
"DE549","Bocholt, Stadt","T_T_SH_NAT","Share of population  in metropolitan area over the national value","2007","2007","RATIO","Ratio","0","Units",,,0.5,,
"DE549","Bocholt, Stadt","T_T_SH_NAT","Share of population  in metropolitan area over the national value","2008","2008","RATIO","Ratio","0","Units",,,0.5,,
"DE549","Bocholt, Stadt","T_T_SH_NAT","Share of population  in metropolitan area over the national value","2009","2009","RATIO","Ratio","0","Units",,,0.5,,
"DE549","Bocholt, Stadt","T_T_SH_NAT","Share of population  in metropolitan area over the national value","2010","2010","RATIO","Ratio","0","Units",,,0.5,,
"DE549","Bocholt, Stadt","T_T_SH_NAT","Share of population  in metropolitan area over the national value","2011","2011","RATIO","Ratio","0","Units",,,0.5,,
"DE549","Bocholt, Stadt","T_T_SH_NAT","Share of population  in metropolitan area over the national value","2012","2012","RATIO","Ratio","0","Units",,,0.5,,
"DE549","Bocholt, Stadt","T_T_SH_NAT","Share of population  in metropolitan area over the national value","2013","2013","RATIO","Ratio","0","Units",,,0.5,,
"DE549","Bocholt, Stadt","T_T_SH_NAT","Share of population  in metropolitan area over the national value","2014","2014","RATIO","Ratio","0","Units",,,0.5,,
"DE549","Bocholt, Stadt","T_T_SH_NAT","Share of population  in metropolitan area over the national value","2015","2015","RATIO","Ratio","0","Units",,,0.5,,
"DE549","Bocholt, Stadt","T_T_SH_NAT","Share of population  in metropolitan area over the national value","2016","2016","RATIO","Ratio","0","Units",,,0.5,,
"USA170","Benton (AR)","T_T_SH_NAT","Share of population  in metropolitan area over the national value","2001","2001","RATIO","Ratio","0","Units",,,0.1,,
"USA170","Benton (AR)","T_T_SH_NAT","Share of population  in metropolitan area over the national value","2002","2002","RATIO","Ratio","0","Units",,,0.1,,
"USA170","Benton (AR)","T_T_SH_NAT","Share of population  in metropolitan area over the national value","2003","2003","RATIO","Ratio","0","Units",,,0.1,,
"USA170","Benton (AR)","T_T_SH_NAT","Share of population  in metropolitan area over the national value","2004","2004","RATIO","Ratio","0","Units",,,0.1,,
"USA170","Benton (AR)","T_T_SH_NAT","Share of population  in metropolitan area over the national value","2005","2005","RATIO","Ratio","0","Units",,,0.1,,
"USA170","Benton (AR)","T_T_SH_NAT","Share of population  in metropolitan area over the national value","2006","2006","RATIO","Ratio","0","Units",,,0.1,,
"USA170","Benton (AR)","T_T_SH_NAT","Share of population  in metropolitan area over the national value","2007","2007","RATIO","Ratio","0","Units",,,0.1,,
"USA170","Benton (AR)","T_T_SH_NAT","Share of population  in metropolitan area over the national value","2008","2008","RATIO","Ratio","0","Units",,,0.1,,
"USA170","Benton (AR)","T_T_SH_NAT","Share of population  in metropolitan area over the national value","2009","2009","RATIO","Ratio","0","Units",,,0.1,,
"USA170","Benton (AR)","T_T_SH_NAT","Share of population  in metropolitan area over the national value","2010","2010","RATIO","Ratio","0","Units",,,0.1,,
"USA170","Benton (AR)","T_T_SH_NAT","Share of population  in metropolitan area over the national value","2011","2011","RATIO","Ratio","0","Units",,,0.1,,
"USA170","Benton (AR)","T_T_SH_NAT","Share of population  in metropolitan area over the national value","2012","2012","RATIO","Ratio","0","Units",,,0.1,,
"USA170","Benton (AR)","T_T_SH_NAT","Share of population  in metropolitan area over the national value","2013","2013","RATIO","Ratio","0","Units",,,0.1,,
"USA170","Benton (AR)","T_T_SH_NAT","Share of population  in metropolitan area over the national value","2014","2014","RATIO","Ratio","0","Units",,,0.1,,
"USA170","Benton (AR)","T_T_SH_NAT","Share of population  in metropolitan area over the national value","2015","2015","RATIO","Ratio","0","Units",,,0.1,,
"USA170","Benton (AR)","T_T_SH_NAT","Share of population  in metropolitan area over the national value","2016","2016","RATIO","Ratio","0","Units",,,0.1,,
"ES015","Santander","POP_DEN","Population density (pop. per km2)","2000","2000","PER","Persons","0","Units",,,511,,
"ES015","Santander","POP_DEN","Population density (pop. per km2)","2001","2001","PER","Persons","0","Units",,,514,,
"ES015","Santander","POP_DEN","Population density (pop. per km2)","2002","2002","PER","Persons","0","Units",,,517,,
"ES015","Santander","POP_DEN","Population density (pop. per km2)","2003","2003","PER","Persons","0","Units",,,519,,
"ES015","Santander","POP_DEN","Population density (pop. per km2)","2004","2004","PER","Persons","0","Units",,,522,,
"ES015","Santander","POP_DEN","Population density (pop. per km2)","2005","2005","PER","Persons","0","Units",,,525,,
"ES015","Santander","POP_DEN","Population density (pop. per km2)","2006","2006","PER","Persons","0","Units",,,527,,
"ES015","Santander","POP_DEN","Population density (pop. per km2)","2007","2007","PER","Persons","0","Units",,,530,,
"ES015","Santander","POP_DEN","Population density (pop. per km2)","2008","2008","PER","Persons","0","Units",,,533,,
"ES015","Santander","POP_DEN","Population density (pop. per km2)","2009","2009","PER","Persons","0","Units",,,535,,
"ES015","Santander","POP_DEN","Population density (pop. per km2)","2010","2010","PER","Persons","0","Units",,,538,,
"ES015","Santander","POP_DEN","Population density (pop. per km2)","2011","2011","PER","Persons","0","Units",,,541,,
"ES015","Santander","POP_DEN","Population density (pop. per km2)","2012","2012","PER","Persons","0","Units",,,543,,
"ES015","Santander","POP_DEN","Population density (pop. per km2)","2013","2013","PER","Persons","0","Units",,,546,,
"ES015","Santander","POP_DEN","Population density (pop. per km2)","2014","2014","PER","Persons","0","Units",,,549,,
"ES015","Santander","POP_DEN","Population density (pop. per km2)","2015","2015","PER","Persons","0","Units",,,552,,
"ES015","Santander","POP_DEN","Population density (pop. per km2)","2016","2016","PER","Persons","0","Units",,,554,,
"MEX08","Queretaro","T_T_SH_NAT","Share of population  in metropolitan area over the national value","2005","2005","RATIO","Ratio","0","Units",,,1.1,,
"MEX08","Queretaro","T_T_SH_NAT","Share of population  in metropolitan area over the national value","2010","2010","RATIO","Ratio","0","Units",,,1.2,,
"MEX08","Queretaro","T_T_SH_NAT","Share of population  in metropolitan area over the national value","2015","2015","RATIO","Ratio","0","Units",,,1.3,,
"KOR02","Gimhae","POP_DEN","Population density (pop. per km2)","2000","2000","PER","Persons","0","Units",,,1685,,
"KOR02","Gimhae","POP_DEN","Population density (pop. per km2)","2001","2001","PER","Persons","0","Units",,,1696,,
"KOR02","Gimhae","POP_DEN","Population density (pop. per km2)","2002","2002","PER","Persons","0","Units",,,1708,,
"KOR02","Gimhae","POP_DEN","Population density (pop. per km2)","2003","2003","PER","Persons","0","Units",,,1719,,
"KOR02","Gimhae","POP_DEN","Population density (pop. per km2)","2004","2004","PER","Persons","0","Units",,,1730,,
"KOR02","Gimhae","POP_DEN","Population density (pop. per km2)","2005","2005","PER","Persons","0","Units",,,1741,,
"KOR02","Gimhae","POP_DEN","Population density (pop. per km2)","2006","2006","PER","Persons","0","Units",,,1752,,
"KOR02","Gimhae","POP_DEN","Population density (pop. per km2)","2007","2007","PER","Persons","0","Units",,,1763,,
"KOR02","Gimhae","POP_DEN","Population density (pop. per km2)","2008","2008","PER","Persons","0","Units",,,1774,,
"KOR02","Gimhae","POP_DEN","Population density (pop. per km2)","2009","2009","PER","Persons","0","Units",,,1785,,
"KOR02","Gimhae","POP_DEN","Population density (pop. per km2)","2010","2010","PER","Persons","0","Units",,,1796,,
"KOR02","Gimhae","POP_DEN","Population density (pop. per km2)","2011","2011","PER","Persons","0","Units",,,1807,,
"KOR02","Gimhae","POP_DEN","Population density (pop. per km2)","2012","2012","PER","Persons","0","Units",,,1808,,
"KOR02","Gimhae","POP_DEN","Population density (pop. per km2)","2013","2013","PER","Persons","0","Units",,,1811,,
"KOR02","Gimhae","POP_DEN","Population density (pop. per km2)","2014","2014","PER","Persons","0","Units",,,1817,,
"KOR02","Gimhae","POP_DEN","Population density (pop. per km2)","2015","2015","PER","Persons","0","Units",,,1821,,
"KOR02","Gimhae","POP_DEN","Population density (pop. per km2)","2016","2016","PER","Persons","0","Units",,,1821,,
"USA12","Phoenix","T_T","Population, All ages. Administrative data","2000","2000","PER","Persons","0","Units",,,3273477,,
"USA12","Phoenix","T_T","Population, All ages. Administrative data","2001","2001","PER","Persons","0","Units",,,3363736,,
"USA12","Phoenix","T_T","Population, All ages. Administrative data","2002","2002","PER","Persons","0","Units",,,3452470,,
"USA12","Phoenix","T_T","Population, All ages. Administrative data","2003","2003","PER","Persons","0","Units",,,3536388,,
"USA12","Phoenix","T_T","Population, All ages. Administrative data","2004","2004","PER","Persons","0","Units",,,3637332,,
"USA12","Phoenix","T_T","Population, All ages. Administrative data","2005","2005","PER","Persons","0","Units",,,3774696,,
"USA12","Phoenix","T_T","Population, All ages. Administrative data","2006","2006","PER","Persons","0","Units",,,3914212,,
"USA12","Phoenix","T_T","Population, All ages. Administrative data","2007","2007","PER","Persons","0","Units",,,4018128,,
"USA12","Phoenix","T_T","Population, All ages. Administrative data","2008","2008","PER","Persons","0","Units",,,4106372,,
"USA12","Phoenix","T_T","Population, All ages. Administrative data","2009","2009","PER","Persons","0","Units",,,4153609,,
"USA12","Phoenix","T_T","Population, All ages. Administrative data","2010","2010","PER","Persons","0","Units",,,4204148,,
"USA12","Phoenix","T_T","Population, All ages. Administrative data","2011","2011","PER","Persons","0","Units",,,4247852,,
"USA12","Phoenix","T_T","Population, All ages. Administrative data","2012","2012","PER","Persons","0","Units",,,4321686,,
"USA12","Phoenix","T_T","Population, All ages. Administrative data","2013","2013","PER","Persons","0","Units",,,4390565,,
"USA12","Phoenix","T_T","Population, All ages. Administrative data","2014","2014","PER","Persons","0","Units",,,4470712,,
"USA12","Phoenix","T_T","Population, All ages. Administrative data","2015","2015","PER","Persons","0","Units",,,4558145,,
"USA12","Phoenix","T_T","Population, All ages. Administrative data","2016","2016","PER","Persons","0","Units",,,4648498,,
"USA146","Atlantic City","POP_DEN","Population density (pop. per km2)","2000","2000","PER","Persons","0","Units",,,160,,
"USA146","Atlantic City","POP_DEN","Population density (pop. per km2)","2001","2001","PER","Persons","0","Units",,,161,,
"USA146","Atlantic City","POP_DEN","Population density (pop. per km2)","2002","2002","PER","Persons","0","Units",,,164,,
"USA146","Atlantic City","POP_DEN","Population density (pop. per km2)","2003","2003","PER","Persons","0","Units",,,166,,
"USA146","Atlantic City","POP_DEN","Population density (pop. per km2)","2004","2004","PER","Persons","0","Units",,,169,,
"USA146","Atlantic City","POP_DEN","Population density (pop. per km2)","2005","2005","PER","Persons","0","Units",,,171,,
"USA146","Atlantic City","POP_DEN","Population density (pop. per km2)","2006","2006","PER","Persons","0","Units",,,171,,
"USA146","Atlantic City","POP_DEN","Population density (pop. per km2)","2007","2007","PER","Persons","0","Units",,,172,,
"USA146","Atlantic City","POP_DEN","Population density (pop. per km2)","2008","2008","PER","Persons","0","Units",,,172,,
"USA146","Atlantic City","POP_DEN","Population density (pop. per km2)","2009","2009","PER","Persons","0","Units",,,173,,
"USA146","Atlantic City","POP_DEN","Population density (pop. per km2)","2010","2010","PER","Persons","0","Units",,,173,,
"USA146","Atlantic City","POP_DEN","Population density (pop. per km2)","2011","2011","PER","Persons","0","Units",,,174,,
"USA146","Atlantic City","POP_DEN","Population density (pop. per km2)","2012","2012","PER","Persons","0","Units",,,174,,
"USA146","Atlantic City","POP_DEN","Population density (pop. per km2)","2013","2013","PER","Persons","0","Units",,,174,,
"USA146","Atlantic City","POP_DEN","Population density (pop. per km2)","2014","2014","PER","Persons","0","Units",,,173,,
"USA146","Atlantic City","POP_DEN","Population density (pop. per km2)","2015","2015","PER","Persons","0","Units",,,172,,
"USA146","Atlantic City","POP_DEN","Population density (pop. per km2)","2016","2016","PER","Persons","0","Units",,,171,,
"DE036","Monchengladbach","T_T_SH_NAT","Share of population  in metropolitan area over the national value","2001","2001","RATIO","Ratio","0","Units",,,0.3,,
"DE036","Monchengladbach","T_T_SH_NAT","Share of population  in metropolitan area over the national value","2002","2002","RATIO","Ratio","0","Units",,,0.3,,
"DE036","Monchengladbach","T_T_SH_NAT","Share of population  in metropolitan area over the national value","2003","2003","RATIO","Ratio","0","Units",,,0.3,,
"DE036","Monchengladbach","T_T_SH_NAT","Share of population  in metropolitan area over the national value","2004","2004","RATIO","Ratio","0","Units",,,0.3,,
"DE036","Monchengladbach","T_T_SH_NAT","Share of population  in metropolitan area over the national value","2005","2005","RATIO","Ratio","0","Units",,,0.3,,
"DE036","Monchengladbach","T_T_SH_NAT","Share of population  in metropolitan area over the national value","2006","2006","RATIO","Ratio","0","Units",,,0.3,,
"DE036","Monchengladbach","T_T_SH_NAT","Share of population  in metropolitan area over the national value","2007","2007","RATIO","Ratio","0","Units",,,0.3,,
"DE036","Monchengladbach","T_T_SH_NAT","Share of population  in metropolitan area over the national value","2008","2008","RATIO","Ratio","0","Units",,,0.3,,
"DE036","Monchengladbach","T_T_SH_NAT","Share of population  in metropolitan area over the national value","2009","2009","RATIO","Ratio","0","Units",,,0.3,,
"DE036","Monchengladbach","T_T_SH_NAT","Share of population  in metropolitan area over the national value","2010","2010","RATIO","Ratio","0","Units",,,0.3,,
"DE036","Monchengladbach","T_T_SH_NAT","Share of population  in metropolitan area over the national value","2011","2011","RATIO","Ratio","0","Units",,,0.3,,
"DE036","Monchengladbach","T_T_SH_NAT","Share of population  in metropolitan area over the national value","2012","2012","RATIO","Ratio","0","Units",,,0.3,,
"DE036","Monchengladbach","T_T_SH_NAT","Share of population  in metropolitan area over the national value","2013","2013","RATIO","Ratio","0","Units",,,0.3,,
"DE036","Monchengladbach","T_T_SH_NAT","Share of population  in metropolitan area over the national value","2014","2014","RATIO","Ratio","0","Units",,,0.3,,
"DE036","Monchengladbach","T_T_SH_NAT","Share of population  in metropolitan area over the national value","2015","2015","RATIO","Ratio","0","Units",,,0.3,,
"DE036","Monchengladbach","T_T_SH_NAT","Share of population  in metropolitan area over the national value","2016","2016","RATIO","Ratio","0","Units",,,0.3,,
"UK025","Coventry","POP_DEN","Population density (pop. per km2)","2001","2001","PER","Persons","0","Units",,,703,,
"UK025","Coventry","POP_DEN","Population density (pop. per km2)","2002","2002","PER","Persons","0","Units",,,706,,
"UK025","Coventry","POP_DEN","Population density (pop. per km2)","2003","2003","PER","Persons","0","Units",,,709,,
"UK025","Coventry","POP_DEN","Population density (pop. per km2)","2004","2004","PER","Persons","0","Units",,,709,,
"UK025","Coventry","POP_DEN","Population density (pop. per km2)","2005","2005","PER","Persons","0","Units",,,714,,
"UK025","Coventry","POP_DEN","Population density (pop. per km2)","2006","2006","PER","Persons","0","Units",,,720,,
"UK025","Coventry","POP_DEN","Population density (pop. per km2)","2007","2007","PER","Persons","0","Units",,,726,,
"UK025","Coventry","POP_DEN","Population density (pop. per km2)","2008","2008","PER","Persons","0","Units",,,734,,
"UK025","Coventry","POP_DEN","Population density (pop. per km2)","2009","2009","PER","Persons","0","Units",,,740,,
"UK025","Coventry","POP_DEN","Population density (pop. per km2)","2010","2010","PER","Persons","0","Units",,,747,,
"UK025","Coventry","POP_DEN","Population density (pop. per km2)","2011","2011","PER","Persons","0","Units",,,756,,
"UK025","Coventry","POP_DEN","Population density (pop. per km2)","2012","2012","PER","Persons","0","Units",,,765,,
"UK025","Coventry","POP_DEN","Population density (pop. per km2)","2013","2013","PER","Persons","0","Units",,,774,,
"UK025","Coventry","POP_DEN","Population density (pop. per km2)","2014","2014","PER","Persons","0","Units",,,786,,
"UK025","Coventry","POP_DEN","Population density (pop. per km2)","2015","2015","PER","Persons","0","Units",,,800,,
"UK025","Coventry","POP_DEN","Population density (pop. per km2)","2016","2016","PER","Persons","0","Units",,,814,,
"COL18","Neiva","POP_DEN","Population density (pop. per km2)","2000","2000","PER","Persons","0","Units",,,244,,
"COL18","Neiva","POP_DEN","Population density (pop. per km2)","2001","2001","PER","Persons","0","Units",,,246,,
"COL18","Neiva","POP_DEN","Population density (pop. per km2)","2002","2002","PER","Persons","0","Units",,,248,,
"COL18","Neiva","POP_DEN","Population density (pop. per km2)","2003","2003","PER","Persons","0","Units",,,250,,
"COL18","Neiva","POP_DEN","Population density (pop. per km2)","2004","2004","PER","Persons","0","Units",,,251,,
"COL18","Neiva","POP_DEN","Population density (pop. per km2)","2005","2005","PER","Persons","0","Units",,,253,,
"COL18","Neiva","POP_DEN","Population density (pop. per km2)","2006","2006","PER","Persons","0","Units",,,255,,
"COL18","Neiva","POP_DEN","Population density (pop. per km2)","2007","2007","PER","Persons","0","Units",,,257,,
"COL18","Neiva","POP_DEN","Population density (pop. per km2)","2008","2008","PER","Persons","0","Units",,,258,,
"COL18","Neiva","POP_DEN","Population density (pop. per km2)","2009","2009","PER","Persons","0","Units",,,260,,
"COL18","Neiva","POP_DEN","Population density (pop. per km2)","2010","2010","PER","Persons","0","Units",,,262,,
"COL18","Neiva","POP_DEN","Population density (pop. per km2)","2011","2011","PER","Persons","0","Units",,,264,,
"COL18","Neiva","POP_DEN","Population density (pop. per km2)","2012","2012","PER","Persons","0","Units",,,266,,
"COL18","Neiva","POP_DEN","Population density (pop. per km2)","2013","2013","PER","Persons","0","Units",,,267,,
"COL18","Neiva","POP_DEN","Population density (pop. per km2)","2014","2014","PER","Persons","0","Units",,,269,,
"COL18","Neiva","POP_DEN","Population density (pop. per km2)","2015","2015","PER","Persons","0","Units",,,271,,
"USA53","Providence","T_T","Population, All ages. Administrative data","2000","2000","PER","Persons","0","Units",,,964534,,
"USA53","Providence","T_T","Population, All ages. Administrative data","2001","2001","PER","Persons","0","Units",,,971388,,
"USA53","Providence","T_T","Population, All ages. Administrative data","2002","2002","PER","Persons","0","Units",,,980042,,
"USA53","Providence","T_T","Population, All ages. Administrative data","2003","2003","PER","Persons","0","Units",,,985696,,
"USA53","Providence","T_T","Population, All ages. Administrative data","2004","2004","PER","Persons","0","Units",,,989070,,
"USA53","Providence","T_T","Population, All ages. Administrative data","2005","2005","PER","Persons","0","Units",,,983954,,
"USA53","Providence","T_T","Population, All ages. Administrative data","2006","2006","PER","Persons","0","Units",,,977966,,
"USA53","Providence","T_T","Population, All ages. Administrative data","2007","2007","PER","Persons","0","Units",,,974434,,
"USA53","Providence","T_T","Population, All ages. Administrative data","2008","2008","PER","Persons","0","Units",,,972498,,
"USA53","Providence","T_T","Population, All ages. Administrative data","2009","2009","PER","Persons","0","Units",,,970750,,
"USA53","Providence","T_T","Population, All ages. Administrative data","2010","2010","PER","Persons","0","Units",,,970037,,
"USA53","Providence","T_T","Population, All ages. Administrative data","2011","2011","PER","Persons","0","Units",,,969002,,
"USA53","Providence","T_T","Population, All ages. Administrative data","2012","2012","PER","Persons","0","Units",,,969642,,
"USA53","Providence","T_T","Population, All ages. Administrative data","2013","2013","PER","Persons","0","Units",,,969960,,
"USA53","Providence","T_T","Population, All ages. Administrative data","2014","2014","PER","Persons","0","Units",,,971960,,
"USA53","Providence","T_T","Population, All ages. Administrative data","2015","2015","PER","Persons","0","Units",,,972497,,
"USA53","Providence","T_T","Population, All ages. Administrative data","2016","2016","PER","Persons","0","Units",,,974071,,
"NL004","Utrecht","T_T_SH_NAT","Share of population  in metropolitan area over the national value","2001","2001","RATIO","Ratio","0","Units",,,4.8,,
"NL004","Utrecht","T_T_SH_NAT","Share of population  in metropolitan area over the national value","2002","2002","RATIO","Ratio","0","Units",,,4.8,,
"NL004","Utrecht","T_T_SH_NAT","Share of population  in metropolitan area over the national value","2003","2003","RATIO","Ratio","0","Units",,,4.8,,
"NL004","Utrecht","T_T_SH_NAT","Share of population  in metropolitan area over the national value","2004","2004","RATIO","Ratio","0","Units",,,4.9,,
"NL004","Utrecht","T_T_SH_NAT","Share of population  in metropolitan area over the national value","2005","2005","RATIO","Ratio","0","Units",,,4.9,,
"NL004","Utrecht","T_T_SH_NAT","Share of population  in metropolitan area over the national value","2006","2006","RATIO","Ratio","0","Units",,,4.9,,
"NL004","Utrecht","T_T_SH_NAT","Share of population  in metropolitan area over the national value","2007","2007","RATIO","Ratio","0","Units",,,5,,
"NL004","Utrecht","T_T_SH_NAT","Share of population  in metropolitan area over the national value","2008","2008","RATIO","Ratio","0","Units",,,5,,
"NL004","Utrecht","T_T_SH_NAT","Share of population  in metropolitan area over the national value","2009","2009","RATIO","Ratio","0","Units",,,5,,
"NL004","Utrecht","T_T_SH_NAT","Share of population  in metropolitan area over the national value","2010","2010","RATIO","Ratio","0","Units",,,5,,
"NL004","Utrecht","T_T_SH_NAT","Share of population  in metropolitan area over the national value","2011","2011","RATIO","Ratio","0","Units",,,5,,
"NL004","Utrecht","T_T_SH_NAT","Share of population  in metropolitan area over the national value","2012","2012","RATIO","Ratio","0","Units",,,5.1,,
"NL004","Utrecht","T_T_SH_NAT","Share of population  in metropolitan area over the national value","2013","2013","RATIO","Ratio","0","Units",,,5.1,,
"NL004","Utrecht","T_T_SH_NAT","Share of population  in metropolitan area over the national value","2014","2014","RATIO","Ratio","0","Units",,,5.1,,
"NL004","Utrecht","T_T_SH_NAT","Share of population  in metropolitan area over the national value","2015","2015","RATIO","Ratio","0","Units",,,5.1,,
"NL004","Utrecht","T_T_SH_NAT","Share of population  in metropolitan area over the national value","2016","2016","RATIO","Ratio","0","Units",,,5.2,,
"KOR06","Seongsan","T_T","Population, All ages. Administrative data","2000","2000","PER","Persons","0","Units",,,1062538,,
"KOR06","Seongsan","T_T","Population, All ages. Administrative data","2001","2001","PER","Persons","0","Units",,,1071294,,
"KOR06","Seongsan","T_T","Population, All ages. Administrative data","2002","2002","PER","Persons","0","Units",,,1080050,,
"KOR06","Seongsan","T_T","Population, All ages. Administrative data","2003","2003","PER","Persons","0","Units",,,1088805,,
"KOR06","Seongsan","T_T","Population, All ages. Administrative data","2004","2004","PER","Persons","0","Units",,,1097561,,
"KOR06","Seongsan","T_T","Population, All ages. Administrative data","2005","2005","PER","Persons","0","Units",,,1106317,,
"KOR06","Seongsan","T_T","Population, All ages. Administrative data","2006","2006","PER","Persons","0","Units",,,1115073,,
"KOR06","Seongsan","T_T","Population, All ages. Administrative data","2007","2007","PER","Persons","0","Units",,,1123829,,
"KOR06","Seongsan","T_T","Population, All ages. Administrative data","2008","2008","PER","Persons","0","Units",,,1132585,,
"KOR06","Seongsan","T_T","Population, All ages. Administrative data","2009","2009","PER","Persons","0","Units",,,1141340,,
"KOR06","Seongsan","T_T","Population, All ages. Administrative data","2010","2010","PER","Persons","0","Units",,,1150096,,
"KOR06","Seongsan","T_T","Population, All ages. Administrative data","2011","2011","PER","Persons","0","Units",,,1158852,,
"KOR06","Seongsan","T_T","Population, All ages. Administrative data","2012","2012","PER","Persons","0","Units",,,1158896,,
"KOR06","Seongsan","T_T","Population, All ages. Administrative data","2013","2013","PER","Persons","0","Units",,,1151398,,
"KOR06","Seongsan","T_T","Population, All ages. Administrative data","2014","2014","PER","Persons","0","Units",,,1143909,,
"KOR06","Seongsan","T_T","Population, All ages. Administrative data","2015","2015","PER","Persons","0","Units",,,1139220,,
"KOR06","Seongsan","T_T","Population, All ages. Administrative data","2016","2016","PER","Persons","0","Units",,,1132844,,
"CAN15","Saskatoon","T_T_SH_NAT","Share of population  in metropolitan area over the national value","2001","2001","RATIO","Ratio","0","Units",,,0.7,,
"CAN15","Saskatoon","T_T_SH_NAT","Share of population  in metropolitan area over the national value","2002","2002","RATIO","Ratio","0","Units",,,0.7,,
"CAN15","Saskatoon","T_T_SH_NAT","Share of population  in metropolitan area over the national value","2003","2003","RATIO","Ratio","0","Units",,,0.7,,
"CAN15","Saskatoon","T_T_SH_NAT","Share of population  in metropolitan area over the national value","2004","2004","RATIO","Ratio","0","Units",,,0.7,,
"CAN15","Saskatoon","T_T_SH_NAT","Share of population  in metropolitan area over the national value","2005","2005","RATIO","Ratio","0","Units",,,0.7,,
"CAN15","Saskatoon","T_T_SH_NAT","Share of population  in metropolitan area over the national value","2006","2006","RATIO","Ratio","0","Units",,,0.7,,
"CAN15","Saskatoon","T_T_SH_NAT","Share of population  in metropolitan area over the national value","2007","2007","RATIO","Ratio","0","Units",,,0.7,,
"CAN15","Saskatoon","T_T_SH_NAT","Share of population  in metropolitan area over the national value","2008","2008","RATIO","Ratio","0","Units",,,0.7,,
"CAN15","Saskatoon","T_T_SH_NAT","Share of population  in metropolitan area over the national value","2009","2009","RATIO","Ratio","0","Units",,,0.7,,
"CAN15","Saskatoon","T_T_SH_NAT","Share of population  in metropolitan area over the national value","2010","2010","RATIO","Ratio","0","Units",,,0.7,,
"CAN15","Saskatoon","T_T_SH_NAT","Share of population  in metropolitan area over the national value","2011","2011","RATIO","Ratio","0","Units",,,0.7,,
"CAN15","Saskatoon","T_T_SH_NAT","Share of population  in metropolitan area over the national value","2012","2012","RATIO","Ratio","0","Units",,,0.8,,
"CAN15","Saskatoon","T_T_SH_NAT","Share of population  in metropolitan area over the national value","2013","2013","RATIO","Ratio","0","Units",,,0.8,,
"CAN15","Saskatoon","T_T_SH_NAT","Share of population  in metropolitan area over the national value","2014","2014","RATIO","Ratio","0","Units",,,0.8,,
"CAN15","Saskatoon","T_T_SH_NAT","Share of population  in metropolitan area over the national value","2015","2015","RATIO","Ratio","0","Units",,,0.8,,
"CAN15","Saskatoon","T_T_SH_NAT","Share of population  in metropolitan area over the national value","2016","2016","RATIO","Ratio","0","Units",,,0.8,,
"MEX46","Victoria","T_T_SH_NAT","Share of population  in metropolitan area over the national value","2005","2005","RATIO","Ratio","0","Units",,,0.3,,
"MEX46","Victoria","T_T_SH_NAT","Share of population  in metropolitan area over the national value","2010","2010","RATIO","Ratio","0","Units",,,0.3,,
"MEX46","Victoria","T_T_SH_NAT","Share of population  in metropolitan area over the national value","2015","2015","RATIO","Ratio","0","Units",,,0.3,,
"PL012","Kielce","POP_DEN","Population density (pop. per km2)","2000","2000","PER","Persons","0","Units",,,171,,
"PL012","Kielce","POP_DEN","Population density (pop. per km2)","2001","2001","PER","Persons","0","Units",,,171,,
"PL012","Kielce","POP_DEN","Population density (pop. per km2)","2002","2002","PER","Persons","0","Units",,,171,,
"PL012","Kielce","POP_DEN","Population density (pop. per km2)","2003","2003","PER","Persons","0","Units",,,171,,
"PL012","Kielce","POP_DEN","Population density (pop. per km2)","2004","2004","PER","Persons","0","Units",,,171,,
"PL012","Kielce","POP_DEN","Population density (pop. per km2)","2005","2005","PER","Persons","0","Units",,,171,,
"PL012","Kielce","POP_DEN","Population density (pop. per km2)","2006","2006","PER","Persons","0","Units",,,171,,
"PL012","Kielce","POP_DEN","Population density (pop. per km2)","2007","2007","PER","Persons","0","Units",,,177,,
"PL012","Kielce","POP_DEN","Population density (pop. per km2)","2008","2008","PER","Persons","0","Units",,,177,,
"PL012","Kielce","POP_DEN","Population density (pop. per km2)","2009","2009","PER","Persons","0","Units",,,178,,
"PL012","Kielce","POP_DEN","Population density (pop. per km2)","2010","2010","PER","Persons","0","Units",,,178,,
"PL012","Kielce","POP_DEN","Population density (pop. per km2)","2011","2011","PER","Persons","0","Units",,,178,,
"PL012","Kielce","POP_DEN","Population density (pop. per km2)","2012","2012","PER","Persons","0","Units",,,178,,
"PL012","Kielce","POP_DEN","Population density (pop. per km2)","2013","2013","PER","Persons","0","Units",,,178,,
"PL012","Kielce","POP_DEN","Population density (pop. per km2)","2014","2014","PER","Persons","0","Units",,,178,,
"PL012","Kielce","POP_DEN","Population density (pop. per km2)","2015","2015","PER","Persons","0","Units",,,178,,
"PL012","Kielce","POP_DEN","Population density (pop. per km2)","2016","2016","PER","Persons","0","Units",,,178,,
"USA22","Las Vegas","T_T","Population, All ages. Administrative data","2000","2000","PER","Persons","0","Units",,,1431002,,
"USA22","Las Vegas","T_T","Population, All ages. Administrative data","2001","2001","PER","Persons","0","Units",,,1498378,,
"USA22","Las Vegas","T_T","Population, All ages. Administrative data","2002","2002","PER","Persons","0","Units",,,1561689,,
"USA22","Las Vegas","T_T","Population, All ages. Administrative data","2003","2003","PER","Persons","0","Units",,,1624057,,
"USA22","Las Vegas","T_T","Population, All ages. Administrative data","2004","2004","PER","Persons","0","Units",,,1704461,,
"USA22","Las Vegas","T_T","Population, All ages. Administrative data","2005","2005","PER","Persons","0","Units",,,1774161,,
"USA22","Las Vegas","T_T","Population, All ages. Administrative data","2006","2006","PER","Persons","0","Units",,,1851033,,
"USA22","Las Vegas","T_T","Population, All ages. Administrative data","2007","2007","PER","Persons","0","Units",,,1916955,,
"USA22","Las Vegas","T_T","Population, All ages. Administrative data","2008","2008","PER","Persons","0","Units",,,1961822,,
"USA22","Las Vegas","T_T","Population, All ages. Administrative data","2009","2009","PER","Persons","0","Units",,,1989099,,
"USA22","Las Vegas","T_T","Population, All ages. Administrative data","2010","2010","PER","Persons","0","Units",,,2002110,,
"USA22","Las Vegas","T_T","Population, All ages. Administrative data","2011","2011","PER","Persons","0","Units",,,2015794,,
"USA22","Las Vegas","T_T","Population, All ages. Administrative data","2012","2012","PER","Persons","0","Units",,,2045298,,
"USA22","Las Vegas","T_T","Population, All ages. Administrative data","2013","2013","PER","Persons","0","Units",,,2074253,,
"USA22","Las Vegas","T_T","Population, All ages. Administrative data","2014","2014","PER","Persons","0","Units",,,2113096,,
"USA22","Las Vegas","T_T","Population, All ages. Administrative data","2015","2015","PER","Persons","0","Units",,,2158520,,
"USA22","Las Vegas","T_T","Population, All ages. Administrative data","2016","2016","PER","Persons","0","Units",,,2205301,,
"JPN51","Aomori","T_T_SH_NAT","Share of population  in metropolitan area over the national value","2001","2001","RATIO","Ratio","0","Units",,,0.3,,
"JPN51","Aomori","T_T_SH_NAT","Share of population  in metropolitan area over the national value","2002","2002","RATIO","Ratio","0","Units",,,0.3,,
"JPN51","Aomori","T_T_SH_NAT","Share of population  in metropolitan area over the national value","2003","2003","RATIO","Ratio","0","Units",,,0.3,,
"JPN51","Aomori","T_T_SH_NAT","Share of population  in metropolitan area over the national value","2004","2004","RATIO","Ratio","0","Units",,,0.3,,
"JPN51","Aomori","T_T_SH_NAT","Share of population  in metropolitan area over the national value","2005","2005","RATIO","Ratio","0","Units",,,0.3,,
"JPN51","Aomori","T_T_SH_NAT","Share of population  in metropolitan area over the national value","2006","2006","RATIO","Ratio","0","Units",,,0.3,,
"JPN51","Aomori","T_T_SH_NAT","Share of population  in metropolitan area over the national value","2007","2007","RATIO","Ratio","0","Units",,,0.3,,
"JPN51","Aomori","T_T_SH_NAT","Share of population  in metropolitan area over the national value","2008","2008","RATIO","Ratio","0","Units",,,0.3,,
"JPN51","Aomori","T_T_SH_NAT","Share of population  in metropolitan area over the national value","2009","2009","RATIO","Ratio","0","Units",,,0.3,,
"JPN51","Aomori","T_T_SH_NAT","Share of population  in metropolitan area over the national value","2010","2010","RATIO","Ratio","0","Units",,,0.3,,
"JPN51","Aomori","T_T_SH_NAT","Share of population  in metropolitan area over the national value","2011","2011","RATIO","Ratio","0","Units",,,0.3,,
"JPN51","Aomori","T_T_SH_NAT","Share of population  in metropolitan area over the national value","2012","2012","RATIO","Ratio","0","Units",,,0.3,,
"JPN51","Aomori","T_T_SH_NAT","Share of population  in metropolitan area over the national value","2013","2013","RATIO","Ratio","0","Units",,,0.2,,
"JPN51","Aomori","T_T_SH_NAT","Share of population  in metropolitan area over the national value","2014","2014","RATIO","Ratio","0","Units",,,0.2,,
"JPN51","Aomori","T_T_SH_NAT","Share of population  in metropolitan area over the national value","2015","2015","RATIO","Ratio","0","Units",,,0.2,,
"JPN38","Fujieda","POP_DEN","Population density (pop. per km2)","2000","2000","PER","Persons","0","Units",,,651,,
"JPN38","Fujieda","POP_DEN","Population density (pop. per km2)","2001","2001","PER","Persons","0","Units",,,651,,
"JPN38","Fujieda","POP_DEN","Population density (pop. per km2)","2002","2002","PER","Persons","0","Units",,,652,,
"JPN38","Fujieda","POP_DEN","Population density (pop. per km2)","2003","2003","PER","Persons","0","Units",,,652,,
"JPN38","Fujieda","POP_DEN","Population density (pop. per km2)","2004","2004","PER","Persons","0","Units",,,653,,
"JPN38","Fujieda","POP_DEN","Population density (pop. per km2)","2005","2005","PER","Persons","0","Units",,,653,,
"JPN38","Fujieda","POP_DEN","Population density (pop. per km2)","2006","2006","PER","Persons","0","Units",,,652,,
"JPN38","Fujieda","POP_DEN","Population density (pop. per km2)","2007","2007","PER","Persons","0","Units",,,651,,
"JPN38","Fujieda","POP_DEN","Population density (pop. per km2)","2008","2008","PER","Persons","0","Units",,,650,,
"JPN38","Fujieda","POP_DEN","Population density (pop. per km2)","2009","2009","PER","Persons","0","Units",,,649,,
"JPN38","Fujieda","POP_DEN","Population density (pop. per km2)","2010","2010","PER","Persons","0","Units",,,648,,
"JPN38","Fujieda","POP_DEN","Population density (pop. per km2)","2011","2011","PER","Persons","0","Units",,,646,,
"JPN38","Fujieda","POP_DEN","Population density (pop. per km2)","2012","2012","PER","Persons","0","Units",,,643,,
"JPN38","Fujieda","POP_DEN","Population density (pop. per km2)","2013","2013","PER","Persons","0","Units",,,641,,
"JPN38","Fujieda","POP_DEN","Population density (pop. per km2)","2014","2014","PER","Persons","0","Units",,,638,,
"JPN38","Fujieda","POP_DEN","Population density (pop. per km2)","2015","2015","PER","Persons","0","Units",,,636,,
"USA86","Stanislaus","T_T","Population, All ages. Administrative data","2000","2000","PER","Persons","0","Units",,,449471,,
"USA86","Stanislaus","T_T","Population, All ages. Administrative data","2001","2001","PER","Persons","0","Units",,,463761,,
"USA86","Stanislaus","T_T","Population, All ages. Administrative data","2002","2002","PER","Persons","0","Units",,,477469,,
"USA86","Stanislaus","T_T","Population, All ages. Administrative data","2003","2003","PER","Persons","0","Units",,,487357,,
"USA86","Stanislaus","T_T","Population, All ages. Administrative data","2004","2004","PER","Persons","0","Units",,,492613,,
"USA86","Stanislaus","T_T","Population, All ages. Administrative data","2005","2005","PER","Persons","0","Units",,,500020,,
"USA86","Stanislaus","T_T","Population, All ages. Administrative data","2006","2006","PER","Persons","0","Units",,,504651,,
"USA86","Stanislaus","T_T","Population, All ages. Administrative data","2007","2007","PER","Persons","0","Units",,,507834,,
"USA86","Stanislaus","T_T","Population, All ages. Administrative data","2008","2008","PER","Persons","0","Units",,,509032,,
"USA86","Stanislaus","T_T","Population, All ages. Administrative data","2009","2009","PER","Persons","0","Units",,,511536,,
"USA86","Stanislaus","T_T","Population, All ages. Administrative data","2010","2010","PER","Persons","0","Units",,,515242,,
"USA86","Stanislaus","T_T","Population, All ages. Administrative data","2011","2011","PER","Persons","0","Units",,,518034,,
"USA86","Stanislaus","T_T","Population, All ages. Administrative data","2012","2012","PER","Persons","0","Units",,,521349,,
"USA86","Stanislaus","T_T","Population, All ages. Administrative data","2013","2013","PER","Persons","0","Units",,,524625,,
"USA86","Stanislaus","T_T","Population, All ages. Administrative data","2014","2014","PER","Persons","0","Units",,,529544,,
"USA86","Stanislaus","T_T","Population, All ages. Administrative data","2015","2015","PER","Persons","0","Units",,,535000,,
"USA86","Stanislaus","T_T","Population, All ages. Administrative data","2016","2016","PER","Persons","0","Units",,,541353,,
"USA121","Lane","T_T","Population, All ages. Administrative data","2000","2000","PER","Persons","0","Units",,,323492,,
"USA121","Lane","T_T","Population, All ages. Administrative data","2001","2001","PER","Persons","0","Units",,,324855,,
"USA121","Lane","T_T","Population, All ages. Administrative data","2002","2002","PER","Persons","0","Units",,,327506,,
"USA121","Lane","T_T","Population, All ages. Administrative data","2003","2003","PER","Persons","0","Units",,,330845,,
"USA121","Lane","T_T","Population, All ages. Administrative data","2004","2004","PER","Persons","0","Units",,,332327,,
"USA121","Lane","T_T","Population, All ages. Administrative data","2005","2005","PER","Persons","0","Units",,,335831,,
"USA121","Lane","T_T","Population, All ages. Administrative data","2006","2006","PER","Persons","0","Units",,,339926,,
"USA121","Lane","T_T","Population, All ages. Administrative data","2007","2007","PER","Persons","0","Units",,,344844,,
"USA121","Lane","T_T","Population, All ages. Administrative data","2008","2008","PER","Persons","0","Units",,,348176,,
"USA121","Lane","T_T","Population, All ages. Administrative data","2009","2009","PER","Persons","0","Units",,,350850,,
"USA121","Lane","T_T","Population, All ages. Administrative data","2010","2010","PER","Persons","0","Units",,,351880,,
"USA121","Lane","T_T","Population, All ages. Administrative data","2011","2011","PER","Persons","0","Units",,,353419,,
"USA121","Lane","T_T","Population, All ages. Administrative data","2012","2012","PER","Persons","0","Units",,,354486,,
"USA121","Lane","T_T","Population, All ages. Administrative data","2013","2013","PER","Persons","0","Units",,,355041,,
"USA121","Lane","T_T","Population, All ages. Administrative data","2014","2014","PER","Persons","0","Units",,,357564,,
"USA121","Lane","T_T","Population, All ages. Administrative data","2015","2015","PER","Persons","0","Units",,,361721,,
"USA121","Lane","T_T","Population, All ages. Administrative data","2016","2016","PER","Persons","0","Units",,,368283,,
"USA100","Escambia","POP_DEN","Population density (pop. per km2)","2000","2000","PER","Persons","0","Units",,,84,,
"USA100","Escambia","POP_DEN","Population density (pop. per km2)","2001","2001","PER","Persons","0","Units",,,85,,
"USA100","Escambia","POP_DEN","Population density (pop. per km2)","2002","2002","PER","Persons","0","Units",,,86,,
"USA100","Escambia","POP_DEN","Population density (pop. per km2)","2003","2003","PER","Persons","0","Units",,,87,,
"USA100","Escambia","POP_DEN","Population density (pop. per km2)","2004","2004","PER","Persons","0","Units",,,88,,
"USA100","Escambia","POP_DEN","Population density (pop. per km2)","2005","2005","PER","Persons","0","Units",,,89,,
"USA100","Escambia","POP_DEN","Population density (pop. per km2)","2006","2006","PER","Persons","0","Units",,,90,,
"USA100","Escambia","POP_DEN","Population density (pop. per km2)","2007","2007","PER","Persons","0","Units",,,90,,
"USA100","Escambia","POP_DEN","Population density (pop. per km2)","2008","2008","PER","Persons","0","Units",,,90,,
"USA100","Escambia","POP_DEN","Population density (pop. per km2)","2009","2009","PER","Persons","0","Units",,,91,,
"USA100","Escambia","POP_DEN","Population density (pop. per km2)","2010","2010","PER","Persons","0","Units",,,91,,
"USA100","Escambia","POP_DEN","Population density (pop. per km2)","2011","2011","PER","Persons","0","Units",,,92,,
"USA100","Escambia","POP_DEN","Population density (pop. per km2)","2012","2012","PER","Persons","0","Units",,,94,,
"USA100","Escambia","POP_DEN","Population density (pop. per km2)","2013","2013","PER","Persons","0","Units",,,95,,
"USA100","Escambia","POP_DEN","Population density (pop. per km2)","2014","2014","PER","Persons","0","Units",,,96,,
"USA100","Escambia","POP_DEN","Population density (pop. per km2)","2015","2015","PER","Persons","0","Units",,,97,,
"USA100","Escambia","POP_DEN","Population density (pop. per km2)","2016","2016","PER","Persons","0","Units",,,98,,
"USA63","Richland","POP_DEN","Population density (pop. per km2)","2000","2000","PER","Persons","0","Units",,,72,,
"USA63","Richland","POP_DEN","Population density (pop. per km2)","2001","2001","PER","Persons","0","Units",,,73,,
"USA63","Richland","POP_DEN","Population density (pop. per km2)","2002","2002","PER","Persons","0","Units",,,74,,
"USA63","Richland","POP_DEN","Population density (pop. per km2)","2003","2003","PER","Persons","0","Units",,,75,,
"USA63","Richland","POP_DEN","Population density (pop. per km2)","2004","2004","PER","Persons","0","Units",,,77,,
"USA63","Richland","POP_DEN","Population density (pop. per km2)","2005","2005","PER","Persons","0","Units",,,78,,
"USA63","Richland","POP_DEN","Population density (pop. per km2)","2006","2006","PER","Persons","0","Units",,,79,,
"USA63","Richland","POP_DEN","Population density (pop. per km2)","2007","2007","PER","Persons","0","Units",,,81,,
"USA63","Richland","POP_DEN","Population density (pop. per km2)","2008","2008","PER","Persons","0","Units",,,83,,
"USA63","Richland","POP_DEN","Population density (pop. per km2)","2009","2009","PER","Persons","0","Units",,,84,,
"USA63","Richland","POP_DEN","Population density (pop. per km2)","2010","2010","PER","Persons","0","Units",,,86,,
"USA63","Richland","POP_DEN","Population density (pop. per km2)","2011","2011","PER","Persons","0","Units",,,86,,
"USA63","Richland","POP_DEN","Population density (pop. per km2)","2012","2012","PER","Persons","0","Units",,,87,,
"USA63","Richland","POP_DEN","Population density (pop. per km2)","2013","2013","PER","Persons","0","Units",,,88,,
"USA63","Richland","POP_DEN","Population density (pop. per km2)","2014","2014","PER","Persons","0","Units",,,89,,
"USA63","Richland","POP_DEN","Population density (pop. per km2)","2015","2015","PER","Persons","0","Units",,,90,,
"USA63","Richland","POP_DEN","Population density (pop. per km2)","2016","2016","PER","Persons","0","Units",,,91,,
"USA62","Hidalgo","T_T_SH_NAT","Share of population  in metropolitan area over the national value","2001","2001","RATIO","Ratio","0","Units",,,0.2,,
"USA62","Hidalgo","T_T_SH_NAT","Share of population  in metropolitan area over the national value","2002","2002","RATIO","Ratio","0","Units",,,0.2,,
"USA62","Hidalgo","T_T_SH_NAT","Share of population  in metropolitan area over the national value","2003","2003","RATIO","Ratio","0","Units",,,0.2,,
"USA62","Hidalgo","T_T_SH_NAT","Share of population  in metropolitan area over the national value","2004","2004","RATIO","Ratio","0","Units",,,0.2,,
"USA62","Hidalgo","T_T_SH_NAT","Share of population  in metropolitan area over the national value","2005","2005","RATIO","Ratio","0","Units",,,0.2,,
"USA62","Hidalgo","T_T_SH_NAT","Share of population  in metropolitan area over the national value","2006","2006","RATIO","Ratio","0","Units",,,0.2,,
"USA62","Hidalgo","T_T_SH_NAT","Share of population  in metropolitan area over the national value","2007","2007","RATIO","Ratio","0","Units",,,0.2,,
"USA62","Hidalgo","T_T_SH_NAT","Share of population  in metropolitan area over the national value","2008","2008","RATIO","Ratio","0","Units",,,0.2,,
"USA62","Hidalgo","T_T_SH_NAT","Share of population  in metropolitan area over the national value","2009","2009","RATIO","Ratio","0","Units",,,0.3,,
"USA62","Hidalgo","T_T_SH_NAT","Share of population  in metropolitan area over the national value","2010","2010","RATIO","Ratio","0","Units",,,0.3,,
"USA62","Hidalgo","T_T_SH_NAT","Share of population  in metropolitan area over the national value","2011","2011","RATIO","Ratio","0","Units",,,0.3,,
"USA62","Hidalgo","T_T_SH_NAT","Share of population  in metropolitan area over the national value","2012","2012","RATIO","Ratio","0","Units",,,0.3,,
"USA62","Hidalgo","T_T_SH_NAT","Share of population  in metropolitan area over the national value","2013","2013","RATIO","Ratio","0","Units",,,0.3,,
"USA62","Hidalgo","T_T_SH_NAT","Share of population  in metropolitan area over the national value","2014","2014","RATIO","Ratio","0","Units",,,0.3,,
"USA62","Hidalgo","T_T_SH_NAT","Share of population  in metropolitan area over the national value","2015","2015","RATIO","Ratio","0","Units",,,0.3,,
"USA62","Hidalgo","T_T_SH_NAT","Share of population  in metropolitan area over the national value","2016","2016","RATIO","Ratio","0","Units",,,0.3,,
"COL01","Bogota D.C.","POP_DEN","Population density (pop. per km2)","2000","2000","PER","Persons","0","Units",,,2609,,
"COL01","Bogota D.C.","POP_DEN","Population density (pop. per km2)","2001","2001","PER","Persons","0","Units",,,2660,,
"COL01","Bogota D.C.","POP_DEN","Population density (pop. per km2)","2002","2002","PER","Persons","0","Units",,,2711,,
"COL01","Bogota D.C.","POP_DEN","Population density (pop. per km2)","2003","2003","PER","Persons","0","Units",,,2763,,
"COL01","Bogota D.C.","POP_DEN","Population density (pop. per km2)","2004","2004","PER","Persons","0","Units",,,2814,,
"COL01","Bogota D.C.","POP_DEN","Population density (pop. per km2)","2005","2005","PER","Persons","0","Units",,,2865,,
"COL01","Bogota D.C.","POP_DEN","Population density (pop. per km2)","2006","2006","PER","Persons","0","Units",,,2916,,
"COL01","Bogota D.C.","POP_DEN","Population density (pop. per km2)","2007","2007","PER","Persons","0","Units",,,2968,,
"COL01","Bogota D.C.","POP_DEN","Population density (pop. per km2)","2008","2008","PER","Persons","0","Units",,,3019,,
"COL01","Bogota D.C.","POP_DEN","Population density (pop. per km2)","2009","2009","PER","Persons","0","Units",,,3070,,
"COL01","Bogota D.C.","POP_DEN","Population density (pop. per km2)","2010","2010","PER","Persons","0","Units",,,3121,,
"COL01","Bogota D.C.","POP_DEN","Population density (pop. per km2)","2011","2011","PER","Persons","0","Units",,,3172,,
"COL01","Bogota D.C.","POP_DEN","Population density (pop. per km2)","2012","2012","PER","Persons","0","Units",,,3224,,
"COL01","Bogota D.C.","POP_DEN","Population density (pop. per km2)","2013","2013","PER","Persons","0","Units",,,3275,,
"COL01","Bogota D.C.","POP_DEN","Population density (pop. per km2)","2014","2014","PER","Persons","0","Units",,,3326,,
"COL01","Bogota D.C.","POP_DEN","Population density (pop. per km2)","2015","2015","PER","Persons","0","Units",,,3377,,
"JPN11","Kumamoto","T_T","Population, All ages. Administrative data","2000","2000","PER","Persons","0","Units",,,1171513,,
"JPN11","Kumamoto","T_T","Population, All ages. Administrative data","2001","2001","PER","Persons","0","Units",,,1168354,,
"JPN11","Kumamoto","T_T","Population, All ages. Administrative data","2002","2002","PER","Persons","0","Units",,,1165194,,
"JPN11","Kumamoto","T_T","Population, All ages. Administrative data","2003","2003","PER","Persons","0","Units",,,1162035,,
"JPN11","Kumamoto","T_T","Population, All ages. Administrative data","2004","2004","PER","Persons","0","Units",,,1158875,,
"JPN11","Kumamoto","T_T","Population, All ages. Administrative data","2005","2005","PER","Persons","0","Units",,,1155716,,
"JPN11","Kumamoto","T_T","Population, All ages. Administrative data","2006","2006","PER","Persons","0","Units",,,1152556,,
"JPN11","Kumamoto","T_T","Population, All ages. Administrative data","2007","2007","PER","Persons","0","Units",,,1149397,,
"JPN11","Kumamoto","T_T","Population, All ages. Administrative data","2008","2008","PER","Persons","0","Units",,,1146237,,
"JPN11","Kumamoto","T_T","Population, All ages. Administrative data","2009","2009","PER","Persons","0","Units",,,1143078,,
"JPN11","Kumamoto","T_T","Population, All ages. Administrative data","2010","2010","PER","Persons","0","Units",,,1139918,,
"JPN11","Kumamoto","T_T","Population, All ages. Administrative data","2011","2011","PER","Persons","0","Units",,,1136759,,
"JPN11","Kumamoto","T_T","Population, All ages. Administrative data","2012","2012","PER","Persons","0","Units",,,1133600,,
"JPN11","Kumamoto","T_T","Population, All ages. Administrative data","2013","2013","PER","Persons","0","Units",,,1130440,,
"JPN11","Kumamoto","T_T","Population, All ages. Administrative data","2014","2014","PER","Persons","0","Units",,,1127281,,
"JPN11","Kumamoto","T_T","Population, All ages. Administrative data","2015","2015","PER","Persons","0","Units",,,1124121,,
"USA43","Virginia Beach","T_T_SH_NAT","Share of population  in metropolitan area over the national value","2001","2001","RATIO","Ratio","0","Units",,,0.4,,
"USA43","Virginia Beach","T_T_SH_NAT","Share of population  in metropolitan area over the national value","2002","2002","RATIO","Ratio","0","Units",,,0.4,,
"USA43","Virginia Beach","T_T_SH_NAT","Share of population  in metropolitan area over the national value","2003","2003","RATIO","Ratio","0","Units",,,0.4,,
"USA43","Virginia Beach","T_T_SH_NAT","Share of population  in metropolitan area over the national value","2004","2004","RATIO","Ratio","0","Units",,,0.4,,
"USA43","Virginia Beach","T_T_SH_NAT","Share of population  in metropolitan area over the national value","2005","2005","RATIO","Ratio","0","Units",,,0.4,,
"USA43","Virginia Beach","T_T_SH_NAT","Share of population  in metropolitan area over the national value","2006","2006","RATIO","Ratio","0","Units",,,0.4,,
"USA43","Virginia Beach","T_T_SH_NAT","Share of population  in metropolitan area over the national value","2007","2007","RATIO","Ratio","0","Units",,,0.4,,
"USA43","Virginia Beach","T_T_SH_NAT","Share of population  in metropolitan area over the national value","2008","2008","RATIO","Ratio","0","Units",,,0.4,,
"USA43","Virginia Beach","T_T_SH_NAT","Share of population  in metropolitan area over the national value","2009","2009","RATIO","Ratio","0","Units",,,0.4,,
"USA43","Virginia Beach","T_T_SH_NAT","Share of population  in metropolitan area over the national value","2010","2010","RATIO","Ratio","0","Units",,,0.4,,
"USA43","Virginia Beach","T_T_SH_NAT","Share of population  in metropolitan area over the national value","2011","2011","RATIO","Ratio","0","Units",,,0.4,,
"USA43","Virginia Beach","T_T_SH_NAT","Share of population  in metropolitan area over the national value","2012","2012","RATIO","Ratio","0","Units",,,0.4,,
"USA43","Virginia Beach","T_T_SH_NAT","Share of population  in metropolitan area over the national value","2013","2013","RATIO","Ratio","0","Units",,,0.4,,
"USA43","Virginia Beach","T_T_SH_NAT","Share of population  in metropolitan area over the national value","2014","2014","RATIO","Ratio","0","Units",,,0.4,,
"USA43","Virginia Beach","T_T_SH_NAT","Share of population  in metropolitan area over the national value","2015","2015","RATIO","Ratio","0","Units",,,0.4,,
"USA43","Virginia Beach","T_T_SH_NAT","Share of population  in metropolitan area over the national value","2016","2016","RATIO","Ratio","0","Units",,,0.4,,
"BE003","Gent","POP_DEN","Population density (pop. per km2)","2000","2000","PER","Persons","0","Units",,,532,,
"BE003","Gent","POP_DEN","Population density (pop. per km2)","2001","2001","PER","Persons","0","Units",,,533,,
"BE003","Gent","POP_DEN","Population density (pop. per km2)","2002","2002","PER","Persons","0","Units",,,534,,
"BE003","Gent","POP_DEN","Population density (pop. per km2)","2003","2003","PER","Persons","0","Units",,,536,,
"BE003","Gent","POP_DEN","Population density (pop. per km2)","2004","2004","PER","Persons","0","Units",,,539,,
"BE003","Gent","POP_DEN","Population density (pop. per km2)","2005","2005","PER","Persons","0","Units",,,542,,
"BE003","Gent","POP_DEN","Population density (pop. per km2)","2006","2006","PER","Persons","0","Units",,,546,,
"BE003","Gent","POP_DEN","Population density (pop. per km2)","2007","2007","PER","Persons","0","Units",,,549,,
"BE003","Gent","POP_DEN","Population density (pop. per km2)","2008","2008","PER","Persons","0","Units",,,554,,
"BE003","Gent","POP_DEN","Population density (pop. per km2)","2009","2009","PER","Persons","0","Units",,,559,,
"BE003","Gent","POP_DEN","Population density (pop. per km2)","2010","2010","PER","Persons","0","Units",,,564,,
"BE003","Gent","POP_DEN","Population density (pop. per km2)","2011","2011","PER","Persons","0","Units",,,571,,
"BE003","Gent","POP_DEN","Population density (pop. per km2)","2012","2012","PER","Persons","0","Units",,,573,,
"BE003","Gent","POP_DEN","Population density (pop. per km2)","2013","2013","PER","Persons","0","Units",,,575,,
"BE003","Gent","POP_DEN","Population density (pop. per km2)","2014","2014","PER","Persons","0","Units",,,579,,
"BE003","Gent","POP_DEN","Population density (pop. per km2)","2015","2015","PER","Persons","0","Units",,,583,,
"BE003","Gent","POP_DEN","Population density (pop. per km2)","2016","2016","PER","Persons","0","Units",,,588,,
"UK550","Dundee City","T_T_SH_NAT","Share of population  in metropolitan area over the national value","2001","2001","RATIO","Ratio","0","Units",,,0.4,,
"UK550","Dundee City","T_T_SH_NAT","Share of population  in metropolitan area over the national value","2002","2002","RATIO","Ratio","0","Units",,,0.4,,
"UK550","Dundee City","T_T_SH_NAT","Share of population  in metropolitan area over the national value","2003","2003","RATIO","Ratio","0","Units",,,0.4,,
"UK550","Dundee City","T_T_SH_NAT","Share of population  in metropolitan area over the national value","2004","2004","RATIO","Ratio","0","Units",,,0.4,,
"UK550","Dundee City","T_T_SH_NAT","Share of population  in metropolitan area over the national value","2005","2005","RATIO","Ratio","0","Units",,,0.4,,
"UK550","Dundee City","T_T_SH_NAT","Share of population  in metropolitan area over the national value","2006","2006","RATIO","Ratio","0","Units",,,0.4,,
"UK550","Dundee City","T_T_SH_NAT","Share of population  in metropolitan area over the national value","2007","2007","RATIO","Ratio","0","Units",,,0.4,,
"UK550","Dundee City","T_T_SH_NAT","Share of population  in metropolitan area over the national value","2008","2008","RATIO","Ratio","0","Units",,,0.4,,
"UK550","Dundee City","T_T_SH_NAT","Share of population  in metropolitan area over the national value","2009","2009","RATIO","Ratio","0","Units",,,0.4,,
"UK550","Dundee City","T_T_SH_NAT","Share of population  in metropolitan area over the national value","2010","2010","RATIO","Ratio","0","Units",,,0.4,,
"UK550","Dundee City","T_T_SH_NAT","Share of population  in metropolitan area over the national value","2011","2011","RATIO","Ratio","0","Units",,,0.4,,
"UK550","Dundee City","T_T_SH_NAT","Share of population  in metropolitan area over the national value","2012","2012","RATIO","Ratio","0","Units",,,0.4,,
"UK550","Dundee City","T_T_SH_NAT","Share of population  in metropolitan area over the national value","2013","2013","RATIO","Ratio","0","Units",,,0.4,,
"UK550","Dundee City","T_T_SH_NAT","Share of population  in metropolitan area over the national value","2014","2014","RATIO","Ratio","0","Units",,,0.4,,
"UK550","Dundee City","T_T_SH_NAT","Share of population  in metropolitan area over the national value","2015","2015","RATIO","Ratio","0","Units",,,0.4,,
"UK550","Dundee City","T_T_SH_NAT","Share of population  in metropolitan area over the national value","2016","2016","RATIO","Ratio","0","Units",,,0.4,,
"USA32","Milwaukee","POP_DEN","Population density (pop. per km2)","2000","2000","PER","Persons","0","Units",,,389,,
"USA32","Milwaukee","POP_DEN","Population density (pop. per km2)","2001","2001","PER","Persons","0","Units",,,390,,
"USA32","Milwaukee","POP_DEN","Population density (pop. per km2)","2002","2002","PER","Persons","0","Units",,,392,,
"USA32","Milwaukee","POP_DEN","Population density (pop. per km2)","2003","2003","PER","Persons","0","Units",,,393,,
"USA32","Milwaukee","POP_DEN","Population density (pop. per km2)","2004","2004","PER","Persons","0","Units",,,394,,
"USA32","Milwaukee","POP_DEN","Population density (pop. per km2)","2005","2005","PER","Persons","0","Units",,,394,,
"USA32","Milwaukee","POP_DEN","Population density (pop. per km2)","2006","2006","PER","Persons","0","Units",,,394,,
"USA32","Milwaukee","POP_DEN","Population density (pop. per km2)","2007","2007","PER","Persons","0","Units",,,396,,
"USA32","Milwaukee","POP_DEN","Population density (pop. per km2)","2008","2008","PER","Persons","0","Units",,,398,,
"USA32","Milwaukee","POP_DEN","Population density (pop. per km2)","2009","2009","PER","Persons","0","Units",,,401,,
"USA32","Milwaukee","POP_DEN","Population density (pop. per km2)","2010","2010","PER","Persons","0","Units",,,403,,
"USA32","Milwaukee","POP_DEN","Population density (pop. per km2)","2011","2011","PER","Persons","0","Units",,,404,,
"USA32","Milwaukee","POP_DEN","Population density (pop. per km2)","2012","2012","PER","Persons","0","Units",,,405,,
"USA32","Milwaukee","POP_DEN","Population density (pop. per km2)","2013","2013","PER","Persons","0","Units",,,406,,
"USA32","Milwaukee","POP_DEN","Population density (pop. per km2)","2014","2014","PER","Persons","0","Units",,,407,,
"USA32","Milwaukee","POP_DEN","Population density (pop. per km2)","2015","2015","PER","Persons","0","Units",,,408,,
"USA32","Milwaukee","POP_DEN","Population density (pop. per km2)","2016","2016","PER","Persons","0","Units",,,408,,
"USA55","Douglas (NE)","T_T","Population, All ages. Administrative data","2000","2000","PER","Persons","0","Units",,,777286,,
"USA55","Douglas (NE)","T_T","Population, All ages. Administrative data","2001","2001","PER","Persons","0","Units",,,784039,,
"USA55","Douglas (NE)","T_T","Population, All ages. Administrative data","2002","2002","PER","Persons","0","Units",,,791354,,
"USA55","Douglas (NE)","T_T","Population, All ages. Administrative data","2003","2003","PER","Persons","0","Units",,,799829,,
"USA55","Douglas (NE)","T_T","Population, All ages. Administrative data","2004","2004","PER","Persons","0","Units",,,810869,,
"USA55","Douglas (NE)","T_T","Population, All ages. Administrative data","2005","2005","PER","Persons","0","Units",,,821925,,
"USA55","Douglas (NE)","T_T","Population, All ages. Administrative data","2006","2006","PER","Persons","0","Units",,,832583,,
"USA55","Douglas (NE)","T_T","Population, All ages. Administrative data","2007","2007","PER","Persons","0","Units",,,842196,,
"USA55","Douglas (NE)","T_T","Population, All ages. Administrative data","2008","2008","PER","Persons","0","Units",,,852608,,
"USA55","Douglas (NE)","T_T","Population, All ages. Administrative data","2009","2009","PER","Persons","0","Units",,,863686,,
"USA55","Douglas (NE)","T_T","Population, All ages. Administrative data","2010","2010","PER","Persons","0","Units",,,875487,,
"USA55","Douglas (NE)","T_T","Population, All ages. Administrative data","2011","2011","PER","Persons","0","Units",,,884041,,
"USA55","Douglas (NE)","T_T","Population, All ages. Administrative data","2012","2012","PER","Persons","0","Units",,,892644,,
"USA55","Douglas (NE)","T_T","Population, All ages. Administrative data","2013","2013","PER","Persons","0","Units",,,902154,,
"USA55","Douglas (NE)","T_T","Population, All ages. Administrative data","2014","2014","PER","Persons","0","Units",,,911273,,
"USA55","Douglas (NE)","T_T","Population, All ages. Administrative data","2015","2015","PER","Persons","0","Units",,,921218,,
"USA55","Douglas (NE)","T_T","Population, All ages. Administrative data","2016","2016","PER","Persons","0","Units",,,930963,,
"MEX04","Puebla","T_T","Population, All ages. Administrative data","2000","2000","PER","Persons","0","Units",,,2243798,,
"MEX04","Puebla","T_T","Population, All ages. Administrative data","2005","2005","PER","Persons","0","Units",,,2159587,,
"MEX04","Puebla","T_T","Population, All ages. Administrative data","2010","2010","PER","Persons","0","Units",,,2377109,,
"MEX04","Puebla","T_T","Population, All ages. Administrative data","2015","2015","PER","Persons","0","Units",,,2705004,,
"JPN40","Matsumoto","POP_DEN","Population density (pop. per km2)","2000","2000","PER","Persons","0","Units",,,229,,
"JPN40","Matsumoto","POP_DEN","Population density (pop. per km2)","2001","2001","PER","Persons","0","Units",,,229,,
"JPN40","Matsumoto","POP_DEN","Population density (pop. per km2)","2002","2002","PER","Persons","0","Units",,,229,,
"JPN40","Matsumoto","POP_DEN","Population density (pop. per km2)","2003","2003","PER","Persons","0","Units",,,230,,
"JPN40","Matsumoto","POP_DEN","Population density (pop. per km2)","2004","2004","PER","Persons","0","Units",,,230,,
"JPN40","Matsumoto","POP_DEN","Population density (pop. per km2)","2005","2005","PER","Persons","0","Units",,,230,,
"JPN40","Matsumoto","POP_DEN","Population density (pop. per km2)","2006","2006","PER","Persons","0","Units",,,230,,
"JPN40","Matsumoto","POP_DEN","Population density (pop. per km2)","2007","2007","PER","Persons","0","Units",,,230,,
"JPN40","Matsumoto","POP_DEN","Population density (pop. per km2)","2008","2008","PER","Persons","0","Units",,,230,,
"JPN40","Matsumoto","POP_DEN","Population density (pop. per km2)","2009","2009","PER","Persons","0","Units",,,229,,
"JPN40","Matsumoto","POP_DEN","Population density (pop. per km2)","2010","2010","PER","Persons","0","Units",,,229,,
"JPN40","Matsumoto","POP_DEN","Population density (pop. per km2)","2011","2011","PER","Persons","0","Units",,,229,,
"JPN40","Matsumoto","POP_DEN","Population density (pop. per km2)","2012","2012","PER","Persons","0","Units",,,228,,
"JPN40","Matsumoto","POP_DEN","Population density (pop. per km2)","2013","2013","PER","Persons","0","Units",,,227,,
"JPN40","Matsumoto","POP_DEN","Population density (pop. per km2)","2014","2014","PER","Persons","0","Units",,,227,,
"JPN40","Matsumoto","POP_DEN","Population density (pop. per km2)","2015","2015","PER","Persons","0","Units",,,226,,
"KOR08","Heungdeok","T_T","Population, All ages. Administrative data","2000","2000","PER","Persons","0","Units",,,692967,,
"KOR08","Heungdeok","T_T","Population, All ages. Administrative data","2001","2001","PER","Persons","0","Units",,,705347,,
"KOR08","Heungdeok","T_T","Population, All ages. Administrative data","2002","2002","PER","Persons","0","Units",,,717728,,
"KOR08","Heungdeok","T_T","Population, All ages. Administrative data","2003","2003","PER","Persons","0","Units",,,730108,,
"KOR08","Heungdeok","T_T","Population, All ages. Administrative data","2004","2004","PER","Persons","0","Units",,,742488,,
"KOR08","Heungdeok","T_T","Population, All ages. Administrative data","2005","2005","PER","Persons","0","Units",,,754869,,
"KOR08","Heungdeok","T_T","Population, All ages. Administrative data","2006","2006","PER","Persons","0","Units",,,767249,,
"KOR08","Heungdeok","T_T","Population, All ages. Administrative data","2007","2007","PER","Persons","0","Units",,,779629,,
"KOR08","Heungdeok","T_T","Population, All ages. Administrative data","2008","2008","PER","Persons","0","Units",,,792010,,
"KOR08","Heungdeok","T_T","Population, All ages. Administrative data","2009","2009","PER","Persons","0","Units",,,804390,,
"KOR08","Heungdeok","T_T","Population, All ages. Administrative data","2010","2010","PER","Persons","0","Units",,,816771,,
"KOR08","Heungdeok","T_T","Population, All ages. Administrative data","2011","2011","PER","Persons","0","Units",,,829151,,
"KOR08","Heungdeok","T_T","Population, All ages. Administrative data","2012","2012","PER","Persons","0","Units",,,841531,,
"KOR08","Heungdeok","T_T","Population, All ages. Administrative data","2013","2013","PER","Persons","0","Units",,,853912,,
"KOR08","Heungdeok","T_T","Population, All ages. Administrative data","2014","2014","PER","Persons","0","Units",,,866292,,
"KOR08","Heungdeok","T_T","Population, All ages. Administrative data","2015","2015","PER","Persons","0","Units",,,868583,,
"KOR08","Heungdeok","T_T","Population, All ages. Administrative data","2016","2016","PER","Persons","0","Units",,,872505,,
"USA16","San Diego","POP_DEN","Population density (pop. per km2)","2000","2000","PER","Persons","0","Units",,,256,,
"USA16","San Diego","POP_DEN","Population density (pop. per km2)","2001","2001","PER","Persons","0","Units",,,259,,
"USA16","San Diego","POP_DEN","Population density (pop. per km2)","2002","2002","PER","Persons","0","Units",,,262,,
"USA16","San Diego","POP_DEN","Population density (pop. per km2)","2003","2003","PER","Persons","0","Units",,,264,,
"USA16","San Diego","POP_DEN","Population density (pop. per km2)","2004","2004","PER","Persons","0","Units",,,265,,
"USA16","San Diego","POP_DEN","Population density (pop. per km2)","2005","2005","PER","Persons","0","Units",,,266,,
"USA16","San Diego","POP_DEN","Population density (pop. per km2)","2006","2006","PER","Persons","0","Units",,,266,,
"USA16","San Diego","POP_DEN","Population density (pop. per km2)","2007","2007","PER","Persons","0","Units",,,269,,
"USA16","San Diego","POP_DEN","Population density (pop. per km2)","2008","2008","PER","Persons","0","Units",,,273,,
"USA16","San Diego","POP_DEN","Population density (pop. per km2)","2009","2009","PER","Persons","0","Units",,,277,,
"USA16","San Diego","POP_DEN","Population density (pop. per km2)","2010","2010","PER","Persons","0","Units",,,281,,
"USA16","San Diego","POP_DEN","Population density (pop. per km2)","2011","2011","PER","Persons","0","Units",,,284,,
"USA16","San Diego","POP_DEN","Population density (pop. per km2)","2012","2012","PER","Persons","0","Units",,,288,,
"USA16","San Diego","POP_DEN","Population density (pop. per km2)","2013","2013","PER","Persons","0","Units",,,291,,
"USA16","San Diego","POP_DEN","Population density (pop. per km2)","2014","2014","PER","Persons","0","Units",,,294,,
"USA16","San Diego","POP_DEN","Population density (pop. per km2)","2015","2015","PER","Persons","0","Units",,,297,,
"USA16","San Diego","POP_DEN","Population density (pop. per km2)","2016","2016","PER","Persons","0","Units",,,300,,
"USA36","Jefferson (KY)","T_T","Population, All ages. Administrative data","2000","2000","PER","Persons","0","Units",,,1219405,,
"USA36","Jefferson (KY)","T_T","Population, All ages. Administrative data","2001","2001","PER","Persons","0","Units",,,1228597,,
"USA36","Jefferson (KY)","T_T","Population, All ages. Administrative data","2002","2002","PER","Persons","0","Units",,,1237887,,
"USA36","Jefferson (KY)","T_T","Population, All ages. Administrative data","2003","2003","PER","Persons","0","Units",,,1250198,,
"USA36","Jefferson (KY)","T_T","Population, All ages. Administrative data","2004","2004","PER","Persons","0","Units",,,1261823,,
"USA36","Jefferson (KY)","T_T","Population, All ages. Administrative data","2005","2005","PER","Persons","0","Units",,,1273516,,
"USA36","Jefferson (KY)","T_T","Population, All ages. Administrative data","2006","2006","PER","Persons","0","Units",,,1288609,,
"USA36","Jefferson (KY)","T_T","Population, All ages. Administrative data","2007","2007","PER","Persons","0","Units",,,1304600,,
"USA36","Jefferson (KY)","T_T","Population, All ages. Administrative data","2008","2008","PER","Persons","0","Units",,,1319213,,
"USA36","Jefferson (KY)","T_T","Population, All ages. Administrative data","2009","2009","PER","Persons","0","Units",,,1329985,,
"USA36","Jefferson (KY)","T_T","Population, All ages. Administrative data","2010","2010","PER","Persons","0","Units",,,1340655,,
"USA36","Jefferson (KY)","T_T","Population, All ages. Administrative data","2011","2011","PER","Persons","0","Units",,,1349086,,
"USA36","Jefferson (KY)","T_T","Population, All ages. Administrative data","2012","2012","PER","Persons","0","Units",,,1356770,,
"USA36","Jefferson (KY)","T_T","Population, All ages. Administrative data","2013","2013","PER","Persons","0","Units",,,1367713,,
"USA36","Jefferson (KY)","T_T","Population, All ages. Administrative data","2014","2014","PER","Persons","0","Units",,,1375457,,
"USA36","Jefferson (KY)","T_T","Population, All ages. Administrative data","2015","2015","PER","Persons","0","Units",,,1381370,,
"USA36","Jefferson (KY)","T_T","Population, All ages. Administrative data","2016","2016","PER","Persons","0","Units",,,1388909,,
"CH005","Lausanne","T_T_SH_NAT","Share of population  in metropolitan area over the national value","2001","2001","RATIO","Ratio","0","Units",,,4.5,,
"CH005","Lausanne","T_T_SH_NAT","Share of population  in metropolitan area over the national value","2002","2002","RATIO","Ratio","0","Units",,,4.5,,
"CH005","Lausanne","T_T_SH_NAT","Share of population  in metropolitan area over the national value","2003","2003","RATIO","Ratio","0","Units",,,4.6,,
"CH005","Lausanne","T_T_SH_NAT","Share of population  in metropolitan area over the national value","2004","2004","RATIO","Ratio","0","Units",,,4.6,,
"CH005","Lausanne","T_T_SH_NAT","Share of population  in metropolitan area over the national value","2005","2005","RATIO","Ratio","0","Units",,,4.7,,
"CH005","Lausanne","T_T_SH_NAT","Share of population  in metropolitan area over the national value","2006","2006","RATIO","Ratio","0","Units",,,4.7,,
"CH005","Lausanne","T_T_SH_NAT","Share of population  in metropolitan area over the national value","2007","2007","RATIO","Ratio","0","Units",,,4.8,,
"CH005","Lausanne","T_T_SH_NAT","Share of population  in metropolitan area over the national value","2008","2008","RATIO","Ratio","0","Units",,,4.8,,
"CH005","Lausanne","T_T_SH_NAT","Share of population  in metropolitan area over the national value","2009","2009","RATIO","Ratio","0","Units",,,4.8,,
"CH005","Lausanne","T_T_SH_NAT","Share of population  in metropolitan area over the national value","2010","2010","RATIO","Ratio","0","Units",,,4.8,,
"CH005","Lausanne","T_T_SH_NAT","Share of population  in metropolitan area over the national value","2011","2011","RATIO","Ratio","0","Units",,,4.9,,
"CH005","Lausanne","T_T_SH_NAT","Share of population  in metropolitan area over the national value","2012","2012","RATIO","Ratio","0","Units",,,4.9,,
"CH005","Lausanne","T_T_SH_NAT","Share of population  in metropolitan area over the national value","2013","2013","RATIO","Ratio","0","Units",,,4.9,,
"CH005","Lausanne","T_T_SH_NAT","Share of population  in metropolitan area over the national value","2014","2014","RATIO","Ratio","0","Units",,,4.9,,
"CH005","Lausanne","T_T_SH_NAT","Share of population  in metropolitan area over the national value","2015","2015","RATIO","Ratio","0","Units",,,4.9,,
"CH005","Lausanne","T_T_SH_NAT","Share of population  in metropolitan area over the national value","2016","2016","RATIO","Ratio","0","Units",,,5,,
"ES505","Elche/Elx","T_T_SH_NAT","Share of population  in metropolitan area over the national value","2001","2001","RATIO","Ratio","0","Units",,,0.5,,
"ES505","Elche/Elx","T_T_SH_NAT","Share of population  in metropolitan area over the national value","2002","2002","RATIO","Ratio","0","Units",,,0.5,,
"ES505","Elche/Elx","T_T_SH_NAT","Share of population  in metropolitan area over the national value","2003","2003","RATIO","Ratio","0","Units",,,0.5,,
"ES505","Elche/Elx","T_T_SH_NAT","Share of population  in metropolitan area over the national value","2004","2004","RATIO","Ratio","0","Units",,,0.5,,
"ES505","Elche/Elx","T_T_SH_NAT","Share of population  in metropolitan area over the national value","2005","2005","RATIO","Ratio","0","Units",,,0.5,,
"ES505","Elche/Elx","T_T_SH_NAT","Share of population  in metropolitan area over the national value","2006","2006","RATIO","Ratio","0","Units",,,0.5,,
"ES505","Elche/Elx","T_T_SH_NAT","Share of population  in metropolitan area over the national value","2007","2007","RATIO","Ratio","0","Units",,,0.5,,
"ES505","Elche/Elx","T_T_SH_NAT","Share of population  in metropolitan area over the national value","2008","2008","RATIO","Ratio","0","Units",,,0.5,,
"ES505","Elche/Elx","T_T_SH_NAT","Share of population  in metropolitan area over the national value","2009","2009","RATIO","Ratio","0","Units",,,0.5,,
"ES505","Elche/Elx","T_T_SH_NAT","Share of population  in metropolitan area over the national value","2010","2010","RATIO","Ratio","0","Units",,,0.5,,
"ES505","Elche/Elx","T_T_SH_NAT","Share of population  in metropolitan area over the national value","2011","2011","RATIO","Ratio","0","Units",,,0.5,,
"ES505","Elche/Elx","T_T_SH_NAT","Share of population  in metropolitan area over the national value","2012","2012","RATIO","Ratio","0","Units",,,0.5,,
"ES505","Elche/Elx","T_T_SH_NAT","Share of population  in metropolitan area over the national value","2013","2013","RATIO","Ratio","0","Units",,,0.5,,
"ES505","Elche/Elx","T_T_SH_NAT","Share of population  in metropolitan area over the national value","2014","2014","RATIO","Ratio","0","Units",,,0.5,,
"ES505","Elche/Elx","T_T_SH_NAT","Share of population  in metropolitan area over the national value","2015","2015","RATIO","Ratio","0","Units",,,0.6,,
"ES505","Elche/Elx","T_T_SH_NAT","Share of population  in metropolitan area over the national value","2016","2016","RATIO","Ratio","0","Units",,,0.6,,
"UK552","Reading","POP_DEN","Population density (pop. per km2)","2001","2001","PER","Persons","0","Units",,,1346,,
"UK552","Reading","POP_DEN","Population density (pop. per km2)","2002","2002","PER","Persons","0","Units",,,1338,,
"UK552","Reading","POP_DEN","Population density (pop. per km2)","2003","2003","PER","Persons","0","Units",,,1336,,
"UK552","Reading","POP_DEN","Population density (pop. per km2)","2004","2004","PER","Persons","0","Units",,,1339,,
"UK552","Reading","POP_DEN","Population density (pop. per km2)","2005","2005","PER","Persons","0","Units",,,1353,,
"UK552","Reading","POP_DEN","Population density (pop. per km2)","2006","2006","PER","Persons","0","Units",,,1363,,
"UK552","Reading","POP_DEN","Population density (pop. per km2)","2007","2007","PER","Persons","0","Units",,,1377,,
"UK552","Reading","POP_DEN","Population density (pop. per km2)","2008","2008","PER","Persons","0","Units",,,1390,,
"UK552","Reading","POP_DEN","Population density (pop. per km2)","2009","2009","PER","Persons","0","Units",,,1398,,
"UK552","Reading","POP_DEN","Population density (pop. per km2)","2010","2010","PER","Persons","0","Units",,,1409,,
"UK552","Reading","POP_DEN","Population density (pop. per km2)","2011","2011","PER","Persons","0","Units",,,1415,,
"UK552","Reading","POP_DEN","Population density (pop. per km2)","2012","2012","PER","Persons","0","Units",,,1430,,
"UK552","Reading","POP_DEN","Population density (pop. per km2)","2013","2013","PER","Persons","0","Units",,,1445,,
"UK552","Reading","POP_DEN","Population density (pop. per km2)","2014","2014","PER","Persons","0","Units",,,1458,,
"UK552","Reading","POP_DEN","Population density (pop. per km2)","2015","2015","PER","Persons","0","Units",,,1473,,
"UK552","Reading","POP_DEN","Population density (pop. per km2)","2016","2016","PER","Persons","0","Units",,,1486,,
"DE012","Bremen","T_T","Population, All ages. Administrative data","2001","2001","PER","Persons","0","Units",,,1228617,,
"DE012","Bremen","T_T","Population, All ages. Administrative data","2002","2002","PER","Persons","0","Units",,,1234076,,
"DE012","Bremen","T_T","Population, All ages. Administrative data","2003","2003","PER","Persons","0","Units",,,1238542,,
"DE012","Bremen","T_T","Population, All ages. Administrative data","2004","2004","PER","Persons","0","Units",,,1242768,,
"DE012","Bremen","T_T","Population, All ages. Administrative data","2005","2005","PER","Persons","0","Units",,,1245540,,
"DE012","Bremen","T_T","Population, All ages. Administrative data","2006","2006","PER","Persons","0","Units",,,1246265,,
"DE012","Bremen","T_T","Population, All ages. Administrative data","2007","2007","PER","Persons","0","Units",,,1246328,,
"DE012","Bremen","T_T","Population, All ages. Administrative data","2008","2008","PER","Persons","0","Units",,,1245816,,
"DE012","Bremen","T_T","Population, All ages. Administrative data","2009","2009","PER","Persons","0","Units",,,1243390,,
"DE012","Bremen","T_T","Population, All ages. Administrative data","2010","2010","PER","Persons","0","Units",,,1241509,,
"DE012","Bremen","T_T","Population, All ages. Administrative data","2011","2011","PER","Persons","0","Units",,,1228914,,
"DE012","Bremen","T_T","Population, All ages. Administrative data","2012","2012","PER","Persons","0","Units",,,1228392,,
"DE012","Bremen","T_T","Population, All ages. Administrative data","2013","2013","PER","Persons","0","Units",,,1230691,,
"DE012","Bremen","T_T","Population, All ages. Administrative data","2014","2014","PER","Persons","0","Units",,,1233437,,
"DE012","Bremen","T_T","Population, All ages. Administrative data","2015","2015","PER","Persons","0","Units",,,1240414,,
"DE012","Bremen","T_T","Population, All ages. Administrative data","2016","2016","PER","Persons","0","Units",,,1255402,,
"UK516","Plymouth","T_T","Population, All ages. Administrative data","2001","2001","PER","Persons","0","Units",,,371772,,
"UK516","Plymouth","T_T","Population, All ages. Administrative data","2002","2002","PER","Persons","0","Units",,,374580,,
"UK516","Plymouth","T_T","Population, All ages. Administrative data","2003","2003","PER","Persons","0","Units",,,375082,,
"UK516","Plymouth","T_T","Population, All ages. Administrative data","2004","2004","PER","Persons","0","Units",,,376240,,
"UK516","Plymouth","T_T","Population, All ages. Administrative data","2005","2005","PER","Persons","0","Units",,,380486,,
"UK516","Plymouth","T_T","Population, All ages. Administrative data","2006","2006","PER","Persons","0","Units",,,382996,,
"UK516","Plymouth","T_T","Population, All ages. Administrative data","2007","2007","PER","Persons","0","Units",,,386311,,
"UK516","Plymouth","T_T","Population, All ages. Administrative data","2008","2008","PER","Persons","0","Units",,,388570,,
"UK516","Plymouth","T_T","Population, All ages. Administrative data","2009","2009","PER","Persons","0","Units",,,389352,,
"UK516","Plymouth","T_T","Population, All ages. Administrative data","2010","2010","PER","Persons","0","Units",,,391028,,
"UK516","Plymouth","T_T","Population, All ages. Administrative data","2011","2011","PER","Persons","0","Units",,,393807,,
"UK516","Plymouth","T_T","Population, All ages. Administrative data","2012","2012","PER","Persons","0","Units",,,395333,,
"UK516","Plymouth","T_T","Population, All ages. Administrative data","2013","2013","PER","Persons","0","Units",,,396686,,
"UK516","Plymouth","T_T","Population, All ages. Administrative data","2014","2014","PER","Persons","0","Units",,,399290,,
"UK516","Plymouth","T_T","Population, All ages. Administrative data","2015","2015","PER","Persons","0","Units",,,400774,,
"UK516","Plymouth","T_T","Population, All ages. Administrative data","2016","2016","PER","Persons","0","Units",,,401931,,
"MEX08","Queretaro","POP_DEN","Population density (pop. per km2)","2000","2000","PER","Persons","0","Units",,,183,,
"MEX08","Queretaro","POP_DEN","Population density (pop. per km2)","2005","2005","PER","Persons","0","Units",,,187,,
"MEX08","Queretaro","POP_DEN","Population density (pop. per km2)","2010","2010","PER","Persons","0","Units",,,220,,
"MEX08","Queretaro","POP_DEN","Population density (pop. per km2)","2015","2015","PER","Persons","0","Units",,,264,,
"FR007","Bordeaux","POP_DEN","Population density (pop. per km2)","2000","2000","PER","Persons","0","Units",,,181,,
"FR007","Bordeaux","POP_DEN","Population density (pop. per km2)","2001","2001","PER","Persons","0","Units",,,183,,
"FR007","Bordeaux","POP_DEN","Population density (pop. per km2)","2002","2002","PER","Persons","0","Units",,,186,,
"FR007","Bordeaux","POP_DEN","Population density (pop. per km2)","2003","2003","PER","Persons","0","Units",,,188,,
"FR007","Bordeaux","POP_DEN","Population density (pop. per km2)","2004","2004","PER","Persons","0","Units",,,190,,
"FR007","Bordeaux","POP_DEN","Population density (pop. per km2)","2005","2005","PER","Persons","0","Units",,,192,,
"FR007","Bordeaux","POP_DEN","Population density (pop. per km2)","2006","2006","PER","Persons","0","Units",,,194,,
"FR007","Bordeaux","POP_DEN","Population density (pop. per km2)","2007","2007","PER","Persons","0","Units",,,196,,
"FR007","Bordeaux","POP_DEN","Population density (pop. per km2)","2008","2008","PER","Persons","0","Units",,,198,,
"FR007","Bordeaux","POP_DEN","Population density (pop. per km2)","2009","2009","PER","Persons","0","Units",,,200,,
"FR007","Bordeaux","POP_DEN","Population density (pop. per km2)","2010","2010","PER","Persons","0","Units",,,203,,
"FR007","Bordeaux","POP_DEN","Population density (pop. per km2)","2011","2011","PER","Persons","0","Units",,,206,,
"FR007","Bordeaux","POP_DEN","Population density (pop. per km2)","2012","2012","PER","Persons","0","Units",,,209,,
"FR007","Bordeaux","POP_DEN","Population density (pop. per km2)","2013","2013","PER","Persons","0","Units",,,212,,
"FR007","Bordeaux","POP_DEN","Population density (pop. per km2)","2014","2014","PER","Persons","0","Units",,,215,,
"FR007","Bordeaux","POP_DEN","Population density (pop. per km2)","2015","2015","PER","Persons","0","Units",,,211,,
"USA104","York","T_T","Population, All ages. Administrative data","2000","2000","PER","Persons","0","Units",,,382743,,
"USA104","York","T_T","Population, All ages. Administrative data","2001","2001","PER","Persons","0","Units",,,385773,,
"USA104","York","T_T","Population, All ages. Administrative data","2002","2002","PER","Persons","0","Units",,,389692,,
"USA104","York","T_T","Population, All ages. Administrative data","2003","2003","PER","Persons","0","Units",,,395093,,
"USA104","York","T_T","Population, All ages. Administrative data","2004","2004","PER","Persons","0","Units",,,401403,,
"USA104","York","T_T","Population, All ages. Administrative data","2005","2005","PER","Persons","0","Units",,,409066,,
"USA104","York","T_T","Population, All ages. Administrative data","2006","2006","PER","Persons","0","Units",,,418043,,
"USA104","York","T_T","Population, All ages. Administrative data","2007","2007","PER","Persons","0","Units",,,424919,,
"USA104","York","T_T","Population, All ages. Administrative data","2008","2008","PER","Persons","0","Units",,,429399,,
"USA104","York","T_T","Population, All ages. Administrative data","2009","2009","PER","Persons","0","Units",,,433022,,
"USA104","York","T_T","Population, All ages. Administrative data","2010","2010","PER","Persons","0","Units",,,435426,,
"USA104","York","T_T","Population, All ages. Administrative data","2011","2011","PER","Persons","0","Units",,,436702,,
"USA104","York","T_T","Population, All ages. Administrative data","2012","2012","PER","Persons","0","Units",,,437483,,
"USA104","York","T_T","Population, All ages. Administrative data","2013","2013","PER","Persons","0","Units",,,438926,,
"USA104","York","T_T","Population, All ages. Administrative data","2014","2014","PER","Persons","0","Units",,,440444,,
"USA104","York","T_T","Population, All ages. Administrative data","2015","2015","PER","Persons","0","Units",,,441822,,
"USA104","York","T_T","Population, All ages. Administrative data","2016","2016","PER","Persons","0","Units",,,443809,,
"PL014","Olsztyn","POP_DEN","Population density (pop. per km2)","2000","2000","PER","Persons","0","Units",,,121,,
"PL014","Olsztyn","POP_DEN","Population density (pop. per km2)","2001","2001","PER","Persons","0","Units",,,121,,
"PL014","Olsztyn","POP_DEN","Population density (pop. per km2)","2002","2002","PER","Persons","0","Units",,,121,,
"PL014","Olsztyn","POP_DEN","Population density (pop. per km2)","2003","2003","PER","Persons","0","Units",,,122,,
"PL014","Olsztyn","POP_DEN","Population density (pop. per km2)","2004","2004","PER","Persons","0","Units",,,122,,
"PL014","Olsztyn","POP_DEN","Population density (pop. per km2)","2005","2005","PER","Persons","0","Units",,,123,,
"PL014","Olsztyn","POP_DEN","Population density (pop. per km2)","2006","2006","PER","Persons","0","Units",,,124,,
"PL014","Olsztyn","POP_DEN","Population density (pop. per km2)","2007","2007","PER","Persons","0","Units",,,124,,
"PL014","Olsztyn","POP_DEN","Population density (pop. per km2)","2008","2008","PER","Persons","0","Units",,,125,,
"PL014","Olsztyn","POP_DEN","Population density (pop. per km2)","2009","2009","PER","Persons","0","Units",,,126,,
"PL014","Olsztyn","POP_DEN","Population density (pop. per km2)","2010","2010","PER","Persons","0","Units",,,127,,
"PL014","Olsztyn","POP_DEN","Population density (pop. per km2)","2011","2011","PER","Persons","0","Units",,,127,,
"PL014","Olsztyn","POP_DEN","Population density (pop. per km2)","2012","2012","PER","Persons","0","Units",,,127,,
"PL014","Olsztyn","POP_DEN","Population density (pop. per km2)","2013","2013","PER","Persons","0","Units",,,128,,
"PL014","Olsztyn","POP_DEN","Population density (pop. per km2)","2014","2014","PER","Persons","0","Units",,,128,,
"PL014","Olsztyn","POP_DEN","Population density (pop. per km2)","2015","2015","PER","Persons","0","Units",,,128,,
"PL014","Olsztyn","POP_DEN","Population density (pop. per km2)","2016","2016","PER","Persons","0","Units",,,128,,
"JPN49","Hachinohe","T_T","Population, All ages. Administrative data","2000","2000","PER","Persons","0","Units",,,351641,,
"JPN49","Hachinohe","T_T","Population, All ages. Administrative data","2001","2001","PER","Persons","0","Units",,,350398,,
"JPN49","Hachinohe","T_T","Population, All ages. Administrative data","2002","2002","PER","Persons","0","Units",,,349153,,
"JPN49","Hachinohe","T_T","Population, All ages. Administrative data","2003","2003","PER","Persons","0","Units",,,347911,,
"JPN49","Hachinohe","T_T","Population, All ages. Administrative data","2004","2004","PER","Persons","0","Units",,,346666,,
"JPN49","Hachinohe","T_T","Population, All ages. Administrative data","2005","2005","PER","Persons","0","Units",,,345423,,
"JPN49","Hachinohe","T_T","Population, All ages. Administrative data","2006","2006","PER","Persons","0","Units",,,342754,,
"JPN49","Hachinohe","T_T","Population, All ages. Administrative data","2007","2007","PER","Persons","0","Units",,,340083,,
"JPN49","Hachinohe","T_T","Population, All ages. Administrative data","2008","2008","PER","Persons","0","Units",,,337415,,
"JPN49","Hachinohe","T_T","Population, All ages. Administrative data","2009","2009","PER","Persons","0","Units",,,334744,,
"JPN49","Hachinohe","T_T","Population, All ages. Administrative data","2010","2010","PER","Persons","0","Units",,,332075,,
"JPN49","Hachinohe","T_T","Population, All ages. Administrative data","2011","2011","PER","Persons","0","Units",,,329444,,
"JPN49","Hachinohe","T_T","Population, All ages. Administrative data","2012","2012","PER","Persons","0","Units",,,326812,,
"JPN49","Hachinohe","T_T","Population, All ages. Administrative data","2013","2013","PER","Persons","0","Units",,,324182,,
"JPN49","Hachinohe","T_T","Population, All ages. Administrative data","2014","2014","PER","Persons","0","Units",,,321550,,
"JPN49","Hachinohe","T_T","Population, All ages. Administrative data","2015","2015","PER","Persons","0","Units",,,318919,,
"PL010","Katowice","T_T_SH_NAT","Share of population  in metropolitan area over the national value","2001","2001","RATIO","Ratio","0","Units",,,7.1,,
"PL010","Katowice","T_T_SH_NAT","Share of population  in metropolitan area over the national value","2002","2002","RATIO","Ratio","0","Units",,,7.1,,
"PL010","Katowice","T_T_SH_NAT","Share of population  in metropolitan area over the national value","2003","2003","RATIO","Ratio","0","Units",,,7,,
"PL010","Katowice","T_T_SH_NAT","Share of population  in metropolitan area over the national value","2004","2004","RATIO","Ratio","0","Units",,,7,,
"PL010","Katowice","T_T_SH_NAT","Share of population  in metropolitan area over the national value","2005","2005","RATIO","Ratio","0","Units",,,7,,
"PL010","Katowice","T_T_SH_NAT","Share of population  in metropolitan area over the national value","2006","2006","RATIO","Ratio","0","Units",,,6.9,,
"PL010","Katowice","T_T_SH_NAT","Share of population  in metropolitan area over the national value","2007","2007","RATIO","Ratio","0","Units",,,6.9,,
"PL010","Katowice","T_T_SH_NAT","Share of population  in metropolitan area over the national value","2008","2008","RATIO","Ratio","0","Units",,,6.9,,
"PL010","Katowice","T_T_SH_NAT","Share of population  in metropolitan area over the national value","2009","2009","RATIO","Ratio","0","Units",,,6.9,,
"PL010","Katowice","T_T_SH_NAT","Share of population  in metropolitan area over the national value","2010","2010","RATIO","Ratio","0","Units",,,6.9,,
"PL010","Katowice","T_T_SH_NAT","Share of population  in metropolitan area over the national value","2011","2011","RATIO","Ratio","0","Units",,,6.8,,
"PL010","Katowice","T_T_SH_NAT","Share of population  in metropolitan area over the national value","2012","2012","RATIO","Ratio","0","Units",,,6.8,,
"PL010","Katowice","T_T_SH_NAT","Share of population  in metropolitan area over the national value","2013","2013","RATIO","Ratio","0","Units",,,6.8,,
"PL010","Katowice","T_T_SH_NAT","Share of population  in metropolitan area over the national value","2014","2014","RATIO","Ratio","0","Units",,,6.7,,
"PL010","Katowice","T_T_SH_NAT","Share of population  in metropolitan area over the national value","2015","2015","RATIO","Ratio","0","Units",,,6.7,,
"PL010","Katowice","T_T_SH_NAT","Share of population  in metropolitan area over the national value","2016","2016","RATIO","Ratio","0","Units",,,6.7,,
"USA121","Lane","T_T_SH_NAT","Share of population  in metropolitan area over the national value","2001","2001","RATIO","Ratio","0","Units",,,0.1,,
"USA121","Lane","T_T_SH_NAT","Share of population  in metropolitan area over the national value","2002","2002","RATIO","Ratio","0","Units",,,0.1,,
"USA121","Lane","T_T_SH_NAT","Share of population  in metropolitan area over the national value","2003","2003","RATIO","Ratio","0","Units",,,0.1,,
"USA121","Lane","T_T_SH_NAT","Share of population  in metropolitan area over the national value","2004","2004","RATIO","Ratio","0","Units",,,0.1,,
"USA121","Lane","T_T_SH_NAT","Share of population  in metropolitan area over the national value","2005","2005","RATIO","Ratio","0","Units",,,0.1,,
"USA121","Lane","T_T_SH_NAT","Share of population  in metropolitan area over the national value","2006","2006","RATIO","Ratio","0","Units",,,0.1,,
"USA121","Lane","T_T_SH_NAT","Share of population  in metropolitan area over the national value","2007","2007","RATIO","Ratio","0","Units",,,0.1,,
"USA121","Lane","T_T_SH_NAT","Share of population  in metropolitan area over the national value","2008","2008","RATIO","Ratio","0","Units",,,0.1,,
"USA121","Lane","T_T_SH_NAT","Share of population  in metropolitan area over the national value","2009","2009","RATIO","Ratio","0","Units",,,0.1,,
"USA121","Lane","T_T_SH_NAT","Share of population  in metropolitan area over the national value","2010","2010","RATIO","Ratio","0","Units",,,0.1,,
"USA121","Lane","T_T_SH_NAT","Share of population  in metropolitan area over the national value","2011","2011","RATIO","Ratio","0","Units",,,0.1,,
"USA121","Lane","T_T_SH_NAT","Share of population  in metropolitan area over the national value","2012","2012","RATIO","Ratio","0","Units",,,0.1,,
"USA121","Lane","T_T_SH_NAT","Share of population  in metropolitan area over the national value","2013","2013","RATIO","Ratio","0","Units",,,0.1,,
"USA121","Lane","T_T_SH_NAT","Share of population  in metropolitan area over the national value","2014","2014","RATIO","Ratio","0","Units",,,0.1,,
"USA121","Lane","T_T_SH_NAT","Share of population  in metropolitan area over the national value","2015","2015","RATIO","Ratio","0","Units",,,0.1,,
"USA121","Lane","T_T_SH_NAT","Share of population  in metropolitan area over the national value","2016","2016","RATIO","Ratio","0","Units",,,0.1,,
"DE009","Dresden","POP_DEN","Population density (pop. per km2)","2001","2001","PER","Persons","0","Units",,,239,,
"DE009","Dresden","POP_DEN","Population density (pop. per km2)","2002","2002","PER","Persons","0","Units",,,237,,
"DE009","Dresden","POP_DEN","Population density (pop. per km2)","2003","2003","PER","Persons","0","Units",,,236,,
"DE009","Dresden","POP_DEN","Population density (pop. per km2)","2004","2004","PER","Persons","0","Units",,,235,,
"DE009","Dresden","POP_DEN","Population density (pop. per km2)","2005","2005","PER","Persons","0","Units",,,234,,
"DE009","Dresden","POP_DEN","Population density (pop. per km2)","2006","2006","PER","Persons","0","Units",,,234,,
"DE009","Dresden","POP_DEN","Population density (pop. per km2)","2007","2007","PER","Persons","0","Units",,,234,,
"DE009","Dresden","POP_DEN","Population density (pop. per km2)","2008","2008","PER","Persons","0","Units",,,233,,
"DE009","Dresden","POP_DEN","Population density (pop. per km2)","2009","2009","PER","Persons","0","Units",,,232,,
"DE009","Dresden","POP_DEN","Population density (pop. per km2)","2010","2010","PER","Persons","0","Units",,,232,,
"DE009","Dresden","POP_DEN","Population density (pop. per km2)","2011","2011","PER","Persons","0","Units",,,227,,
"DE009","Dresden","POP_DEN","Population density (pop. per km2)","2012","2012","PER","Persons","0","Units",,,227,,
"DE009","Dresden","POP_DEN","Population density (pop. per km2)","2013","2013","PER","Persons","0","Units",,,228,,
"DE009","Dresden","POP_DEN","Population density (pop. per km2)","2014","2014","PER","Persons","0","Units",,,228,,
"DE009","Dresden","POP_DEN","Population density (pop. per km2)","2015","2015","PER","Persons","0","Units",,,229,,
"DE009","Dresden","POP_DEN","Population density (pop. per km2)","2016","2016","PER","Persons","0","Units",,,231,,
"MEX11","San Luis Potosi","T_T_SH_NAT","Share of population  in metropolitan area over the national value","2005","2005","RATIO","Ratio","0","Units",,,1,,
"MEX11","San Luis Potosi","T_T_SH_NAT","Share of population  in metropolitan area over the national value","2010","2010","RATIO","Ratio","0","Units",,,1.1,,
"MEX11","San Luis Potosi","T_T_SH_NAT","Share of population  in metropolitan area over the national value","2015","2015","RATIO","Ratio","0","Units",,,1.1,,
"FR045","Pau","T_T_SH_NAT","Share of population  in metropolitan area over the national value","2001","2001","RATIO","Ratio","0","Units",,,0.4,,
"FR045","Pau","T_T_SH_NAT","Share of population  in metropolitan area over the national value","2002","2002","RATIO","Ratio","0","Units",,,0.4,,
"FR045","Pau","T_T_SH_NAT","Share of population  in metropolitan area over the national value","2003","2003","RATIO","Ratio","0","Units",,,0.4,,
"FR045","Pau","T_T_SH_NAT","Share of population  in metropolitan area over the national value","2004","2004","RATIO","Ratio","0","Units",,,0.4,,
"FR045","Pau","T_T_SH_NAT","Share of population  in metropolitan area over the national value","2005","2005","RATIO","Ratio","0","Units",,,0.4,,
"FR045","Pau","T_T_SH_NAT","Share of population  in metropolitan area over the national value","2006","2006","RATIO","Ratio","0","Units",,,0.4,,
"FR045","Pau","T_T_SH_NAT","Share of population  in metropolitan area over the national value","2007","2007","RATIO","Ratio","0","Units",,,0.4,,
"FR045","Pau","T_T_SH_NAT","Share of population  in metropolitan area over the national value","2008","2008","RATIO","Ratio","0","Units",,,0.4,,
"FR045","Pau","T_T_SH_NAT","Share of population  in metropolitan area over the national value","2009","2009","RATIO","Ratio","0","Units",,,0.4,,
"FR045","Pau","T_T_SH_NAT","Share of population  in metropolitan area over the national value","2010","2010","RATIO","Ratio","0","Units",,,0.4,,
"FR045","Pau","T_T_SH_NAT","Share of population  in metropolitan area over the national value","2011","2011","RATIO","Ratio","0","Units",,,0.4,,
"FR045","Pau","T_T_SH_NAT","Share of population  in metropolitan area over the national value","2012","2012","RATIO","Ratio","0","Units",,,0.4,,
"FR045","Pau","T_T_SH_NAT","Share of population  in metropolitan area over the national value","2013","2013","RATIO","Ratio","0","Units",,,0.4,,
"FR045","Pau","T_T_SH_NAT","Share of population  in metropolitan area over the national value","2014","2014","RATIO","Ratio","0","Units",,,0.4,,
"FR045","Pau","T_T_SH_NAT","Share of population  in metropolitan area over the national value","2015","2015","RATIO","Ratio","0","Units",,,0.4,,
"USA34","Salt Lake","T_T","Population, All ages. Administrative data","2000","2000","PER","Persons","0","Units",,,1235509,,
"USA34","Salt Lake","T_T","Population, All ages. Administrative data","2001","2001","PER","Persons","0","Units",,,1253113,,
"USA34","Salt Lake","T_T","Population, All ages. Administrative data","2002","2002","PER","Persons","0","Units",,,1268825,,
"USA34","Salt Lake","T_T","Population, All ages. Administrative data","2003","2003","PER","Persons","0","Units",,,1284726,,
"USA34","Salt Lake","T_T","Population, All ages. Administrative data","2004","2004","PER","Persons","0","Units",,,1303568,,
"USA34","Salt Lake","T_T","Population, All ages. Administrative data","2005","2005","PER","Persons","0","Units",,,1327953,,
"USA34","Salt Lake","T_T","Population, All ages. Administrative data","2006","2006","PER","Persons","0","Units",,,1360420,,
"USA34","Salt Lake","T_T","Population, All ages. Administrative data","2007","2007","PER","Persons","0","Units",,,1390607,,
"USA34","Salt Lake","T_T","Population, All ages. Administrative data","2008","2008","PER","Persons","0","Units",,,1417738,,
"USA34","Salt Lake","T_T","Population, All ages. Administrative data","2009","2009","PER","Persons","0","Units",,,1444020,,
"USA34","Salt Lake","T_T","Population, All ages. Administrative data","2010","2010","PER","Persons","0","Units",,,1469023,,
"USA34","Salt Lake","T_T","Population, All ages. Administrative data","2011","2011","PER","Persons","0","Units",,,1490919,,
"USA34","Salt Lake","T_T","Population, All ages. Administrative data","2012","2012","PER","Persons","0","Units",,,1513318,,
"USA34","Salt Lake","T_T","Population, All ages. Administrative data","2013","2013","PER","Persons","0","Units",,,1539116,,
"USA34","Salt Lake","T_T","Population, All ages. Administrative data","2014","2014","PER","Persons","0","Units",,,1559092,,
"USA34","Salt Lake","T_T","Population, All ages. Administrative data","2015","2015","PER","Persons","0","Units",,,1581749,,
"USA34","Salt Lake","T_T","Population, All ages. Administrative data","2016","2016","PER","Persons","0","Units",,,1609641,,
"NL013","Nijmegen","POP_DEN","Population density (pop. per km2)","2000","2000","PER","Persons","0","Units",,,762,,
"NL013","Nijmegen","POP_DEN","Population density (pop. per km2)","2001","2001","PER","Persons","0","Units",,,746,,
"NL013","Nijmegen","POP_DEN","Population density (pop. per km2)","2002","2002","PER","Persons","0","Units",,,731,,
"NL013","Nijmegen","POP_DEN","Population density (pop. per km2)","2003","2003","PER","Persons","0","Units",,,715,,
"NL013","Nijmegen","POP_DEN","Population density (pop. per km2)","2004","2004","PER","Persons","0","Units",,,699,,
"NL013","Nijmegen","POP_DEN","Population density (pop. per km2)","2005","2005","PER","Persons","0","Units",,,701,,
"NL013","Nijmegen","POP_DEN","Population density (pop. per km2)","2006","2006","PER","Persons","0","Units",,,703,,
"NL013","Nijmegen","POP_DEN","Population density (pop. per km2)","2007","2007","PER","Persons","0","Units",,,706,,
"NL013","Nijmegen","POP_DEN","Population density (pop. per km2)","2008","2008","PER","Persons","0","Units",,,708,,
"NL013","Nijmegen","POP_DEN","Population density (pop. per km2)","2009","2009","PER","Persons","0","Units",,,710,,
"NL013","Nijmegen","POP_DEN","Population density (pop. per km2)","2010","2010","PER","Persons","0","Units",,,714,,
"NL013","Nijmegen","POP_DEN","Population density (pop. per km2)","2011","2011","PER","Persons","0","Units",,,718,,
"NL013","Nijmegen","POP_DEN","Population density (pop. per km2)","2012","2012","PER","Persons","0","Units",,,720,,
"NL013","Nijmegen","POP_DEN","Population density (pop. per km2)","2013","2013","PER","Persons","0","Units",,,724,,
"NL013","Nijmegen","POP_DEN","Population density (pop. per km2)","2014","2014","PER","Persons","0","Units",,,728,,
"NL013","Nijmegen","POP_DEN","Population density (pop. per km2)","2015","2015","PER","Persons","0","Units",,,734,,
"NL013","Nijmegen","POP_DEN","Population density (pop. per km2)","2016","2016","PER","Persons","0","Units",,,737,,
"USA94","Washoe","POP_DEN","Population density (pop. per km2)","2000","2000","PER","Persons","0","Units",,,17,,
"USA94","Washoe","POP_DEN","Population density (pop. per km2)","2001","2001","PER","Persons","0","Units",,,17,,
"USA94","Washoe","POP_DEN","Population density (pop. per km2)","2002","2002","PER","Persons","0","Units",,,18,,
"USA94","Washoe","POP_DEN","Population density (pop. per km2)","2003","2003","PER","Persons","0","Units",,,18,,
"USA94","Washoe","POP_DEN","Population density (pop. per km2)","2004","2004","PER","Persons","0","Units",,,19,,
"USA94","Washoe","POP_DEN","Population density (pop. per km2)","2005","2005","PER","Persons","0","Units",,,19,,
"USA94","Washoe","POP_DEN","Population density (pop. per km2)","2006","2006","PER","Persons","0","Units",,,20,,
"USA94","Washoe","POP_DEN","Population density (pop. per km2)","2007","2007","PER","Persons","0","Units",,,20,,
"USA94","Washoe","POP_DEN","Population density (pop. per km2)","2008","2008","PER","Persons","0","Units",,,21,,
"USA94","Washoe","POP_DEN","Population density (pop. per km2)","2009","2009","PER","Persons","0","Units",,,21,,
"USA94","Washoe","POP_DEN","Population density (pop. per km2)","2010","2010","PER","Persons","0","Units",,,21,,
"USA94","Washoe","POP_DEN","Population density (pop. per km2)","2011","2011","PER","Persons","0","Units",,,21,,
"USA94","Washoe","POP_DEN","Population density (pop. per km2)","2012","2012","PER","Persons","0","Units",,,21,,
"USA94","Washoe","POP_DEN","Population density (pop. per km2)","2013","2013","PER","Persons","0","Units",,,21,,
"USA94","Washoe","POP_DEN","Population density (pop. per km2)","2014","2014","PER","Persons","0","Units",,,22,,
"USA94","Washoe","POP_DEN","Population density (pop. per km2)","2015","2015","PER","Persons","0","Units",,,22,,
"USA94","Washoe","POP_DEN","Population density (pop. per km2)","2016","2016","PER","Persons","0","Units",,,22,,
"MEX53","Chilpancingo de los Bravo","POP_DEN","Population density (pop. per km2)","2000","2000","PER","Persons","0","Units",,,64,,
"MEX53","Chilpancingo de los Bravo","POP_DEN","Population density (pop. per km2)","2005","2005","PER","Persons","0","Units",,,65,,
"MEX53","Chilpancingo de los Bravo","POP_DEN","Population density (pop. per km2)","2010","2010","PER","Persons","0","Units",,,75,,
"MEX53","Chilpancingo de los Bravo","POP_DEN","Population density (pop. per km2)","2015","2015","PER","Persons","0","Units",,,88,,
"USA67","San Joaquin","T_T_SH_NAT","Share of population  in metropolitan area over the national value","2001","2001","RATIO","Ratio","0","Units",,,0.2,,
"USA67","San Joaquin","T_T_SH_NAT","Share of population  in metropolitan area over the national value","2002","2002","RATIO","Ratio","0","Units",,,0.2,,
"USA67","San Joaquin","T_T_SH_NAT","Share of population  in metropolitan area over the national value","2003","2003","RATIO","Ratio","0","Units",,,0.2,,
"USA67","San Joaquin","T_T_SH_NAT","Share of population  in metropolitan area over the national value","2004","2004","RATIO","Ratio","0","Units",,,0.2,,
"USA67","San Joaquin","T_T_SH_NAT","Share of population  in metropolitan area over the national value","2005","2005","RATIO","Ratio","0","Units",,,0.2,,
"USA67","San Joaquin","T_T_SH_NAT","Share of population  in metropolitan area over the national value","2006","2006","RATIO","Ratio","0","Units",,,0.2,,
"USA67","San Joaquin","T_T_SH_NAT","Share of population  in metropolitan area over the national value","2007","2007","RATIO","Ratio","0","Units",,,0.2,,
"USA67","San Joaquin","T_T_SH_NAT","Share of population  in metropolitan area over the national value","2008","2008","RATIO","Ratio","0","Units",,,0.2,,
"USA67","San Joaquin","T_T_SH_NAT","Share of population  in metropolitan area over the national value","2009","2009","RATIO","Ratio","0","Units",,,0.2,,
"USA67","San Joaquin","T_T_SH_NAT","Share of population  in metropolitan area over the national value","2010","2010","RATIO","Ratio","0","Units",,,0.2,,
"USA67","San Joaquin","T_T_SH_NAT","Share of population  in metropolitan area over the national value","2011","2011","RATIO","Ratio","0","Units",,,0.2,,
"USA67","San Joaquin","T_T_SH_NAT","Share of population  in metropolitan area over the national value","2012","2012","RATIO","Ratio","0","Units",,,0.2,,
"USA67","San Joaquin","T_T_SH_NAT","Share of population  in metropolitan area over the national value","2013","2013","RATIO","Ratio","0","Units",,,0.2,,
"USA67","San Joaquin","T_T_SH_NAT","Share of population  in metropolitan area over the national value","2014","2014","RATIO","Ratio","0","Units",,,0.2,,
"USA67","San Joaquin","T_T_SH_NAT","Share of population  in metropolitan area over the national value","2015","2015","RATIO","Ratio","0","Units",,,0.2,,
"USA67","San Joaquin","T_T_SH_NAT","Share of population  in metropolitan area over the national value","2016","2016","RATIO","Ratio","0","Units",,,0.2,,
"FI003","Turku","T_T","Population, All ages. Administrative data","2000","2000","PER","Persons","0","Units",,,322051,,
"FI003","Turku","T_T","Population, All ages. Administrative data","2001","2001","PER","Persons","0","Units",,,324552,,
"FI003","Turku","T_T","Population, All ages. Administrative data","2002","2002","PER","Persons","0","Units",,,326691,,
"FI003","Turku","T_T","Population, All ages. Administrative data","2003","2003","PER","Persons","0","Units",,,328487,,
"FI003","Turku","T_T","Population, All ages. Administrative data","2004","2004","PER","Persons","0","Units",,,329850,,
"FI003","Turku","T_T","Population, All ages. Administrative data","2005","2005","PER","Persons","0","Units",,,331560,,
"FI003","Turku","T_T","Population, All ages. Administrative data","2006","2006","PER","Persons","0","Units",,,333723,,
"FI003","Turku","T_T","Population, All ages. Administrative data","2007","2007","PER","Persons","0","Units",,,335164,,
"FI003","Turku","T_T","Population, All ages. Administrative data","2008","2008","PER","Persons","0","Units",,,337012,,
"FI003","Turku","T_T","Population, All ages. Administrative data","2009","2009","PER","Persons","0","Units",,,338946,,
"FI003","Turku","T_T","Population, All ages. Administrative data","2010","2010","PER","Persons","0","Units",,,341200,,
"FI003","Turku","T_T","Population, All ages. Administrative data","2011","2011","PER","Persons","0","Units",,,343554,,
"FI003","Turku","T_T","Population, All ages. Administrative data","2012","2012","PER","Persons","0","Units",,,346100,,
"FI003","Turku","T_T","Population, All ages. Administrative data","2013","2013","PER","Persons","0","Units",,,348705,,
"FI003","Turku","T_T","Population, All ages. Administrative data","2014","2014","PER","Persons","0","Units",,,350788,,
"FI003","Turku","T_T","Population, All ages. Administrative data","2015","2015","PER","Persons","0","Units",,,353218,,
"FI003","Turku","T_T","Population, All ages. Administrative data","2016","2016","PER","Persons","0","Units",,,355246,,
"AUS07","Australian Capital Territory","POP_DEN","Population density (pop. per km2)","2001","2001","PER","Persons","0","Units",,,136,,
"AUS07","Australian Capital Territory","POP_DEN","Population density (pop. per km2)","2002","2002","PER","Persons","0","Units",,,137,,
"AUS07","Australian Capital Territory","POP_DEN","Population density (pop. per km2)","2003","2003","PER","Persons","0","Units",,,139,,
"AUS07","Australian Capital Territory","POP_DEN","Population density (pop. per km2)","2004","2004","PER","Persons","0","Units",,,139,,
"AUS07","Australian Capital Territory","POP_DEN","Population density (pop. per km2)","2005","2005","PER","Persons","0","Units",,,140,,
"AUS07","Australian Capital Territory","POP_DEN","Population density (pop. per km2)","2006","2006","PER","Persons","0","Units",,,142,,
"AUS07","Australian Capital Territory","POP_DEN","Population density (pop. per km2)","2007","2007","PER","Persons","0","Units",,,145,,
"AUS07","Australian Capital Territory","POP_DEN","Population density (pop. per km2)","2008","2008","PER","Persons","0","Units",,,147,,
"AUS07","Australian Capital Territory","POP_DEN","Population density (pop. per km2)","2009","2009","PER","Persons","0","Units",,,150,,
"AUS07","Australian Capital Territory","POP_DEN","Population density (pop. per km2)","2010","2010","PER","Persons","0","Units",,,153,,
"AUS07","Australian Capital Territory","POP_DEN","Population density (pop. per km2)","2011","2011","PER","Persons","0","Units",,,156,,
"AUS07","Australian Capital Territory","POP_DEN","Population density (pop. per km2)","2012","2012","PER","Persons","0","Units",,,159,,
"AUS07","Australian Capital Territory","POP_DEN","Population density (pop. per km2)","2013","2013","PER","Persons","0","Units",,,162,,
"AUS07","Australian Capital Territory","POP_DEN","Population density (pop. per km2)","2014","2014","PER","Persons","0","Units",,,165,,
"AUS07","Australian Capital Territory","POP_DEN","Population density (pop. per km2)","2015","2015","PER","Persons","0","Units",,,168,,
"AUS07","Australian Capital Territory","POP_DEN","Population density (pop. per km2)","2016","2016","PER","Persons","0","Units",,,171,,
"USA31","Columbus","T_T_SH_NAT","Share of population  in metropolitan area over the national value","2001","2001","RATIO","Ratio","0","Units",,,0.6,,
"USA31","Columbus","T_T_SH_NAT","Share of population  in metropolitan area over the national value","2002","2002","RATIO","Ratio","0","Units",,,0.6,,
"USA31","Columbus","T_T_SH_NAT","Share of population  in metropolitan area over the national value","2003","2003","RATIO","Ratio","0","Units",,,0.6,,
"USA31","Columbus","T_T_SH_NAT","Share of population  in metropolitan area over the national value","2004","2004","RATIO","Ratio","0","Units",,,0.6,,
"USA31","Columbus","T_T_SH_NAT","Share of population  in metropolitan area over the national value","2005","2005","RATIO","Ratio","0","Units",,,0.6,,
"USA31","Columbus","T_T_SH_NAT","Share of population  in metropolitan area over the national value","2006","2006","RATIO","Ratio","0","Units",,,0.6,,
"USA31","Columbus","T_T_SH_NAT","Share of population  in metropolitan area over the national value","2007","2007","RATIO","Ratio","0","Units",,,0.6,,
"USA31","Columbus","T_T_SH_NAT","Share of population  in metropolitan area over the national value","2008","2008","RATIO","Ratio","0","Units",,,0.6,,
"USA31","Columbus","T_T_SH_NAT","Share of population  in metropolitan area over the national value","2009","2009","RATIO","Ratio","0","Units",,,0.6,,
"USA31","Columbus","T_T_SH_NAT","Share of population  in metropolitan area over the national value","2010","2010","RATIO","Ratio","0","Units",,,0.6,,
"USA31","Columbus","T_T_SH_NAT","Share of population  in metropolitan area over the national value","2011","2011","RATIO","Ratio","0","Units",,,0.6,,
"USA31","Columbus","T_T_SH_NAT","Share of population  in metropolitan area over the national value","2012","2012","RATIO","Ratio","0","Units",,,0.6,,
"USA31","Columbus","T_T_SH_NAT","Share of population  in metropolitan area over the national value","2013","2013","RATIO","Ratio","0","Units",,,0.6,,
"USA31","Columbus","T_T_SH_NAT","Share of population  in metropolitan area over the national value","2014","2014","RATIO","Ratio","0","Units",,,0.6,,
"USA31","Columbus","T_T_SH_NAT","Share of population  in metropolitan area over the national value","2015","2015","RATIO","Ratio","0","Units",,,0.6,,
"USA31","Columbus","T_T_SH_NAT","Share of population  in metropolitan area over the national value","2016","2016","RATIO","Ratio","0","Units",,,0.6,,
"IT030","Modena","T_T","Population, All ages. Administrative data","2000","2000","PER","Persons","0","Units",,,324498,,
"IT030","Modena","T_T","Population, All ages. Administrative data","2001","2001","PER","Persons","0","Units",,,327109,,
"IT030","Modena","T_T","Population, All ages. Administrative data","2002","2002","PER","Persons","0","Units",,,329720,,
"IT030","Modena","T_T","Population, All ages. Administrative data","2003","2003","PER","Persons","0","Units",,,332331,,
"IT030","Modena","T_T","Population, All ages. Administrative data","2004","2004","PER","Persons","0","Units",,,334943,,
"IT030","Modena","T_T","Population, All ages. Administrative data","2005","2005","PER","Persons","0","Units",,,337554,,
"IT030","Modena","T_T","Population, All ages. Administrative data","2006","2006","PER","Persons","0","Units",,,340164,,
"IT030","Modena","T_T","Population, All ages. Administrative data","2007","2007","PER","Persons","0","Units",,,342776,,
"IT030","Modena","T_T","Population, All ages. Administrative data","2008","2008","PER","Persons","0","Units",,,345388,,
"IT030","Modena","T_T","Population, All ages. Administrative data","2009","2009","PER","Persons","0","Units",,,347999,,
"IT030","Modena","T_T","Population, All ages. Administrative data","2010","2010","PER","Persons","0","Units",,,350609,,
"IT030","Modena","T_T","Population, All ages. Administrative data","2011","2011","PER","Persons","0","Units",,,353220,,
"IT030","Modena","T_T","Population, All ages. Administrative data","2012","2012","PER","Persons","0","Units",,,355832,,
"IT030","Modena","T_T","Population, All ages. Administrative data","2013","2013","PER","Persons","0","Units",,,358446,,
"IT030","Modena","T_T","Population, All ages. Administrative data","2014","2014","PER","Persons","0","Units",,,366099,,
"IT030","Modena","T_T","Population, All ages. Administrative data","2015","2015","PER","Persons","0","Units",,,367301,,
"IT030","Modena","T_T","Population, All ages. Administrative data","2016","2016","PER","Persons","0","Units",,,367349,,
"JPN46","Fuji","T_T_SH_NAT","Share of population  in metropolitan area over the national value","2001","2001","RATIO","Ratio","0","Units",,,0.3,,
"JPN46","Fuji","T_T_SH_NAT","Share of population  in metropolitan area over the national value","2002","2002","RATIO","Ratio","0","Units",,,0.3,,
"JPN46","Fuji","T_T_SH_NAT","Share of population  in metropolitan area over the national value","2003","2003","RATIO","Ratio","0","Units",,,0.3,,
"JPN46","Fuji","T_T_SH_NAT","Share of population  in metropolitan area over the national value","2004","2004","RATIO","Ratio","0","Units",,,0.3,,
"JPN46","Fuji","T_T_SH_NAT","Share of population  in metropolitan area over the national value","2005","2005","RATIO","Ratio","0","Units",,,0.3,,
"JPN46","Fuji","T_T_SH_NAT","Share of population  in metropolitan area over the national value","2006","2006","RATIO","Ratio","0","Units",,,0.3,,
"JPN46","Fuji","T_T_SH_NAT","Share of population  in metropolitan area over the national value","2007","2007","RATIO","Ratio","0","Units",,,0.3,,
"JPN46","Fuji","T_T_SH_NAT","Share of population  in metropolitan area over the national value","2008","2008","RATIO","Ratio","0","Units",,,0.3,,
"JPN46","Fuji","T_T_SH_NAT","Share of population  in metropolitan area over the national value","2009","2009","RATIO","Ratio","0","Units",,,0.3,,
"JPN46","Fuji","T_T_SH_NAT","Share of population  in metropolitan area over the national value","2010","2010","RATIO","Ratio","0","Units",,,0.3,,
"JPN46","Fuji","T_T_SH_NAT","Share of population  in metropolitan area over the national value","2011","2011","RATIO","Ratio","0","Units",,,0.3,,
"JPN46","Fuji","T_T_SH_NAT","Share of population  in metropolitan area over the national value","2012","2012","RATIO","Ratio","0","Units",,,0.3,,
"JPN46","Fuji","T_T_SH_NAT","Share of population  in metropolitan area over the national value","2013","2013","RATIO","Ratio","0","Units",,,0.3,,
"JPN46","Fuji","T_T_SH_NAT","Share of population  in metropolitan area over the national value","2014","2014","RATIO","Ratio","0","Units",,,0.3,,
"JPN46","Fuji","T_T_SH_NAT","Share of population  in metropolitan area over the national value","2015","2015","RATIO","Ratio","0","Units",,,0.3,,
"USA160","Yakima","POP_DEN","Population density (pop. per km2)","2000","2000","PER","Persons","0","Units",,,20,,
"USA160","Yakima","POP_DEN","Population density (pop. per km2)","2001","2001","PER","Persons","0","Units",,,20,,
"USA160","Yakima","POP_DEN","Population density (pop. per km2)","2002","2002","PER","Persons","0","Units",,,20,,
"USA160","Yakima","POP_DEN","Population density (pop. per km2)","2003","2003","PER","Persons","0","Units",,,20,,
"USA160","Yakima","POP_DEN","Population density (pop. per km2)","2004","2004","PER","Persons","0","Units",,,20,,
"USA160","Yakima","POP_DEN","Population density (pop. per km2)","2005","2005","PER","Persons","0","Units",,,20,,
"USA160","Yakima","POP_DEN","Population density (pop. per km2)","2006","2006","PER","Persons","0","Units",,,21,,
"USA160","Yakima","POP_DEN","Population density (pop. per km2)","2007","2007","PER","Persons","0","Units",,,21,,
"USA160","Yakima","POP_DEN","Population density (pop. per km2)","2008","2008","PER","Persons","0","Units",,,21,,
"USA160","Yakima","POP_DEN","Population density (pop. per km2)","2009","2009","PER","Persons","0","Units",,,21,,
"USA160","Yakima","POP_DEN","Population density (pop. per km2)","2010","2010","PER","Persons","0","Units",,,22,,
"USA160","Yakima","POP_DEN","Population density (pop. per km2)","2011","2011","PER","Persons","0","Units",,,22,,
"USA160","Yakima","POP_DEN","Population density (pop. per km2)","2012","2012","PER","Persons","0","Units",,,22,,
"USA160","Yakima","POP_DEN","Population density (pop. per km2)","2013","2013","PER","Persons","0","Units",,,22,,
"USA160","Yakima","POP_DEN","Population density (pop. per km2)","2014","2014","PER","Persons","0","Units",,,22,,
"USA160","Yakima","POP_DEN","Population density (pop. per km2)","2015","2015","PER","Persons","0","Units",,,22,,
"USA160","Yakima","POP_DEN","Population density (pop. per km2)","2016","2016","PER","Persons","0","Units",,,22,,
"UK006","Liverpool","T_T_SH_NAT","Share of population  in metropolitan area over the national value","2001","2001","RATIO","Ratio","0","Units",,,2,,
"UK006","Liverpool","T_T_SH_NAT","Share of population  in metropolitan area over the national value","2002","2002","RATIO","Ratio","0","Units",,,2,,
"UK006","Liverpool","T_T_SH_NAT","Share of population  in metropolitan area over the national value","2003","2003","RATIO","Ratio","0","Units",,,2,,
"UK006","Liverpool","T_T_SH_NAT","Share of population  in metropolitan area over the national value","2004","2004","RATIO","Ratio","0","Units",,,1.9,,
"UK006","Liverpool","T_T_SH_NAT","Share of population  in metropolitan area over the national value","2005","2005","RATIO","Ratio","0","Units",,,1.9,,
"UK006","Liverpool","T_T_SH_NAT","Share of population  in metropolitan area over the national value","2006","2006","RATIO","Ratio","0","Units",,,1.9,,
"UK006","Liverpool","T_T_SH_NAT","Share of population  in metropolitan area over the national value","2007","2007","RATIO","Ratio","0","Units",,,1.9,,
"UK006","Liverpool","T_T_SH_NAT","Share of population  in metropolitan area over the national value","2008","2008","RATIO","Ratio","0","Units",,,1.9,,
"UK006","Liverpool","T_T_SH_NAT","Share of population  in metropolitan area over the national value","2009","2009","RATIO","Ratio","0","Units",,,1.9,,
"UK006","Liverpool","T_T_SH_NAT","Share of population  in metropolitan area over the national value","2010","2010","RATIO","Ratio","0","Units",,,1.9,,
"UK006","Liverpool","T_T_SH_NAT","Share of population  in metropolitan area over the national value","2011","2011","RATIO","Ratio","0","Units",,,1.9,,
"UK006","Liverpool","T_T_SH_NAT","Share of population  in metropolitan area over the national value","2012","2012","RATIO","Ratio","0","Units",,,1.9,,
"UK006","Liverpool","T_T_SH_NAT","Share of population  in metropolitan area over the national value","2013","2013","RATIO","Ratio","0","Units",,,1.8,,
"UK006","Liverpool","T_T_SH_NAT","Share of population  in metropolitan area over the national value","2014","2014","RATIO","Ratio","0","Units",,,1.8,,
"UK006","Liverpool","T_T_SH_NAT","Share of population  in metropolitan area over the national value","2015","2015","RATIO","Ratio","0","Units",,,1.8,,
"UK006","Liverpool","T_T_SH_NAT","Share of population  in metropolitan area over the national value","2016","2016","RATIO","Ratio","0","Units",,,1.8,,
"DK003","Odense","T_T_SH_NAT","Share of population  in metropolitan area over the national value","2001","2001","RATIO","Ratio","0","Units",,,6.7,,
"DK003","Odense","T_T_SH_NAT","Share of population  in metropolitan area over the national value","2002","2002","RATIO","Ratio","0","Units",,,6.7,,
"DK003","Odense","T_T_SH_NAT","Share of population  in metropolitan area over the national value","2003","2003","RATIO","Ratio","0","Units",,,6.7,,
"DK003","Odense","T_T_SH_NAT","Share of population  in metropolitan area over the national value","2004","2004","RATIO","Ratio","0","Units",,,6.7,,
"DK003","Odense","T_T_SH_NAT","Share of population  in metropolitan area over the national value","2005","2005","RATIO","Ratio","0","Units",,,6.7,,
"DK003","Odense","T_T_SH_NAT","Share of population  in metropolitan area over the national value","2006","2006","RATIO","Ratio","0","Units",,,6.7,,
"DK003","Odense","T_T_SH_NAT","Share of population  in metropolitan area over the national value","2007","2007","RATIO","Ratio","0","Units",,,6.7,,
"DK003","Odense","T_T_SH_NAT","Share of population  in metropolitan area over the national value","2008","2008","RATIO","Ratio","0","Units",,,6.7,,
"DK003","Odense","T_T_SH_NAT","Share of population  in metropolitan area over the national value","2009","2009","RATIO","Ratio","0","Units",,,6.7,,
"DK003","Odense","T_T_SH_NAT","Share of population  in metropolitan area over the national value","2010","2010","RATIO","Ratio","0","Units",,,6.7,,
"DK003","Odense","T_T_SH_NAT","Share of population  in metropolitan area over the national value","2011","2011","RATIO","Ratio","0","Units",,,6.6,,
"DK003","Odense","T_T_SH_NAT","Share of population  in metropolitan area over the national value","2012","2012","RATIO","Ratio","0","Units",,,6.6,,
"DK003","Odense","T_T_SH_NAT","Share of population  in metropolitan area over the national value","2013","2013","RATIO","Ratio","0","Units",,,6.6,,
"DK003","Odense","T_T_SH_NAT","Share of population  in metropolitan area over the national value","2014","2014","RATIO","Ratio","0","Units",,,6.6,,
"DK003","Odense","T_T_SH_NAT","Share of population  in metropolitan area over the national value","2015","2015","RATIO","Ratio","0","Units",,,6.6,,
"DK003","Odense","T_T_SH_NAT","Share of population  in metropolitan area over the national value","2016","2016","RATIO","Ratio","0","Units",,,6.6,,
"USA03","Chicago ","T_T","Population, All ages. Administrative data","2000","2000","PER","Persons","0","Units",,,9113234,,
"USA03","Chicago ","T_T","Population, All ages. Administrative data","2001","2001","PER","Persons","0","Units",,,9169580,,
"USA03","Chicago ","T_T","Population, All ages. Administrative data","2002","2002","PER","Persons","0","Units",,,9206032,,
"USA03","Chicago ","T_T","Population, All ages. Administrative data","2003","2003","PER","Persons","0","Units",,,9233303,,
"USA03","Chicago ","T_T","Population, All ages. Administrative data","2004","2004","PER","Persons","0","Units",,,9260676,,
"USA03","Chicago ","T_T","Population, All ages. Administrative data","2005","2005","PER","Persons","0","Units",,,9276302,,
"USA03","Chicago ","T_T","Population, All ages. Administrative data","2006","2006","PER","Persons","0","Units",,,9297749,,
"USA03","Chicago ","T_T","Population, All ages. Administrative data","2007","2007","PER","Persons","0","Units",,,9337140,,
"USA03","Chicago ","T_T","Population, All ages. Administrative data","2008","2008","PER","Persons","0","Units",,,9384555,,
"USA03","Chicago ","T_T","Population, All ages. Administrative data","2009","2009","PER","Persons","0","Units",,,9429498,,
"USA03","Chicago ","T_T","Population, All ages. Administrative data","2010","2010","PER","Persons","0","Units",,,9471312,,
"USA03","Chicago ","T_T","Population, All ages. Administrative data","2011","2011","PER","Persons","0","Units",,,9497177,,
"USA03","Chicago ","T_T","Population, All ages. Administrative data","2012","2012","PER","Persons","0","Units",,,9525765,,
"USA03","Chicago ","T_T","Population, All ages. Administrative data","2013","2013","PER","Persons","0","Units",,,9548402,,
"USA03","Chicago ","T_T","Population, All ages. Administrative data","2014","2014","PER","Persons","0","Units",,,9560874,,
"USA03","Chicago ","T_T","Population, All ages. Administrative data","2015","2015","PER","Persons","0","Units",,,9557503,,
"USA03","Chicago ","T_T","Population, All ages. Administrative data","2016","2016","PER","Persons","0","Units",,,9546326,,
"DE507","Aachen","T_T","Population, All ages. Administrative data","2001","2001","PER","Persons","0","Units",,,547620,,
"DE507","Aachen","T_T","Population, All ages. Administrative data","2002","2002","PER","Persons","0","Units",,,550357,,
"DE507","Aachen","T_T","Population, All ages. Administrative data","2003","2003","PER","Persons","0","Units",,,553586,,
"DE507","Aachen","T_T","Population, All ages. Administrative data","2004","2004","PER","Persons","0","Units",,,562774,,
"DE507","Aachen","T_T","Population, All ages. Administrative data","2005","2005","PER","Persons","0","Units",,,564574,,
"DE507","Aachen","T_T","Population, All ages. Administrative data","2006","2006","PER","Persons","0","Units",,,565008,,
"DE507","Aachen","T_T","Population, All ages. Administrative data","2007","2007","PER","Persons","0","Units",,,565387,,
"DE507","Aachen","T_T","Population, All ages. Administrative data","2008","2008","PER","Persons","0","Units",,,565481,,
"DE507","Aachen","T_T","Population, All ages. Administrative data","2009","2009","PER","Persons","0","Units",,,565041,,
"DE507","Aachen","T_T","Population, All ages. Administrative data","2010","2010","PER","Persons","0","Units",,,562882,,
"DE507","Aachen","T_T","Population, All ages. Administrative data","2011","2011","PER","Persons","0","Units",,,537053,,
"DE507","Aachen","T_T","Population, All ages. Administrative data","2012","2012","PER","Persons","0","Units",,,538220,,
"DE507","Aachen","T_T","Population, All ages. Administrative data","2013","2013","PER","Persons","0","Units",,,539521,,
"DE507","Aachen","T_T","Population, All ages. Administrative data","2014","2014","PER","Persons","0","Units",,,541736,,
"DE507","Aachen","T_T","Population, All ages. Administrative data","2015","2015","PER","Persons","0","Units",,,544313,,
"DE507","Aachen","T_T","Population, All ages. Administrative data","2016","2016","PER","Persons","0","Units",,,550538,,
"KOR04","Gwangsan","POP_DEN","Population density (pop. per km2)","2000","2000","PER","Persons","0","Units",,,832,,
"KOR04","Gwangsan","POP_DEN","Population density (pop. per km2)","2001","2001","PER","Persons","0","Units",,,839,,
"KOR04","Gwangsan","POP_DEN","Population density (pop. per km2)","2002","2002","PER","Persons","0","Units",,,845,,
"KOR04","Gwangsan","POP_DEN","Population density (pop. per km2)","2003","2003","PER","Persons","0","Units",,,852,,
"KOR04","Gwangsan","POP_DEN","Population density (pop. per km2)","2004","2004","PER","Persons","0","Units",,,859,,
"KOR04","Gwangsan","POP_DEN","Population density (pop. per km2)","2005","2005","PER","Persons","0","Units",,,866,,
"KOR04","Gwangsan","POP_DEN","Population density (pop. per km2)","2006","2006","PER","Persons","0","Units",,,873,,
"KOR04","Gwangsan","POP_DEN","Population density (pop. per km2)","2007","2007","PER","Persons","0","Units",,,880,,
"KOR04","Gwangsan","POP_DEN","Population density (pop. per km2)","2008","2008","PER","Persons","0","Units",,,886,,
"KOR04","Gwangsan","POP_DEN","Population density (pop. per km2)","2009","2009","PER","Persons","0","Units",,,893,,
"KOR04","Gwangsan","POP_DEN","Population density (pop. per km2)","2010","2010","PER","Persons","0","Units",,,900,,
"KOR04","Gwangsan","POP_DEN","Population density (pop. per km2)","2011","2011","PER","Persons","0","Units",,,907,,
"KOR04","Gwangsan","POP_DEN","Population density (pop. per km2)","2012","2012","PER","Persons","0","Units",,,910,,
"KOR04","Gwangsan","POP_DEN","Population density (pop. per km2)","2013","2013","PER","Persons","0","Units",,,911,,
"KOR04","Gwangsan","POP_DEN","Population density (pop. per km2)","2014","2014","PER","Persons","0","Units",,,912,,
"KOR04","Gwangsan","POP_DEN","Population density (pop. per km2)","2015","2015","PER","Persons","0","Units",,,910,,
"KOR04","Gwangsan","POP_DEN","Population density (pop. per km2)","2016","2016","PER","Persons","0","Units",,,908,,
"UK026","Kingston upon Hull","T_T_SH_NAT","Share of population  in metropolitan area over the national value","2001","2001","RATIO","Ratio","0","Units",,,1,,
"UK026","Kingston upon Hull","T_T_SH_NAT","Share of population  in metropolitan area over the national value","2002","2002","RATIO","Ratio","0","Units",,,1,,
"UK026","Kingston upon Hull","T_T_SH_NAT","Share of population  in metropolitan area over the national value","2003","2003","RATIO","Ratio","0","Units",,,1,,
"UK026","Kingston upon Hull","T_T_SH_NAT","Share of population  in metropolitan area over the national value","2004","2004","RATIO","Ratio","0","Units",,,1,,
"UK026","Kingston upon Hull","T_T_SH_NAT","Share of population  in metropolitan area over the national value","2005","2005","RATIO","Ratio","0","Units",,,1,,
"UK026","Kingston upon Hull","T_T_SH_NAT","Share of population  in metropolitan area over the national value","2006","2006","RATIO","Ratio","0","Units",,,1,,
"UK026","Kingston upon Hull","T_T_SH_NAT","Share of population  in metropolitan area over the national value","2007","2007","RATIO","Ratio","0","Units",,,1,,
"UK026","Kingston upon Hull","T_T_SH_NAT","Share of population  in metropolitan area over the national value","2008","2008","RATIO","Ratio","0","Units",,,1,,
"UK026","Kingston upon Hull","T_T_SH_NAT","Share of population  in metropolitan area over the national value","2009","2009","RATIO","Ratio","0","Units",,,1,,
"UK026","Kingston upon Hull","T_T_SH_NAT","Share of population  in metropolitan area over the national value","2010","2010","RATIO","Ratio","0","Units",,,0.9,,
"UK026","Kingston upon Hull","T_T_SH_NAT","Share of population  in metropolitan area over the national value","2011","2011","RATIO","Ratio","0","Units",,,0.9,,
"UK026","Kingston upon Hull","T_T_SH_NAT","Share of population  in metropolitan area over the national value","2012","2012","RATIO","Ratio","0","Units",,,0.9,,
"UK026","Kingston upon Hull","T_T_SH_NAT","Share of population  in metropolitan area over the national value","2013","2013","RATIO","Ratio","0","Units",,,0.9,,
"UK026","Kingston upon Hull","T_T_SH_NAT","Share of population  in metropolitan area over the national value","2014","2014","RATIO","Ratio","0","Units",,,0.9,,
"UK026","Kingston upon Hull","T_T_SH_NAT","Share of population  in metropolitan area over the national value","2015","2015","RATIO","Ratio","0","Units",,,0.9,,
"UK026","Kingston upon Hull","T_T_SH_NAT","Share of population  in metropolitan area over the national value","2016","2016","RATIO","Ratio","0","Units",,,0.9,,
"USA44","Erie (NY)","POP_DEN","Population density (pop. per km2)","2000","2000","PER","Persons","0","Units",,,284,,
"USA44","Erie (NY)","POP_DEN","Population density (pop. per km2)","2001","2001","PER","Persons","0","Units",,,283,,
"USA44","Erie (NY)","POP_DEN","Population density (pop. per km2)","2002","2002","PER","Persons","0","Units",,,282,,
"USA44","Erie (NY)","POP_DEN","Population density (pop. per km2)","2003","2003","PER","Persons","0","Units",,,282,,
"USA44","Erie (NY)","POP_DEN","Population density (pop. per km2)","2004","2004","PER","Persons","0","Units",,,281,,
"USA44","Erie (NY)","POP_DEN","Population density (pop. per km2)","2005","2005","PER","Persons","0","Units",,,279,,
"USA44","Erie (NY)","POP_DEN","Population density (pop. per km2)","2006","2006","PER","Persons","0","Units",,,278,,
"USA44","Erie (NY)","POP_DEN","Population density (pop. per km2)","2007","2007","PER","Persons","0","Units",,,277,,
"USA44","Erie (NY)","POP_DEN","Population density (pop. per km2)","2008","2008","PER","Persons","0","Units",,,276,,
"USA44","Erie (NY)","POP_DEN","Population density (pop. per km2)","2009","2009","PER","Persons","0","Units",,,276,,
"USA44","Erie (NY)","POP_DEN","Population density (pop. per km2)","2010","2010","PER","Persons","0","Units",,,276,,
"USA44","Erie (NY)","POP_DEN","Population density (pop. per km2)","2011","2011","PER","Persons","0","Units",,,276,,
"USA44","Erie (NY)","POP_DEN","Population density (pop. per km2)","2012","2012","PER","Persons","0","Units",,,276,,
"USA44","Erie (NY)","POP_DEN","Population density (pop. per km2)","2013","2013","PER","Persons","0","Units",,,276,,
"USA44","Erie (NY)","POP_DEN","Population density (pop. per km2)","2014","2014","PER","Persons","0","Units",,,277,,
"USA44","Erie (NY)","POP_DEN","Population density (pop. per km2)","2015","2015","PER","Persons","0","Units",,,276,,
"USA44","Erie (NY)","POP_DEN","Population density (pop. per km2)","2016","2016","PER","Persons","0","Units",,,276,,
"BE002","Antwerp","T_T_SH_NAT","Share of population  in metropolitan area over the national value","2001","2001","RATIO","Ratio","0","Units",,,9.7,,
"BE002","Antwerp","T_T_SH_NAT","Share of population  in metropolitan area over the national value","2002","2002","RATIO","Ratio","0","Units",,,9.7,,
"BE002","Antwerp","T_T_SH_NAT","Share of population  in metropolitan area over the national value","2003","2003","RATIO","Ratio","0","Units",,,9.7,,
"BE002","Antwerp","T_T_SH_NAT","Share of population  in metropolitan area over the national value","2004","2004","RATIO","Ratio","0","Units",,,9.7,,
"BE002","Antwerp","T_T_SH_NAT","Share of population  in metropolitan area over the national value","2005","2005","RATIO","Ratio","0","Units",,,9.7,,
"BE002","Antwerp","T_T_SH_NAT","Share of population  in metropolitan area over the national value","2006","2006","RATIO","Ratio","0","Units",,,9.7,,
"BE002","Antwerp","T_T_SH_NAT","Share of population  in metropolitan area over the national value","2007","2007","RATIO","Ratio","0","Units",,,9.7,,
"BE002","Antwerp","T_T_SH_NAT","Share of population  in metropolitan area over the national value","2008","2008","RATIO","Ratio","0","Units",,,9.7,,
"BE002","Antwerp","T_T_SH_NAT","Share of population  in metropolitan area over the national value","2009","2009","RATIO","Ratio","0","Units",,,9.7,,
"BE002","Antwerp","T_T_SH_NAT","Share of population  in metropolitan area over the national value","2010","2010","RATIO","Ratio","0","Units",,,9.7,,
"BE002","Antwerp","T_T_SH_NAT","Share of population  in metropolitan area over the national value","2011","2011","RATIO","Ratio","0","Units",,,9.6,,
"BE002","Antwerp","T_T_SH_NAT","Share of population  in metropolitan area over the national value","2012","2012","RATIO","Ratio","0","Units",,,9.7,,
"BE002","Antwerp","T_T_SH_NAT","Share of population  in metropolitan area over the national value","2013","2013","RATIO","Ratio","0","Units",,,9.7,,
"BE002","Antwerp","T_T_SH_NAT","Share of population  in metropolitan area over the national value","2014","2014","RATIO","Ratio","0","Units",,,9.7,,
"BE002","Antwerp","T_T_SH_NAT","Share of population  in metropolitan area over the national value","2015","2015","RATIO","Ratio","0","Units",,,9.7,,
"BE002","Antwerp","T_T_SH_NAT","Share of population  in metropolitan area over the national value","2016","2016","RATIO","Ratio","0","Units",,,9.7,,
"USA148","Durham","POP_DEN","Population density (pop. per km2)","2000","2000","PER","Persons","0","Units",,,290,,
"USA148","Durham","POP_DEN","Population density (pop. per km2)","2001","2001","PER","Persons","0","Units",,,296,,
"USA148","Durham","POP_DEN","Population density (pop. per km2)","2002","2002","PER","Persons","0","Units",,,302,,
"USA148","Durham","POP_DEN","Population density (pop. per km2)","2003","2003","PER","Persons","0","Units",,,305,,
"USA148","Durham","POP_DEN","Population density (pop. per km2)","2004","2004","PER","Persons","0","Units",,,308,,
"USA148","Durham","POP_DEN","Population density (pop. per km2)","2005","2005","PER","Persons","0","Units",,,313,,
"USA148","Durham","POP_DEN","Population density (pop. per km2)","2006","2006","PER","Persons","0","Units",,,319,,
"USA148","Durham","POP_DEN","Population density (pop. per km2)","2007","2007","PER","Persons","0","Units",,,327,,
"USA148","Durham","POP_DEN","Population density (pop. per km2)","2008","2008","PER","Persons","0","Units",,,335,,
"USA148","Durham","POP_DEN","Population density (pop. per km2)","2009","2009","PER","Persons","0","Units",,,343,,
"USA148","Durham","POP_DEN","Population density (pop. per km2)","2010","2010","PER","Persons","0","Units",,,351,,
"USA148","Durham","POP_DEN","Population density (pop. per km2)","2011","2011","PER","Persons","0","Units",,,358,,
"USA148","Durham","POP_DEN","Population density (pop. per km2)","2012","2012","PER","Persons","0","Units",,,366,,
"USA148","Durham","POP_DEN","Population density (pop. per km2)","2013","2013","PER","Persons","0","Units",,,374,,
"USA148","Durham","POP_DEN","Population density (pop. per km2)","2014","2014","PER","Persons","0","Units",,,382,,
"USA148","Durham","POP_DEN","Population density (pop. per km2)","2015","2015","PER","Persons","0","Units",,,390,,
"USA148","Durham","POP_DEN","Population density (pop. per km2)","2016","2016","PER","Persons","0","Units",,,397,,
"ES008","Las Palmas","T_T","Population, All ages. Administrative data","2000","2000","PER","Persons","0","Units",,,589733,,
"ES008","Las Palmas","T_T","Population, All ages. Administrative data","2001","2001","PER","Persons","0","Units",,,592126,,
"ES008","Las Palmas","T_T","Population, All ages. Administrative data","2002","2002","PER","Persons","0","Units",,,594518,,
"ES008","Las Palmas","T_T","Population, All ages. Administrative data","2003","2003","PER","Persons","0","Units",,,596912,,
"ES008","Las Palmas","T_T","Population, All ages. Administrative data","2004","2004","PER","Persons","0","Units",,,599305,,
"ES008","Las Palmas","T_T","Population, All ages. Administrative data","2005","2005","PER","Persons","0","Units",,,601697,,
"ES008","Las Palmas","T_T","Population, All ages. Administrative data","2006","2006","PER","Persons","0","Units",,,604090,,
"ES008","Las Palmas","T_T","Population, All ages. Administrative data","2007","2007","PER","Persons","0","Units",,,606484,,
"ES008","Las Palmas","T_T","Population, All ages. Administrative data","2008","2008","PER","Persons","0","Units",,,608876,,
"ES008","Las Palmas","T_T","Population, All ages. Administrative data","2009","2009","PER","Persons","0","Units",,,611270,,
"ES008","Las Palmas","T_T","Population, All ages. Administrative data","2010","2010","PER","Persons","0","Units",,,613662,,
"ES008","Las Palmas","T_T","Population, All ages. Administrative data","2011","2011","PER","Persons","0","Units",,,616056,,
"ES008","Las Palmas","T_T","Population, All ages. Administrative data","2012","2012","PER","Persons","0","Units",,,618449,,
"ES008","Las Palmas","T_T","Population, All ages. Administrative data","2013","2013","PER","Persons","0","Units",,,620841,,
"ES008","Las Palmas","T_T","Population, All ages. Administrative data","2014","2014","PER","Persons","0","Units",,,623234,,
"ES008","Las Palmas","T_T","Population, All ages. Administrative data","2015","2015","PER","Persons","0","Units",,,625628,,
"ES008","Las Palmas","T_T","Population, All ages. Administrative data","2016","2016","PER","Persons","0","Units",,,628020,,
"DE040","Saarbrucken","POP_DEN","Population density (pop. per km2)","2001","2001","PER","Persons","0","Units",,,564,,
"DE040","Saarbrucken","POP_DEN","Population density (pop. per km2)","2002","2002","PER","Persons","0","Units",,,562,,
"DE040","Saarbrucken","POP_DEN","Population density (pop. per km2)","2003","2003","PER","Persons","0","Units",,,561,,
"DE040","Saarbrucken","POP_DEN","Population density (pop. per km2)","2004","2004","PER","Persons","0","Units",,,559,,
"DE040","Saarbrucken","POP_DEN","Population density (pop. per km2)","2005","2005","PER","Persons","0","Units",,,556,,
"DE040","Saarbrucken","POP_DEN","Population density (pop. per km2)","2006","2006","PER","Persons","0","Units",,,552,,
"DE040","Saarbrucken","POP_DEN","Population density (pop. per km2)","2007","2007","PER","Persons","0","Units",,,548,,
"DE040","Saarbrucken","POP_DEN","Population density (pop. per km2)","2008","2008","PER","Persons","0","Units",,,545,,
"DE040","Saarbrucken","POP_DEN","Population density (pop. per km2)","2009","2009","PER","Persons","0","Units",,,541,,
"DE040","Saarbrucken","POP_DEN","Population density (pop. per km2)","2010","2010","PER","Persons","0","Units",,,537,,
"DE040","Saarbrucken","POP_DEN","Population density (pop. per km2)","2011","2011","PER","Persons","0","Units",,,525,,
"DE040","Saarbrucken","POP_DEN","Population density (pop. per km2)","2012","2012","PER","Persons","0","Units",,,523,,
"DE040","Saarbrucken","POP_DEN","Population density (pop. per km2)","2013","2013","PER","Persons","0","Units",,,521,,
"DE040","Saarbrucken","POP_DEN","Population density (pop. per km2)","2014","2014","PER","Persons","0","Units",,,519,,
"DE040","Saarbrucken","POP_DEN","Population density (pop. per km2)","2015","2015","PER","Persons","0","Units",,,519,,
"DE040","Saarbrucken","POP_DEN","Population density (pop. per km2)","2016","2016","PER","Persons","0","Units",,,522,,
"ES026","Coruna (A)","T_T","Population, All ages. Administrative data","2000","2000","PER","Persons","0","Units",,,373189,,
"ES026","Coruna (A)","T_T","Population, All ages. Administrative data","2001","2001","PER","Persons","0","Units",,,375355,,
"ES026","Coruna (A)","T_T","Population, All ages. Administrative data","2002","2002","PER","Persons","0","Units",,,377521,,
"ES026","Coruna (A)","T_T","Population, All ages. Administrative data","2003","2003","PER","Persons","0","Units",,,379687,,
"ES026","Coruna (A)","T_T","Population, All ages. Administrative data","2004","2004","PER","Persons","0","Units",,,381853,,
"ES026","Coruna (A)","T_T","Population, All ages. Administrative data","2005","2005","PER","Persons","0","Units",,,384019,,
"ES026","Coruna (A)","T_T","Population, All ages. Administrative data","2006","2006","PER","Persons","0","Units",,,386185,,
"ES026","Coruna (A)","T_T","Population, All ages. Administrative data","2007","2007","PER","Persons","0","Units",,,388351,,
"ES026","Coruna (A)","T_T","Population, All ages. Administrative data","2008","2008","PER","Persons","0","Units",,,390517,,
"ES026","Coruna (A)","T_T","Population, All ages. Administrative data","2009","2009","PER","Persons","0","Units",,,392683,,
"ES026","Coruna (A)","T_T","Population, All ages. Administrative data","2010","2010","PER","Persons","0","Units",,,394849,,
"ES026","Coruna (A)","T_T","Population, All ages. Administrative data","2011","2011","PER","Persons","0","Units",,,397015,,
"ES026","Coruna (A)","T_T","Population, All ages. Administrative data","2012","2012","PER","Persons","0","Units",,,399181,,
"ES026","Coruna (A)","T_T","Population, All ages. Administrative data","2013","2013","PER","Persons","0","Units",,,401347,,
"ES026","Coruna (A)","T_T","Population, All ages. Administrative data","2014","2014","PER","Persons","0","Units",,,403513,,
"ES026","Coruna (A)","T_T","Population, All ages. Administrative data","2015","2015","PER","Persons","0","Units",,,405679,,
"ES026","Coruna (A)","T_T","Population, All ages. Administrative data","2016","2016","PER","Persons","0","Units",,,407845,,
"USA81","Brevard","T_T_SH_NAT","Share of population  in metropolitan area over the national value","2001","2001","RATIO","Ratio","0","Units",,,0.2,,
"USA81","Brevard","T_T_SH_NAT","Share of population  in metropolitan area over the national value","2002","2002","RATIO","Ratio","0","Units",,,0.2,,
"USA81","Brevard","T_T_SH_NAT","Share of population  in metropolitan area over the national value","2003","2003","RATIO","Ratio","0","Units",,,0.2,,
"USA81","Brevard","T_T_SH_NAT","Share of population  in metropolitan area over the national value","2004","2004","RATIO","Ratio","0","Units",,,0.2,,
"USA81","Brevard","T_T_SH_NAT","Share of population  in metropolitan area over the national value","2005","2005","RATIO","Ratio","0","Units",,,0.2,,
"USA81","Brevard","T_T_SH_NAT","Share of population  in metropolitan area over the national value","2006","2006","RATIO","Ratio","0","Units",,,0.2,,
"USA81","Brevard","T_T_SH_NAT","Share of population  in metropolitan area over the national value","2007","2007","RATIO","Ratio","0","Units",,,0.2,,
"USA81","Brevard","T_T_SH_NAT","Share of population  in metropolitan area over the national value","2008","2008","RATIO","Ratio","0","Units",,,0.2,,
"USA81","Brevard","T_T_SH_NAT","Share of population  in metropolitan area over the national value","2009","2009","RATIO","Ratio","0","Units",,,0.2,,
"USA81","Brevard","T_T_SH_NAT","Share of population  in metropolitan area over the national value","2010","2010","RATIO","Ratio","0","Units",,,0.2,,
"USA81","Brevard","T_T_SH_NAT","Share of population  in metropolitan area over the national value","2011","2011","RATIO","Ratio","0","Units",,,0.2,,
"USA81","Brevard","T_T_SH_NAT","Share of population  in metropolitan area over the national value","2012","2012","RATIO","Ratio","0","Units",,,0.2,,
"USA81","Brevard","T_T_SH_NAT","Share of population  in metropolitan area over the national value","2013","2013","RATIO","Ratio","0","Units",,,0.2,,
"USA81","Brevard","T_T_SH_NAT","Share of population  in metropolitan area over the national value","2014","2014","RATIO","Ratio","0","Units",,,0.2,,
"USA81","Brevard","T_T_SH_NAT","Share of population  in metropolitan area over the national value","2015","2015","RATIO","Ratio","0","Units",,,0.2,,
"USA81","Brevard","T_T_SH_NAT","Share of population  in metropolitan area over the national value","2016","2016","RATIO","Ratio","0","Units",,,0.2,,
"IE001","Dublin","T_T","Population, All ages. Administrative data","2002","2002","PER","Persons","0","Units",,,1355671,,
"IE001","Dublin","T_T","Population, All ages. Administrative data","2006","2006","PER","Persons","0","Units",,,1668566,,
"IE001","Dublin","T_T","Population, All ages. Administrative data","2011","2011","PER","Persons","0","Units",,,1773459,,
"IE001","Dublin","T_T","Population, All ages. Administrative data","2016","2016","PER","Persons","0","Units",,,1914191,,
"DE008","Leipzig","POP_DEN","Population density (pop. per km2)","2001","2001","PER","Persons","0","Units",,,255,,
"DE008","Leipzig","POP_DEN","Population density (pop. per km2)","2002","2002","PER","Persons","0","Units",,,254,,
"DE008","Leipzig","POP_DEN","Population density (pop. per km2)","2003","2003","PER","Persons","0","Units",,,253,,
"DE008","Leipzig","POP_DEN","Population density (pop. per km2)","2004","2004","PER","Persons","0","Units",,,253,,
"DE008","Leipzig","POP_DEN","Population density (pop. per km2)","2005","2005","PER","Persons","0","Units",,,252,,
"DE008","Leipzig","POP_DEN","Population density (pop. per km2)","2006","2006","PER","Persons","0","Units",,,252,,
"DE008","Leipzig","POP_DEN","Population density (pop. per km2)","2007","2007","PER","Persons","0","Units",,,252,,
"DE008","Leipzig","POP_DEN","Population density (pop. per km2)","2008","2008","PER","Persons","0","Units",,,252,,
"DE008","Leipzig","POP_DEN","Population density (pop. per km2)","2009","2009","PER","Persons","0","Units",,,252,,
"DE008","Leipzig","POP_DEN","Population density (pop. per km2)","2010","2010","PER","Persons","0","Units",,,251,,
"DE008","Leipzig","POP_DEN","Population density (pop. per km2)","2011","2011","PER","Persons","0","Units",,,243,,
"DE008","Leipzig","POP_DEN","Population density (pop. per km2)","2012","2012","PER","Persons","0","Units",,,245,,
"DE008","Leipzig","POP_DEN","Population density (pop. per km2)","2013","2013","PER","Persons","0","Units",,,246,,
"DE008","Leipzig","POP_DEN","Population density (pop. per km2)","2014","2014","PER","Persons","0","Units",,,248,,
"DE008","Leipzig","POP_DEN","Population density (pop. per km2)","2015","2015","PER","Persons","0","Units",,,252,,
"DE008","Leipzig","POP_DEN","Population density (pop. per km2)","2016","2016","PER","Persons","0","Units",,,256,,
"ES009","Valladolid","POP_DEN","Population density (pop. per km2)","2000","2000","PER","Persons","0","Units",,,334,,
"ES009","Valladolid","POP_DEN","Population density (pop. per km2)","2001","2001","PER","Persons","0","Units",,,336,,
"ES009","Valladolid","POP_DEN","Population density (pop. per km2)","2002","2002","PER","Persons","0","Units",,,338,,
"ES009","Valladolid","POP_DEN","Population density (pop. per km2)","2003","2003","PER","Persons","0","Units",,,340,,
"ES009","Valladolid","POP_DEN","Population density (pop. per km2)","2004","2004","PER","Persons","0","Units",,,341,,
"ES009","Valladolid","POP_DEN","Population density (pop. per km2)","2005","2005","PER","Persons","0","Units",,,343,,
"ES009","Valladolid","POP_DEN","Population density (pop. per km2)","2006","2006","PER","Persons","0","Units",,,345,,
"ES009","Valladolid","POP_DEN","Population density (pop. per km2)","2007","2007","PER","Persons","0","Units",,,347,,
"ES009","Valladolid","POP_DEN","Population density (pop. per km2)","2008","2008","PER","Persons","0","Units",,,349,,
"ES009","Valladolid","POP_DEN","Population density (pop. per km2)","2009","2009","PER","Persons","0","Units",,,351,,
"ES009","Valladolid","POP_DEN","Population density (pop. per km2)","2010","2010","PER","Persons","0","Units",,,352,,
"ES009","Valladolid","POP_DEN","Population density (pop. per km2)","2011","2011","PER","Persons","0","Units",,,354,,
"ES009","Valladolid","POP_DEN","Population density (pop. per km2)","2012","2012","PER","Persons","0","Units",,,356,,
"ES009","Valladolid","POP_DEN","Population density (pop. per km2)","2013","2013","PER","Persons","0","Units",,,358,,
"ES009","Valladolid","POP_DEN","Population density (pop. per km2)","2014","2014","PER","Persons","0","Units",,,360,,
"ES009","Valladolid","POP_DEN","Population density (pop. per km2)","2015","2015","PER","Persons","0","Units",,,361,,
"ES009","Valladolid","POP_DEN","Population density (pop. per km2)","2016","2016","PER","Persons","0","Units",,,363,,
"FR017","Metz","T_T","Population, All ages. Administrative data","2000","2000","PER","Persons","0","Units",,,359276,,
"FR017","Metz","T_T","Population, All ages. Administrative data","2001","2001","PER","Persons","0","Units",,,360322,,
"FR017","Metz","T_T","Population, All ages. Administrative data","2002","2002","PER","Persons","0","Units",,,361371,,
"FR017","Metz","T_T","Population, All ages. Administrative data","2003","2003","PER","Persons","0","Units",,,362418,,
"FR017","Metz","T_T","Population, All ages. Administrative data","2004","2004","PER","Persons","0","Units",,,363466,,
"FR017","Metz","T_T","Population, All ages. Administrative data","2005","2005","PER","Persons","0","Units",,,364513,,
"FR017","Metz","T_T","Population, All ages. Administrative data","2006","2006","PER","Persons","0","Units",,,365560,,
"FR017","Metz","T_T","Population, All ages. Administrative data","2007","2007","PER","Persons","0","Units",,,366609,,
"FR017","Metz","T_T","Population, All ages. Administrative data","2008","2008","PER","Persons","0","Units",,,367655,,
"FR017","Metz","T_T","Population, All ages. Administrative data","2009","2009","PER","Persons","0","Units",,,368703,,
"FR017","Metz","T_T","Population, All ages. Administrative data","2010","2010","PER","Persons","0","Units",,,368623,,
"FR017","Metz","T_T","Population, All ages. Administrative data","2011","2011","PER","Persons","0","Units",,,368543,,
"FR017","Metz","T_T","Population, All ages. Administrative data","2012","2012","PER","Persons","0","Units",,,368463,,
"FR017","Metz","T_T","Population, All ages. Administrative data","2013","2013","PER","Persons","0","Units",,,368383,,
"FR017","Metz","T_T","Population, All ages. Administrative data","2014","2014","PER","Persons","0","Units",,,368303,,
"FR017","Metz","T_T","Population, All ages. Administrative data","2015","2015","PER","Persons","0","Units",,,371534,,
"AT005","Innsbruck","T_T_SH_NAT","Share of population  in metropolitan area over the national value","2001","2001","RATIO","Ratio","0","Units",,,3.5,,
"AT005","Innsbruck","T_T_SH_NAT","Share of population  in metropolitan area over the national value","2002","2002","RATIO","Ratio","0","Units",,,3.5,,
"AT005","Innsbruck","T_T_SH_NAT","Share of population  in metropolitan area over the national value","2003","2003","RATIO","Ratio","0","Units",,,3.5,,
"AT005","Innsbruck","T_T_SH_NAT","Share of population  in metropolitan area over the national value","2004","2004","RATIO","Ratio","0","Units",,,3.5,,
"AT005","Innsbruck","T_T_SH_NAT","Share of population  in metropolitan area over the national value","2005","2005","RATIO","Ratio","0","Units",,,3.4,,
"AT005","Innsbruck","T_T_SH_NAT","Share of population  in metropolitan area over the national value","2006","2006","RATIO","Ratio","0","Units",,,3.4,,
"AT005","Innsbruck","T_T_SH_NAT","Share of population  in metropolitan area over the national value","2007","2007","RATIO","Ratio","0","Units",,,3.5,,
"AT005","Innsbruck","T_T_SH_NAT","Share of population  in metropolitan area over the national value","2008","2008","RATIO","Ratio","0","Units",,,3.5,,
"AT005","Innsbruck","T_T_SH_NAT","Share of population  in metropolitan area over the national value","2009","2009","RATIO","Ratio","0","Units",,,3.5,,
"AT005","Innsbruck","T_T_SH_NAT","Share of population  in metropolitan area over the national value","2010","2010","RATIO","Ratio","0","Units",,,3.5,,
"AT005","Innsbruck","T_T_SH_NAT","Share of population  in metropolitan area over the national value","2011","2011","RATIO","Ratio","0","Units",,,3.5,,
"AT005","Innsbruck","T_T_SH_NAT","Share of population  in metropolitan area over the national value","2012","2012","RATIO","Ratio","0","Units",,,3.6,,
"AT005","Innsbruck","T_T_SH_NAT","Share of population  in metropolitan area over the national value","2013","2013","RATIO","Ratio","0","Units",,,3.6,,
"AT005","Innsbruck","T_T_SH_NAT","Share of population  in metropolitan area over the national value","2014","2014","RATIO","Ratio","0","Units",,,3.6,,
"AT005","Innsbruck","T_T_SH_NAT","Share of population  in metropolitan area over the national value","2015","2015","RATIO","Ratio","0","Units",,,3.6,,
"ES003","Valencia","POP_DEN","Population density (pop. per km2)","2000","2000","PER","Persons","0","Units",,,843,,
"ES003","Valencia","POP_DEN","Population density (pop. per km2)","2001","2001","PER","Persons","0","Units",,,852,,
"ES003","Valencia","POP_DEN","Population density (pop. per km2)","2002","2002","PER","Persons","0","Units",,,861,,
"ES003","Valencia","POP_DEN","Population density (pop. per km2)","2003","2003","PER","Persons","0","Units",,,870,,
"ES003","Valencia","POP_DEN","Population density (pop. per km2)","2004","2004","PER","Persons","0","Units",,,878,,
"ES003","Valencia","POP_DEN","Population density (pop. per km2)","2005","2005","PER","Persons","0","Units",,,887,,
"ES003","Valencia","POP_DEN","Population density (pop. per km2)","2006","2006","PER","Persons","0","Units",,,896,,
"ES003","Valencia","POP_DEN","Population density (pop. per km2)","2007","2007","PER","Persons","0","Units",,,904,,
"ES003","Valencia","POP_DEN","Population density (pop. per km2)","2008","2008","PER","Persons","0","Units",,,913,,
"ES003","Valencia","POP_DEN","Population density (pop. per km2)","2009","2009","PER","Persons","0","Units",,,922,,
"ES003","Valencia","POP_DEN","Population density (pop. per km2)","2010","2010","PER","Persons","0","Units",,,930,,
"ES003","Valencia","POP_DEN","Population density (pop. per km2)","2011","2011","PER","Persons","0","Units",,,939,,
"ES003","Valencia","POP_DEN","Population density (pop. per km2)","2012","2012","PER","Persons","0","Units",,,948,,
"ES003","Valencia","POP_DEN","Population density (pop. per km2)","2013","2013","PER","Persons","0","Units",,,956,,
"ES003","Valencia","POP_DEN","Population density (pop. per km2)","2014","2014","PER","Persons","0","Units",,,965,,
"ES003","Valencia","POP_DEN","Population density (pop. per km2)","2015","2015","PER","Persons","0","Units",,,974,,
"ES003","Valencia","POP_DEN","Population density (pop. per km2)","2016","2016","PER","Persons","0","Units",,,982,,
"MEX59","Puerto Vallarta","T_T","Population, All ages. Administrative data","2000","2000","PER","Persons","0","Units",,,202862,,
"MEX59","Puerto Vallarta","T_T","Population, All ages. Administrative data","2005","2005","PER","Persons","0","Units",,,211325,,
"MEX59","Puerto Vallarta","T_T","Population, All ages. Administrative data","2010","2010","PER","Persons","0","Units",,,249411,,
"MEX59","Puerto Vallarta","T_T","Population, All ages. Administrative data","2015","2015","PER","Persons","0","Units",,,303354,,
"JPN44","Asahikawa","T_T","Population, All ages. Administrative data","2000","2000","PER","Persons","0","Units",,,410502,,
"JPN44","Asahikawa","T_T","Population, All ages. Administrative data","2001","2001","PER","Persons","0","Units",,,409032,,
"JPN44","Asahikawa","T_T","Population, All ages. Administrative data","2002","2002","PER","Persons","0","Units",,,407562,,
"JPN44","Asahikawa","T_T","Population, All ages. Administrative data","2003","2003","PER","Persons","0","Units",,,406094,,
"JPN44","Asahikawa","T_T","Population, All ages. Administrative data","2004","2004","PER","Persons","0","Units",,,404624,,
"JPN44","Asahikawa","T_T","Population, All ages. Administrative data","2005","2005","PER","Persons","0","Units",,,403154,,
"JPN44","Asahikawa","T_T","Population, All ages. Administrative data","2006","2006","PER","Persons","0","Units",,,401598,,
"JPN44","Asahikawa","T_T","Population, All ages. Administrative data","2007","2007","PER","Persons","0","Units",,,400042,,
"JPN44","Asahikawa","T_T","Population, All ages. Administrative data","2008","2008","PER","Persons","0","Units",,,398487,,
"JPN44","Asahikawa","T_T","Population, All ages. Administrative data","2009","2009","PER","Persons","0","Units",,,396931,,
"JPN44","Asahikawa","T_T","Population, All ages. Administrative data","2010","2010","PER","Persons","0","Units",,,395375,,
"JPN44","Asahikawa","T_T","Population, All ages. Administrative data","2011","2011","PER","Persons","0","Units",,,393127,,
"JPN44","Asahikawa","T_T","Population, All ages. Administrative data","2012","2012","PER","Persons","0","Units",,,390878,,
"JPN44","Asahikawa","T_T","Population, All ages. Administrative data","2013","2013","PER","Persons","0","Units",,,388628,,
"JPN44","Asahikawa","T_T","Population, All ages. Administrative data","2014","2014","PER","Persons","0","Units",,,386379,,
"JPN44","Asahikawa","T_T","Population, All ages. Administrative data","2015","2015","PER","Persons","0","Units",,,384131,,
"JPN19","Kagoshima","POP_DEN","Population density (pop. per km2)","2000","2000","PER","Persons","0","Units",,,704,,
"JPN19","Kagoshima","POP_DEN","Population density (pop. per km2)","2001","2001","PER","Persons","0","Units",,,705,,
"JPN19","Kagoshima","POP_DEN","Population density (pop. per km2)","2002","2002","PER","Persons","0","Units",,,705,,
"JPN19","Kagoshima","POP_DEN","Population density (pop. per km2)","2003","2003","PER","Persons","0","Units",,,706,,
"JPN19","Kagoshima","POP_DEN","Population density (pop. per km2)","2004","2004","PER","Persons","0","Units",,,706,,
"JPN19","Kagoshima","POP_DEN","Population density (pop. per km2)","2005","2005","PER","Persons","0","Units",,,707,,
"JPN19","Kagoshima","POP_DEN","Population density (pop. per km2)","2006","2006","PER","Persons","0","Units",,,706,,
"JPN19","Kagoshima","POP_DEN","Population density (pop. per km2)","2007","2007","PER","Persons","0","Units",,,705,,
"JPN19","Kagoshima","POP_DEN","Population density (pop. per km2)","2008","2008","PER","Persons","0","Units",,,704,,
"JPN19","Kagoshima","POP_DEN","Population density (pop. per km2)","2009","2009","PER","Persons","0","Units",,,703,,
"JPN19","Kagoshima","POP_DEN","Population density (pop. per km2)","2010","2010","PER","Persons","0","Units",,,702,,
"JPN19","Kagoshima","POP_DEN","Population density (pop. per km2)","2011","2011","PER","Persons","0","Units",,,698,,
"JPN19","Kagoshima","POP_DEN","Population density (pop. per km2)","2012","2012","PER","Persons","0","Units",,,695,,
"JPN19","Kagoshima","POP_DEN","Population density (pop. per km2)","2013","2013","PER","Persons","0","Units",,,692,,
"JPN19","Kagoshima","POP_DEN","Population density (pop. per km2)","2014","2014","PER","Persons","0","Units",,,688,,
"JPN19","Kagoshima","POP_DEN","Population density (pop. per km2)","2015","2015","PER","Persons","0","Units",,,685,,
"PL005","Poznan","T_T","Population, All ages. Administrative data","2000","2000","PER","Persons","0","Units",,,906750,,
"PL005","Poznan","T_T","Population, All ages. Administrative data","2001","2001","PER","Persons","0","Units",,,908117,,
"PL005","Poznan","T_T","Population, All ages. Administrative data","2002","2002","PER","Persons","0","Units",,,910433,,
"PL005","Poznan","T_T","Population, All ages. Administrative data","2003","2003","PER","Persons","0","Units",,,912927,,
"PL005","Poznan","T_T","Population, All ages. Administrative data","2004","2004","PER","Persons","0","Units",,,916043,,
"PL005","Poznan","T_T","Population, All ages. Administrative data","2005","2005","PER","Persons","0","Units",,,920363,,
"PL005","Poznan","T_T","Population, All ages. Administrative data","2006","2006","PER","Persons","0","Units",,,924577,,
"PL005","Poznan","T_T","Population, All ages. Administrative data","2007","2007","PER","Persons","0","Units",,,929496,,
"PL005","Poznan","T_T","Population, All ages. Administrative data","2008","2008","PER","Persons","0","Units",,,934001,,
"PL005","Poznan","T_T","Population, All ages. Administrative data","2009","2009","PER","Persons","0","Units",,,939302,,
"PL005","Poznan","T_T","Population, All ages. Administrative data","2010","2010","PER","Persons","0","Units",,,953028,,
"PL005","Poznan","T_T","Population, All ages. Administrative data","2011","2011","PER","Persons","0","Units",,,958988,,
"PL005","Poznan","T_T","Population, All ages. Administrative data","2012","2012","PER","Persons","0","Units",,,963332,,
"PL005","Poznan","T_T","Population, All ages. Administrative data","2013","2013","PER","Persons","0","Units",,,968672,,
"PL005","Poznan","T_T","Population, All ages. Administrative data","2014","2014","PER","Persons","0","Units",,,973063,,
"PL005","Poznan","T_T","Population, All ages. Administrative data","2015","2015","PER","Persons","0","Units",,,977153,,
"PL005","Poznan","T_T","Population, All ages. Administrative data","2016","2016","PER","Persons","0","Units",,,983006,,
"DE527","Bremerhaven","T_T_SH_NAT","Share of population  in metropolitan area over the national value","2001","2001","RATIO","Ratio","0","Units",,,0.4,,
"DE527","Bremerhaven","T_T_SH_NAT","Share of population  in metropolitan area over the national value","2002","2002","RATIO","Ratio","0","Units",,,0.4,,
"DE527","Bremerhaven","T_T_SH_NAT","Share of population  in metropolitan area over the national value","2003","2003","RATIO","Ratio","0","Units",,,0.4,,
"DE527","Bremerhaven","T_T_SH_NAT","Share of population  in metropolitan area over the national value","2004","2004","RATIO","Ratio","0","Units",,,0.4,,
"DE527","Bremerhaven","T_T_SH_NAT","Share of population  in metropolitan area over the national value","2005","2005","RATIO","Ratio","0","Units",,,0.4,,
"DE527","Bremerhaven","T_T_SH_NAT","Share of population  in metropolitan area over the national value","2006","2006","RATIO","Ratio","0","Units",,,0.4,,
"DE527","Bremerhaven","T_T_SH_NAT","Share of population  in metropolitan area over the national value","2007","2007","RATIO","Ratio","0","Units",,,0.4,,
"DE527","Bremerhaven","T_T_SH_NAT","Share of population  in metropolitan area over the national value","2008","2008","RATIO","Ratio","0","Units",,,0.4,,
"DE527","Bremerhaven","T_T_SH_NAT","Share of population  in metropolitan area over the national value","2009","2009","RATIO","Ratio","0","Units",,,0.4,,
"DE527","Bremerhaven","T_T_SH_NAT","Share of population  in metropolitan area over the national value","2010","2010","RATIO","Ratio","0","Units",,,0.4,,
"DE527","Bremerhaven","T_T_SH_NAT","Share of population  in metropolitan area over the national value","2011","2011","RATIO","Ratio","0","Units",,,0.4,,
"DE527","Bremerhaven","T_T_SH_NAT","Share of population  in metropolitan area over the national value","2012","2012","RATIO","Ratio","0","Units",,,0.4,,
"DE527","Bremerhaven","T_T_SH_NAT","Share of population  in metropolitan area over the national value","2013","2013","RATIO","Ratio","0","Units",,,0.4,,
"DE527","Bremerhaven","T_T_SH_NAT","Share of population  in metropolitan area over the national value","2014","2014","RATIO","Ratio","0","Units",,,0.4,,
"DE527","Bremerhaven","T_T_SH_NAT","Share of population  in metropolitan area over the national value","2015","2015","RATIO","Ratio","0","Units",,,0.4,,
"DE527","Bremerhaven","T_T_SH_NAT","Share of population  in metropolitan area over the national value","2016","2016","RATIO","Ratio","0","Units",,,0.4,,
"ES002","Barcelona","T_T_SH_NAT","Share of population  in metropolitan area over the national value","2001","2001","RATIO","Ratio","0","Units",,,10.4,,
"ES002","Barcelona","T_T_SH_NAT","Share of population  in metropolitan area over the national value","2002","2002","RATIO","Ratio","0","Units",,,10.2,,
"ES002","Barcelona","T_T_SH_NAT","Share of population  in metropolitan area over the national value","2003","2003","RATIO","Ratio","0","Units",,,10,,
"ES002","Barcelona","T_T_SH_NAT","Share of population  in metropolitan area over the national value","2004","2004","RATIO","Ratio","0","Units",,,9.8,,
"ES002","Barcelona","T_T_SH_NAT","Share of population  in metropolitan area over the national value","2005","2005","RATIO","Ratio","0","Units",,,9.6,,
"ES002","Barcelona","T_T_SH_NAT","Share of population  in metropolitan area over the national value","2006","2006","RATIO","Ratio","0","Units",,,9.4,,
"ES002","Barcelona","T_T_SH_NAT","Share of population  in metropolitan area over the national value","2007","2007","RATIO","Ratio","0","Units",,,9.2,,
"ES002","Barcelona","T_T_SH_NAT","Share of population  in metropolitan area over the national value","2008","2008","RATIO","Ratio","0","Units",,,9,,
"ES002","Barcelona","T_T_SH_NAT","Share of population  in metropolitan area over the national value","2009","2009","RATIO","Ratio","0","Units",,,8.8,,
"ES002","Barcelona","T_T_SH_NAT","Share of population  in metropolitan area over the national value","2010","2010","RATIO","Ratio","0","Units",,,8.8,,
"ES002","Barcelona","T_T_SH_NAT","Share of population  in metropolitan area over the national value","2011","2011","RATIO","Ratio","0","Units",,,8.7,,
"ES002","Barcelona","T_T_SH_NAT","Share of population  in metropolitan area over the national value","2012","2012","RATIO","Ratio","0","Units",,,8.6,,
"ES002","Barcelona","T_T_SH_NAT","Share of population  in metropolitan area over the national value","2013","2013","RATIO","Ratio","0","Units",,,8.6,,
"ES002","Barcelona","T_T_SH_NAT","Share of population  in metropolitan area over the national value","2014","2014","RATIO","Ratio","0","Units",,,8.6,,
"ES002","Barcelona","T_T_SH_NAT","Share of population  in metropolitan area over the national value","2015","2015","RATIO","Ratio","0","Units",,,8.6,,
"ES002","Barcelona","T_T_SH_NAT","Share of population  in metropolitan area over the national value","2016","2016","RATIO","Ratio","0","Units",,,8.6,,
"NL007","Groningen","POP_DEN","Population density (pop. per km2)","2000","2000","PER","Persons","0","Units",,,247,,
"NL007","Groningen","POP_DEN","Population density (pop. per km2)","2001","2001","PER","Persons","0","Units",,,241,,
"NL007","Groningen","POP_DEN","Population density (pop. per km2)","2002","2002","PER","Persons","0","Units",,,236,,
"NL007","Groningen","POP_DEN","Population density (pop. per km2)","2003","2003","PER","Persons","0","Units",,,230,,
"NL007","Groningen","POP_DEN","Population density (pop. per km2)","2004","2004","PER","Persons","0","Units",,,225,,
"NL007","Groningen","POP_DEN","Population density (pop. per km2)","2005","2005","PER","Persons","0","Units",,,225,,
"NL007","Groningen","POP_DEN","Population density (pop. per km2)","2006","2006","PER","Persons","0","Units",,,224,,
"NL007","Groningen","POP_DEN","Population density (pop. per km2)","2007","2007","PER","Persons","0","Units",,,224,,
"NL007","Groningen","POP_DEN","Population density (pop. per km2)","2008","2008","PER","Persons","0","Units",,,224,,
"NL007","Groningen","POP_DEN","Population density (pop. per km2)","2009","2009","PER","Persons","0","Units",,,224,,
"NL007","Groningen","POP_DEN","Population density (pop. per km2)","2010","2010","PER","Persons","0","Units",,,226,,
"NL007","Groningen","POP_DEN","Population density (pop. per km2)","2011","2011","PER","Persons","0","Units",,,227,,
"NL007","Groningen","POP_DEN","Population density (pop. per km2)","2012","2012","PER","Persons","0","Units",,,228,,
"NL007","Groningen","POP_DEN","Population density (pop. per km2)","2013","2013","PER","Persons","0","Units",,,229,,
"NL007","Groningen","POP_DEN","Population density (pop. per km2)","2014","2014","PER","Persons","0","Units",,,230,,
"NL007","Groningen","POP_DEN","Population density (pop. per km2)","2015","2015","PER","Persons","0","Units",,,231,,
"NL007","Groningen","POP_DEN","Population density (pop. per km2)","2016","2016","PER","Persons","0","Units",,,231,,
"DE529","Heilbronn","POP_DEN","Population density (pop. per km2)","2001","2001","PER","Persons","0","Units",,,367,,
"DE529","Heilbronn","POP_DEN","Population density (pop. per km2)","2002","2002","PER","Persons","0","Units",,,371,,
"DE529","Heilbronn","POP_DEN","Population density (pop. per km2)","2003","2003","PER","Persons","0","Units",,,373,,
"DE529","Heilbronn","POP_DEN","Population density (pop. per km2)","2004","2004","PER","Persons","0","Units",,,374,,
"DE529","Heilbronn","POP_DEN","Population density (pop. per km2)","2005","2005","PER","Persons","0","Units",,,376,,
"DE529","Heilbronn","POP_DEN","Population density (pop. per km2)","2006","2006","PER","Persons","0","Units",,,376,,
"DE529","Heilbronn","POP_DEN","Population density (pop. per km2)","2007","2007","PER","Persons","0","Units",,,377,,
"DE529","Heilbronn","POP_DEN","Population density (pop. per km2)","2008","2008","PER","Persons","0","Units",,,377,,
"DE529","Heilbronn","POP_DEN","Population density (pop. per km2)","2009","2009","PER","Persons","0","Units",,,377,,
"DE529","Heilbronn","POP_DEN","Population density (pop. per km2)","2010","2010","PER","Persons","0","Units",,,377,,
"DE529","Heilbronn","POP_DEN","Population density (pop. per km2)","2011","2011","PER","Persons","0","Units",,,366,,
"DE529","Heilbronn","POP_DEN","Population density (pop. per km2)","2012","2012","PER","Persons","0","Units",,,367,,
"DE529","Heilbronn","POP_DEN","Population density (pop. per km2)","2013","2013","PER","Persons","0","Units",,,369,,
"DE529","Heilbronn","POP_DEN","Population density (pop. per km2)","2014","2014","PER","Persons","0","Units",,,371,,
"DE529","Heilbronn","POP_DEN","Population density (pop. per km2)","2015","2015","PER","Persons","0","Units",,,375,,
"DE529","Heilbronn","POP_DEN","Population density (pop. per km2)","2016","2016","PER","Persons","0","Units",,,381,,
"PL025","Radom","T_T","Population, All ages. Administrative data","2000","2000","PER","Persons","0","Units",,,289867,,
"PL025","Radom","T_T","Population, All ages. Administrative data","2001","2001","PER","Persons","0","Units",,,289912,,
"PL025","Radom","T_T","Population, All ages. Administrative data","2002","2002","PER","Persons","0","Units",,,289611,,
"PL025","Radom","T_T","Population, All ages. Administrative data","2003","2003","PER","Persons","0","Units",,,289451,,
"PL025","Radom","T_T","Population, All ages. Administrative data","2004","2004","PER","Persons","0","Units",,,289531,,
"PL025","Radom","T_T","Population, All ages. Administrative data","2005","2005","PER","Persons","0","Units",,,289638,,
"PL025","Radom","T_T","Population, All ages. Administrative data","2006","2006","PER","Persons","0","Units",,,289108,,
"PL025","Radom","T_T","Population, All ages. Administrative data","2007","2007","PER","Persons","0","Units",,,288883,,
"PL025","Radom","T_T","Population, All ages. Administrative data","2008","2008","PER","Persons","0","Units",,,288809,,
"PL025","Radom","T_T","Population, All ages. Administrative data","2009","2009","PER","Persons","0","Units",,,288662,,
"PL025","Radom","T_T","Population, All ages. Administrative data","2010","2010","PER","Persons","0","Units",,,287993,,
"PL025","Radom","T_T","Population, All ages. Administrative data","2011","2011","PER","Persons","0","Units",,,287473,,
"PL025","Radom","T_T","Population, All ages. Administrative data","2012","2012","PER","Persons","0","Units",,,287192,,
"PL025","Radom","T_T","Population, All ages. Administrative data","2013","2013","PER","Persons","0","Units",,,286550,,
"PL025","Radom","T_T","Population, All ages. Administrative data","2014","2014","PER","Persons","0","Units",,,285789,,
"PL025","Radom","T_T","Population, All ages. Administrative data","2015","2015","PER","Persons","0","Units",,,285175,,
"PL025","Radom","T_T","Population, All ages. Administrative data","2016","2016","PER","Persons","0","Units",,,284500,,
"DE039","Kiel","POP_DEN","Population density (pop. per km2)","2001","2001","PER","Persons","0","Units",,,189,,
"DE039","Kiel","POP_DEN","Population density (pop. per km2)","2002","2002","PER","Persons","0","Units",,,189,,
"DE039","Kiel","POP_DEN","Population density (pop. per km2)","2003","2003","PER","Persons","0","Units",,,190,,
"DE039","Kiel","POP_DEN","Population density (pop. per km2)","2004","2004","PER","Persons","0","Units",,,190,,
"DE039","Kiel","POP_DEN","Population density (pop. per km2)","2005","2005","PER","Persons","0","Units",,,191,,
"DE039","Kiel","POP_DEN","Population density (pop. per km2)","2006","2006","PER","Persons","0","Units",,,191,,
"DE039","Kiel","POP_DEN","Population density (pop. per km2)","2007","2007","PER","Persons","0","Units",,,191,,
"DE039","Kiel","POP_DEN","Population density (pop. per km2)","2008","2008","PER","Persons","0","Units",,,191,,
"DE039","Kiel","POP_DEN","Population density (pop. per km2)","2009","2009","PER","Persons","0","Units",,,191,,
"DE039","Kiel","POP_DEN","Population density (pop. per km2)","2010","2010","PER","Persons","0","Units",,,191,,
"DE039","Kiel","POP_DEN","Population density (pop. per km2)","2011","2011","PER","Persons","0","Units",,,188,,
"DE039","Kiel","POP_DEN","Population density (pop. per km2)","2012","2012","PER","Persons","0","Units",,,188,,
"DE039","Kiel","POP_DEN","Population density (pop. per km2)","2013","2013","PER","Persons","0","Units",,,188,,
"DE039","Kiel","POP_DEN","Population density (pop. per km2)","2014","2014","PER","Persons","0","Units",,,189,,
"DE039","Kiel","POP_DEN","Population density (pop. per km2)","2015","2015","PER","Persons","0","Units",,,190,,
"DE039","Kiel","POP_DEN","Population density (pop. per km2)","2016","2016","PER","Persons","0","Units",,,192,,
"DE510","Lubeck","T_T","Population, All ages. Administrative data","2001","2001","PER","Persons","0","Units",,,413827,,
"DE510","Lubeck","T_T","Population, All ages. Administrative data","2002","2002","PER","Persons","0","Units",,,415069,,
"DE510","Lubeck","T_T","Population, All ages. Administrative data","2003","2003","PER","Persons","0","Units",,,415995,,
"DE510","Lubeck","T_T","Population, All ages. Administrative data","2004","2004","PER","Persons","0","Units",,,416101,,
"DE510","Lubeck","T_T","Population, All ages. Administrative data","2005","2005","PER","Persons","0","Units",,,415684,,
"DE510","Lubeck","T_T","Population, All ages. Administrative data","2006","2006","PER","Persons","0","Units",,,416088,,
"DE510","Lubeck","T_T","Population, All ages. Administrative data","2007","2007","PER","Persons","0","Units",,,415397,,
"DE510","Lubeck","T_T","Population, All ages. Administrative data","2008","2008","PER","Persons","0","Units",,,415458,,
"DE510","Lubeck","T_T","Population, All ages. Administrative data","2009","2009","PER","Persons","0","Units",,,414319,,
"DE510","Lubeck","T_T","Population, All ages. Administrative data","2010","2010","PER","Persons","0","Units",,,413012,,
"DE510","Lubeck","T_T","Population, All ages. Administrative data","2011","2011","PER","Persons","0","Units",,,407204,,
"DE510","Lubeck","T_T","Population, All ages. Administrative data","2012","2012","PER","Persons","0","Units",,,406868,,
"DE510","Lubeck","T_T","Population, All ages. Administrative data","2013","2013","PER","Persons","0","Units",,,407813,,
"DE510","Lubeck","T_T","Population, All ages. Administrative data","2014","2014","PER","Persons","0","Units",,,409000,,
"DE510","Lubeck","T_T","Population, All ages. Administrative data","2015","2015","PER","Persons","0","Units",,,410971,,
"DE510","Lubeck","T_T","Population, All ages. Administrative data","2016","2016","PER","Persons","0","Units",,,414011,,
"IT016","Perugia","T_T","Population, All ages. Administrative data","2000","2000","PER","Persons","0","Units",,,257730,,
"IT016","Perugia","T_T","Population, All ages. Administrative data","2001","2001","PER","Persons","0","Units",,,259252,,
"IT016","Perugia","T_T","Population, All ages. Administrative data","2002","2002","PER","Persons","0","Units",,,260776,,
"IT016","Perugia","T_T","Population, All ages. Administrative data","2003","2003","PER","Persons","0","Units",,,262298,,
"IT016","Perugia","T_T","Population, All ages. Administrative data","2004","2004","PER","Persons","0","Units",,,263820,,
"IT016","Perugia","T_T","Population, All ages. Administrative data","2005","2005","PER","Persons","0","Units",,,265342,,
"IT016","Perugia","T_T","Population, All ages. Administrative data","2006","2006","PER","Persons","0","Units",,,266865,,
"IT016","Perugia","T_T","Population, All ages. Administrative data","2007","2007","PER","Persons","0","Units",,,268386,,
"IT016","Perugia","T_T","Population, All ages. Administrative data","2008","2008","PER","Persons","0","Units",,,269909,,
"IT016","Perugia","T_T","Population, All ages. Administrative data","2009","2009","PER","Persons","0","Units",,,271431,,
"IT016","Perugia","T_T","Population, All ages. Administrative data","2010","2010","PER","Persons","0","Units",,,272954,,
"IT016","Perugia","T_T","Population, All ages. Administrative data","2011","2011","PER","Persons","0","Units",,,274475,,
"IT016","Perugia","T_T","Population, All ages. Administrative data","2012","2012","PER","Persons","0","Units",,,275998,,
"IT016","Perugia","T_T","Population, All ages. Administrative data","2013","2013","PER","Persons","0","Units",,,277902,,
"IT016","Perugia","T_T","Population, All ages. Administrative data","2014","2014","PER","Persons","0","Units",,,282437,,
"IT016","Perugia","T_T","Population, All ages. Administrative data","2015","2015","PER","Persons","0","Units",,,282060,,
"IT016","Perugia","T_T","Population, All ages. Administrative data","2016","2016","PER","Persons","0","Units",,,282364,,
"UK004","Glasgow","T_T","Population, All ages. Administrative data","2001","2001","PER","Persons","0","Units",,,1750210,,
"UK004","Glasgow","T_T","Population, All ages. Administrative data","2002","2002","PER","Persons","0","Units",,,1748100,,
"UK004","Glasgow","T_T","Population, All ages. Administrative data","2003","2003","PER","Persons","0","Units",,,1743640,,
"UK004","Glasgow","T_T","Population, All ages. Administrative data","2004","2004","PER","Persons","0","Units",,,1743090,,
"UK004","Glasgow","T_T","Population, All ages. Administrative data","2005","2005","PER","Persons","0","Units",,,1744790,,
"UK004","Glasgow","T_T","Population, All ages. Administrative data","2006","2006","PER","Persons","0","Units",,,1746020,,
"UK004","Glasgow","T_T","Population, All ages. Administrative data","2007","2007","PER","Persons","0","Units",,,1753540,,
"UK004","Glasgow","T_T","Population, All ages. Administrative data","2008","2008","PER","Persons","0","Units",,,1761450,,
"UK004","Glasgow","T_T","Population, All ages. Administrative data","2009","2009","PER","Persons","0","Units",,,1769670,,
"UK004","Glasgow","T_T","Population, All ages. Administrative data","2010","2010","PER","Persons","0","Units",,,1777300,,
"UK004","Glasgow","T_T","Population, All ages. Administrative data","2011","2011","PER","Persons","0","Units",,,1787020,,
"UK004","Glasgow","T_T","Population, All ages. Administrative data","2012","2012","PER","Persons","0","Units",,,1789540,,
"UK004","Glasgow","T_T","Population, All ages. Administrative data","2013","2013","PER","Persons","0","Units",,,1790510,,
"UK004","Glasgow","T_T","Population, All ages. Administrative data","2014","2014","PER","Persons","0","Units",,,1795890,,
"UK004","Glasgow","T_T","Population, All ages. Administrative data","2015","2015","PER","Persons","0","Units",,,1804380,,
"UK004","Glasgow","T_T","Population, All ages. Administrative data","2016","2016","PER","Persons","0","Units",,,1817860,,
"ES014","Pamplona","T_T","Population, All ages. Administrative data","2000","2000","PER","Persons","0","Units",,,301277,,
"ES014","Pamplona","T_T","Population, All ages. Administrative data","2001","2001","PER","Persons","0","Units",,,305965,,
"ES014","Pamplona","T_T","Population, All ages. Administrative data","2002","2002","PER","Persons","0","Units",,,310655,,
"ES014","Pamplona","T_T","Population, All ages. Administrative data","2003","2003","PER","Persons","0","Units",,,315343,,
"ES014","Pamplona","T_T","Population, All ages. Administrative data","2004","2004","PER","Persons","0","Units",,,320031,,
"ES014","Pamplona","T_T","Population, All ages. Administrative data","2005","2005","PER","Persons","0","Units",,,324719,,
"ES014","Pamplona","T_T","Population, All ages. Administrative data","2006","2006","PER","Persons","0","Units",,,329409,,
"ES014","Pamplona","T_T","Population, All ages. Administrative data","2007","2007","PER","Persons","0","Units",,,334097,,
"ES014","Pamplona","T_T","Population, All ages. Administrative data","2008","2008","PER","Persons","0","Units",,,338785,,
"ES014","Pamplona","T_T","Population, All ages. Administrative data","2009","2009","PER","Persons","0","Units",,,343475,,
"ES014","Pamplona","T_T","Population, All ages. Administrative data","2010","2010","PER","Persons","0","Units",,,348163,,
"ES014","Pamplona","T_T","Population, All ages. Administrative data","2011","2011","PER","Persons","0","Units",,,352851,,
"ES014","Pamplona","T_T","Population, All ages. Administrative data","2012","2012","PER","Persons","0","Units",,,357541,,
"ES014","Pamplona","T_T","Population, All ages. Administrative data","2013","2013","PER","Persons","0","Units",,,362229,,
"ES014","Pamplona","T_T","Population, All ages. Administrative data","2014","2014","PER","Persons","0","Units",,,366917,,
"ES014","Pamplona","T_T","Population, All ages. Administrative data","2015","2015","PER","Persons","0","Units",,,371605,,
"ES014","Pamplona","T_T","Population, All ages. Administrative data","2016","2016","PER","Persons","0","Units",,,376295,,
"PL001","Warsaw","POP_DEN","Population density (pop. per km2)","2002","2002","PER","Persons","0","Units",,,336,,
"PL001","Warsaw","POP_DEN","Population density (pop. per km2)","2003","2003","PER","Persons","0","Units",,,337,,
"PL001","Warsaw","POP_DEN","Population density (pop. per km2)","2004","2004","PER","Persons","0","Units",,,339,,
"PL001","Warsaw","POP_DEN","Population density (pop. per km2)","2005","2005","PER","Persons","0","Units",,,340,,
"PL001","Warsaw","POP_DEN","Population density (pop. per km2)","2006","2006","PER","Persons","0","Units",,,342,,
"PL001","Warsaw","POP_DEN","Population density (pop. per km2)","2007","2007","PER","Persons","0","Units",,,345,,
"PL001","Warsaw","POP_DEN","Population density (pop. per km2)","2008","2008","PER","Persons","0","Units",,,347,,
"PL001","Warsaw","POP_DEN","Population density (pop. per km2)","2009","2009","PER","Persons","0","Units",,,349,,
"PL001","Warsaw","POP_DEN","Population density (pop. per km2)","2010","2010","PER","Persons","0","Units",,,351,,
"PL001","Warsaw","POP_DEN","Population density (pop. per km2)","2011","2011","PER","Persons","0","Units",,,353,,
"PL001","Warsaw","POP_DEN","Population density (pop. per km2)","2012","2012","PER","Persons","0","Units",,,356,,
"PL001","Warsaw","POP_DEN","Population density (pop. per km2)","2013","2013","PER","Persons","0","Units",,,358,,
"PL001","Warsaw","POP_DEN","Population density (pop. per km2)","2014","2014","PER","Persons","0","Units",,,360,,
"PL001","Warsaw","POP_DEN","Population density (pop. per km2)","2015","2015","PER","Persons","0","Units",,,362,,
"PL001","Warsaw","POP_DEN","Population density (pop. per km2)","2016","2016","PER","Persons","0","Units",,,364,,
"MEX42","Nuevo Laredo","T_T_SH_NAT","Share of population  in metropolitan area over the national value","2005","2005","RATIO","Ratio","0","Units",,,0.3,,
"MEX42","Nuevo Laredo","T_T_SH_NAT","Share of population  in metropolitan area over the national value","2010","2010","RATIO","Ratio","0","Units",,,0.3,,
"MEX42","Nuevo Laredo","T_T_SH_NAT","Share of population  in metropolitan area over the national value","2015","2015","RATIO","Ratio","0","Units",,,0.4,,
"FR035","Tours","POP_DEN","Population density (pop. per km2)","2000","2000","PER","Persons","0","Units",,,148,,
"FR035","Tours","POP_DEN","Population density (pop. per km2)","2001","2001","PER","Persons","0","Units",,,149,,
"FR035","Tours","POP_DEN","Population density (pop. per km2)","2002","2002","PER","Persons","0","Units",,,150,,
"FR035","Tours","POP_DEN","Population density (pop. per km2)","2003","2003","PER","Persons","0","Units",,,151,,
"FR035","Tours","POP_DEN","Population density (pop. per km2)","2004","2004","PER","Persons","0","Units",,,152,,
"FR035","Tours","POP_DEN","Population density (pop. per km2)","2005","2005","PER","Persons","0","Units",,,153,,
"FR035","Tours","POP_DEN","Population density (pop. per km2)","2006","2006","PER","Persons","0","Units",,,154,,
"FR035","Tours","POP_DEN","Population density (pop. per km2)","2007","2007","PER","Persons","0","Units",,,155,,
"FR035","Tours","POP_DEN","Population density (pop. per km2)","2008","2008","PER","Persons","0","Units",,,156,,
"FR035","Tours","POP_DEN","Population density (pop. per km2)","2009","2009","PER","Persons","0","Units",,,157,,
"FR035","Tours","POP_DEN","Population density (pop. per km2)","2010","2010","PER","Persons","0","Units",,,158,,
"FR035","Tours","POP_DEN","Population density (pop. per km2)","2011","2011","PER","Persons","0","Units",,,159,,
"FR035","Tours","POP_DEN","Population density (pop. per km2)","2012","2012","PER","Persons","0","Units",,,160,,
"FR035","Tours","POP_DEN","Population density (pop. per km2)","2013","2013","PER","Persons","0","Units",,,161,,
"FR035","Tours","POP_DEN","Population density (pop. per km2)","2014","2014","PER","Persons","0","Units",,,162,,
"FR035","Tours","POP_DEN","Population density (pop. per km2)","2015","2015","PER","Persons","0","Units",,,162,,
"MEX13","Mexicali","T_T_SH_NAT","Share of population  in metropolitan area over the national value","2005","2005","RATIO","Ratio","0","Units",,,0.8,,
"MEX13","Mexicali","T_T_SH_NAT","Share of population  in metropolitan area over the national value","2010","2010","RATIO","Ratio","0","Units",,,0.8,,
"MEX13","Mexicali","T_T_SH_NAT","Share of population  in metropolitan area over the national value","2015","2015","RATIO","Ratio","0","Units",,,0.9,,
"FR006","Strasbourg","T_T_SH_NAT","Share of population  in metropolitan area over the national value","2001","2001","RATIO","Ratio","0","Units",,,1.2,,
"FR006","Strasbourg","T_T_SH_NAT","Share of population  in metropolitan area over the national value","2002","2002","RATIO","Ratio","0","Units",,,1.2,,
"FR006","Strasbourg","T_T_SH_NAT","Share of population  in metropolitan area over the national value","2003","2003","RATIO","Ratio","0","Units",,,1.2,,
"FR006","Strasbourg","T_T_SH_NAT","Share of population  in metropolitan area over the national value","2004","2004","RATIO","Ratio","0","Units",,,1.2,,
"FR006","Strasbourg","T_T_SH_NAT","Share of population  in metropolitan area over the national value","2005","2005","RATIO","Ratio","0","Units",,,1.2,,
"FR006","Strasbourg","T_T_SH_NAT","Share of population  in metropolitan area over the national value","2006","2006","RATIO","Ratio","0","Units",,,1.2,,
"FR006","Strasbourg","T_T_SH_NAT","Share of population  in metropolitan area over the national value","2007","2007","RATIO","Ratio","0","Units",,,1.2,,
"FR006","Strasbourg","T_T_SH_NAT","Share of population  in metropolitan area over the national value","2008","2008","RATIO","Ratio","0","Units",,,1.2,,
"FR006","Strasbourg","T_T_SH_NAT","Share of population  in metropolitan area over the national value","2009","2009","RATIO","Ratio","0","Units",,,1.2,,
"FR006","Strasbourg","T_T_SH_NAT","Share of population  in metropolitan area over the national value","2010","2010","RATIO","Ratio","0","Units",,,1.2,,
"FR006","Strasbourg","T_T_SH_NAT","Share of population  in metropolitan area over the national value","2011","2011","RATIO","Ratio","0","Units",,,1.2,,
"FR006","Strasbourg","T_T_SH_NAT","Share of population  in metropolitan area over the national value","2012","2012","RATIO","Ratio","0","Units",,,1.2,,
"FR006","Strasbourg","T_T_SH_NAT","Share of population  in metropolitan area over the national value","2013","2013","RATIO","Ratio","0","Units",,,1.2,,
"FR006","Strasbourg","T_T_SH_NAT","Share of population  in metropolitan area over the national value","2014","2014","RATIO","Ratio","0","Units",,,1.2,,
"FR006","Strasbourg","T_T_SH_NAT","Share of population  in metropolitan area over the national value","2015","2015","RATIO","Ratio","0","Units",,,1.2,,
"USA95","Ingham","T_T_SH_NAT","Share of population  in metropolitan area over the national value","2001","2001","RATIO","Ratio","0","Units",,,0.2,,
"USA95","Ingham","T_T_SH_NAT","Share of population  in metropolitan area over the national value","2002","2002","RATIO","Ratio","0","Units",,,0.2,,
"USA95","Ingham","T_T_SH_NAT","Share of population  in metropolitan area over the national value","2003","2003","RATIO","Ratio","0","Units",,,0.2,,
"USA95","Ingham","T_T_SH_NAT","Share of population  in metropolitan area over the national value","2004","2004","RATIO","Ratio","0","Units",,,0.2,,
"USA95","Ingham","T_T_SH_NAT","Share of population  in metropolitan area over the national value","2005","2005","RATIO","Ratio","0","Units",,,0.2,,
"USA95","Ingham","T_T_SH_NAT","Share of population  in metropolitan area over the national value","2006","2006","RATIO","Ratio","0","Units",,,0.2,,
"USA95","Ingham","T_T_SH_NAT","Share of population  in metropolitan area over the national value","2007","2007","RATIO","Ratio","0","Units",,,0.1,,
"USA95","Ingham","T_T_SH_NAT","Share of population  in metropolitan area over the national value","2008","2008","RATIO","Ratio","0","Units",,,0.1,,
"USA95","Ingham","T_T_SH_NAT","Share of population  in metropolitan area over the national value","2009","2009","RATIO","Ratio","0","Units",,,0.1,,
"USA95","Ingham","T_T_SH_NAT","Share of population  in metropolitan area over the national value","2010","2010","RATIO","Ratio","0","Units",,,0.1,,
"USA95","Ingham","T_T_SH_NAT","Share of population  in metropolitan area over the national value","2011","2011","RATIO","Ratio","0","Units",,,0.1,,
"USA95","Ingham","T_T_SH_NAT","Share of population  in metropolitan area over the national value","2012","2012","RATIO","Ratio","0","Units",,,0.1,,
"USA95","Ingham","T_T_SH_NAT","Share of population  in metropolitan area over the national value","2013","2013","RATIO","Ratio","0","Units",,,0.1,,
"USA95","Ingham","T_T_SH_NAT","Share of population  in metropolitan area over the national value","2014","2014","RATIO","Ratio","0","Units",,,0.1,,
"USA95","Ingham","T_T_SH_NAT","Share of population  in metropolitan area over the national value","2015","2015","RATIO","Ratio","0","Units",,,0.1,,
"USA95","Ingham","T_T_SH_NAT","Share of population  in metropolitan area over the national value","2016","2016","RATIO","Ratio","0","Units",,,0.1,,
"SK001","Bratislava","T_T_SH_NAT","Share of population  in metropolitan area over the national value","2001","2001","RATIO","Ratio","0","Units",,,11.1,,
"SK001","Bratislava","T_T_SH_NAT","Share of population  in metropolitan area over the national value","2002","2002","RATIO","Ratio","0","Units",,,11.2,,
"SK001","Bratislava","T_T_SH_NAT","Share of population  in metropolitan area over the national value","2003","2003","RATIO","Ratio","0","Units",,,11.2,,
"SK001","Bratislava","T_T_SH_NAT","Share of population  in metropolitan area over the national value","2004","2004","RATIO","Ratio","0","Units",,,11.2,,
"SK001","Bratislava","T_T_SH_NAT","Share of population  in metropolitan area over the national value","2005","2005","RATIO","Ratio","0","Units",,,11.2,,
"SK001","Bratislava","T_T_SH_NAT","Share of population  in metropolitan area over the national value","2006","2006","RATIO","Ratio","0","Units",,,11.3,,
"SK001","Bratislava","T_T_SH_NAT","Share of population  in metropolitan area over the national value","2007","2007","RATIO","Ratio","0","Units",,,11.4,,
"SK001","Bratislava","T_T_SH_NAT","Share of population  in metropolitan area over the national value","2008","2008","RATIO","Ratio","0","Units",,,11.5,,
"SK001","Bratislava","T_T_SH_NAT","Share of population  in metropolitan area over the national value","2009","2009","RATIO","Ratio","0","Units",,,11.6,,
"SK001","Bratislava","T_T_SH_NAT","Share of population  in metropolitan area over the national value","2010","2010","RATIO","Ratio","0","Units",,,11.7,,
"SK001","Bratislava","T_T_SH_NAT","Share of population  in metropolitan area over the national value","2011","2011","RATIO","Ratio","0","Units",,,11.3,,
"SK001","Bratislava","T_T_SH_NAT","Share of population  in metropolitan area over the national value","2012","2012","RATIO","Ratio","0","Units",,,11.3,,
"SK001","Bratislava","T_T_SH_NAT","Share of population  in metropolitan area over the national value","2013","2013","RATIO","Ratio","0","Units",,,11.4,,
"SK001","Bratislava","T_T_SH_NAT","Share of population  in metropolitan area over the national value","2014","2014","RATIO","Ratio","0","Units",,,11.5,,
"SK001","Bratislava","T_T_SH_NAT","Share of population  in metropolitan area over the national value","2015","2015","RATIO","Ratio","0","Units",,,11.7,,
"SK001","Bratislava","T_T_SH_NAT","Share of population  in metropolitan area over the national value","2016","2016","RATIO","Ratio","0","Units",,,11.8,,
"JPN03","Toyota","POP_DEN","Population density (pop. per km2)","2000","2000","PER","Persons","0","Units",,,1079,,
"JPN03","Toyota","POP_DEN","Population density (pop. per km2)","2001","2001","PER","Persons","0","Units",,,1084,,
"JPN03","Toyota","POP_DEN","Population density (pop. per km2)","2002","2002","PER","Persons","0","Units",,,1089,,
"JPN03","Toyota","POP_DEN","Population density (pop. per km2)","2003","2003","PER","Persons","0","Units",,,1094,,
"JPN03","Toyota","POP_DEN","Population density (pop. per km2)","2004","2004","PER","Persons","0","Units",,,1100,,
"JPN03","Toyota","POP_DEN","Population density (pop. per km2)","2005","2005","PER","Persons","0","Units",,,1105,,
"JPN03","Toyota","POP_DEN","Population density (pop. per km2)","2006","2006","PER","Persons","0","Units",,,1108,,
"JPN03","Toyota","POP_DEN","Population density (pop. per km2)","2007","2007","PER","Persons","0","Units",,,1111,,
"JPN03","Toyota","POP_DEN","Population density (pop. per km2)","2008","2008","PER","Persons","0","Units",,,1114,,
"JPN03","Toyota","POP_DEN","Population density (pop. per km2)","2009","2009","PER","Persons","0","Units",,,1117,,
"JPN03","Toyota","POP_DEN","Population density (pop. per km2)","2010","2010","PER","Persons","0","Units",,,1120,,
"JPN03","Toyota","POP_DEN","Population density (pop. per km2)","2011","2011","PER","Persons","0","Units",,,1120,,
"JPN03","Toyota","POP_DEN","Population density (pop. per km2)","2012","2012","PER","Persons","0","Units",,,1121,,
"JPN03","Toyota","POP_DEN","Population density (pop. per km2)","2013","2013","PER","Persons","0","Units",,,1121,,
"JPN03","Toyota","POP_DEN","Population density (pop. per km2)","2014","2014","PER","Persons","0","Units",,,1122,,
"JPN03","Toyota","POP_DEN","Population density (pop. per km2)","2015","2015","PER","Persons","0","Units",,,1122,,
"USA96","Montgomery (AL)","POP_DEN","Population density (pop. per km2)","2000","2000","PER","Persons","0","Units",,,31,,
"USA96","Montgomery (AL)","POP_DEN","Population density (pop. per km2)","2001","2001","PER","Persons","0","Units",,,31,,
"USA96","Montgomery (AL)","POP_DEN","Population density (pop. per km2)","2002","2002","PER","Persons","0","Units",,,31,,
"USA96","Montgomery (AL)","POP_DEN","Population density (pop. per km2)","2003","2003","PER","Persons","0","Units",,,31,,
"USA96","Montgomery (AL)","POP_DEN","Population density (pop. per km2)","2004","2004","PER","Persons","0","Units",,,31,,
"USA96","Montgomery (AL)","POP_DEN","Population density (pop. per km2)","2005","2005","PER","Persons","0","Units",,,32,,
"USA96","Montgomery (AL)","POP_DEN","Population density (pop. per km2)","2006","2006","PER","Persons","0","Units",,,32,,
"USA96","Montgomery (AL)","POP_DEN","Population density (pop. per km2)","2007","2007","PER","Persons","0","Units",,,32,,
"USA96","Montgomery (AL)","POP_DEN","Population density (pop. per km2)","2008","2008","PER","Persons","0","Units",,,33,,
"USA96","Montgomery (AL)","POP_DEN","Population density (pop. per km2)","2009","2009","PER","Persons","0","Units",,,33,,
"USA96","Montgomery (AL)","POP_DEN","Population density (pop. per km2)","2010","2010","PER","Persons","0","Units",,,33,,
"USA96","Montgomery (AL)","POP_DEN","Population density (pop. per km2)","2011","2011","PER","Persons","0","Units",,,33,,
"USA96","Montgomery (AL)","POP_DEN","Population density (pop. per km2)","2012","2012","PER","Persons","0","Units",,,33,,
"USA96","Montgomery (AL)","POP_DEN","Population density (pop. per km2)","2013","2013","PER","Persons","0","Units",,,33,,
"USA96","Montgomery (AL)","POP_DEN","Population density (pop. per km2)","2014","2014","PER","Persons","0","Units",,,33,,
"USA96","Montgomery (AL)","POP_DEN","Population density (pop. per km2)","2015","2015","PER","Persons","0","Units",,,33,,
"USA96","Montgomery (AL)","POP_DEN","Population density (pop. per km2)","2016","2016","PER","Persons","0","Units",,,33,,
"MEX47","Tlaxcala","T_T_SH_NAT","Share of population  in metropolitan area over the national value","2005","2005","RATIO","Ratio","0","Units",,,0.3,,
"MEX47","Tlaxcala","T_T_SH_NAT","Share of population  in metropolitan area over the national value","2010","2010","RATIO","Ratio","0","Units",,,0.3,,
"MEX47","Tlaxcala","T_T_SH_NAT","Share of population  in metropolitan area over the national value","2015","2015","RATIO","Ratio","0","Units",,,0.3,,
"FR048","Annecy","T_T_SH_NAT","Share of population  in metropolitan area over the national value","2001","2001","RATIO","Ratio","0","Units",,,0.4,,
"FR048","Annecy","T_T_SH_NAT","Share of population  in metropolitan area over the national value","2002","2002","RATIO","Ratio","0","Units",,,0.4,,
"FR048","Annecy","T_T_SH_NAT","Share of population  in metropolitan area over the national value","2003","2003","RATIO","Ratio","0","Units",,,0.4,,
"FR048","Annecy","T_T_SH_NAT","Share of population  in metropolitan area over the national value","2004","2004","RATIO","Ratio","0","Units",,,0.4,,
"FR048","Annecy","T_T_SH_NAT","Share of population  in metropolitan area over the national value","2005","2005","RATIO","Ratio","0","Units",,,0.4,,
"FR048","Annecy","T_T_SH_NAT","Share of population  in metropolitan area over the national value","2006","2006","RATIO","Ratio","0","Units",,,0.4,,
"FR048","Annecy","T_T_SH_NAT","Share of population  in metropolitan area over the national value","2007","2007","RATIO","Ratio","0","Units",,,0.4,,
"FR048","Annecy","T_T_SH_NAT","Share of population  in metropolitan area over the national value","2008","2008","RATIO","Ratio","0","Units",,,0.4,,
"FR048","Annecy","T_T_SH_NAT","Share of population  in metropolitan area over the national value","2009","2009","RATIO","Ratio","0","Units",,,0.4,,
"FR048","Annecy","T_T_SH_NAT","Share of population  in metropolitan area over the national value","2010","2010","RATIO","Ratio","0","Units",,,0.4,,
"FR048","Annecy","T_T_SH_NAT","Share of population  in metropolitan area over the national value","2011","2011","RATIO","Ratio","0","Units",,,0.4,,
"FR048","Annecy","T_T_SH_NAT","Share of population  in metropolitan area over the national value","2012","2012","RATIO","Ratio","0","Units",,,0.4,,
"FR048","Annecy","T_T_SH_NAT","Share of population  in metropolitan area over the national value","2013","2013","RATIO","Ratio","0","Units",,,0.4,,
"FR048","Annecy","T_T_SH_NAT","Share of population  in metropolitan area over the national value","2014","2014","RATIO","Ratio","0","Units",,,0.4,,
"FR048","Annecy","T_T_SH_NAT","Share of population  in metropolitan area over the national value","2015","2015","RATIO","Ratio","0","Units",,,0.4,,
"UK560","Oxford","T_T","Population, All ages. Administrative data","2001","2001","PER","Persons","0","Units",,,478970,,
"UK560","Oxford","T_T","Population, All ages. Administrative data","2002","2002","PER","Persons","0","Units",,,480737,,
"UK560","Oxford","T_T","Population, All ages. Administrative data","2003","2003","PER","Persons","0","Units",,,487111,,
"UK560","Oxford","T_T","Population, All ages. Administrative data","2004","2004","PER","Persons","0","Units",,,491053,,
"UK560","Oxford","T_T","Population, All ages. Administrative data","2005","2005","PER","Persons","0","Units",,,497518,,
"UK560","Oxford","T_T","Population, All ages. Administrative data","2006","2006","PER","Persons","0","Units",,,500197,,
"UK560","Oxford","T_T","Population, All ages. Administrative data","2007","2007","PER","Persons","0","Units",,,503468,,
"UK560","Oxford","T_T","Population, All ages. Administrative data","2008","2008","PER","Persons","0","Units",,,506173,,
"UK560","Oxford","T_T","Population, All ages. Administrative data","2009","2009","PER","Persons","0","Units",,,509629,,
"UK560","Oxford","T_T","Population, All ages. Administrative data","2010","2010","PER","Persons","0","Units",,,514773,,
"UK560","Oxford","T_T","Population, All ages. Administrative data","2011","2011","PER","Persons","0","Units",,,519830,,
"UK560","Oxford","T_T","Population, All ages. Administrative data","2012","2012","PER","Persons","0","Units",,,524287,,
"UK560","Oxford","T_T","Population, All ages. Administrative data","2013","2013","PER","Persons","0","Units",,,527670,,
"UK560","Oxford","T_T","Population, All ages. Administrative data","2014","2014","PER","Persons","0","Units",,,531900,,
"UK560","Oxford","T_T","Population, All ages. Administrative data","2015","2015","PER","Persons","0","Units",,,535413,,
"UK560","Oxford","T_T","Population, All ages. Administrative data","2016","2016","PER","Persons","0","Units",,,539328,,
"UK525","Milton Keynes","T_T_SH_NAT","Share of population  in metropolitan area over the national value","2001","2001","RATIO","Ratio","0","Units",,,0.4,,
"UK525","Milton Keynes","T_T_SH_NAT","Share of population  in metropolitan area over the national value","2002","2002","RATIO","Ratio","0","Units",,,0.4,,
"UK525","Milton Keynes","T_T_SH_NAT","Share of population  in metropolitan area over the national value","2003","2003","RATIO","Ratio","0","Units",,,0.4,,
"UK525","Milton Keynes","T_T_SH_NAT","Share of population  in metropolitan area over the national value","2004","2004","RATIO","Ratio","0","Units",,,0.4,,
"UK525","Milton Keynes","T_T_SH_NAT","Share of population  in metropolitan area over the national value","2005","2005","RATIO","Ratio","0","Units",,,0.4,,
"UK525","Milton Keynes","T_T_SH_NAT","Share of population  in metropolitan area over the national value","2006","2006","RATIO","Ratio","0","Units",,,0.4,,
"UK525","Milton Keynes","T_T_SH_NAT","Share of population  in metropolitan area over the national value","2007","2007","RATIO","Ratio","0","Units",,,0.4,,
"UK525","Milton Keynes","T_T_SH_NAT","Share of population  in metropolitan area over the national value","2008","2008","RATIO","Ratio","0","Units",,,0.4,,
"UK525","Milton Keynes","T_T_SH_NAT","Share of population  in metropolitan area over the national value","2009","2009","RATIO","Ratio","0","Units",,,0.4,,
"UK525","Milton Keynes","T_T_SH_NAT","Share of population  in metropolitan area over the national value","2010","2010","RATIO","Ratio","0","Units",,,0.4,,
"UK525","Milton Keynes","T_T_SH_NAT","Share of population  in metropolitan area over the national value","2011","2011","RATIO","Ratio","0","Units",,,0.4,,
"UK525","Milton Keynes","T_T_SH_NAT","Share of population  in metropolitan area over the national value","2012","2012","RATIO","Ratio","0","Units",,,0.4,,
"UK525","Milton Keynes","T_T_SH_NAT","Share of population  in metropolitan area over the national value","2013","2013","RATIO","Ratio","0","Units",,,0.4,,
"UK525","Milton Keynes","T_T_SH_NAT","Share of population  in metropolitan area over the national value","2014","2014","RATIO","Ratio","0","Units",,,0.4,,
"UK525","Milton Keynes","T_T_SH_NAT","Share of population  in metropolitan area over the national value","2015","2015","RATIO","Ratio","0","Units",,,0.4,,
"UK525","Milton Keynes","T_T_SH_NAT","Share of population  in metropolitan area over the national value","2016","2016","RATIO","Ratio","0","Units",,,0.4,,
"CZ003","Ostrava","POP_DEN","Population density (pop. per km2)","2000","2000","PER","Persons","0","Units",,,536,,
"CZ003","Ostrava","POP_DEN","Population density (pop. per km2)","2001","2001","PER","Persons","0","Units",,,535,,
"CZ003","Ostrava","POP_DEN","Population density (pop. per km2)","2002","2002","PER","Persons","0","Units",,,533,,
"CZ003","Ostrava","POP_DEN","Population density (pop. per km2)","2003","2003","PER","Persons","0","Units",,,532,,
"CZ003","Ostrava","POP_DEN","Population density (pop. per km2)","2004","2004","PER","Persons","0","Units",,,530,,
"CZ003","Ostrava","POP_DEN","Population density (pop. per km2)","2005","2005","PER","Persons","0","Units",,,529,,
"CZ003","Ostrava","POP_DEN","Population density (pop. per km2)","2006","2006","PER","Persons","0","Units",,,527,,
"CZ003","Ostrava","POP_DEN","Population density (pop. per km2)","2007","2007","PER","Persons","0","Units",,,526,,
"CZ003","Ostrava","POP_DEN","Population density (pop. per km2)","2008","2008","PER","Persons","0","Units",,,526,,
"CZ003","Ostrava","POP_DEN","Population density (pop. per km2)","2009","2009","PER","Persons","0","Units",,,524,,
"CZ003","Ostrava","POP_DEN","Population density (pop. per km2)","2010","2010","PER","Persons","0","Units",,,521,,
"CZ003","Ostrava","POP_DEN","Population density (pop. per km2)","2011","2011","PER","Persons","0","Units",,,514,,
"CZ003","Ostrava","POP_DEN","Population density (pop. per km2)","2012","2012","PER","Persons","0","Units",,,511,,
"CZ003","Ostrava","POP_DEN","Population density (pop. per km2)","2013","2013","PER","Persons","0","Units",,,509,,
"CZ003","Ostrava","POP_DEN","Population density (pop. per km2)","2014","2014","PER","Persons","0","Units",,,506,,
"CZ003","Ostrava","POP_DEN","Population density (pop. per km2)","2015","2015","PER","Persons","0","Units",,,504,,
"CZ003","Ostrava","POP_DEN","Population density (pop. per km2)","2016","2016","PER","Persons","0","Units",,,503,,
"USA117","Scott","T_T_SH_NAT","Share of population  in metropolitan area over the national value","2001","2001","RATIO","Ratio","0","Units",,,0.1,,
"USA117","Scott","T_T_SH_NAT","Share of population  in metropolitan area over the national value","2002","2002","RATIO","Ratio","0","Units",,,0.1,,
"USA117","Scott","T_T_SH_NAT","Share of population  in metropolitan area over the national value","2003","2003","RATIO","Ratio","0","Units",,,0.1,,
"USA117","Scott","T_T_SH_NAT","Share of population  in metropolitan area over the national value","2004","2004","RATIO","Ratio","0","Units",,,0.1,,
"USA117","Scott","T_T_SH_NAT","Share of population  in metropolitan area over the national value","2005","2005","RATIO","Ratio","0","Units",,,0.1,,
"USA117","Scott","T_T_SH_NAT","Share of population  in metropolitan area over the national value","2006","2006","RATIO","Ratio","0","Units",,,0.1,,
"USA117","Scott","T_T_SH_NAT","Share of population  in metropolitan area over the national value","2007","2007","RATIO","Ratio","0","Units",,,0.1,,
"USA117","Scott","T_T_SH_NAT","Share of population  in metropolitan area over the national value","2008","2008","RATIO","Ratio","0","Units",,,0.1,,
"USA117","Scott","T_T_SH_NAT","Share of population  in metropolitan area over the national value","2009","2009","RATIO","Ratio","0","Units",,,0.1,,
"USA117","Scott","T_T_SH_NAT","Share of population  in metropolitan area over the national value","2010","2010","RATIO","Ratio","0","Units",,,0.1,,
"USA117","Scott","T_T_SH_NAT","Share of population  in metropolitan area over the national value","2011","2011","RATIO","Ratio","0","Units",,,0.1,,
"USA117","Scott","T_T_SH_NAT","Share of population  in metropolitan area over the national value","2012","2012","RATIO","Ratio","0","Units",,,0.1,,
"USA117","Scott","T_T_SH_NAT","Share of population  in metropolitan area over the national value","2013","2013","RATIO","Ratio","0","Units",,,0.1,,
"USA117","Scott","T_T_SH_NAT","Share of population  in metropolitan area over the national value","2014","2014","RATIO","Ratio","0","Units",,,0.1,,
"USA117","Scott","T_T_SH_NAT","Share of population  in metropolitan area over the national value","2015","2015","RATIO","Ratio","0","Units",,,0.1,,
"USA117","Scott","T_T_SH_NAT","Share of population  in metropolitan area over the national value","2016","2016","RATIO","Ratio","0","Units",,,0.1,,
"USA141","Potter","POP_DEN","Population density (pop. per km2)","2000","2000","PER","Persons","0","Units",,,14,,
"USA141","Potter","POP_DEN","Population density (pop. per km2)","2001","2001","PER","Persons","0","Units",,,14,,
"USA141","Potter","POP_DEN","Population density (pop. per km2)","2002","2002","PER","Persons","0","Units",,,15,,
"USA141","Potter","POP_DEN","Population density (pop. per km2)","2003","2003","PER","Persons","0","Units",,,15,,
"USA141","Potter","POP_DEN","Population density (pop. per km2)","2004","2004","PER","Persons","0","Units",,,15,,
"USA141","Potter","POP_DEN","Population density (pop. per km2)","2005","2005","PER","Persons","0","Units",,,15,,
"USA141","Potter","POP_DEN","Population density (pop. per km2)","2006","2006","PER","Persons","0","Units",,,15,,
"USA141","Potter","POP_DEN","Population density (pop. per km2)","2007","2007","PER","Persons","0","Units",,,15,,
"USA141","Potter","POP_DEN","Population density (pop. per km2)","2008","2008","PER","Persons","0","Units",,,15,,
"USA141","Potter","POP_DEN","Population density (pop. per km2)","2009","2009","PER","Persons","0","Units",,,15,,
"USA141","Potter","POP_DEN","Population density (pop. per km2)","2010","2010","PER","Persons","0","Units",,,16,,
"USA141","Potter","POP_DEN","Population density (pop. per km2)","2011","2011","PER","Persons","0","Units",,,16,,
"USA141","Potter","POP_DEN","Population density (pop. per km2)","2012","2012","PER","Persons","0","Units",,,16,,
"USA141","Potter","POP_DEN","Population density (pop. per km2)","2013","2013","PER","Persons","0","Units",,,16,,
"USA141","Potter","POP_DEN","Population density (pop. per km2)","2014","2014","PER","Persons","0","Units",,,16,,
"USA141","Potter","POP_DEN","Population density (pop. per km2)","2015","2015","PER","Persons","0","Units",,,16,,
"USA141","Potter","POP_DEN","Population density (pop. per km2)","2016","2016","PER","Persons","0","Units",,,16,,
"DE025","Darmstadt","T_T_SH_NAT","Share of population  in metropolitan area over the national value","2001","2001","RATIO","Ratio","0","Units",,,0.5,,
"DE025","Darmstadt","T_T_SH_NAT","Share of population  in metropolitan area over the national value","2002","2002","RATIO","Ratio","0","Units",,,0.5,,
"DE025","Darmstadt","T_T_SH_NAT","Share of population  in metropolitan area over the national value","2003","2003","RATIO","Ratio","0","Units",,,0.5,,
"DE025","Darmstadt","T_T_SH_NAT","Share of population  in metropolitan area over the national value","2004","2004","RATIO","Ratio","0","Units",,,0.5,,
"DE025","Darmstadt","T_T_SH_NAT","Share of population  in metropolitan area over the national value","2005","2005","RATIO","Ratio","0","Units",,,0.5,,
"DE025","Darmstadt","T_T_SH_NAT","Share of population  in metropolitan area over the national value","2006","2006","RATIO","Ratio","0","Units",,,0.5,,
"DE025","Darmstadt","T_T_SH_NAT","Share of population  in metropolitan area over the national value","2007","2007","RATIO","Ratio","0","Units",,,0.5,,
"DE025","Darmstadt","T_T_SH_NAT","Share of population  in metropolitan area over the national value","2008","2008","RATIO","Ratio","0","Units",,,0.5,,
"DE025","Darmstadt","T_T_SH_NAT","Share of population  in metropolitan area over the national value","2009","2009","RATIO","Ratio","0","Units",,,0.5,,
"DE025","Darmstadt","T_T_SH_NAT","Share of population  in metropolitan area over the national value","2010","2010","RATIO","Ratio","0","Units",,,0.5,,
"DE025","Darmstadt","T_T_SH_NAT","Share of population  in metropolitan area over the national value","2011","2011","RATIO","Ratio","0","Units",,,0.5,,
"DE025","Darmstadt","T_T_SH_NAT","Share of population  in metropolitan area over the national value","2012","2012","RATIO","Ratio","0","Units",,,0.5,,
"DE025","Darmstadt","T_T_SH_NAT","Share of population  in metropolitan area over the national value","2013","2013","RATIO","Ratio","0","Units",,,0.5,,
"DE025","Darmstadt","T_T_SH_NAT","Share of population  in metropolitan area over the national value","2014","2014","RATIO","Ratio","0","Units",,,0.5,,
"DE025","Darmstadt","T_T_SH_NAT","Share of population  in metropolitan area over the national value","2015","2015","RATIO","Ratio","0","Units",,,0.5,,
"DE025","Darmstadt","T_T_SH_NAT","Share of population  in metropolitan area over the national value","2016","2016","RATIO","Ratio","0","Units",,,0.6,,
"JPN08","Hiroshima","T_T","Population, All ages. Administrative data","2000","2000","PER","Persons","0","Units",,,1406499,,
"JPN08","Hiroshima","T_T","Population, All ages. Administrative data","2001","2001","PER","Persons","0","Units",,,1408301,,
"JPN08","Hiroshima","T_T","Population, All ages. Administrative data","2002","2002","PER","Persons","0","Units",,,1410106,,
"JPN08","Hiroshima","T_T","Population, All ages. Administrative data","2003","2003","PER","Persons","0","Units",,,1411908,,
"JPN08","Hiroshima","T_T","Population, All ages. Administrative data","2004","2004","PER","Persons","0","Units",,,1413713,,
"JPN08","Hiroshima","T_T","Population, All ages. Administrative data","2005","2005","PER","Persons","0","Units",,,1415515,,
"JPN08","Hiroshima","T_T","Population, All ages. Administrative data","2006","2006","PER","Persons","0","Units",,,1416594,,
"JPN08","Hiroshima","T_T","Population, All ages. Administrative data","2007","2007","PER","Persons","0","Units",,,1417675,,
"JPN08","Hiroshima","T_T","Population, All ages. Administrative data","2008","2008","PER","Persons","0","Units",,,1418754,,
"JPN08","Hiroshima","T_T","Population, All ages. Administrative data","2009","2009","PER","Persons","0","Units",,,1419835,,
"JPN08","Hiroshima","T_T","Population, All ages. Administrative data","2010","2010","PER","Persons","0","Units",,,1420914,,
"JPN08","Hiroshima","T_T","Population, All ages. Administrative data","2011","2011","PER","Persons","0","Units",,,1424814,,
"JPN08","Hiroshima","T_T","Population, All ages. Administrative data","2012","2012","PER","Persons","0","Units",,,1428714,,
"JPN08","Hiroshima","T_T","Population, All ages. Administrative data","2013","2013","PER","Persons","0","Units",,,1432615,,
"JPN08","Hiroshima","T_T","Population, All ages. Administrative data","2014","2014","PER","Persons","0","Units",,,1436515,,
"JPN08","Hiroshima","T_T","Population, All ages. Administrative data","2015","2015","PER","Persons","0","Units",,,1440415,,
"NL001","The Hague","T_T","Population, All ages. Administrative data","2000","2000","PER","Persons","0","Units",,,935934,,
"NL001","The Hague","T_T","Population, All ages. Administrative data","2001","2001","PER","Persons","0","Units",,,946491,,
"NL001","The Hague","T_T","Population, All ages. Administrative data","2002","2002","PER","Persons","0","Units",,,957048,,
"NL001","The Hague","T_T","Population, All ages. Administrative data","2003","2003","PER","Persons","0","Units",,,967604,,
"NL001","The Hague","T_T","Population, All ages. Administrative data","2004","2004","PER","Persons","0","Units",,,978161,,
"NL001","The Hague","T_T","Population, All ages. Administrative data","2005","2005","PER","Persons","0","Units",,,984442,,
"NL001","The Hague","T_T","Population, All ages. Administrative data","2006","2006","PER","Persons","0","Units",,,991039,,
"NL001","The Hague","T_T","Population, All ages. Administrative data","2007","2007","PER","Persons","0","Units",,,994182,,
"NL001","The Hague","T_T","Population, All ages. Administrative data","2008","2008","PER","Persons","0","Units",,,997323,,
"NL001","The Hague","T_T","Population, All ages. Administrative data","2009","2009","PER","Persons","0","Units",,,1007560,,
"NL001","The Hague","T_T","Population, All ages. Administrative data","2010","2010","PER","Persons","0","Units",,,1017113,,
"NL001","The Hague","T_T","Population, All ages. Administrative data","2011","2011","PER","Persons","0","Units",,,1026469,,
"NL001","The Hague","T_T","Population, All ages. Administrative data","2012","2012","PER","Persons","0","Units",,,1038526,,
"NL001","The Hague","T_T","Population, All ages. Administrative data","2013","2013","PER","Persons","0","Units",,,1045064,,
"NL001","The Hague","T_T","Population, All ages. Administrative data","2014","2014","PER","Persons","0","Units",,,1051980,,
"NL001","The Hague","T_T","Population, All ages. Administrative data","2015","2015","PER","Persons","0","Units",,,1062056,,
"NL001","The Hague","T_T","Population, All ages. Administrative data","2016","2016","PER","Persons","0","Units",,,1070292,,
"KOR01","Seoul","T_T","Population, All ages. Administrative data","2000","2000","PER","Persons","0","Units",,,20171289,,
"KOR01","Seoul","T_T","Population, All ages. Administrative data","2001","2001","PER","Persons","0","Units",,,20476511,,
"KOR01","Seoul","T_T","Population, All ages. Administrative data","2002","2002","PER","Persons","0","Units",,,20781733,,
"KOR01","Seoul","T_T","Population, All ages. Administrative data","2003","2003","PER","Persons","0","Units",,,21086955,,
"KOR01","Seoul","T_T","Population, All ages. Administrative data","2004","2004","PER","Persons","0","Units",,,21392176,,
"KOR01","Seoul","T_T","Population, All ages. Administrative data","2005","2005","PER","Persons","0","Units",,,21697398,,
"KOR01","Seoul","T_T","Population, All ages. Administrative data","2006","2006","PER","Persons","0","Units",,,22002620,,
"KOR01","Seoul","T_T","Population, All ages. Administrative data","2007","2007","PER","Persons","0","Units",,,22307842,,
"KOR01","Seoul","T_T","Population, All ages. Administrative data","2008","2008","PER","Persons","0","Units",,,22613064,,
"KOR01","Seoul","T_T","Population, All ages. Administrative data","2009","2009","PER","Persons","0","Units",,,22918286,,
"KOR01","Seoul","T_T","Population, All ages. Administrative data","2010","2010","PER","Persons","0","Units",,,23223508,,
"KOR01","Seoul","T_T","Population, All ages. Administrative data","2011","2011","PER","Persons","0","Units",,,23528730,,
"KOR01","Seoul","T_T","Population, All ages. Administrative data","2012","2012","PER","Persons","0","Units",,,23655652,,
"KOR01","Seoul","T_T","Population, All ages. Administrative data","2013","2013","PER","Persons","0","Units",,,23763034,,
"KOR01","Seoul","T_T","Population, All ages. Administrative data","2014","2014","PER","Persons","0","Units",,,23857101,,
"KOR01","Seoul","T_T","Population, All ages. Administrative data","2015","2015","PER","Persons","0","Units",,,23949882,,
"KOR01","Seoul","T_T","Population, All ages. Administrative data","2016","2016","PER","Persons","0","Units",,,24048810,,
"DE035","Karlsruhe","T_T","Population, All ages. Administrative data","2001","2001","PER","Persons","0","Units",,,697797,,
"DE035","Karlsruhe","T_T","Population, All ages. Administrative data","2002","2002","PER","Persons","0","Units",,,702210,,
"DE035","Karlsruhe","T_T","Population, All ages. Administrative data","2003","2003","PER","Persons","0","Units",,,706778,,
"DE035","Karlsruhe","T_T","Population, All ages. Administrative data","2004","2004","PER","Persons","0","Units",,,709419,,
"DE035","Karlsruhe","T_T","Population, All ages. Administrative data","2005","2005","PER","Persons","0","Units",,,712150,,
"DE035","Karlsruhe","T_T","Population, All ages. Administrative data","2006","2006","PER","Persons","0","Units",,,714539,,
"DE035","Karlsruhe","T_T","Population, All ages. Administrative data","2007","2007","PER","Persons","0","Units",,,716348,,
"DE035","Karlsruhe","T_T","Population, All ages. Administrative data","2008","2008","PER","Persons","0","Units",,,720100,,
"DE035","Karlsruhe","T_T","Population, All ages. Administrative data","2009","2009","PER","Persons","0","Units",,,721781,,
"DE035","Karlsruhe","T_T","Population, All ages. Administrative data","2010","2010","PER","Persons","0","Units",,,723226,,
"DE035","Karlsruhe","T_T","Population, All ages. Administrative data","2011","2011","PER","Persons","0","Units",,,712525,,
"DE035","Karlsruhe","T_T","Population, All ages. Administrative data","2012","2012","PER","Persons","0","Units",,,716172,,
"DE035","Karlsruhe","T_T","Population, All ages. Administrative data","2013","2013","PER","Persons","0","Units",,,722801,,
"DE035","Karlsruhe","T_T","Population, All ages. Administrative data","2014","2014","PER","Persons","0","Units",,,727950,,
"DE035","Karlsruhe","T_T","Population, All ages. Administrative data","2015","2015","PER","Persons","0","Units",,,731024,,
"DE035","Karlsruhe","T_T","Population, All ages. Administrative data","2016","2016","PER","Persons","0","Units",,,743252,,
"DE079","Wetzlar","POP_DEN","Population density (pop. per km2)","2001","2001","PER","Persons","0","Units",,,247,,
"DE079","Wetzlar","POP_DEN","Population density (pop. per km2)","2002","2002","PER","Persons","0","Units",,,247,,
"DE079","Wetzlar","POP_DEN","Population density (pop. per km2)","2003","2003","PER","Persons","0","Units",,,247,,
"DE079","Wetzlar","POP_DEN","Population density (pop. per km2)","2004","2004","PER","Persons","0","Units",,,246,,
"DE079","Wetzlar","POP_DEN","Population density (pop. per km2)","2005","2005","PER","Persons","0","Units",,,245,,
"DE079","Wetzlar","POP_DEN","Population density (pop. per km2)","2006","2006","PER","Persons","0","Units",,,244,,
"DE079","Wetzlar","POP_DEN","Population density (pop. per km2)","2007","2007","PER","Persons","0","Units",,,243,,
"DE079","Wetzlar","POP_DEN","Population density (pop. per km2)","2008","2008","PER","Persons","0","Units",,,242,,
"DE079","Wetzlar","POP_DEN","Population density (pop. per km2)","2009","2009","PER","Persons","0","Units",,,241,,
"DE079","Wetzlar","POP_DEN","Population density (pop. per km2)","2010","2010","PER","Persons","0","Units",,,239,,
"DE079","Wetzlar","POP_DEN","Population density (pop. per km2)","2011","2011","PER","Persons","0","Units",,,238,,
"DE079","Wetzlar","POP_DEN","Population density (pop. per km2)","2012","2012","PER","Persons","0","Units",,,237,,
"DE079","Wetzlar","POP_DEN","Population density (pop. per km2)","2013","2013","PER","Persons","0","Units",,,236,,
"DE079","Wetzlar","POP_DEN","Population density (pop. per km2)","2014","2014","PER","Persons","0","Units",,,236,,
"DE079","Wetzlar","POP_DEN","Population density (pop. per km2)","2015","2015","PER","Persons","0","Units",,,236,,
"DE079","Wetzlar","POP_DEN","Population density (pop. per km2)","2016","2016","PER","Persons","0","Units",,,237,,
"NO003","Trondheim","POP_DEN","Population density (pop. per km2)","2000","2000","PER","Persons","0","Units",,,33,,
"NO003","Trondheim","POP_DEN","Population density (pop. per km2)","2001","2001","PER","Persons","0","Units",,,34,,
"NO003","Trondheim","POP_DEN","Population density (pop. per km2)","2002","2002","PER","Persons","0","Units",,,34,,
"NO003","Trondheim","POP_DEN","Population density (pop. per km2)","2003","2003","PER","Persons","0","Units",,,34,,
"NO003","Trondheim","POP_DEN","Population density (pop. per km2)","2004","2004","PER","Persons","0","Units",,,34,,
"NO003","Trondheim","POP_DEN","Population density (pop. per km2)","2005","2005","PER","Persons","0","Units",,,35,,
"NO003","Trondheim","POP_DEN","Population density (pop. per km2)","2006","2006","PER","Persons","0","Units",,,35,,
"NO003","Trondheim","POP_DEN","Population density (pop. per km2)","2007","2007","PER","Persons","0","Units",,,36,,
"NO003","Trondheim","POP_DEN","Population density (pop. per km2)","2008","2008","PER","Persons","0","Units",,,37,,
"NO003","Trondheim","POP_DEN","Population density (pop. per km2)","2009","2009","PER","Persons","0","Units",,,37,,
"NO003","Trondheim","POP_DEN","Population density (pop. per km2)","2010","2010","PER","Persons","0","Units",,,38,,
"NO003","Trondheim","POP_DEN","Population density (pop. per km2)","2011","2011","PER","Persons","0","Units",,,38,,
"NO003","Trondheim","POP_DEN","Population density (pop. per km2)","2012","2012","PER","Persons","0","Units",,,39,,
"NO003","Trondheim","POP_DEN","Population density (pop. per km2)","2013","2013","PER","Persons","0","Units",,,40,,
"NO003","Trondheim","POP_DEN","Population density (pop. per km2)","2014","2014","PER","Persons","0","Units",,,40,,
"NO003","Trondheim","POP_DEN","Population density (pop. per km2)","2015","2015","PER","Persons","0","Units",,,41,,
"NO003","Trondheim","POP_DEN","Population density (pop. per km2)","2016","2016","PER","Persons","0","Units",,,41,,
"MEX48","Cordoba","T_T_SH_NAT","Share of population  in metropolitan area over the national value","2005","2005","RATIO","Ratio","0","Units",,,0.3,,
"MEX48","Cordoba","T_T_SH_NAT","Share of population  in metropolitan area over the national value","2010","2010","RATIO","Ratio","0","Units",,,0.3,,
"MEX48","Cordoba","T_T_SH_NAT","Share of population  in metropolitan area over the national value","2015","2015","RATIO","Ratio","0","Units",,,0.3,,
"NL012","Breda","T_T","Population, All ages. Administrative data","2000","2000","PER","Persons","0","Units",,,335372,,
"NL012","Breda","T_T","Population, All ages. Administrative data","2001","2001","PER","Persons","0","Units",,,338269,,
"NL012","Breda","T_T","Population, All ages. Administrative data","2002","2002","PER","Persons","0","Units",,,341166,,
"NL012","Breda","T_T","Population, All ages. Administrative data","2003","2003","PER","Persons","0","Units",,,344062,,
"NL012","Breda","T_T","Population, All ages. Administrative data","2004","2004","PER","Persons","0","Units",,,346959,,
"NL012","Breda","T_T","Population, All ages. Administrative data","2005","2005","PER","Persons","0","Units",,,349337,,
"NL012","Breda","T_T","Population, All ages. Administrative data","2006","2006","PER","Persons","0","Units",,,351735,,
"NL012","Breda","T_T","Population, All ages. Administrative data","2007","2007","PER","Persons","0","Units",,,353124,,
"NL012","Breda","T_T","Population, All ages. Administrative data","2008","2008","PER","Persons","0","Units",,,354513,,
"NL012","Breda","T_T","Population, All ages. Administrative data","2009","2009","PER","Persons","0","Units",,,356710,,
"NL012","Breda","T_T","Population, All ages. Administrative data","2010","2010","PER","Persons","0","Units",,,358689,,
"NL012","Breda","T_T","Population, All ages. Administrative data","2011","2011","PER","Persons","0","Units",,,360045,,
"NL012","Breda","T_T","Population, All ages. Administrative data","2012","2012","PER","Persons","0","Units",,,362176,,
"NL012","Breda","T_T","Population, All ages. Administrative data","2013","2013","PER","Persons","0","Units",,,364275,,
"NL012","Breda","T_T","Population, All ages. Administrative data","2014","2014","PER","Persons","0","Units",,,366189,,
"NL012","Breda","T_T","Population, All ages. Administrative data","2015","2015","PER","Persons","0","Units",,,367716,,
"NL012","Breda","T_T","Population, All ages. Administrative data","2016","2016","PER","Persons","0","Units",,,369451,,
"AUS01","Greater Sydney","T_T_SH_NAT","Share of population  in metropolitan area over the national value","2001","2001","RATIO","Ratio","0","Units",,,21.3,,
"AUS01","Greater Sydney","T_T_SH_NAT","Share of population  in metropolitan area over the national value","2002","2002","RATIO","Ratio","0","Units",,,21.2,,
"AUS01","Greater Sydney","T_T_SH_NAT","Share of population  in metropolitan area over the national value","2003","2003","RATIO","Ratio","0","Units",,,21.1,,
"AUS01","Greater Sydney","T_T_SH_NAT","Share of population  in metropolitan area over the national value","2004","2004","RATIO","Ratio","0","Units",,,21,,
"AUS01","Greater Sydney","T_T_SH_NAT","Share of population  in metropolitan area over the national value","2005","2005","RATIO","Ratio","0","Units",,,20.9,,
"AUS01","Greater Sydney","T_T_SH_NAT","Share of population  in metropolitan area over the national value","2006","2006","RATIO","Ratio","0","Units",,,20.8,,
"AUS01","Greater Sydney","T_T_SH_NAT","Share of population  in metropolitan area over the national value","2007","2007","RATIO","Ratio","0","Units",,,20.8,,
"AUS01","Greater Sydney","T_T_SH_NAT","Share of population  in metropolitan area over the national value","2008","2008","RATIO","Ratio","0","Units",,,20.8,,
"AUS01","Greater Sydney","T_T_SH_NAT","Share of population  in metropolitan area over the national value","2009","2009","RATIO","Ratio","0","Units",,,20.7,,
"AUS01","Greater Sydney","T_T_SH_NAT","Share of population  in metropolitan area over the national value","2010","2010","RATIO","Ratio","0","Units",,,20.7,,
"AUS01","Greater Sydney","T_T_SH_NAT","Share of population  in metropolitan area over the national value","2011","2011","RATIO","Ratio","0","Units",,,20.6,,
"AUS01","Greater Sydney","T_T_SH_NAT","Share of population  in metropolitan area over the national value","2012","2012","RATIO","Ratio","0","Units",,,20.6,,
"AUS01","Greater Sydney","T_T_SH_NAT","Share of population  in metropolitan area over the national value","2013","2013","RATIO","Ratio","0","Units",,,20.6,,
"AUS01","Greater Sydney","T_T_SH_NAT","Share of population  in metropolitan area over the national value","2014","2014","RATIO","Ratio","0","Units",,,20.7,,
"AUS01","Greater Sydney","T_T_SH_NAT","Share of population  in metropolitan area over the national value","2015","2015","RATIO","Ratio","0","Units",,,20.8,,
"AUS01","Greater Sydney","T_T_SH_NAT","Share of population  in metropolitan area over the national value","2016","2016","RATIO","Ratio","0","Units",,,20.9,,
"IT502","Prato","POP_DEN","Population density (pop. per km2)","2000","2000","PER","Persons","0","Units",,,600,,
"IT502","Prato","POP_DEN","Population density (pop. per km2)","2001","2001","PER","Persons","0","Units",,,606,,
"IT502","Prato","POP_DEN","Population density (pop. per km2)","2002","2002","PER","Persons","0","Units",,,611,,
"IT502","Prato","POP_DEN","Population density (pop. per km2)","2003","2003","PER","Persons","0","Units",,,616,,
"IT502","Prato","POP_DEN","Population density (pop. per km2)","2004","2004","PER","Persons","0","Units",,,622,,
"IT502","Prato","POP_DEN","Population density (pop. per km2)","2005","2005","PER","Persons","0","Units",,,627,,
"IT502","Prato","POP_DEN","Population density (pop. per km2)","2006","2006","PER","Persons","0","Units",,,633,,
"IT502","Prato","POP_DEN","Population density (pop. per km2)","2007","2007","PER","Persons","0","Units",,,638,,
"IT502","Prato","POP_DEN","Population density (pop. per km2)","2008","2008","PER","Persons","0","Units",,,644,,
"IT502","Prato","POP_DEN","Population density (pop. per km2)","2009","2009","PER","Persons","0","Units",,,649,,
"IT502","Prato","POP_DEN","Population density (pop. per km2)","2010","2010","PER","Persons","0","Units",,,655,,
"IT502","Prato","POP_DEN","Population density (pop. per km2)","2011","2011","PER","Persons","0","Units",,,660,,
"IT502","Prato","POP_DEN","Population density (pop. per km2)","2012","2012","PER","Persons","0","Units",,,666,,
"IT502","Prato","POP_DEN","Population density (pop. per km2)","2013","2013","PER","Persons","0","Units",,,673,,
"IT502","Prato","POP_DEN","Population density (pop. per km2)","2014","2014","PER","Persons","0","Units",,,687,,
"IT502","Prato","POP_DEN","Population density (pop. per km2)","2015","2015","PER","Persons","0","Units",,,687,,
"IT502","Prato","POP_DEN","Population density (pop. per km2)","2016","2016","PER","Persons","0","Units",,,687,,
"CAN03","Vancouver","POP_DEN","Population density (pop. per km2)","2000","2000","PER","Persons","0","Units",,,680,,
"CAN03","Vancouver","POP_DEN","Population density (pop. per km2)","2001","2001","PER","Persons","0","Units",,,691,,
"CAN03","Vancouver","POP_DEN","Population density (pop. per km2)","2002","2002","PER","Persons","0","Units",,,699,,
"CAN03","Vancouver","POP_DEN","Population density (pop. per km2)","2003","2003","PER","Persons","0","Units",,,704,,
"CAN03","Vancouver","POP_DEN","Population density (pop. per km2)","2004","2004","PER","Persons","0","Units",,,710,,
"CAN03","Vancouver","POP_DEN","Population density (pop. per km2)","2005","2005","PER","Persons","0","Units",,,719,,
"CAN03","Vancouver","POP_DEN","Population density (pop. per km2)","2006","2006","PER","Persons","0","Units",,,729,,
"CAN03","Vancouver","POP_DEN","Population density (pop. per km2)","2007","2007","PER","Persons","0","Units",,,739,,
"CAN03","Vancouver","POP_DEN","Population density (pop. per km2)","2008","2008","PER","Persons","0","Units",,,751,,
"CAN03","Vancouver","POP_DEN","Population density (pop. per km2)","2009","2009","PER","Persons","0","Units",,,766,,
"CAN03","Vancouver","POP_DEN","Population density (pop. per km2)","2010","2010","PER","Persons","0","Units",,,770,,
"CAN03","Vancouver","POP_DEN","Population density (pop. per km2)","2011","2011","PER","Persons","0","Units",,,773,,
"CAN03","Vancouver","POP_DEN","Population density (pop. per km2)","2012","2012","PER","Persons","0","Units",,,783,,
"CAN03","Vancouver","POP_DEN","Population density (pop. per km2)","2013","2013","PER","Persons","0","Units",,,793,,
"CAN03","Vancouver","POP_DEN","Population density (pop. per km2)","2014","2014","PER","Persons","0","Units",,,803,,
"CAN03","Vancouver","POP_DEN","Population density (pop. per km2)","2015","2015","PER","Persons","0","Units",,,813,,
"CAN03","Vancouver","POP_DEN","Population density (pop. per km2)","2016","2016","PER","Persons","0","Units",,,823,,
"DE038","Ruhr","T_T_SH_NAT","Share of population  in metropolitan area over the national value","2001","2001","RATIO","Ratio","0","Units",,,6.5,,
"DE038","Ruhr","T_T_SH_NAT","Share of population  in metropolitan area over the national value","2002","2002","RATIO","Ratio","0","Units",,,6.5,,
"DE038","Ruhr","T_T_SH_NAT","Share of population  in metropolitan area over the national value","2003","2003","RATIO","Ratio","0","Units",,,6.5,,
"DE038","Ruhr","T_T_SH_NAT","Share of population  in metropolitan area over the national value","2004","2004","RATIO","Ratio","0","Units",,,6.4,,
"DE038","Ruhr","T_T_SH_NAT","Share of population  in metropolitan area over the national value","2005","2005","RATIO","Ratio","0","Units",,,6.4,,
"DE038","Ruhr","T_T_SH_NAT","Share of population  in metropolitan area over the national value","2006","2006","RATIO","Ratio","0","Units",,,6.4,,
"DE038","Ruhr","T_T_SH_NAT","Share of population  in metropolitan area over the national value","2007","2007","RATIO","Ratio","0","Units",,,6.4,,
"DE038","Ruhr","T_T_SH_NAT","Share of population  in metropolitan area over the national value","2008","2008","RATIO","Ratio","0","Units",,,6.4,,
"DE038","Ruhr","T_T_SH_NAT","Share of population  in metropolitan area over the national value","2009","2009","RATIO","Ratio","0","Units",,,6.3,,
"DE038","Ruhr","T_T_SH_NAT","Share of population  in metropolitan area over the national value","2010","2010","RATIO","Ratio","0","Units",,,6.3,,
"DE038","Ruhr","T_T_SH_NAT","Share of population  in metropolitan area over the national value","2011","2011","RATIO","Ratio","0","Units",,,6.3,,
"DE038","Ruhr","T_T_SH_NAT","Share of population  in metropolitan area over the national value","2012","2012","RATIO","Ratio","0","Units",,,6.3,,
"DE038","Ruhr","T_T_SH_NAT","Share of population  in metropolitan area over the national value","2013","2013","RATIO","Ratio","0","Units",,,6.3,,
"DE038","Ruhr","T_T_SH_NAT","Share of population  in metropolitan area over the national value","2014","2014","RATIO","Ratio","0","Units",,,6.2,,
"DE038","Ruhr","T_T_SH_NAT","Share of population  in metropolitan area over the national value","2015","2015","RATIO","Ratio","0","Units",,,6.2,,
"DE038","Ruhr","T_T_SH_NAT","Share of population  in metropolitan area over the national value","2016","2016","RATIO","Ratio","0","Units",,,6.2,,
"USA123","Chatham","T_T_SH_NAT","Share of population  in metropolitan area over the national value","2001","2001","RATIO","Ratio","0","Units",,,0.1,,
"USA123","Chatham","T_T_SH_NAT","Share of population  in metropolitan area over the national value","2002","2002","RATIO","Ratio","0","Units",,,0.1,,
"USA123","Chatham","T_T_SH_NAT","Share of population  in metropolitan area over the national value","2003","2003","RATIO","Ratio","0","Units",,,0.1,,
"USA123","Chatham","T_T_SH_NAT","Share of population  in metropolitan area over the national value","2004","2004","RATIO","Ratio","0","Units",,,0.1,,
"USA123","Chatham","T_T_SH_NAT","Share of population  in metropolitan area over the national value","2005","2005","RATIO","Ratio","0","Units",,,0.1,,
"USA123","Chatham","T_T_SH_NAT","Share of population  in metropolitan area over the national value","2006","2006","RATIO","Ratio","0","Units",,,0.1,,
"USA123","Chatham","T_T_SH_NAT","Share of population  in metropolitan area over the national value","2007","2007","RATIO","Ratio","0","Units",,,0.1,,
"USA123","Chatham","T_T_SH_NAT","Share of population  in metropolitan area over the national value","2008","2008","RATIO","Ratio","0","Units",,,0.1,,
"USA123","Chatham","T_T_SH_NAT","Share of population  in metropolitan area over the national value","2009","2009","RATIO","Ratio","0","Units",,,0.1,,
"USA123","Chatham","T_T_SH_NAT","Share of population  in metropolitan area over the national value","2010","2010","RATIO","Ratio","0","Units",,,0.1,,
"USA123","Chatham","T_T_SH_NAT","Share of population  in metropolitan area over the national value","2011","2011","RATIO","Ratio","0","Units",,,0.1,,
"USA123","Chatham","T_T_SH_NAT","Share of population  in metropolitan area over the national value","2012","2012","RATIO","Ratio","0","Units",,,0.1,,
"USA123","Chatham","T_T_SH_NAT","Share of population  in metropolitan area over the national value","2013","2013","RATIO","Ratio","0","Units",,,0.1,,
"USA123","Chatham","T_T_SH_NAT","Share of population  in metropolitan area over the national value","2014","2014","RATIO","Ratio","0","Units",,,0.1,,
"USA123","Chatham","T_T_SH_NAT","Share of population  in metropolitan area over the national value","2015","2015","RATIO","Ratio","0","Units",,,0.1,,
"USA123","Chatham","T_T_SH_NAT","Share of population  in metropolitan area over the national value","2016","2016","RATIO","Ratio","0","Units",,,0.1,,
"DE014","Nuremberg","T_T_SH_NAT","Share of population  in metropolitan area over the national value","2001","2001","RATIO","Ratio","0","Units",,,1.6,,
"DE014","Nuremberg","T_T_SH_NAT","Share of population  in metropolitan area over the national value","2002","2002","RATIO","Ratio","0","Units",,,1.6,,
"DE014","Nuremberg","T_T_SH_NAT","Share of population  in metropolitan area over the national value","2003","2003","RATIO","Ratio","0","Units",,,1.6,,
"DE014","Nuremberg","T_T_SH_NAT","Share of population  in metropolitan area over the national value","2004","2004","RATIO","Ratio","0","Units",,,1.6,,
"DE014","Nuremberg","T_T_SH_NAT","Share of population  in metropolitan area over the national value","2005","2005","RATIO","Ratio","0","Units",,,1.6,,
"DE014","Nuremberg","T_T_SH_NAT","Share of population  in metropolitan area over the national value","2006","2006","RATIO","Ratio","0","Units",,,1.6,,
"DE014","Nuremberg","T_T_SH_NAT","Share of population  in metropolitan area over the national value","2007","2007","RATIO","Ratio","0","Units",,,1.6,,
"DE014","Nuremberg","T_T_SH_NAT","Share of population  in metropolitan area over the national value","2008","2008","RATIO","Ratio","0","Units",,,1.6,,
"DE014","Nuremberg","T_T_SH_NAT","Share of population  in metropolitan area over the national value","2009","2009","RATIO","Ratio","0","Units",,,1.6,,
"DE014","Nuremberg","T_T_SH_NAT","Share of population  in metropolitan area over the national value","2010","2010","RATIO","Ratio","0","Units",,,1.6,,
"DE014","Nuremberg","T_T_SH_NAT","Share of population  in metropolitan area over the national value","2011","2011","RATIO","Ratio","0","Units",,,1.6,,
"DE014","Nuremberg","T_T_SH_NAT","Share of population  in metropolitan area over the national value","2012","2012","RATIO","Ratio","0","Units",,,1.6,,
"DE014","Nuremberg","T_T_SH_NAT","Share of population  in metropolitan area over the national value","2013","2013","RATIO","Ratio","0","Units",,,1.6,,
"DE014","Nuremberg","T_T_SH_NAT","Share of population  in metropolitan area over the national value","2014","2014","RATIO","Ratio","0","Units",,,1.6,,
"DE014","Nuremberg","T_T_SH_NAT","Share of population  in metropolitan area over the national value","2015","2015","RATIO","Ratio","0","Units",,,1.6,,
"DE014","Nuremberg","T_T_SH_NAT","Share of population  in metropolitan area over the national value","2016","2016","RATIO","Ratio","0","Units",,,1.6,,
"USA145","Nashville ","T_T","Population, All ages. Administrative data","2000","2000","PER","Persons","0","Units",,,196512,,
"USA145","Nashville ","T_T","Population, All ages. Administrative data","2001","2001","PER","Persons","0","Units",,,202891,,
"USA145","Nashville ","T_T","Population, All ages. Administrative data","2002","2002","PER","Persons","0","Units",,,209483,,
"USA145","Nashville ","T_T","Population, All ages. Administrative data","2003","2003","PER","Persons","0","Units",,,216503,,
"USA145","Nashville ","T_T","Population, All ages. Administrative data","2004","2004","PER","Persons","0","Units",,,224828,,
"USA145","Nashville ","T_T","Population, All ages. Administrative data","2005","2005","PER","Persons","0","Units",,,234471,,
"USA145","Nashville ","T_T","Population, All ages. Administrative data","2006","2006","PER","Persons","0","Units",,,246527,,
"USA145","Nashville ","T_T","Population, All ages. Administrative data","2007","2007","PER","Persons","0","Units",,,257388,,
"USA145","Nashville ","T_T","Population, All ages. Administrative data","2008","2008","PER","Persons","0","Units",,,266387,,
"USA145","Nashville ","T_T","Population, All ages. Administrative data","2009","2009","PER","Persons","0","Units",,,272901,,
"USA145","Nashville ","T_T","Population, All ages. Administrative data","2010","2010","PER","Persons","0","Units",,,277548,,
"USA145","Nashville ","T_T","Population, All ages. Administrative data","2011","2011","PER","Persons","0","Units",,,282689,,
"USA145","Nashville ","T_T","Population, All ages. Administrative data","2012","2012","PER","Persons","0","Units",,,287927,,
"USA145","Nashville ","T_T","Population, All ages. Administrative data","2013","2013","PER","Persons","0","Units",,,294618,,
"USA145","Nashville ","T_T","Population, All ages. Administrative data","2014","2014","PER","Persons","0","Units",,,302222,,
"USA145","Nashville ","T_T","Population, All ages. Administrative data","2015","2015","PER","Persons","0","Units",,,311674,,
"USA145","Nashville ","T_T","Population, All ages. Administrative data","2016","2016","PER","Persons","0","Units",,,321590,,
"USA93","Forsyth","T_T","Population, All ages. Administrative data","2000","2000","PER","Persons","0","Units",,,423497,,
"USA93","Forsyth","T_T","Population, All ages. Administrative data","2001","2001","PER","Persons","0","Units",,,428523,,
"USA93","Forsyth","T_T","Population, All ages. Administrative data","2002","2002","PER","Persons","0","Units",,,433025,,
"USA93","Forsyth","T_T","Population, All ages. Administrative data","2003","2003","PER","Persons","0","Units",,,436155,,
"USA93","Forsyth","T_T","Population, All ages. Administrative data","2004","2004","PER","Persons","0","Units",,,440586,,
"USA93","Forsyth","T_T","Population, All ages. Administrative data","2005","2005","PER","Persons","0","Units",,,447380,,
"USA93","Forsyth","T_T","Population, All ages. Administrative data","2006","2006","PER","Persons","0","Units",,,456285,,
"USA93","Forsyth","T_T","Population, All ages. Administrative data","2007","2007","PER","Persons","0","Units",,,463942,,
"USA93","Forsyth","T_T","Population, All ages. Administrative data","2008","2008","PER","Persons","0","Units",,,470666,,
"USA93","Forsyth","T_T","Population, All ages. Administrative data","2009","2009","PER","Persons","0","Units",,,475282,,
"USA93","Forsyth","T_T","Population, All ages. Administrative data","2010","2010","PER","Persons","0","Units",,,478462,,
"USA93","Forsyth","T_T","Population, All ages. Administrative data","2011","2011","PER","Persons","0","Units",,,481691,,
"USA93","Forsyth","T_T","Population, All ages. Administrative data","2012","2012","PER","Persons","0","Units",,,484139,,
"USA93","Forsyth","T_T","Population, All ages. Administrative data","2013","2013","PER","Persons","0","Units",,,487051,,
"USA93","Forsyth","T_T","Population, All ages. Administrative data","2014","2014","PER","Persons","0","Units",,,490458,,
"USA93","Forsyth","T_T","Population, All ages. Administrative data","2015","2015","PER","Persons","0","Units",,,493411,,
"USA93","Forsyth","T_T","Population, All ages. Administrative data","2016","2016","PER","Persons","0","Units",,,497204,,
"DE045","Iserlohn","T_T","Population, All ages. Administrative data","2001","2001","PER","Persons","0","Units",,,458559,,
"DE045","Iserlohn","T_T","Population, All ages. Administrative data","2002","2002","PER","Persons","0","Units",,,458172,,
"DE045","Iserlohn","T_T","Population, All ages. Administrative data","2003","2003","PER","Persons","0","Units",,,457258,,
"DE045","Iserlohn","T_T","Population, All ages. Administrative data","2004","2004","PER","Persons","0","Units",,,454871,,
"DE045","Iserlohn","T_T","Population, All ages. Administrative data","2005","2005","PER","Persons","0","Units",,,452514,,
"DE045","Iserlohn","T_T","Population, All ages. Administrative data","2006","2006","PER","Persons","0","Units",,,449888,,
"DE045","Iserlohn","T_T","Population, All ages. Administrative data","2007","2007","PER","Persons","0","Units",,,446129,,
"DE045","Iserlohn","T_T","Population, All ages. Administrative data","2008","2008","PER","Persons","0","Units",,,442787,,
"DE045","Iserlohn","T_T","Population, All ages. Administrative data","2009","2009","PER","Persons","0","Units",,,438864,,
"DE045","Iserlohn","T_T","Population, All ages. Administrative data","2010","2010","PER","Persons","0","Units",,,435105,,
"DE045","Iserlohn","T_T","Population, All ages. Administrative data","2011","2011","PER","Persons","0","Units",,,426069,,
"DE045","Iserlohn","T_T","Population, All ages. Administrative data","2012","2012","PER","Persons","0","Units",,,423628,,
"DE045","Iserlohn","T_T","Population, All ages. Administrative data","2013","2013","PER","Persons","0","Units",,,420986,,
"DE045","Iserlohn","T_T","Population, All ages. Administrative data","2014","2014","PER","Persons","0","Units",,,417252,,
"DE045","Iserlohn","T_T","Population, All ages. Administrative data","2015","2015","PER","Persons","0","Units",,,414838,,
"DE045","Iserlohn","T_T","Population, All ages. Administrative data","2016","2016","PER","Persons","0","Units",,,417207,,
"CL004","Antofagasta","POP_DEN","Population density (pop. per km2)","2000","2000","PER","Persons","0","Units",,,9,,
"CL004","Antofagasta","POP_DEN","Population density (pop. per km2)","2002","2002","PER","Persons","0","Units",,,10,,
"CL004","Antofagasta","POP_DEN","Population density (pop. per km2)","2003","2003","PER","Persons","0","Units",,,10,,
"CL004","Antofagasta","POP_DEN","Population density (pop. per km2)","2004","2004","PER","Persons","0","Units",,,10,,
"CL004","Antofagasta","POP_DEN","Population density (pop. per km2)","2005","2005","PER","Persons","0","Units",,,10,,
"CL004","Antofagasta","POP_DEN","Population density (pop. per km2)","2006","2006","PER","Persons","0","Units",,,11,,
"CL004","Antofagasta","POP_DEN","Population density (pop. per km2)","2007","2007","PER","Persons","0","Units",,,11,,
"CL004","Antofagasta","POP_DEN","Population density (pop. per km2)","2008","2008","PER","Persons","0","Units",,,11,,
"CL004","Antofagasta","POP_DEN","Population density (pop. per km2)","2009","2009","PER","Persons","0","Units",,,11,,
"CL004","Antofagasta","POP_DEN","Population density (pop. per km2)","2010","2010","PER","Persons","0","Units",,,11,,
"CL004","Antofagasta","POP_DEN","Population density (pop. per km2)","2011","2011","PER","Persons","0","Units",,,11,,
"CL004","Antofagasta","POP_DEN","Population density (pop. per km2)","2012","2012","PER","Persons","0","Units",,,12,,
"CL004","Antofagasta","POP_DEN","Population density (pop. per km2)","2013","2013","PER","Persons","0","Units",,,12,,
"CL004","Antofagasta","POP_DEN","Population density (pop. per km2)","2014","2014","PER","Persons","0","Units",,,12,,
"CL004","Antofagasta","POP_DEN","Population density (pop. per km2)","2015","2015","PER","Persons","0","Units",,,12,,
"CL004","Antofagasta","POP_DEN","Population density (pop. per km2)","2016","2016","PER","Persons","0","Units",,,12,,
"MEX26","Xalapa","T_T_SH_NAT","Share of population  in metropolitan area over the national value","2005","2005","RATIO","Ratio","0","Units",,,0.6,,
"MEX26","Xalapa","T_T_SH_NAT","Share of population  in metropolitan area over the national value","2010","2010","RATIO","Ratio","0","Units",,,0.6,,
"MEX26","Xalapa","T_T_SH_NAT","Share of population  in metropolitan area over the national value","2015","2015","RATIO","Ratio","0","Units",,,0.7,,
"USA158","Butte","T_T_SH_NAT","Share of population  in metropolitan area over the national value","2001","2001","RATIO","Ratio","0","Units",,,0.1,,
"USA158","Butte","T_T_SH_NAT","Share of population  in metropolitan area over the national value","2002","2002","RATIO","Ratio","0","Units",,,0.1,,
"USA158","Butte","T_T_SH_NAT","Share of population  in metropolitan area over the national value","2003","2003","RATIO","Ratio","0","Units",,,0.1,,
"USA158","Butte","T_T_SH_NAT","Share of population  in metropolitan area over the national value","2004","2004","RATIO","Ratio","0","Units",,,0.1,,
"USA158","Butte","T_T_SH_NAT","Share of population  in metropolitan area over the national value","2005","2005","RATIO","Ratio","0","Units",,,0.1,,
"USA158","Butte","T_T_SH_NAT","Share of population  in metropolitan area over the national value","2006","2006","RATIO","Ratio","0","Units",,,0.1,,
"USA158","Butte","T_T_SH_NAT","Share of population  in metropolitan area over the national value","2007","2007","RATIO","Ratio","0","Units",,,0.1,,
"USA158","Butte","T_T_SH_NAT","Share of population  in metropolitan area over the national value","2008","2008","RATIO","Ratio","0","Units",,,0.1,,
"USA158","Butte","T_T_SH_NAT","Share of population  in metropolitan area over the national value","2009","2009","RATIO","Ratio","0","Units",,,0.1,,
"USA158","Butte","T_T_SH_NAT","Share of population  in metropolitan area over the national value","2010","2010","RATIO","Ratio","0","Units",,,0.1,,
"USA158","Butte","T_T_SH_NAT","Share of population  in metropolitan area over the national value","2011","2011","RATIO","Ratio","0","Units",,,0.1,,
"USA158","Butte","T_T_SH_NAT","Share of population  in metropolitan area over the national value","2012","2012","RATIO","Ratio","0","Units",,,0.1,,
"USA158","Butte","T_T_SH_NAT","Share of population  in metropolitan area over the national value","2013","2013","RATIO","Ratio","0","Units",,,0.1,,
"USA158","Butte","T_T_SH_NAT","Share of population  in metropolitan area over the national value","2014","2014","RATIO","Ratio","0","Units",,,0.1,,
"USA158","Butte","T_T_SH_NAT","Share of population  in metropolitan area over the national value","2015","2015","RATIO","Ratio","0","Units",,,0.1,,
"USA158","Butte","T_T_SH_NAT","Share of population  in metropolitan area over the national value","2016","2016","RATIO","Ratio","0","Units",,,0.1,,
"USA140","Boulder","T_T_SH_NAT","Share of population  in metropolitan area over the national value","2001","2001","RATIO","Ratio","0","Units",,,0.1,,
"USA140","Boulder","T_T_SH_NAT","Share of population  in metropolitan area over the national value","2002","2002","RATIO","Ratio","0","Units",,,0.1,,
"USA140","Boulder","T_T_SH_NAT","Share of population  in metropolitan area over the national value","2003","2003","RATIO","Ratio","0","Units",,,0.1,,
"USA140","Boulder","T_T_SH_NAT","Share of population  in metropolitan area over the national value","2004","2004","RATIO","Ratio","0","Units",,,0.1,,
"USA140","Boulder","T_T_SH_NAT","Share of population  in metropolitan area over the national value","2005","2005","RATIO","Ratio","0","Units",,,0.1,,
"USA140","Boulder","T_T_SH_NAT","Share of population  in metropolitan area over the national value","2006","2006","RATIO","Ratio","0","Units",,,0.1,,
"USA140","Boulder","T_T_SH_NAT","Share of population  in metropolitan area over the national value","2007","2007","RATIO","Ratio","0","Units",,,0.1,,
"USA140","Boulder","T_T_SH_NAT","Share of population  in metropolitan area over the national value","2008","2008","RATIO","Ratio","0","Units",,,0.1,,
"USA140","Boulder","T_T_SH_NAT","Share of population  in metropolitan area over the national value","2009","2009","RATIO","Ratio","0","Units",,,0.1,,
"USA140","Boulder","T_T_SH_NAT","Share of population  in metropolitan area over the national value","2010","2010","RATIO","Ratio","0","Units",,,0.1,,
"USA140","Boulder","T_T_SH_NAT","Share of population  in metropolitan area over the national value","2011","2011","RATIO","Ratio","0","Units",,,0.1,,
"USA140","Boulder","T_T_SH_NAT","Share of population  in metropolitan area over the national value","2012","2012","RATIO","Ratio","0","Units",,,0.1,,
"USA140","Boulder","T_T_SH_NAT","Share of population  in metropolitan area over the national value","2013","2013","RATIO","Ratio","0","Units",,,0.1,,
"USA140","Boulder","T_T_SH_NAT","Share of population  in metropolitan area over the national value","2014","2014","RATIO","Ratio","0","Units",,,0.1,,
"USA140","Boulder","T_T_SH_NAT","Share of population  in metropolitan area over the national value","2015","2015","RATIO","Ratio","0","Units",,,0.1,,
"USA140","Boulder","T_T_SH_NAT","Share of population  in metropolitan area over the national value","2016","2016","RATIO","Ratio","0","Units",,,0.1,,
"NL006","Tilburg","T_T_SH_NAT","Share of population  in metropolitan area over the national value","2001","2001","RATIO","Ratio","0","Units",,,1.9,,
"NL006","Tilburg","T_T_SH_NAT","Share of population  in metropolitan area over the national value","2002","2002","RATIO","Ratio","0","Units",,,1.8,,
"NL006","Tilburg","T_T_SH_NAT","Share of population  in metropolitan area over the national value","2003","2003","RATIO","Ratio","0","Units",,,1.8,,
"NL006","Tilburg","T_T_SH_NAT","Share of population  in metropolitan area over the national value","2004","2004","RATIO","Ratio","0","Units",,,1.8,,
"NL006","Tilburg","T_T_SH_NAT","Share of population  in metropolitan area over the national value","2005","2005","RATIO","Ratio","0","Units",,,1.8,,
"NL006","Tilburg","T_T_SH_NAT","Share of population  in metropolitan area over the national value","2006","2006","RATIO","Ratio","0","Units",,,1.8,,
"NL006","Tilburg","T_T_SH_NAT","Share of population  in metropolitan area over the national value","2007","2007","RATIO","Ratio","0","Units",,,1.8,,
"NL006","Tilburg","T_T_SH_NAT","Share of population  in metropolitan area over the national value","2008","2008","RATIO","Ratio","0","Units",,,1.8,,
"NL006","Tilburg","T_T_SH_NAT","Share of population  in metropolitan area over the national value","2009","2009","RATIO","Ratio","0","Units",,,1.8,,
"NL006","Tilburg","T_T_SH_NAT","Share of population  in metropolitan area over the national value","2010","2010","RATIO","Ratio","0","Units",,,1.8,,
"NL006","Tilburg","T_T_SH_NAT","Share of population  in metropolitan area over the national value","2011","2011","RATIO","Ratio","0","Units",,,1.8,,
"NL006","Tilburg","T_T_SH_NAT","Share of population  in metropolitan area over the national value","2012","2012","RATIO","Ratio","0","Units",,,1.8,,
"NL006","Tilburg","T_T_SH_NAT","Share of population  in metropolitan area over the national value","2013","2013","RATIO","Ratio","0","Units",,,1.8,,
"NL006","Tilburg","T_T_SH_NAT","Share of population  in metropolitan area over the national value","2014","2014","RATIO","Ratio","0","Units",,,1.9,,
"NL006","Tilburg","T_T_SH_NAT","Share of population  in metropolitan area over the national value","2015","2015","RATIO","Ratio","0","Units",,,1.9,,
"NL006","Tilburg","T_T_SH_NAT","Share of population  in metropolitan area over the national value","2016","2016","RATIO","Ratio","0","Units",,,1.9,,
"USA82","Summit","POP_DEN","Population density (pop. per km2)","2000","2000","PER","Persons","0","Units",,,499,,
"USA82","Summit","POP_DEN","Population density (pop. per km2)","2001","2001","PER","Persons","0","Units",,,500,,
"USA82","Summit","POP_DEN","Population density (pop. per km2)","2002","2002","PER","Persons","0","Units",,,500,,
"USA82","Summit","POP_DEN","Population density (pop. per km2)","2003","2003","PER","Persons","0","Units",,,501,,
"USA82","Summit","POP_DEN","Population density (pop. per km2)","2004","2004","PER","Persons","0","Units",,,501,,
"USA82","Summit","POP_DEN","Population density (pop. per km2)","2005","2005","PER","Persons","0","Units",,,501,,
"USA82","Summit","POP_DEN","Population density (pop. per km2)","2006","2006","PER","Persons","0","Units",,,500,,
"USA82","Summit","POP_DEN","Population density (pop. per km2)","2007","2007","PER","Persons","0","Units",,,500,,
"USA82","Summit","POP_DEN","Population density (pop. per km2)","2008","2008","PER","Persons","0","Units",,,499,,
"USA82","Summit","POP_DEN","Population density (pop. per km2)","2009","2009","PER","Persons","0","Units",,,498,,
"USA82","Summit","POP_DEN","Population density (pop. per km2)","2010","2010","PER","Persons","0","Units",,,497,,
"USA82","Summit","POP_DEN","Population density (pop. per km2)","2011","2011","PER","Persons","0","Units",,,497,,
"USA82","Summit","POP_DEN","Population density (pop. per km2)","2012","2012","PER","Persons","0","Units",,,497,,
"USA82","Summit","POP_DEN","Population density (pop. per km2)","2013","2013","PER","Persons","0","Units",,,497,,
"USA82","Summit","POP_DEN","Population density (pop. per km2)","2014","2014","PER","Persons","0","Units",,,498,,
"USA82","Summit","POP_DEN","Population density (pop. per km2)","2015","2015","PER","Persons","0","Units",,,497,,
"USA82","Summit","POP_DEN","Population density (pop. per km2)","2016","2016","PER","Persons","0","Units",,,496,,
"USA76","Polk","T_T_SH_NAT","Share of population  in metropolitan area over the national value","2001","2001","RATIO","Ratio","0","Units",,,0.2,,
"USA76","Polk","T_T_SH_NAT","Share of population  in metropolitan area over the national value","2002","2002","RATIO","Ratio","0","Units",,,0.2,,
"USA76","Polk","T_T_SH_NAT","Share of population  in metropolitan area over the national value","2003","2003","RATIO","Ratio","0","Units",,,0.2,,
"USA76","Polk","T_T_SH_NAT","Share of population  in metropolitan area over the national value","2004","2004","RATIO","Ratio","0","Units",,,0.2,,
"USA76","Polk","T_T_SH_NAT","Share of population  in metropolitan area over the national value","2005","2005","RATIO","Ratio","0","Units",,,0.2,,
"USA76","Polk","T_T_SH_NAT","Share of population  in metropolitan area over the national value","2006","2006","RATIO","Ratio","0","Units",,,0.2,,
"USA76","Polk","T_T_SH_NAT","Share of population  in metropolitan area over the national value","2007","2007","RATIO","Ratio","0","Units",,,0.2,,
"USA76","Polk","T_T_SH_NAT","Share of population  in metropolitan area over the national value","2008","2008","RATIO","Ratio","0","Units",,,0.2,,
"USA76","Polk","T_T_SH_NAT","Share of population  in metropolitan area over the national value","2009","2009","RATIO","Ratio","0","Units",,,0.2,,
"USA76","Polk","T_T_SH_NAT","Share of population  in metropolitan area over the national value","2010","2010","RATIO","Ratio","0","Units",,,0.2,,
"USA76","Polk","T_T_SH_NAT","Share of population  in metropolitan area over the national value","2011","2011","RATIO","Ratio","0","Units",,,0.2,,
"USA76","Polk","T_T_SH_NAT","Share of population  in metropolitan area over the national value","2012","2012","RATIO","Ratio","0","Units",,,0.2,,
"USA76","Polk","T_T_SH_NAT","Share of population  in metropolitan area over the national value","2013","2013","RATIO","Ratio","0","Units",,,0.2,,
"USA76","Polk","T_T_SH_NAT","Share of population  in metropolitan area over the national value","2014","2014","RATIO","Ratio","0","Units",,,0.2,,
"USA76","Polk","T_T_SH_NAT","Share of population  in metropolitan area over the national value","2015","2015","RATIO","Ratio","0","Units",,,0.2,,
"USA76","Polk","T_T_SH_NAT","Share of population  in metropolitan area over the national value","2016","2016","RATIO","Ratio","0","Units",,,0.2,,
"CL025","Puerto Montt","T_T","Population, All ages. Administrative data","2000","2000","PER","Persons","0","Units",,,162511,,
"CL025","Puerto Montt","T_T","Population, All ages. Administrative data","2001","2001","PER","Persons","0","Units",,,169241,,
"CL025","Puerto Montt","T_T","Population, All ages. Administrative data","2002","2002","PER","Persons","0","Units",,,175971,,
"CL025","Puerto Montt","T_T","Population, All ages. Administrative data","2003","2003","PER","Persons","0","Units",,,182701,,
"CL025","Puerto Montt","T_T","Population, All ages. Administrative data","2004","2004","PER","Persons","0","Units",,,189430,,
"CL025","Puerto Montt","T_T","Population, All ages. Administrative data","2005","2005","PER","Persons","0","Units",,,196160,,
"CL025","Puerto Montt","T_T","Population, All ages. Administrative data","2006","2006","PER","Persons","0","Units",,,202890,,
"CL025","Puerto Montt","T_T","Population, All ages. Administrative data","2007","2007","PER","Persons","0","Units",,,209620,,
"CL025","Puerto Montt","T_T","Population, All ages. Administrative data","2008","2008","PER","Persons","0","Units",,,216350,,
"CL025","Puerto Montt","T_T","Population, All ages. Administrative data","2009","2009","PER","Persons","0","Units",,,223080,,
"CL025","Puerto Montt","T_T","Population, All ages. Administrative data","2010","2010","PER","Persons","0","Units",,,229810,,
"CL025","Puerto Montt","T_T","Population, All ages. Administrative data","2011","2011","PER","Persons","0","Units",,,236540,,
"CL025","Puerto Montt","T_T","Population, All ages. Administrative data","2012","2012","PER","Persons","0","Units",,,243269,,
"CL025","Puerto Montt","T_T","Population, All ages. Administrative data","2013","2013","PER","Persons","0","Units",,,249999,,
"CL025","Puerto Montt","T_T","Population, All ages. Administrative data","2014","2014","PER","Persons","0","Units",,,256729,,
"CL025","Puerto Montt","T_T","Population, All ages. Administrative data","2015","2015","PER","Persons","0","Units",,,263459,,
"UK012","Belfast","T_T_SH_NAT","Share of population  in metropolitan area over the national value","2001","2001","RATIO","Ratio","0","Units",,,1.2,,
"UK012","Belfast","T_T_SH_NAT","Share of population  in metropolitan area over the national value","2002","2002","RATIO","Ratio","0","Units",,,1.2,,
"UK012","Belfast","T_T_SH_NAT","Share of population  in metropolitan area over the national value","2003","2003","RATIO","Ratio","0","Units",,,1.2,,
"UK012","Belfast","T_T_SH_NAT","Share of population  in metropolitan area over the national value","2004","2004","RATIO","Ratio","0","Units",,,1.2,,
"UK012","Belfast","T_T_SH_NAT","Share of population  in metropolitan area over the national value","2005","2005","RATIO","Ratio","0","Units",,,1.2,,
"UK012","Belfast","T_T_SH_NAT","Share of population  in metropolitan area over the national value","2006","2006","RATIO","Ratio","0","Units",,,1.2,,
"UK012","Belfast","T_T_SH_NAT","Share of population  in metropolitan area over the national value","2007","2007","RATIO","Ratio","0","Units",,,1.2,,
"UK012","Belfast","T_T_SH_NAT","Share of population  in metropolitan area over the national value","2008","2008","RATIO","Ratio","0","Units",,,1.2,,
"UK012","Belfast","T_T_SH_NAT","Share of population  in metropolitan area over the national value","2009","2009","RATIO","Ratio","0","Units",,,1.2,,
"UK012","Belfast","T_T_SH_NAT","Share of population  in metropolitan area over the national value","2010","2010","RATIO","Ratio","0","Units",,,1.2,,
"UK012","Belfast","T_T_SH_NAT","Share of population  in metropolitan area over the national value","2011","2011","RATIO","Ratio","0","Units",,,1.2,,
"UK012","Belfast","T_T_SH_NAT","Share of population  in metropolitan area over the national value","2012","2012","RATIO","Ratio","0","Units",,,1.2,,
"UK012","Belfast","T_T_SH_NAT","Share of population  in metropolitan area over the national value","2013","2013","RATIO","Ratio","0","Units",,,1.2,,
"UK012","Belfast","T_T_SH_NAT","Share of population  in metropolitan area over the national value","2014","2014","RATIO","Ratio","0","Units",,,1.2,,
"UK012","Belfast","T_T_SH_NAT","Share of population  in metropolitan area over the national value","2015","2015","RATIO","Ratio","0","Units",,,1.2,,
"UK012","Belfast","T_T_SH_NAT","Share of population  in metropolitan area over the national value","2016","2016","RATIO","Ratio","0","Units",,,1.2,,
"MEX23","Tampico","POP_DEN","Population density (pop. per km2)","2000","2000","PER","Persons","0","Units",,,341,,
"MEX23","Tampico","POP_DEN","Population density (pop. per km2)","2005","2005","PER","Persons","0","Units",,,329,,
"MEX23","Tampico","POP_DEN","Population density (pop. per km2)","2010","2010","PER","Persons","0","Units",,,355,,
"MEX23","Tampico","POP_DEN","Population density (pop. per km2)","2015","2015","PER","Persons","0","Units",,,400,,
"DE069","Rosenheim","T_T_SH_NAT","Share of population  in metropolitan area over the national value","2001","2001","RATIO","Ratio","0","Units",,,0.4,,
"DE069","Rosenheim","T_T_SH_NAT","Share of population  in metropolitan area over the national value","2002","2002","RATIO","Ratio","0","Units",,,0.4,,
"DE069","Rosenheim","T_T_SH_NAT","Share of population  in metropolitan area over the national value","2003","2003","RATIO","Ratio","0","Units",,,0.4,,
"DE069","Rosenheim","T_T_SH_NAT","Share of population  in metropolitan area over the national value","2004","2004","RATIO","Ratio","0","Units",,,0.4,,
"DE069","Rosenheim","T_T_SH_NAT","Share of population  in metropolitan area over the national value","2005","2005","RATIO","Ratio","0","Units",,,0.4,,
"DE069","Rosenheim","T_T_SH_NAT","Share of population  in metropolitan area over the national value","2006","2006","RATIO","Ratio","0","Units",,,0.4,,
"DE069","Rosenheim","T_T_SH_NAT","Share of population  in metropolitan area over the national value","2007","2007","RATIO","Ratio","0","Units",,,0.4,,
"DE069","Rosenheim","T_T_SH_NAT","Share of population  in metropolitan area over the national value","2008","2008","RATIO","Ratio","0","Units",,,0.4,,
"DE069","Rosenheim","T_T_SH_NAT","Share of population  in metropolitan area over the national value","2009","2009","RATIO","Ratio","0","Units",,,0.4,,
"DE069","Rosenheim","T_T_SH_NAT","Share of population  in metropolitan area over the national value","2010","2010","RATIO","Ratio","0","Units",,,0.4,,
"DE069","Rosenheim","T_T_SH_NAT","Share of population  in metropolitan area over the national value","2011","2011","RATIO","Ratio","0","Units",,,0.4,,
"DE069","Rosenheim","T_T_SH_NAT","Share of population  in metropolitan area over the national value","2012","2012","RATIO","Ratio","0","Units",,,0.4,,
"DE069","Rosenheim","T_T_SH_NAT","Share of population  in metropolitan area over the national value","2013","2013","RATIO","Ratio","0","Units",,,0.4,,
"DE069","Rosenheim","T_T_SH_NAT","Share of population  in metropolitan area over the national value","2014","2014","RATIO","Ratio","0","Units",,,0.4,,
"DE069","Rosenheim","T_T_SH_NAT","Share of population  in metropolitan area over the national value","2015","2015","RATIO","Ratio","0","Units",,,0.4,,
"DE069","Rosenheim","T_T_SH_NAT","Share of population  in metropolitan area over the national value","2016","2016","RATIO","Ratio","0","Units",,,0.4,,
"NO001","Oslo","POP_DEN","Population density (pop. per km2)","2000","2000","PER","Persons","0","Units",,,142,,
"NO001","Oslo","POP_DEN","Population density (pop. per km2)","2001","2001","PER","Persons","0","Units",,,143,,
"NO001","Oslo","POP_DEN","Population density (pop. per km2)","2002","2002","PER","Persons","0","Units",,,144,,
"NO001","Oslo","POP_DEN","Population density (pop. per km2)","2003","2003","PER","Persons","0","Units",,,146,,
"NO001","Oslo","POP_DEN","Population density (pop. per km2)","2004","2004","PER","Persons","0","Units",,,147,,
"NO001","Oslo","POP_DEN","Population density (pop. per km2)","2005","2005","PER","Persons","0","Units",,,149,,
"NO001","Oslo","POP_DEN","Population density (pop. per km2)","2006","2006","PER","Persons","0","Units",,,151,,
"NO001","Oslo","POP_DEN","Population density (pop. per km2)","2007","2007","PER","Persons","0","Units",,,154,,
"NO001","Oslo","POP_DEN","Population density (pop. per km2)","2008","2008","PER","Persons","0","Units",,,157,,
"NO001","Oslo","POP_DEN","Population density (pop. per km2)","2009","2009","PER","Persons","0","Units",,,160,,
"NO001","Oslo","POP_DEN","Population density (pop. per km2)","2010","2010","PER","Persons","0","Units",,,163,,
"NO001","Oslo","POP_DEN","Population density (pop. per km2)","2011","2011","PER","Persons","0","Units",,,166,,
"NO001","Oslo","POP_DEN","Population density (pop. per km2)","2012","2012","PER","Persons","0","Units",,,170,,
"NO001","Oslo","POP_DEN","Population density (pop. per km2)","2013","2013","PER","Persons","0","Units",,,173,,
"NO001","Oslo","POP_DEN","Population density (pop. per km2)","2014","2014","PER","Persons","0","Units",,,176,,
"NO001","Oslo","POP_DEN","Population density (pop. per km2)","2015","2015","PER","Persons","0","Units",,,179,,
"NO001","Oslo","POP_DEN","Population density (pop. per km2)","2016","2016","PER","Persons","0","Units",,,182,,
"JPN25","Matsuyama","T_T","Population, All ages. Administrative data","2000","2000","PER","Persons","0","Units",,,635565,,
"JPN25","Matsuyama","T_T","Population, All ages. Administrative data","2001","2001","PER","Persons","0","Units",,,636924,,
"JPN25","Matsuyama","T_T","Population, All ages. Administrative data","2002","2002","PER","Persons","0","Units",,,638285,,
"JPN25","Matsuyama","T_T","Population, All ages. Administrative data","2003","2003","PER","Persons","0","Units",,,639645,,
"JPN25","Matsuyama","T_T","Population, All ages. Administrative data","2004","2004","PER","Persons","0","Units",,,641006,,
"JPN25","Matsuyama","T_T","Population, All ages. Administrative data","2005","2005","PER","Persons","0","Units",,,642365,,
"JPN25","Matsuyama","T_T","Population, All ages. Administrative data","2006","2006","PER","Persons","0","Units",,,641180,,
"JPN25","Matsuyama","T_T","Population, All ages. Administrative data","2007","2007","PER","Persons","0","Units",,,639993,,
"JPN25","Matsuyama","T_T","Population, All ages. Administrative data","2008","2008","PER","Persons","0","Units",,,638808,,
"JPN25","Matsuyama","T_T","Population, All ages. Administrative data","2009","2009","PER","Persons","0","Units",,,637621,,
"JPN25","Matsuyama","T_T","Population, All ages. Administrative data","2010","2010","PER","Persons","0","Units",,,636436,,
"JPN25","Matsuyama","T_T","Population, All ages. Administrative data","2011","2011","PER","Persons","0","Units",,,632931,,
"JPN25","Matsuyama","T_T","Population, All ages. Administrative data","2012","2012","PER","Persons","0","Units",,,629423,,
"JPN25","Matsuyama","T_T","Population, All ages. Administrative data","2013","2013","PER","Persons","0","Units",,,625918,,
"JPN25","Matsuyama","T_T","Population, All ages. Administrative data","2014","2014","PER","Persons","0","Units",,,622410,,
"JPN25","Matsuyama","T_T","Population, All ages. Administrative data","2015","2015","PER","Persons","0","Units",,,618905,,
"MEX15","Centro","T_T_SH_NAT","Share of population  in metropolitan area over the national value","2005","2005","RATIO","Ratio","0","Units",,,0.7,,
"MEX15","Centro","T_T_SH_NAT","Share of population  in metropolitan area over the national value","2010","2010","RATIO","Ratio","0","Units",,,0.8,,
"MEX15","Centro","T_T_SH_NAT","Share of population  in metropolitan area over the national value","2015","2015","RATIO","Ratio","0","Units",,,0.9,,
"HU002","Miskolc","T_T_SH_NAT","Share of population  in metropolitan area over the national value","2001","2001","RATIO","Ratio","0","Units",,,3.3,,
"HU002","Miskolc","T_T_SH_NAT","Share of population  in metropolitan area over the national value","2002","2002","RATIO","Ratio","0","Units",,,3.3,,
"HU002","Miskolc","T_T_SH_NAT","Share of population  in metropolitan area over the national value","2003","2003","RATIO","Ratio","0","Units",,,3.2,,
"HU002","Miskolc","T_T_SH_NAT","Share of population  in metropolitan area over the national value","2004","2004","RATIO","Ratio","0","Units",,,3.2,,
"HU002","Miskolc","T_T_SH_NAT","Share of population  in metropolitan area over the national value","2005","2005","RATIO","Ratio","0","Units",,,3.2,,
"HU002","Miskolc","T_T_SH_NAT","Share of population  in metropolitan area over the national value","2006","2006","RATIO","Ratio","0","Units",,,3.2,,
"HU002","Miskolc","T_T_SH_NAT","Share of population  in metropolitan area over the national value","2007","2007","RATIO","Ratio","0","Units",,,3.1,,
"HU002","Miskolc","T_T_SH_NAT","Share of population  in metropolitan area over the national value","2008","2008","RATIO","Ratio","0","Units",,,3.1,,
"HU002","Miskolc","T_T_SH_NAT","Share of population  in metropolitan area over the national value","2009","2009","RATIO","Ratio","0","Units",,,3.1,,
"HU002","Miskolc","T_T_SH_NAT","Share of population  in metropolitan area over the national value","2010","2010","RATIO","Ratio","0","Units",,,3.1,,
"HU002","Miskolc","T_T_SH_NAT","Share of population  in metropolitan area over the national value","2011","2011","RATIO","Ratio","0","Units",,,3,,
"HU002","Miskolc","T_T_SH_NAT","Share of population  in metropolitan area over the national value","2012","2012","RATIO","Ratio","0","Units",,,3.1,,
"HU002","Miskolc","T_T_SH_NAT","Share of population  in metropolitan area over the national value","2013","2013","RATIO","Ratio","0","Units",,,3,,
"HU002","Miskolc","T_T_SH_NAT","Share of population  in metropolitan area over the national value","2014","2014","RATIO","Ratio","0","Units",,,3,,
"HU002","Miskolc","T_T_SH_NAT","Share of population  in metropolitan area over the national value","2015","2015","RATIO","Ratio","0","Units",,,3,,
"HU002","Miskolc","T_T_SH_NAT","Share of population  in metropolitan area over the national value","2016","2016","RATIO","Ratio","0","Units",,,3,,
"KOR12","Pohan","T_T_SH_NAT","Share of population  in metropolitan area over the national value","2001","2001","RATIO","Ratio","0","Units",,,1,,
"KOR12","Pohan","T_T_SH_NAT","Share of population  in metropolitan area over the national value","2002","2002","RATIO","Ratio","0","Units",,,1,,
"KOR12","Pohan","T_T_SH_NAT","Share of population  in metropolitan area over the national value","2003","2003","RATIO","Ratio","0","Units",,,1,,
"KOR12","Pohan","T_T_SH_NAT","Share of population  in metropolitan area over the national value","2004","2004","RATIO","Ratio","0","Units",,,1,,
"KOR12","Pohan","T_T_SH_NAT","Share of population  in metropolitan area over the national value","2005","2005","RATIO","Ratio","0","Units",,,1,,
"KOR12","Pohan","T_T_SH_NAT","Share of population  in metropolitan area over the national value","2006","2006","RATIO","Ratio","0","Units",,,1,,
"KOR12","Pohan","T_T_SH_NAT","Share of population  in metropolitan area over the national value","2007","2007","RATIO","Ratio","0","Units",,,1,,
"KOR12","Pohan","T_T_SH_NAT","Share of population  in metropolitan area over the national value","2008","2008","RATIO","Ratio","0","Units",,,1,,
"KOR12","Pohan","T_T_SH_NAT","Share of population  in metropolitan area over the national value","2009","2009","RATIO","Ratio","0","Units",,,1,,
"KOR12","Pohan","T_T_SH_NAT","Share of population  in metropolitan area over the national value","2010","2010","RATIO","Ratio","0","Units",,,1,,
"KOR12","Pohan","T_T_SH_NAT","Share of population  in metropolitan area over the national value","2011","2011","RATIO","Ratio","0","Units",,,1,,
"KOR12","Pohan","T_T_SH_NAT","Share of population  in metropolitan area over the national value","2012","2012","RATIO","Ratio","0","Units",,,1,,
"KOR12","Pohan","T_T_SH_NAT","Share of population  in metropolitan area over the national value","2013","2013","RATIO","Ratio","0","Units",,,1,,
"KOR12","Pohan","T_T_SH_NAT","Share of population  in metropolitan area over the national value","2014","2014","RATIO","Ratio","0","Units",,,1,,
"KOR12","Pohan","T_T_SH_NAT","Share of population  in metropolitan area over the national value","2015","2015","RATIO","Ratio","0","Units",,,1,,
"KOR12","Pohan","T_T_SH_NAT","Share of population  in metropolitan area over the national value","2016","2016","RATIO","Ratio","0","Units",,,1,,
"CL014","Rancagua","POP_DEN","Population density (pop. per km2)","2000","2000","PER","Persons","0","Units",,,95,,
"CL014","Rancagua","POP_DEN","Population density (pop. per km2)","2001","2001","PER","Persons","0","Units",,,97,,
"CL014","Rancagua","POP_DEN","Population density (pop. per km2)","2002","2002","PER","Persons","0","Units",,,100,,
"CL014","Rancagua","POP_DEN","Population density (pop. per km2)","2003","2003","PER","Persons","0","Units",,,101,,
"CL014","Rancagua","POP_DEN","Population density (pop. per km2)","2004","2004","PER","Persons","0","Units",,,102,,
"CL014","Rancagua","POP_DEN","Population density (pop. per km2)","2005","2005","PER","Persons","0","Units",,,103,,
"CL014","Rancagua","POP_DEN","Population density (pop. per km2)","2006","2006","PER","Persons","0","Units",,,104,,
"CL014","Rancagua","POP_DEN","Population density (pop. per km2)","2007","2007","PER","Persons","0","Units",,,105,,
"CL014","Rancagua","POP_DEN","Population density (pop. per km2)","2008","2008","PER","Persons","0","Units",,,106,,
"CL014","Rancagua","POP_DEN","Population density (pop. per km2)","2009","2009","PER","Persons","0","Units",,,108,,
"CL014","Rancagua","POP_DEN","Population density (pop. per km2)","2010","2010","PER","Persons","0","Units",,,109,,
"CL014","Rancagua","POP_DEN","Population density (pop. per km2)","2011","2011","PER","Persons","0","Units",,,110,,
"CL014","Rancagua","POP_DEN","Population density (pop. per km2)","2012","2012","PER","Persons","0","Units",,,111,,
"CL014","Rancagua","POP_DEN","Population density (pop. per km2)","2013","2013","PER","Persons","0","Units",,,112,,
"CL014","Rancagua","POP_DEN","Population density (pop. per km2)","2014","2014","PER","Persons","0","Units",,,113,,
"CL014","Rancagua","POP_DEN","Population density (pop. per km2)","2015","2015","PER","Persons","0","Units",,,114,,
"CL014","Rancagua","POP_DEN","Population density (pop. per km2)","2016","2016","PER","Persons","0","Units",,,115,,
"IT511","Bergamo","T_T","Population, All ages. Administrative data","2000","2000","PER","Persons","0","Units",,,264517,,
"IT511","Bergamo","T_T","Population, All ages. Administrative data","2001","2001","PER","Persons","0","Units",,,267787,,
"IT511","Bergamo","T_T","Population, All ages. Administrative data","2002","2002","PER","Persons","0","Units",,,271057,,
"IT511","Bergamo","T_T","Population, All ages. Administrative data","2003","2003","PER","Persons","0","Units",,,274327,,
"IT511","Bergamo","T_T","Population, All ages. Administrative data","2004","2004","PER","Persons","0","Units",,,277597,,
"IT511","Bergamo","T_T","Population, All ages. Administrative data","2005","2005","PER","Persons","0","Units",,,280868,,
"IT511","Bergamo","T_T","Population, All ages. Administrative data","2006","2006","PER","Persons","0","Units",,,284138,,
"IT511","Bergamo","T_T","Population, All ages. Administrative data","2007","2007","PER","Persons","0","Units",,,287407,,
"IT511","Bergamo","T_T","Population, All ages. Administrative data","2008","2008","PER","Persons","0","Units",,,290677,,
"IT511","Bergamo","T_T","Population, All ages. Administrative data","2009","2009","PER","Persons","0","Units",,,293947,,
"IT511","Bergamo","T_T","Population, All ages. Administrative data","2010","2010","PER","Persons","0","Units",,,297218,,
"IT511","Bergamo","T_T","Population, All ages. Administrative data","2011","2011","PER","Persons","0","Units",,,300487,,
"IT511","Bergamo","T_T","Population, All ages. Administrative data","2012","2012","PER","Persons","0","Units",,,303757,,
"IT511","Bergamo","T_T","Population, All ages. Administrative data","2013","2013","PER","Persons","0","Units",,,304872,,
"IT511","Bergamo","T_T","Population, All ages. Administrative data","2014","2014","PER","Persons","0","Units",,,310738,,
"IT511","Bergamo","T_T","Population, All ages. Administrative data","2015","2015","PER","Persons","0","Units",,,311492,,
"IT511","Bergamo","T_T","Population, All ages. Administrative data","2016","2016","PER","Persons","0","Units",,,311306,,
"DE064","Neubrandenburg","POP_DEN","Population density (pop. per km2)","2001","2001","PER","Persons","0","Units",,,55,,
"DE064","Neubrandenburg","POP_DEN","Population density (pop. per km2)","2002","2002","PER","Persons","0","Units",,,55,,
"DE064","Neubrandenburg","POP_DEN","Population density (pop. per km2)","2003","2003","PER","Persons","0","Units",,,54,,
"DE064","Neubrandenburg","POP_DEN","Population density (pop. per km2)","2004","2004","PER","Persons","0","Units",,,53,,
"DE064","Neubrandenburg","POP_DEN","Population density (pop. per km2)","2005","2005","PER","Persons","0","Units",,,53,,
"DE064","Neubrandenburg","POP_DEN","Population density (pop. per km2)","2006","2006","PER","Persons","0","Units",,,52,,
"DE064","Neubrandenburg","POP_DEN","Population density (pop. per km2)","2007","2007","PER","Persons","0","Units",,,51,,
"DE064","Neubrandenburg","POP_DEN","Population density (pop. per km2)","2008","2008","PER","Persons","0","Units",,,51,,
"DE064","Neubrandenburg","POP_DEN","Population density (pop. per km2)","2009","2009","PER","Persons","0","Units",,,50,,
"DE064","Neubrandenburg","POP_DEN","Population density (pop. per km2)","2010","2010","PER","Persons","0","Units",,,49,,
"DE064","Neubrandenburg","POP_DEN","Population density (pop. per km2)","2011","2011","PER","Persons","0","Units",,,49,,
"DE064","Neubrandenburg","POP_DEN","Population density (pop. per km2)","2012","2012","PER","Persons","0","Units",,,48,,
"DE064","Neubrandenburg","POP_DEN","Population density (pop. per km2)","2013","2013","PER","Persons","0","Units",,,48,,
"DE064","Neubrandenburg","POP_DEN","Population density (pop. per km2)","2014","2014","PER","Persons","0","Units",,,47,,
"DE064","Neubrandenburg","POP_DEN","Population density (pop. per km2)","2015","2015","PER","Persons","0","Units",,,47,,
"DE064","Neubrandenburg","POP_DEN","Population density (pop. per km2)","2016","2016","PER","Persons","0","Units",,,47,,
"USA135","Roanoke","POP_DEN","Population density (pop. per km2)","2000","2000","PER","Persons","0","Units",,,59,,
"USA135","Roanoke","POP_DEN","Population density (pop. per km2)","2001","2001","PER","Persons","0","Units",,,59,,
"USA135","Roanoke","POP_DEN","Population density (pop. per km2)","2002","2002","PER","Persons","0","Units",,,59,,
"USA135","Roanoke","POP_DEN","Population density (pop. per km2)","2003","2003","PER","Persons","0","Units",,,59,,
"USA135","Roanoke","POP_DEN","Population density (pop. per km2)","2004","2004","PER","Persons","0","Units",,,60,,
"USA135","Roanoke","POP_DEN","Population density (pop. per km2)","2005","2005","PER","Persons","0","Units",,,60,,
"USA135","Roanoke","POP_DEN","Population density (pop. per km2)","2006","2006","PER","Persons","0","Units",,,61,,
"USA135","Roanoke","POP_DEN","Population density (pop. per km2)","2007","2007","PER","Persons","0","Units",,,62,,
"USA135","Roanoke","POP_DEN","Population density (pop. per km2)","2008","2008","PER","Persons","0","Units",,,62,,
"USA135","Roanoke","POP_DEN","Population density (pop. per km2)","2009","2009","PER","Persons","0","Units",,,63,,
"USA135","Roanoke","POP_DEN","Population density (pop. per km2)","2010","2010","PER","Persons","0","Units",,,63,,
"USA135","Roanoke","POP_DEN","Population density (pop. per km2)","2011","2011","PER","Persons","0","Units",,,63,,
"USA135","Roanoke","POP_DEN","Population density (pop. per km2)","2012","2012","PER","Persons","0","Units",,,63,,
"USA135","Roanoke","POP_DEN","Population density (pop. per km2)","2013","2013","PER","Persons","0","Units",,,63,,
"USA135","Roanoke","POP_DEN","Population density (pop. per km2)","2014","2014","PER","Persons","0","Units",,,64,,
"USA135","Roanoke","POP_DEN","Population density (pop. per km2)","2015","2015","PER","Persons","0","Units",,,64,,
"USA135","Roanoke","POP_DEN","Population density (pop. per km2)","2016","2016","PER","Persons","0","Units",,,64,,
"USA13","Detroit (Greater)","T_T_SH_NAT","Share of population  in metropolitan area over the national value","2001","2001","RATIO","Ratio","0","Units",,,1.6,,
"USA13","Detroit (Greater)","T_T_SH_NAT","Share of population  in metropolitan area over the national value","2002","2002","RATIO","Ratio","0","Units",,,1.6,,
"USA13","Detroit (Greater)","T_T_SH_NAT","Share of population  in metropolitan area over the national value","2003","2003","RATIO","Ratio","0","Units",,,1.6,,
"USA13","Detroit (Greater)","T_T_SH_NAT","Share of population  in metropolitan area over the national value","2004","2004","RATIO","Ratio","0","Units",,,1.5,,
"USA13","Detroit (Greater)","T_T_SH_NAT","Share of population  in metropolitan area over the national value","2005","2005","RATIO","Ratio","0","Units",,,1.5,,
"USA13","Detroit (Greater)","T_T_SH_NAT","Share of population  in metropolitan area over the national value","2006","2006","RATIO","Ratio","0","Units",,,1.5,,
"USA13","Detroit (Greater)","T_T_SH_NAT","Share of population  in metropolitan area over the national value","2007","2007","RATIO","Ratio","0","Units",,,1.5,,
"USA13","Detroit (Greater)","T_T_SH_NAT","Share of population  in metropolitan area over the national value","2008","2008","RATIO","Ratio","0","Units",,,1.4,,
"USA13","Detroit (Greater)","T_T_SH_NAT","Share of population  in metropolitan area over the national value","2009","2009","RATIO","Ratio","0","Units",,,1.4,,
"USA13","Detroit (Greater)","T_T_SH_NAT","Share of population  in metropolitan area over the national value","2010","2010","RATIO","Ratio","0","Units",,,1.4,,
"USA13","Detroit (Greater)","T_T_SH_NAT","Share of population  in metropolitan area over the national value","2011","2011","RATIO","Ratio","0","Units",,,1.4,,
"USA13","Detroit (Greater)","T_T_SH_NAT","Share of population  in metropolitan area over the national value","2012","2012","RATIO","Ratio","0","Units",,,1.4,,
"USA13","Detroit (Greater)","T_T_SH_NAT","Share of population  in metropolitan area over the national value","2013","2013","RATIO","Ratio","0","Units",,,1.4,,
"USA13","Detroit (Greater)","T_T_SH_NAT","Share of population  in metropolitan area over the national value","2014","2014","RATIO","Ratio","0","Units",,,1.4,,
"USA13","Detroit (Greater)","T_T_SH_NAT","Share of population  in metropolitan area over the national value","2015","2015","RATIO","Ratio","0","Units",,,1.4,,
"USA13","Detroit (Greater)","T_T_SH_NAT","Share of population  in metropolitan area over the national value","2016","2016","RATIO","Ratio","0","Units",,,1.4,,
"CH001","Zurich","POP_DEN","Population density (pop. per km2)","2000","2000","PER","Persons","0","Units",,,845,,
"CH001","Zurich","POP_DEN","Population density (pop. per km2)","2001","2001","PER","Persons","0","Units",,,857,,
"CH001","Zurich","POP_DEN","Population density (pop. per km2)","2002","2002","PER","Persons","0","Units",,,869,,
"CH001","Zurich","POP_DEN","Population density (pop. per km2)","2003","2003","PER","Persons","0","Units",,,882,,
"CH001","Zurich","POP_DEN","Population density (pop. per km2)","2004","2004","PER","Persons","0","Units",,,894,,
"CH001","Zurich","POP_DEN","Population density (pop. per km2)","2005","2005","PER","Persons","0","Units",,,906,,
"CH001","Zurich","POP_DEN","Population density (pop. per km2)","2006","2006","PER","Persons","0","Units",,,918,,
"CH001","Zurich","POP_DEN","Population density (pop. per km2)","2007","2007","PER","Persons","0","Units",,,931,,
"CH001","Zurich","POP_DEN","Population density (pop. per km2)","2008","2008","PER","Persons","0","Units",,,943,,
"CH001","Zurich","POP_DEN","Population density (pop. per km2)","2009","2009","PER","Persons","0","Units",,,955,,
"CH001","Zurich","POP_DEN","Population density (pop. per km2)","2010","2010","PER","Persons","0","Units",,,967,,
"CH001","Zurich","POP_DEN","Population density (pop. per km2)","2011","2011","PER","Persons","0","Units",,,980,,
"CH001","Zurich","POP_DEN","Population density (pop. per km2)","2012","2012","PER","Persons","0","Units",,,991,,
"CH001","Zurich","POP_DEN","Population density (pop. per km2)","2013","2013","PER","Persons","0","Units",,,1003,,
"CH001","Zurich","POP_DEN","Population density (pop. per km2)","2014","2014","PER","Persons","0","Units",,,1018,,
"CH001","Zurich","POP_DEN","Population density (pop. per km2)","2015","2015","PER","Persons","0","Units",,,1033,,
"CH001","Zurich","POP_DEN","Population density (pop. per km2)","2016","2016","PER","Persons","0","Units",,,1048,,
"JPN39","Fukushima","T_T_SH_NAT","Share of population  in metropolitan area over the national value","2001","2001","RATIO","Ratio","0","Units",,,0.4,,
"JPN39","Fukushima","T_T_SH_NAT","Share of population  in metropolitan area over the national value","2002","2002","RATIO","Ratio","0","Units",,,0.4,,
"JPN39","Fukushima","T_T_SH_NAT","Share of population  in metropolitan area over the national value","2003","2003","RATIO","Ratio","0","Units",,,0.4,,
"JPN39","Fukushima","T_T_SH_NAT","Share of population  in metropolitan area over the national value","2004","2004","RATIO","Ratio","0","Units",,,0.4,,
"JPN39","Fukushima","T_T_SH_NAT","Share of population  in metropolitan area over the national value","2005","2005","RATIO","Ratio","0","Units",,,0.4,,
"JPN39","Fukushima","T_T_SH_NAT","Share of population  in metropolitan area over the national value","2006","2006","RATIO","Ratio","0","Units",,,0.4,,
"JPN39","Fukushima","T_T_SH_NAT","Share of population  in metropolitan area over the national value","2007","2007","RATIO","Ratio","0","Units",,,0.4,,
"JPN39","Fukushima","T_T_SH_NAT","Share of population  in metropolitan area over the national value","2008","2008","RATIO","Ratio","0","Units",,,0.4,,
"JPN39","Fukushima","T_T_SH_NAT","Share of population  in metropolitan area over the national value","2009","2009","RATIO","Ratio","0","Units",,,0.4,,
"JPN39","Fukushima","T_T_SH_NAT","Share of population  in metropolitan area over the national value","2010","2010","RATIO","Ratio","0","Units",,,0.4,,
"JPN39","Fukushima","T_T_SH_NAT","Share of population  in metropolitan area over the national value","2011","2011","RATIO","Ratio","0","Units",,,0.4,,
"JPN39","Fukushima","T_T_SH_NAT","Share of population  in metropolitan area over the national value","2012","2012","RATIO","Ratio","0","Units",,,0.4,,
"JPN39","Fukushima","T_T_SH_NAT","Share of population  in metropolitan area over the national value","2013","2013","RATIO","Ratio","0","Units",,,0.4,,
"JPN39","Fukushima","T_T_SH_NAT","Share of population  in metropolitan area over the national value","2014","2014","RATIO","Ratio","0","Units",,,0.4,,
"JPN39","Fukushima","T_T_SH_NAT","Share of population  in metropolitan area over the national value","2015","2015","RATIO","Ratio","0","Units",,,0.4,,
"KOR11","Gyeongsan","POP_DEN","Population density (pop. per km2)","2000","2000","PER","Persons","0","Units",,,1252,,
"KOR11","Gyeongsan","POP_DEN","Population density (pop. per km2)","2001","2001","PER","Persons","0","Units",,,1263,,
"KOR11","Gyeongsan","POP_DEN","Population density (pop. per km2)","2002","2002","PER","Persons","0","Units",,,1274,,
"KOR11","Gyeongsan","POP_DEN","Population density (pop. per km2)","2003","2003","PER","Persons","0","Units",,,1284,,
"KOR11","Gyeongsan","POP_DEN","Population density (pop. per km2)","2004","2004","PER","Persons","0","Units",,,1295,,
"KOR11","Gyeongsan","POP_DEN","Population density (pop. per km2)","2005","2005","PER","Persons","0","Units",,,1305,,
"KOR11","Gyeongsan","POP_DEN","Population density (pop. per km2)","2006","2006","PER","Persons","0","Units",,,1316,,
"KOR11","Gyeongsan","POP_DEN","Population density (pop. per km2)","2007","2007","PER","Persons","0","Units",,,1326,,
"KOR11","Gyeongsan","POP_DEN","Population density (pop. per km2)","2008","2008","PER","Persons","0","Units",,,1337,,
"KOR11","Gyeongsan","POP_DEN","Population density (pop. per km2)","2009","2009","PER","Persons","0","Units",,,1348,,
"KOR11","Gyeongsan","POP_DEN","Population density (pop. per km2)","2010","2010","PER","Persons","0","Units",,,1358,,
"KOR11","Gyeongsan","POP_DEN","Population density (pop. per km2)","2011","2011","PER","Persons","0","Units",,,1369,,
"KOR11","Gyeongsan","POP_DEN","Population density (pop. per km2)","2012","2012","PER","Persons","0","Units",,,1379,,
"KOR11","Gyeongsan","POP_DEN","Population density (pop. per km2)","2013","2013","PER","Persons","0","Units",,,1390,,
"KOR11","Gyeongsan","POP_DEN","Population density (pop. per km2)","2014","2014","PER","Persons","0","Units",,,1400,,
"KOR11","Gyeongsan","POP_DEN","Population density (pop. per km2)","2015","2015","PER","Persons","0","Units",,,1411,,
"USA139","Larimer","T_T","Population, All ages. Administrative data","2000","2000","PER","Persons","0","Units",,,253072,,
"USA139","Larimer","T_T","Population, All ages. Administrative data","2001","2001","PER","Persons","0","Units",,,260541,,
"USA139","Larimer","T_T","Population, All ages. Administrative data","2002","2002","PER","Persons","0","Units",,,265372,,
"USA139","Larimer","T_T","Population, All ages. Administrative data","2003","2003","PER","Persons","0","Units",,,268448,,
"USA139","Larimer","T_T","Population, All ages. Administrative data","2004","2004","PER","Persons","0","Units",,,271510,,
"USA139","Larimer","T_T","Population, All ages. Administrative data","2005","2005","PER","Persons","0","Units",,,275116,,
"USA139","Larimer","T_T","Population, All ages. Administrative data","2006","2006","PER","Persons","0","Units",,,280713,,
"USA139","Larimer","T_T","Population, All ages. Administrative data","2007","2007","PER","Persons","0","Units",,,286112,,
"USA139","Larimer","T_T","Population, All ages. Administrative data","2008","2008","PER","Persons","0","Units",,,291650,,
"USA139","Larimer","T_T","Population, All ages. Administrative data","2009","2009","PER","Persons","0","Units",,,296696,,
"USA139","Larimer","T_T","Population, All ages. Administrative data","2010","2010","PER","Persons","0","Units",,,300427,,
"USA139","Larimer","T_T","Population, All ages. Administrative data","2011","2011","PER","Persons","0","Units",,,305027,,
"USA139","Larimer","T_T","Population, All ages. Administrative data","2012","2012","PER","Persons","0","Units",,,310521,,
"USA139","Larimer","T_T","Population, All ages. Administrative data","2013","2013","PER","Persons","0","Units",,,315859,,
"USA139","Larimer","T_T","Population, All ages. Administrative data","2014","2014","PER","Persons","0","Units",,,323673,,
"USA139","Larimer","T_T","Population, All ages. Administrative data","2015","2015","PER","Persons","0","Units",,,332840,,
"USA139","Larimer","T_T","Population, All ages. Administrative data","2016","2016","PER","Persons","0","Units",,,338531,,
"ES510","Donostia-San Sebastian","POP_DEN","Population density (pop. per km2)","2000","2000","PER","Persons","0","Units",,,976,,
"ES510","Donostia-San Sebastian","POP_DEN","Population density (pop. per km2)","2001","2001","PER","Persons","0","Units",,,978,,
"ES510","Donostia-San Sebastian","POP_DEN","Population density (pop. per km2)","2002","2002","PER","Persons","0","Units",,,981,,
"ES510","Donostia-San Sebastian","POP_DEN","Population density (pop. per km2)","2003","2003","PER","Persons","0","Units",,,984,,
"ES510","Donostia-San Sebastian","POP_DEN","Population density (pop. per km2)","2004","2004","PER","Persons","0","Units",,,987,,
"ES510","Donostia-San Sebastian","POP_DEN","Population density (pop. per km2)","2005","2005","PER","Persons","0","Units",,,989,,
"ES510","Donostia-San Sebastian","POP_DEN","Population density (pop. per km2)","2006","2006","PER","Persons","0","Units",,,992,,
"ES510","Donostia-San Sebastian","POP_DEN","Population density (pop. per km2)","2007","2007","PER","Persons","0","Units",,,995,,
"ES510","Donostia-San Sebastian","POP_DEN","Population density (pop. per km2)","2008","2008","PER","Persons","0","Units",,,997,,
"ES510","Donostia-San Sebastian","POP_DEN","Population density (pop. per km2)","2009","2009","PER","Persons","0","Units",,,1000,,
"ES510","Donostia-San Sebastian","POP_DEN","Population density (pop. per km2)","2010","2010","PER","Persons","0","Units",,,1003,,
"ES510","Donostia-San Sebastian","POP_DEN","Population density (pop. per km2)","2011","2011","PER","Persons","0","Units",,,1005,,
"ES510","Donostia-San Sebastian","POP_DEN","Population density (pop. per km2)","2012","2012","PER","Persons","0","Units",,,1008,,
"ES510","Donostia-San Sebastian","POP_DEN","Population density (pop. per km2)","2013","2013","PER","Persons","0","Units",,,1011,,
"ES510","Donostia-San Sebastian","POP_DEN","Population density (pop. per km2)","2014","2014","PER","Persons","0","Units",,,1013,,
"ES510","Donostia-San Sebastian","POP_DEN","Population density (pop. per km2)","2015","2015","PER","Persons","0","Units",,,1016,,
"ES510","Donostia-San Sebastian","POP_DEN","Population density (pop. per km2)","2016","2016","PER","Persons","0","Units",,,1019,,
"DE007","Stuttgart","T_T_SH_NAT","Share of population  in metropolitan area over the national value","2001","2001","RATIO","Ratio","0","Units",,,3.2,,
"DE007","Stuttgart","T_T_SH_NAT","Share of population  in metropolitan area over the national value","2002","2002","RATIO","Ratio","0","Units",,,3.2,,
"DE007","Stuttgart","T_T_SH_NAT","Share of population  in metropolitan area over the national value","2003","2003","RATIO","Ratio","0","Units",,,3.2,,
"DE007","Stuttgart","T_T_SH_NAT","Share of population  in metropolitan area over the national value","2004","2004","RATIO","Ratio","0","Units",,,3.2,,
"DE007","Stuttgart","T_T_SH_NAT","Share of population  in metropolitan area over the national value","2005","2005","RATIO","Ratio","0","Units",,,3.2,,
"DE007","Stuttgart","T_T_SH_NAT","Share of population  in metropolitan area over the national value","2006","2006","RATIO","Ratio","0","Units",,,3.2,,
"DE007","Stuttgart","T_T_SH_NAT","Share of population  in metropolitan area over the national value","2007","2007","RATIO","Ratio","0","Units",,,3.2,,
"DE007","Stuttgart","T_T_SH_NAT","Share of population  in metropolitan area over the national value","2008","2008","RATIO","Ratio","0","Units",,,3.3,,
"DE007","Stuttgart","T_T_SH_NAT","Share of population  in metropolitan area over the national value","2009","2009","RATIO","Ratio","0","Units",,,3.3,,
"DE007","Stuttgart","T_T_SH_NAT","Share of population  in metropolitan area over the national value","2010","2010","RATIO","Ratio","0","Units",,,3.3,,
"DE007","Stuttgart","T_T_SH_NAT","Share of population  in metropolitan area over the national value","2011","2011","RATIO","Ratio","0","Units",,,3.3,,
"DE007","Stuttgart","T_T_SH_NAT","Share of population  in metropolitan area over the national value","2012","2012","RATIO","Ratio","0","Units",,,3.3,,
"DE007","Stuttgart","T_T_SH_NAT","Share of population  in metropolitan area over the national value","2013","2013","RATIO","Ratio","0","Units",,,3.3,,
"DE007","Stuttgart","T_T_SH_NAT","Share of population  in metropolitan area over the national value","2014","2014","RATIO","Ratio","0","Units",,,3.3,,
"DE007","Stuttgart","T_T_SH_NAT","Share of population  in metropolitan area over the national value","2015","2015","RATIO","Ratio","0","Units",,,3.3,,
"DE007","Stuttgart","T_T_SH_NAT","Share of population  in metropolitan area over the national value","2016","2016","RATIO","Ratio","0","Units",,,3.3,,
"MEX61","San Juan del Rio","T_T_SH_NAT","Share of population  in metropolitan area over the national value","2005","2005","RATIO","Ratio","0","Units",,,0.2,,
"MEX61","San Juan del Rio","T_T_SH_NAT","Share of population  in metropolitan area over the national value","2010","2010","RATIO","Ratio","0","Units",,,0.2,,
"MEX61","San Juan del Rio","T_T_SH_NAT","Share of population  in metropolitan area over the national value","2015","2015","RATIO","Ratio","0","Units",,,0.2,,
"UK568","Cheshire West and Chester","POP_DEN","Population density (pop. per km2)","2001","2001","PER","Persons","0","Units",,,347,,
"UK568","Cheshire West and Chester","POP_DEN","Population density (pop. per km2)","2002","2002","PER","Persons","0","Units",,,348,,
"UK568","Cheshire West and Chester","POP_DEN","Population density (pop. per km2)","2003","2003","PER","Persons","0","Units",,,350,,
"UK568","Cheshire West and Chester","POP_DEN","Population density (pop. per km2)","2004","2004","PER","Persons","0","Units",,,351,,
"UK568","Cheshire West and Chester","POP_DEN","Population density (pop. per km2)","2005","2005","PER","Persons","0","Units",,,352,,
"UK568","Cheshire West and Chester","POP_DEN","Population density (pop. per km2)","2006","2006","PER","Persons","0","Units",,,353,,
"UK568","Cheshire West and Chester","POP_DEN","Population density (pop. per km2)","2007","2007","PER","Persons","0","Units",,,354,,
"UK568","Cheshire West and Chester","POP_DEN","Population density (pop. per km2)","2008","2008","PER","Persons","0","Units",,,355,,
"UK568","Cheshire West and Chester","POP_DEN","Population density (pop. per km2)","2009","2009","PER","Persons","0","Units",,,355,,
"UK568","Cheshire West and Chester","POP_DEN","Population density (pop. per km2)","2010","2010","PER","Persons","0","Units",,,355,,
"UK568","Cheshire West and Chester","POP_DEN","Population density (pop. per km2)","2011","2011","PER","Persons","0","Units",,,356,,
"UK568","Cheshire West and Chester","POP_DEN","Population density (pop. per km2)","2012","2012","PER","Persons","0","Units",,,357,,
"UK568","Cheshire West and Chester","POP_DEN","Population density (pop. per km2)","2013","2013","PER","Persons","0","Units",,,357,,
"UK568","Cheshire West and Chester","POP_DEN","Population density (pop. per km2)","2014","2014","PER","Persons","0","Units",,,359,,
"UK568","Cheshire West and Chester","POP_DEN","Population density (pop. per km2)","2015","2015","PER","Persons","0","Units",,,360,,
"UK568","Cheshire West and Chester","POP_DEN","Population density (pop. per km2)","2016","2016","PER","Persons","0","Units",,,362,,
"IT002","Milan","POP_DEN","Population density (pop. per km2)","2000","2000","PER","Persons","0","Units",,,1194,,
"IT002","Milan","POP_DEN","Population density (pop. per km2)","2001","2001","PER","Persons","0","Units",,,1200,,
"IT002","Milan","POP_DEN","Population density (pop. per km2)","2002","2002","PER","Persons","0","Units",,,1206,,
"IT002","Milan","POP_DEN","Population density (pop. per km2)","2003","2003","PER","Persons","0","Units",,,1213,,
"IT002","Milan","POP_DEN","Population density (pop. per km2)","2004","2004","PER","Persons","0","Units",,,1219,,
"IT002","Milan","POP_DEN","Population density (pop. per km2)","2005","2005","PER","Persons","0","Units",,,1225,,
"IT002","Milan","POP_DEN","Population density (pop. per km2)","2006","2006","PER","Persons","0","Units",,,1232,,
"IT002","Milan","POP_DEN","Population density (pop. per km2)","2007","2007","PER","Persons","0","Units",,,1238,,
"IT002","Milan","POP_DEN","Population density (pop. per km2)","2008","2008","PER","Persons","0","Units",,,1244,,
"IT002","Milan","POP_DEN","Population density (pop. per km2)","2009","2009","PER","Persons","0","Units",,,1250,,
"IT002","Milan","POP_DEN","Population density (pop. per km2)","2010","2010","PER","Persons","0","Units",,,1257,,
"IT002","Milan","POP_DEN","Population density (pop. per km2)","2011","2011","PER","Persons","0","Units",,,1263,,
"IT002","Milan","POP_DEN","Population density (pop. per km2)","2012","2012","PER","Persons","0","Units",,,1269,,
"IT002","Milan","POP_DEN","Population density (pop. per km2)","2013","2013","PER","Persons","0","Units",,,1285,,
"IT002","Milan","POP_DEN","Population density (pop. per km2)","2014","2014","PER","Persons","0","Units",,,1318,,
"IT002","Milan","POP_DEN","Population density (pop. per km2)","2015","2015","PER","Persons","0","Units",,,1324,,
"IT002","Milan","POP_DEN","Population density (pop. per km2)","2016","2016","PER","Persons","0","Units",,,1326,,
"USA24","Jackson (MO)","T_T_SH_NAT","Share of population  in metropolitan area over the national value","2001","2001","RATIO","Ratio","0","Units",,,0.6,,
"USA24","Jackson (MO)","T_T_SH_NAT","Share of population  in metropolitan area over the national value","2002","2002","RATIO","Ratio","0","Units",,,0.6,,
"USA24","Jackson (MO)","T_T_SH_NAT","Share of population  in metropolitan area over the national value","2003","2003","RATIO","Ratio","0","Units",,,0.6,,
"USA24","Jackson (MO)","T_T_SH_NAT","Share of population  in metropolitan area over the national value","2004","2004","RATIO","Ratio","0","Units",,,0.6,,
"USA24","Jackson (MO)","T_T_SH_NAT","Share of population  in metropolitan area over the national value","2005","2005","RATIO","Ratio","0","Units",,,0.6,,
"USA24","Jackson (MO)","T_T_SH_NAT","Share of population  in metropolitan area over the national value","2006","2006","RATIO","Ratio","0","Units",,,0.6,,
"USA24","Jackson (MO)","T_T_SH_NAT","Share of population  in metropolitan area over the national value","2007","2007","RATIO","Ratio","0","Units",,,0.6,,
"USA24","Jackson (MO)","T_T_SH_NAT","Share of population  in metropolitan area over the national value","2008","2008","RATIO","Ratio","0","Units",,,0.6,,
"USA24","Jackson (MO)","T_T_SH_NAT","Share of population  in metropolitan area over the national value","2009","2009","RATIO","Ratio","0","Units",,,0.6,,
"USA24","Jackson (MO)","T_T_SH_NAT","Share of population  in metropolitan area over the national value","2010","2010","RATIO","Ratio","0","Units",,,0.6,,
"USA24","Jackson (MO)","T_T_SH_NAT","Share of population  in metropolitan area over the national value","2011","2011","RATIO","Ratio","0","Units",,,0.6,,
"USA24","Jackson (MO)","T_T_SH_NAT","Share of population  in metropolitan area over the national value","2012","2012","RATIO","Ratio","0","Units",,,0.6,,
"USA24","Jackson (MO)","T_T_SH_NAT","Share of population  in metropolitan area over the national value","2013","2013","RATIO","Ratio","0","Units",,,0.6,,
"USA24","Jackson (MO)","T_T_SH_NAT","Share of population  in metropolitan area over the national value","2014","2014","RATIO","Ratio","0","Units",,,0.6,,
"USA24","Jackson (MO)","T_T_SH_NAT","Share of population  in metropolitan area over the national value","2015","2015","RATIO","Ratio","0","Units",,,0.6,,
"USA24","Jackson (MO)","T_T_SH_NAT","Share of population  in metropolitan area over the national value","2016","2016","RATIO","Ratio","0","Units",,,0.6,,
"USA51","Tulsa","POP_DEN","Population density (pop. per km2)","2000","2000","PER","Persons","0","Units",,,49,,
"USA51","Tulsa","POP_DEN","Population density (pop. per km2)","2001","2001","PER","Persons","0","Units",,,49,,
"USA51","Tulsa","POP_DEN","Population density (pop. per km2)","2002","2002","PER","Persons","0","Units",,,49,,
"USA51","Tulsa","POP_DEN","Population density (pop. per km2)","2003","2003","PER","Persons","0","Units",,,49,,
"USA51","Tulsa","POP_DEN","Population density (pop. per km2)","2004","2004","PER","Persons","0","Units",,,49,,
"USA51","Tulsa","POP_DEN","Population density (pop. per km2)","2005","2005","PER","Persons","0","Units",,,50,,
"USA51","Tulsa","POP_DEN","Population density (pop. per km2)","2006","2006","PER","Persons","0","Units",,,50,,
"USA51","Tulsa","POP_DEN","Population density (pop. per km2)","2007","2007","PER","Persons","0","Units",,,51,,
"USA51","Tulsa","POP_DEN","Population density (pop. per km2)","2008","2008","PER","Persons","0","Units",,,52,,
"USA51","Tulsa","POP_DEN","Population density (pop. per km2)","2009","2009","PER","Persons","0","Units",,,52,,
"USA51","Tulsa","POP_DEN","Population density (pop. per km2)","2010","2010","PER","Persons","0","Units",,,53,,
"USA51","Tulsa","POP_DEN","Population density (pop. per km2)","2011","2011","PER","Persons","0","Units",,,53,,
"USA51","Tulsa","POP_DEN","Population density (pop. per km2)","2012","2012","PER","Persons","0","Units",,,54,,
"USA51","Tulsa","POP_DEN","Population density (pop. per km2)","2013","2013","PER","Persons","0","Units",,,54,,
"USA51","Tulsa","POP_DEN","Population density (pop. per km2)","2014","2014","PER","Persons","0","Units",,,54,,
"USA51","Tulsa","POP_DEN","Population density (pop. per km2)","2015","2015","PER","Persons","0","Units",,,55,,
"USA51","Tulsa","POP_DEN","Population density (pop. per km2)","2016","2016","PER","Persons","0","Units",,,55,,
"ES007","Murcia","T_T_SH_NAT","Share of population  in metropolitan area over the national value","2001","2001","RATIO","Ratio","0","Units",,,1.2,,
"ES007","Murcia","T_T_SH_NAT","Share of population  in metropolitan area over the national value","2002","2002","RATIO","Ratio","0","Units",,,1.2,,
"ES007","Murcia","T_T_SH_NAT","Share of population  in metropolitan area over the national value","2003","2003","RATIO","Ratio","0","Units",,,1.2,,
"ES007","Murcia","T_T_SH_NAT","Share of population  in metropolitan area over the national value","2004","2004","RATIO","Ratio","0","Units",,,1.2,,
"ES007","Murcia","T_T_SH_NAT","Share of population  in metropolitan area over the national value","2005","2005","RATIO","Ratio","0","Units",,,1.2,,
"ES007","Murcia","T_T_SH_NAT","Share of population  in metropolitan area over the national value","2006","2006","RATIO","Ratio","0","Units",,,1.2,,
"ES007","Murcia","T_T_SH_NAT","Share of population  in metropolitan area over the national value","2007","2007","RATIO","Ratio","0","Units",,,1.2,,
"ES007","Murcia","T_T_SH_NAT","Share of population  in metropolitan area over the national value","2008","2008","RATIO","Ratio","0","Units",,,1.2,,
"ES007","Murcia","T_T_SH_NAT","Share of population  in metropolitan area over the national value","2009","2009","RATIO","Ratio","0","Units",,,1.2,,
"ES007","Murcia","T_T_SH_NAT","Share of population  in metropolitan area over the national value","2010","2010","RATIO","Ratio","0","Units",,,1.2,,
"ES007","Murcia","T_T_SH_NAT","Share of population  in metropolitan area over the national value","2011","2011","RATIO","Ratio","0","Units",,,1.2,,
"ES007","Murcia","T_T_SH_NAT","Share of population  in metropolitan area over the national value","2012","2012","RATIO","Ratio","0","Units",,,1.3,,
"ES007","Murcia","T_T_SH_NAT","Share of population  in metropolitan area over the national value","2013","2013","RATIO","Ratio","0","Units",,,1.3,,
"ES007","Murcia","T_T_SH_NAT","Share of population  in metropolitan area over the national value","2014","2014","RATIO","Ratio","0","Units",,,1.3,,
"ES007","Murcia","T_T_SH_NAT","Share of population  in metropolitan area over the national value","2015","2015","RATIO","Ratio","0","Units",,,1.3,,
"ES007","Murcia","T_T_SH_NAT","Share of population  in metropolitan area over the national value","2016","2016","RATIO","Ratio","0","Units",,,1.3,,
"MEX56","Colima","T_T_SH_NAT","Share of population  in metropolitan area over the national value","2005","2005","RATIO","Ratio","0","Units",,,0.2,,
"MEX56","Colima","T_T_SH_NAT","Share of population  in metropolitan area over the national value","2010","2010","RATIO","Ratio","0","Units",,,0.2,,
"MEX56","Colima","T_T_SH_NAT","Share of population  in metropolitan area over the national value","2015","2015","RATIO","Ratio","0","Units",,,0.3,,
"ES019","Bilbao","POP_DEN","Population density (pop. per km2)","2000","2000","PER","Persons","0","Units",,,669,,
"ES019","Bilbao","POP_DEN","Population density (pop. per km2)","2001","2001","PER","Persons","0","Units",,,669,,
"ES019","Bilbao","POP_DEN","Population density (pop. per km2)","2002","2002","PER","Persons","0","Units",,,670,,
"ES019","Bilbao","POP_DEN","Population density (pop. per km2)","2003","2003","PER","Persons","0","Units",,,671,,
"ES019","Bilbao","POP_DEN","Population density (pop. per km2)","2004","2004","PER","Persons","0","Units",,,672,,
"ES019","Bilbao","POP_DEN","Population density (pop. per km2)","2005","2005","PER","Persons","0","Units",,,673,,
"ES019","Bilbao","POP_DEN","Population density (pop. per km2)","2006","2006","PER","Persons","0","Units",,,674,,
"ES019","Bilbao","POP_DEN","Population density (pop. per km2)","2007","2007","PER","Persons","0","Units",,,674,,
"ES019","Bilbao","POP_DEN","Population density (pop. per km2)","2008","2008","PER","Persons","0","Units",,,675,,
"ES019","Bilbao","POP_DEN","Population density (pop. per km2)","2009","2009","PER","Persons","0","Units",,,676,,
"ES019","Bilbao","POP_DEN","Population density (pop. per km2)","2010","2010","PER","Persons","0","Units",,,677,,
"ES019","Bilbao","POP_DEN","Population density (pop. per km2)","2011","2011","PER","Persons","0","Units",,,678,,
"ES019","Bilbao","POP_DEN","Population density (pop. per km2)","2012","2012","PER","Persons","0","Units",,,679,,
"ES019","Bilbao","POP_DEN","Population density (pop. per km2)","2013","2013","PER","Persons","0","Units",,,680,,
"ES019","Bilbao","POP_DEN","Population density (pop. per km2)","2014","2014","PER","Persons","0","Units",,,680,,
"ES019","Bilbao","POP_DEN","Population density (pop. per km2)","2015","2015","PER","Persons","0","Units",,,681,,
"ES019","Bilbao","POP_DEN","Population density (pop. per km2)","2016","2016","PER","Persons","0","Units",,,682,,
"DE042","Koblenz","T_T_SH_NAT","Share of population  in metropolitan area over the national value","2001","2001","RATIO","Ratio","0","Units",,,0.4,,
"DE042","Koblenz","T_T_SH_NAT","Share of population  in metropolitan area over the national value","2002","2002","RATIO","Ratio","0","Units",,,0.4,,
"DE042","Koblenz","T_T_SH_NAT","Share of population  in metropolitan area over the national value","2003","2003","RATIO","Ratio","0","Units",,,0.4,,
"DE042","Koblenz","T_T_SH_NAT","Share of population  in metropolitan area over the national value","2004","2004","RATIO","Ratio","0","Units",,,0.4,,
"DE042","Koblenz","T_T_SH_NAT","Share of population  in metropolitan area over the national value","2005","2005","RATIO","Ratio","0","Units",,,0.4,,
"DE042","Koblenz","T_T_SH_NAT","Share of population  in metropolitan area over the national value","2006","2006","RATIO","Ratio","0","Units",,,0.4,,
"DE042","Koblenz","T_T_SH_NAT","Share of population  in metropolitan area over the national value","2007","2007","RATIO","Ratio","0","Units",,,0.4,,
"DE042","Koblenz","T_T_SH_NAT","Share of population  in metropolitan area over the national value","2008","2008","RATIO","Ratio","0","Units",,,0.4,,
"DE042","Koblenz","T_T_SH_NAT","Share of population  in metropolitan area over the national value","2009","2009","RATIO","Ratio","0","Units",,,0.4,,
"DE042","Koblenz","T_T_SH_NAT","Share of population  in metropolitan area over the national value","2010","2010","RATIO","Ratio","0","Units",,,0.4,,
"DE042","Koblenz","T_T_SH_NAT","Share of population  in metropolitan area over the national value","2011","2011","RATIO","Ratio","0","Units",,,0.4,,
"DE042","Koblenz","T_T_SH_NAT","Share of population  in metropolitan area over the national value","2012","2012","RATIO","Ratio","0","Units",,,0.4,,
"DE042","Koblenz","T_T_SH_NAT","Share of population  in metropolitan area over the national value","2013","2013","RATIO","Ratio","0","Units",,,0.4,,
"DE042","Koblenz","T_T_SH_NAT","Share of population  in metropolitan area over the national value","2014","2014","RATIO","Ratio","0","Units",,,0.4,,
"DE042","Koblenz","T_T_SH_NAT","Share of population  in metropolitan area over the national value","2015","2015","RATIO","Ratio","0","Units",,,0.4,,
"DE042","Koblenz","T_T_SH_NAT","Share of population  in metropolitan area over the national value","2016","2016","RATIO","Ratio","0","Units",,,0.4,,
"JPN12","Yokkaichi","POP_DEN","Population density (pop. per km2)","2000","2000","PER","Persons","0","Units",,,507,,
"JPN12","Yokkaichi","POP_DEN","Population density (pop. per km2)","2001","2001","PER","Persons","0","Units",,,509,,
"JPN12","Yokkaichi","POP_DEN","Population density (pop. per km2)","2002","2002","PER","Persons","0","Units",,,511,,
"JPN12","Yokkaichi","POP_DEN","Population density (pop. per km2)","2003","2003","PER","Persons","0","Units",,,513,,
"JPN12","Yokkaichi","POP_DEN","Population density (pop. per km2)","2004","2004","PER","Persons","0","Units",,,515,,
"JPN12","Yokkaichi","POP_DEN","Population density (pop. per km2)","2005","2005","PER","Persons","0","Units",,,517,,
"JPN12","Yokkaichi","POP_DEN","Population density (pop. per km2)","2006","2006","PER","Persons","0","Units",,,517,,
"JPN12","Yokkaichi","POP_DEN","Population density (pop. per km2)","2007","2007","PER","Persons","0","Units",,,518,,
"JPN12","Yokkaichi","POP_DEN","Population density (pop. per km2)","2008","2008","PER","Persons","0","Units",,,518,,
"JPN12","Yokkaichi","POP_DEN","Population density (pop. per km2)","2009","2009","PER","Persons","0","Units",,,519,,
"JPN12","Yokkaichi","POP_DEN","Population density (pop. per km2)","2010","2010","PER","Persons","0","Units",,,520,,
"JPN12","Yokkaichi","POP_DEN","Population density (pop. per km2)","2011","2011","PER","Persons","0","Units",,,518,,
"JPN12","Yokkaichi","POP_DEN","Population density (pop. per km2)","2012","2012","PER","Persons","0","Units",,,517,,
"JPN12","Yokkaichi","POP_DEN","Population density (pop. per km2)","2013","2013","PER","Persons","0","Units",,,515,,
"JPN12","Yokkaichi","POP_DEN","Population density (pop. per km2)","2014","2014","PER","Persons","0","Units",,,514,,
"JPN12","Yokkaichi","POP_DEN","Population density (pop. per km2)","2015","2015","PER","Persons","0","Units",,,512,,
"USA147","McLennan","T_T","Population, All ages. Administrative data","2000","2000","PER","Persons","0","Units",,,249707,,
"USA147","McLennan","T_T","Population, All ages. Administrative data","2001","2001","PER","Persons","0","Units",,,250717,,
"USA147","McLennan","T_T","Population, All ages. Administrative data","2002","2002","PER","Persons","0","Units",,,252135,,
"USA147","McLennan","T_T","Population, All ages. Administrative data","2003","2003","PER","Persons","0","Units",,,254477,,
"USA147","McLennan","T_T","Population, All ages. Administrative data","2004","2004","PER","Persons","0","Units",,,257290,,
"USA147","McLennan","T_T","Population, All ages. Administrative data","2005","2005","PER","Persons","0","Units",,,258774,,
"USA147","McLennan","T_T","Population, All ages. Administrative data","2006","2006","PER","Persons","0","Units",,,260443,,
"USA147","McLennan","T_T","Population, All ages. Administrative data","2007","2007","PER","Persons","0","Units",,,262530,,
"USA147","McLennan","T_T","Population, All ages. Administrative data","2008","2008","PER","Persons","0","Units",,,264674,,
"USA147","McLennan","T_T","Population, All ages. Administrative data","2009","2009","PER","Persons","0","Units",,,267445,,
"USA147","McLennan","T_T","Population, All ages. Administrative data","2010","2010","PER","Persons","0","Units",,,272076,,
"USA147","McLennan","T_T","Population, All ages. Administrative data","2011","2011","PER","Persons","0","Units",,,273936,,
"USA147","McLennan","T_T","Population, All ages. Administrative data","2012","2012","PER","Persons","0","Units",,,274976,,
"USA147","McLennan","T_T","Population, All ages. Administrative data","2013","2013","PER","Persons","0","Units",,,276508,,
"USA147","McLennan","T_T","Population, All ages. Administrative data","2014","2014","PER","Persons","0","Units",,,278014,,
"USA147","McLennan","T_T","Population, All ages. Administrative data","2015","2015","PER","Persons","0","Units",,,280461,,
"USA147","McLennan","T_T","Population, All ages. Administrative data","2016","2016","PER","Persons","0","Units",,,282819,,
"MEX55","Los Cabos","T_T_SH_NAT","Share of population  in metropolitan area over the national value","2005","2005","RATIO","Ratio","0","Units",,,0.1,,
"MEX55","Los Cabos","T_T_SH_NAT","Share of population  in metropolitan area over the national value","2010","2010","RATIO","Ratio","0","Units",,,0.2,,
"MEX55","Los Cabos","T_T_SH_NAT","Share of population  in metropolitan area over the national value","2015","2015","RATIO","Ratio","0","Units",,,0.3,,
"DE517","Osnabruck","T_T","Population, All ages. Administrative data","2001","2001","PER","Persons","0","Units",,,518065,,
"DE517","Osnabruck","T_T","Population, All ages. Administrative data","2002","2002","PER","Persons","0","Units",,,520722,,
"DE517","Osnabruck","T_T","Population, All ages. Administrative data","2003","2003","PER","Persons","0","Units",,,522095,,
"DE517","Osnabruck","T_T","Population, All ages. Administrative data","2004","2004","PER","Persons","0","Units",,,524221,,
"DE517","Osnabruck","T_T","Population, All ages. Administrative data","2005","2005","PER","Persons","0","Units",,,524554,,
"DE517","Osnabruck","T_T","Population, All ages. Administrative data","2006","2006","PER","Persons","0","Units",,,523930,,
"DE517","Osnabruck","T_T","Population, All ages. Administrative data","2007","2007","PER","Persons","0","Units",,,523029,,
"DE517","Osnabruck","T_T","Population, All ages. Administrative data","2008","2008","PER","Persons","0","Units",,,522392,,
"DE517","Osnabruck","T_T","Population, All ages. Administrative data","2009","2009","PER","Persons","0","Units",,,522191,,
"DE517","Osnabruck","T_T","Population, All ages. Administrative data","2010","2010","PER","Persons","0","Units",,,521238,,
"DE517","Osnabruck","T_T","Population, All ages. Administrative data","2011","2011","PER","Persons","0","Units",,,504928,,
"DE517","Osnabruck","T_T","Population, All ages. Administrative data","2012","2012","PER","Persons","0","Units",,,505586,,
"DE517","Osnabruck","T_T","Population, All ages. Administrative data","2013","2013","PER","Persons","0","Units",,,506726,,
"DE517","Osnabruck","T_T","Population, All ages. Administrative data","2014","2014","PER","Persons","0","Units",,,507275,,
"DE517","Osnabruck","T_T","Population, All ages. Administrative data","2015","2015","PER","Persons","0","Units",,,508876,,
"DE517","Osnabruck","T_T","Population, All ages. Administrative data","2016","2016","PER","Persons","0","Units",,,521155,,
"USA43","Virginia Beach","T_T","Population, All ages. Administrative data","2000","2000","PER","Persons","0","Units",,,1073818,,
"USA43","Virginia Beach","T_T","Population, All ages. Administrative data","2001","2001","PER","Persons","0","Units",,,1080717,,
"USA43","Virginia Beach","T_T","Population, All ages. Administrative data","2002","2002","PER","Persons","0","Units",,,1092381,,
"USA43","Virginia Beach","T_T","Population, All ages. Administrative data","2003","2003","PER","Persons","0","Units",,,1098389,,
"USA43","Virginia Beach","T_T","Population, All ages. Administrative data","2004","2004","PER","Persons","0","Units",,,1118985,,
"USA43","Virginia Beach","T_T","Population, All ages. Administrative data","2005","2005","PER","Persons","0","Units",,,1121819,,
"USA43","Virginia Beach","T_T","Population, All ages. Administrative data","2006","2006","PER","Persons","0","Units",,,1134366,,
"USA43","Virginia Beach","T_T","Population, All ages. Administrative data","2007","2007","PER","Persons","0","Units",,,1130263,,
"USA43","Virginia Beach","T_T","Population, All ages. Administrative data","2008","2008","PER","Persons","0","Units",,,1129965,,
"USA43","Virginia Beach","T_T","Population, All ages. Administrative data","2009","2009","PER","Persons","0","Units",,,1134582,,
"USA43","Virginia Beach","T_T","Population, All ages. Administrative data","2010","2010","PER","Persons","0","Units",,,1145107,,
"USA43","Virginia Beach","T_T","Population, All ages. Administrative data","2011","2011","PER","Persons","0","Units",,,1151935,,
"USA43","Virginia Beach","T_T","Population, All ages. Administrative data","2012","2012","PER","Persons","0","Units",,,1160775,,
"USA43","Virginia Beach","T_T","Population, All ages. Administrative data","2013","2013","PER","Persons","0","Units",,,1165789,,
"USA43","Virginia Beach","T_T","Population, All ages. Administrative data","2014","2014","PER","Persons","0","Units",,,1172326,,
"USA43","Virginia Beach","T_T","Population, All ages. Administrative data","2015","2015","PER","Persons","0","Units",,,1177173,,
"USA43","Virginia Beach","T_T","Population, All ages. Administrative data","2016","2016","PER","Persons","0","Units",,,1179955,,
"PL020","Nowy Sacz","POP_DEN","Population density (pop. per km2)","2000","2000","PER","Persons","0","Units",,,185,,
"PL020","Nowy Sacz","POP_DEN","Population density (pop. per km2)","2001","2001","PER","Persons","0","Units",,,186,,
"PL020","Nowy Sacz","POP_DEN","Population density (pop. per km2)","2002","2002","PER","Persons","0","Units",,,187,,
"PL020","Nowy Sacz","POP_DEN","Population density (pop. per km2)","2003","2003","PER","Persons","0","Units",,,188,,
"PL020","Nowy Sacz","POP_DEN","Population density (pop. per km2)","2004","2004","PER","Persons","0","Units",,,189,,
"PL020","Nowy Sacz","POP_DEN","Population density (pop. per km2)","2005","2005","PER","Persons","0","Units",,,190,,
"PL020","Nowy Sacz","POP_DEN","Population density (pop. per km2)","2006","2006","PER","Persons","0","Units",,,191,,
"PL020","Nowy Sacz","POP_DEN","Population density (pop. per km2)","2007","2007","PER","Persons","0","Units",,,192,,
"PL020","Nowy Sacz","POP_DEN","Population density (pop. per km2)","2008","2008","PER","Persons","0","Units",,,193,,
"PL020","Nowy Sacz","POP_DEN","Population density (pop. per km2)","2009","2009","PER","Persons","0","Units",,,194,,
"PL020","Nowy Sacz","POP_DEN","Population density (pop. per km2)","2010","2010","PER","Persons","0","Units",,,197,,
"PL020","Nowy Sacz","POP_DEN","Population density (pop. per km2)","2011","2011","PER","Persons","0","Units",,,198,,
"PL020","Nowy Sacz","POP_DEN","Population density (pop. per km2)","2012","2012","PER","Persons","0","Units",,,199,,
"PL020","Nowy Sacz","POP_DEN","Population density (pop. per km2)","2013","2013","PER","Persons","0","Units",,,200,,
"PL020","Nowy Sacz","POP_DEN","Population density (pop. per km2)","2014","2014","PER","Persons","0","Units",,,200,,
"PL020","Nowy Sacz","POP_DEN","Population density (pop. per km2)","2015","2015","PER","Persons","0","Units",,,201,,
"PL020","Nowy Sacz","POP_DEN","Population density (pop. per km2)","2016","2016","PER","Persons","0","Units",,,202,,
"JPN02","Higashiosaka","T_T","Population, All ages. Administrative data","2000","2000","PER","Persons","0","Units",,,16957732,,
"JPN02","Higashiosaka","T_T","Population, All ages. Administrative data","2001","2001","PER","Persons","0","Units",,,16963622,,
"JPN02","Higashiosaka","T_T","Population, All ages. Administrative data","2002","2002","PER","Persons","0","Units",,,16969511,,
"JPN02","Higashiosaka","T_T","Population, All ages. Administrative data","2003","2003","PER","Persons","0","Units",,,16975402,,
"JPN02","Higashiosaka","T_T","Population, All ages. Administrative data","2004","2004","PER","Persons","0","Units",,,16981291,,
"JPN02","Higashiosaka","T_T","Population, All ages. Administrative data","2005","2005","PER","Persons","0","Units",,,16987181,,
"JPN02","Higashiosaka","T_T","Population, All ages. Administrative data","2006","2006","PER","Persons","0","Units",,,16987520,,
"JPN02","Higashiosaka","T_T","Population, All ages. Administrative data","2007","2007","PER","Persons","0","Units",,,16987859,,
"JPN02","Higashiosaka","T_T","Population, All ages. Administrative data","2008","2008","PER","Persons","0","Units",,,16988197,,
"JPN02","Higashiosaka","T_T","Population, All ages. Administrative data","2009","2009","PER","Persons","0","Units",,,16988536,,
"JPN02","Higashiosaka","T_T","Population, All ages. Administrative data","2010","2010","PER","Persons","0","Units",,,16988875,,
"JPN02","Higashiosaka","T_T","Population, All ages. Administrative data","2011","2011","PER","Persons","0","Units",,,16956584,,
"JPN02","Higashiosaka","T_T","Population, All ages. Administrative data","2012","2012","PER","Persons","0","Units",,,16924293,,
"JPN02","Higashiosaka","T_T","Population, All ages. Administrative data","2013","2013","PER","Persons","0","Units",,,16892002,,
"JPN02","Higashiosaka","T_T","Population, All ages. Administrative data","2014","2014","PER","Persons","0","Units",,,16859711,,
"JPN02","Higashiosaka","T_T","Population, All ages. Administrative data","2015","2015","PER","Persons","0","Units",,,16827420,,
"IT027","Cagliari","T_T_SH_NAT","Share of population  in metropolitan area over the national value","2012","2012","RATIO","Ratio","0","Units",,,0.8,,
"IT027","Cagliari","T_T_SH_NAT","Share of population  in metropolitan area over the national value","2013","2013","RATIO","Ratio","0","Units",,,0.8,,
"IT027","Cagliari","T_T_SH_NAT","Share of population  in metropolitan area over the national value","2014","2014","RATIO","Ratio","0","Units",,,0.8,,
"IT027","Cagliari","T_T_SH_NAT","Share of population  in metropolitan area over the national value","2015","2015","RATIO","Ratio","0","Units",,,0.8,,
"IT027","Cagliari","T_T_SH_NAT","Share of population  in metropolitan area over the national value","2016","2016","RATIO","Ratio","0","Units",,,0.8,,
"USA83","Hamilton (TN)","T_T_SH_NAT","Share of population  in metropolitan area over the national value","2001","2001","RATIO","Ratio","0","Units",,,0.2,,
"USA83","Hamilton (TN)","T_T_SH_NAT","Share of population  in metropolitan area over the national value","2002","2002","RATIO","Ratio","0","Units",,,0.2,,
"USA83","Hamilton (TN)","T_T_SH_NAT","Share of population  in metropolitan area over the national value","2003","2003","RATIO","Ratio","0","Units",,,0.2,,
"USA83","Hamilton (TN)","T_T_SH_NAT","Share of population  in metropolitan area over the national value","2004","2004","RATIO","Ratio","0","Units",,,0.2,,
"USA83","Hamilton (TN)","T_T_SH_NAT","Share of population  in metropolitan area over the national value","2005","2005","RATIO","Ratio","0","Units",,,0.2,,
"USA83","Hamilton (TN)","T_T_SH_NAT","Share of population  in metropolitan area over the national value","2006","2006","RATIO","Ratio","0","Units",,,0.2,,
"USA83","Hamilton (TN)","T_T_SH_NAT","Share of population  in metropolitan area over the national value","2007","2007","RATIO","Ratio","0","Units",,,0.2,,
"USA83","Hamilton (TN)","T_T_SH_NAT","Share of population  in metropolitan area over the national value","2008","2008","RATIO","Ratio","0","Units",,,0.2,,
"USA83","Hamilton (TN)","T_T_SH_NAT","Share of population  in metropolitan area over the national value","2009","2009","RATIO","Ratio","0","Units",,,0.2,,
"USA83","Hamilton (TN)","T_T_SH_NAT","Share of population  in metropolitan area over the national value","2010","2010","RATIO","Ratio","0","Units",,,0.2,,
"USA83","Hamilton (TN)","T_T_SH_NAT","Share of population  in metropolitan area over the national value","2011","2011","RATIO","Ratio","0","Units",,,0.2,,
"USA83","Hamilton (TN)","T_T_SH_NAT","Share of population  in metropolitan area over the national value","2012","2012","RATIO","Ratio","0","Units",,,0.2,,
"USA83","Hamilton (TN)","T_T_SH_NAT","Share of population  in metropolitan area over the national value","2013","2013","RATIO","Ratio","0","Units",,,0.2,,
"USA83","Hamilton (TN)","T_T_SH_NAT","Share of population  in metropolitan area over the national value","2014","2014","RATIO","Ratio","0","Units",,,0.2,,
"USA83","Hamilton (TN)","T_T_SH_NAT","Share of population  in metropolitan area over the national value","2015","2015","RATIO","Ratio","0","Units",,,0.2,,
"USA83","Hamilton (TN)","T_T_SH_NAT","Share of population  in metropolitan area over the national value","2016","2016","RATIO","Ratio","0","Units",,,0.2,,
"NL503","s-Hertogenbosch","POP_DEN","Population density (pop. per km2)","2000","2000","PER","Persons","0","Units",,,693,,
"NL503","s-Hertogenbosch","POP_DEN","Population density (pop. per km2)","2001","2001","PER","Persons","0","Units",,,691,,
"NL503","s-Hertogenbosch","POP_DEN","Population density (pop. per km2)","2002","2002","PER","Persons","0","Units",,,690,,
"NL503","s-Hertogenbosch","POP_DEN","Population density (pop. per km2)","2003","2003","PER","Persons","0","Units",,,689,,
"NL503","s-Hertogenbosch","POP_DEN","Population density (pop. per km2)","2004","2004","PER","Persons","0","Units",,,688,,
"NL503","s-Hertogenbosch","POP_DEN","Population density (pop. per km2)","2005","2005","PER","Persons","0","Units",,,689,,
"NL503","s-Hertogenbosch","POP_DEN","Population density (pop. per km2)","2006","2006","PER","Persons","0","Units",,,692,,
"NL503","s-Hertogenbosch","POP_DEN","Population density (pop. per km2)","2007","2007","PER","Persons","0","Units",,,694,,
"NL503","s-Hertogenbosch","POP_DEN","Population density (pop. per km2)","2008","2008","PER","Persons","0","Units",,,697,,
"NL503","s-Hertogenbosch","POP_DEN","Population density (pop. per km2)","2009","2009","PER","Persons","0","Units",,,702,,
"NL503","s-Hertogenbosch","POP_DEN","Population density (pop. per km2)","2010","2010","PER","Persons","0","Units",,,706,,
"NL503","s-Hertogenbosch","POP_DEN","Population density (pop. per km2)","2011","2011","PER","Persons","0","Units",,,711,,
"NL503","s-Hertogenbosch","POP_DEN","Population density (pop. per km2)","2012","2012","PER","Persons","0","Units",,,714,,
"NL503","s-Hertogenbosch","POP_DEN","Population density (pop. per km2)","2013","2013","PER","Persons","0","Units",,,717,,
"NL503","s-Hertogenbosch","POP_DEN","Population density (pop. per km2)","2014","2014","PER","Persons","0","Units",,,720,,
"NL503","s-Hertogenbosch","POP_DEN","Population density (pop. per km2)","2015","2015","PER","Persons","0","Units",,,740,,
"NL503","s-Hertogenbosch","POP_DEN","Population density (pop. per km2)","2016","2016","PER","Persons","0","Units",,,743,,
"MEX59","Puerto Vallarta","T_T_SH_NAT","Share of population  in metropolitan area over the national value","2005","2005","RATIO","Ratio","0","Units",,,0.2,,
"MEX59","Puerto Vallarta","T_T_SH_NAT","Share of population  in metropolitan area over the national value","2010","2010","RATIO","Ratio","0","Units",,,0.2,,
"MEX59","Puerto Vallarta","T_T_SH_NAT","Share of population  in metropolitan area over the national value","2015","2015","RATIO","Ratio","0","Units",,,0.3,,
"KOR13","Gumi","POP_DEN","Population density (pop. per km2)","2000","2000","PER","Persons","0","Units",,,357,,
"KOR13","Gumi","POP_DEN","Population density (pop. per km2)","2001","2001","PER","Persons","0","Units",,,370,,
"KOR13","Gumi","POP_DEN","Population density (pop. per km2)","2002","2002","PER","Persons","0","Units",,,383,,
"KOR13","Gumi","POP_DEN","Population density (pop. per km2)","2003","2003","PER","Persons","0","Units",,,395,,
"KOR13","Gumi","POP_DEN","Population density (pop. per km2)","2004","2004","PER","Persons","0","Units",,,408,,
"KOR13","Gumi","POP_DEN","Population density (pop. per km2)","2005","2005","PER","Persons","0","Units",,,421,,
"KOR13","Gumi","POP_DEN","Population density (pop. per km2)","2006","2006","PER","Persons","0","Units",,,434,,
"KOR13","Gumi","POP_DEN","Population density (pop. per km2)","2007","2007","PER","Persons","0","Units",,,447,,
"KOR13","Gumi","POP_DEN","Population density (pop. per km2)","2008","2008","PER","Persons","0","Units",,,459,,
"KOR13","Gumi","POP_DEN","Population density (pop. per km2)","2009","2009","PER","Persons","0","Units",,,472,,
"KOR13","Gumi","POP_DEN","Population density (pop. per km2)","2010","2010","PER","Persons","0","Units",,,485,,
"KOR13","Gumi","POP_DEN","Population density (pop. per km2)","2011","2011","PER","Persons","0","Units",,,498,,
"KOR13","Gumi","POP_DEN","Population density (pop. per km2)","2012","2012","PER","Persons","0","Units",,,502,,
"KOR13","Gumi","POP_DEN","Population density (pop. per km2)","2013","2013","PER","Persons","0","Units",,,506,,
"KOR13","Gumi","POP_DEN","Population density (pop. per km2)","2014","2014","PER","Persons","0","Units",,,507,,
"KOR13","Gumi","POP_DEN","Population density (pop. per km2)","2015","2015","PER","Persons","0","Units",,,508,,
"KOR13","Gumi","POP_DEN","Population density (pop. per km2)","2016","2016","PER","Persons","0","Units",,,508,,
"SI001","Ljubljana","T_T_SH_NAT","Share of population  in metropolitan area over the national value","2001","2001","RATIO","Ratio","0","Units",,,23.7,,
"SI001","Ljubljana","T_T_SH_NAT","Share of population  in metropolitan area over the national value","2002","2002","RATIO","Ratio","0","Units",,,23.7,,
"SI001","Ljubljana","T_T_SH_NAT","Share of population  in metropolitan area over the national value","2003","2003","RATIO","Ratio","0","Units",,,24,,
"SI001","Ljubljana","T_T_SH_NAT","Share of population  in metropolitan area over the national value","2004","2004","RATIO","Ratio","0","Units",,,24.1,,
"SI001","Ljubljana","T_T_SH_NAT","Share of population  in metropolitan area over the national value","2005","2005","RATIO","Ratio","0","Units",,,24.1,,
"SI001","Ljubljana","T_T_SH_NAT","Share of population  in metropolitan area over the national value","2006","2006","RATIO","Ratio","0","Units",,,24.2,,
"SI001","Ljubljana","T_T_SH_NAT","Share of population  in metropolitan area over the national value","2007","2007","RATIO","Ratio","0","Units",,,24.3,,
"SI001","Ljubljana","T_T_SH_NAT","Share of population  in metropolitan area over the national value","2008","2008","RATIO","Ratio","0","Units",,,24.6,,
"SI001","Ljubljana","T_T_SH_NAT","Share of population  in metropolitan area over the national value","2009","2009","RATIO","Ratio","0","Units",,,25,,
"SI001","Ljubljana","T_T_SH_NAT","Share of population  in metropolitan area over the national value","2010","2010","RATIO","Ratio","0","Units",,,25.2,,
"SI001","Ljubljana","T_T_SH_NAT","Share of population  in metropolitan area over the national value","2011","2011","RATIO","Ratio","0","Units",,,25.3,,
"SI001","Ljubljana","T_T_SH_NAT","Share of population  in metropolitan area over the national value","2012","2012","RATIO","Ratio","0","Units",,,25.4,,
"SI001","Ljubljana","T_T_SH_NAT","Share of population  in metropolitan area over the national value","2013","2013","RATIO","Ratio","0","Units",,,25.6,,
"SI001","Ljubljana","T_T_SH_NAT","Share of population  in metropolitan area over the national value","2014","2014","RATIO","Ratio","0","Units",,,25.8,,
"SI001","Ljubljana","T_T_SH_NAT","Share of population  in metropolitan area over the national value","2015","2015","RATIO","Ratio","0","Units",,,25.9,,
"SI001","Ljubljana","T_T_SH_NAT","Share of population  in metropolitan area over the national value","2016","2016","RATIO","Ratio","0","Units",,,26,,
"CAN13","Saanich","T_T","Population, All ages. Administrative data","2000","2000","PER","Persons","0","Units",,,327424,,
"CAN13","Saanich","T_T","Population, All ages. Administrative data","2001","2001","PER","Persons","0","Units",,,331273,,
"CAN13","Saanich","T_T","Population, All ages. Administrative data","2002","2002","PER","Persons","0","Units",,,333868,,
"CAN13","Saanich","T_T","Population, All ages. Administrative data","2003","2003","PER","Persons","0","Units",,,336605,,
"CAN13","Saanich","T_T","Population, All ages. Administrative data","2004","2004","PER","Persons","0","Units",,,339329,,
"CAN13","Saanich","T_T","Population, All ages. Administrative data","2005","2005","PER","Persons","0","Units",,,342978,,
"CAN13","Saanich","T_T","Population, All ages. Administrative data","2006","2006","PER","Persons","0","Units",,,345911,,
"CAN13","Saanich","T_T","Population, All ages. Administrative data","2007","2007","PER","Persons","0","Units",,,347351,,
"CAN13","Saanich","T_T","Population, All ages. Administrative data","2008","2008","PER","Persons","0","Units",,,350178,,
"CAN13","Saanich","T_T","Population, All ages. Administrative data","2009","2009","PER","Persons","0","Units",,,354124,,
"CAN13","Saanich","T_T","Population, All ages. Administrative data","2010","2010","PER","Persons","0","Units",,,357526,,
"CAN13","Saanich","T_T","Population, All ages. Administrative data","2011","2011","PER","Persons","0","Units",,,360930,,
"CAN13","Saanich","T_T","Population, All ages. Administrative data","2012","2012","PER","Persons","0","Units",,,365807,,
"CAN13","Saanich","T_T","Population, All ages. Administrative data","2013","2013","PER","Persons","0","Units",,,370684,,
"CAN13","Saanich","T_T","Population, All ages. Administrative data","2014","2014","PER","Persons","0","Units",,,375561,,
"CAN13","Saanich","T_T","Population, All ages. Administrative data","2015","2015","PER","Persons","0","Units",,,380438,,
"CAN13","Saanich","T_T","Population, All ages. Administrative data","2016","2016","PER","Persons","0","Units",,,385315,,
"KOR14","Jeju","POP_DEN","Population density (pop. per km2)","2000","2000","PER","Persons","0","Units",,,360,,
"KOR14","Jeju","POP_DEN","Population density (pop. per km2)","2001","2001","PER","Persons","0","Units",,,365,,
"KOR14","Jeju","POP_DEN","Population density (pop. per km2)","2002","2002","PER","Persons","0","Units",,,371,,
"KOR14","Jeju","POP_DEN","Population density (pop. per km2)","2003","2003","PER","Persons","0","Units",,,376,,
"KOR14","Jeju","POP_DEN","Population density (pop. per km2)","2004","2004","PER","Persons","0","Units",,,382,,
"KOR14","Jeju","POP_DEN","Population density (pop. per km2)","2005","2005","PER","Persons","0","Units",,,387,,
"KOR14","Jeju","POP_DEN","Population density (pop. per km2)","2006","2006","PER","Persons","0","Units",,,393,,
"KOR14","Jeju","POP_DEN","Population density (pop. per km2)","2007","2007","PER","Persons","0","Units",,,399,,
"KOR14","Jeju","POP_DEN","Population density (pop. per km2)","2008","2008","PER","Persons","0","Units",,,404,,
"KOR14","Jeju","POP_DEN","Population density (pop. per km2)","2009","2009","PER","Persons","0","Units",,,410,,
"KOR14","Jeju","POP_DEN","Population density (pop. per km2)","2010","2010","PER","Persons","0","Units",,,415,,
"KOR14","Jeju","POP_DEN","Population density (pop. per km2)","2011","2011","PER","Persons","0","Units",,,421,,
"KOR14","Jeju","POP_DEN","Population density (pop. per km2)","2012","2012","PER","Persons","0","Units",,,428,,
"KOR14","Jeju","POP_DEN","Population density (pop. per km2)","2013","2013","PER","Persons","0","Units",,,436,,
"KOR14","Jeju","POP_DEN","Population density (pop. per km2)","2014","2014","PER","Persons","0","Units",,,447,,
"KOR14","Jeju","POP_DEN","Population density (pop. per km2)","2015","2015","PER","Persons","0","Units",,,458,,
"KOR14","Jeju","POP_DEN","Population density (pop. per km2)","2016","2016","PER","Persons","0","Units",,,469,,
"CZ003","Ostrava","T_T","Population, All ages. Administrative data","2000","2000","PER","Persons","0","Units",,,764792,,
"CZ003","Ostrava","T_T","Population, All ages. Administrative data","2001","2001","PER","Persons","0","Units",,,762596,,
"CZ003","Ostrava","T_T","Population, All ages. Administrative data","2002","2002","PER","Persons","0","Units",,,760402,,
"CZ003","Ostrava","T_T","Population, All ages. Administrative data","2003","2003","PER","Persons","0","Units",,,758206,,
"CZ003","Ostrava","T_T","Population, All ages. Administrative data","2004","2004","PER","Persons","0","Units",,,756012,,
"CZ003","Ostrava","T_T","Population, All ages. Administrative data","2005","2005","PER","Persons","0","Units",,,753816,,
"CZ003","Ostrava","T_T","Population, All ages. Administrative data","2006","2006","PER","Persons","0","Units",,,751622,,
"CZ003","Ostrava","T_T","Population, All ages. Administrative data","2007","2007","PER","Persons","0","Units",,,749426,,
"CZ003","Ostrava","T_T","Population, All ages. Administrative data","2008","2008","PER","Persons","0","Units",,,749537,,
"CZ003","Ostrava","T_T","Population, All ages. Administrative data","2009","2009","PER","Persons","0","Units",,,746978,,
"CZ003","Ostrava","T_T","Population, All ages. Administrative data","2010","2010","PER","Persons","0","Units",,,743019,,
"CZ003","Ostrava","T_T","Population, All ages. Administrative data","2011","2011","PER","Persons","0","Units",,,732283,,
"CZ003","Ostrava","T_T","Population, All ages. Administrative data","2012","2012","PER","Persons","0","Units",,,729095,,
"CZ003","Ostrava","T_T","Population, All ages. Administrative data","2013","2013","PER","Persons","0","Units",,,725394,,
"CZ003","Ostrava","T_T","Population, All ages. Administrative data","2014","2014","PER","Persons","0","Units",,,722199,,
"CZ003","Ostrava","T_T","Population, All ages. Administrative data","2015","2015","PER","Persons","0","Units",,,718996,,
"CZ003","Ostrava","T_T","Population, All ages. Administrative data","2016","2016","PER","Persons","0","Units",,,716644,,
"DE079","Wetzlar","T_T","Population, All ages. Administrative data","2001","2001","PER","Persons","0","Units",,,262308,,
"DE079","Wetzlar","T_T","Population, All ages. Administrative data","2002","2002","PER","Persons","0","Units",,,262492,,
"DE079","Wetzlar","T_T","Population, All ages. Administrative data","2003","2003","PER","Persons","0","Units",,,262300,,
"DE079","Wetzlar","T_T","Population, All ages. Administrative data","2004","2004","PER","Persons","0","Units",,,261678,,
"DE079","Wetzlar","T_T","Population, All ages. Administrative data","2005","2005","PER","Persons","0","Units",,,260859,,
"DE079","Wetzlar","T_T","Population, All ages. Administrative data","2006","2006","PER","Persons","0","Units",,,259967,,
"DE079","Wetzlar","T_T","Population, All ages. Administrative data","2007","2007","PER","Persons","0","Units",,,258815,,
"DE079","Wetzlar","T_T","Population, All ages. Administrative data","2008","2008","PER","Persons","0","Units",,,257523,,
"DE079","Wetzlar","T_T","Population, All ages. Administrative data","2009","2009","PER","Persons","0","Units",,,256044,,
"DE079","Wetzlar","T_T","Population, All ages. Administrative data","2010","2010","PER","Persons","0","Units",,,254344,,
"DE079","Wetzlar","T_T","Population, All ages. Administrative data","2011","2011","PER","Persons","0","Units",,,253436,,
"DE079","Wetzlar","T_T","Population, All ages. Administrative data","2012","2012","PER","Persons","0","Units",,,252369,,
"DE079","Wetzlar","T_T","Population, All ages. Administrative data","2013","2013","PER","Persons","0","Units",,,251578,,
"DE079","Wetzlar","T_T","Population, All ages. Administrative data","2014","2014","PER","Persons","0","Units",,,250800,,
"DE079","Wetzlar","T_T","Population, All ages. Administrative data","2015","2015","PER","Persons","0","Units",,,250914,,
"DE079","Wetzlar","T_T","Population, All ages. Administrative data","2016","2016","PER","Persons","0","Units",,,252637,,
"USA54","Albuquerque","POP_DEN","Population density (pop. per km2)","2000","2000","PER","Persons","0","Units",,,21,,
"USA54","Albuquerque","POP_DEN","Population density (pop. per km2)","2001","2001","PER","Persons","0","Units",,,21,,
"USA54","Albuquerque","POP_DEN","Population density (pop. per km2)","2002","2002","PER","Persons","0","Units",,,22,,
"USA54","Albuquerque","POP_DEN","Population density (pop. per km2)","2003","2003","PER","Persons","0","Units",,,22,,
"USA54","Albuquerque","POP_DEN","Population density (pop. per km2)","2004","2004","PER","Persons","0","Units",,,23,,
"USA54","Albuquerque","POP_DEN","Population density (pop. per km2)","2005","2005","PER","Persons","0","Units",,,23,,
"USA54","Albuquerque","POP_DEN","Population density (pop. per km2)","2006","2006","PER","Persons","0","Units",,,24,,
"USA54","Albuquerque","POP_DEN","Population density (pop. per km2)","2007","2007","PER","Persons","0","Units",,,24,,
"USA54","Albuquerque","POP_DEN","Population density (pop. per km2)","2008","2008","PER","Persons","0","Units",,,25,,
"USA54","Albuquerque","POP_DEN","Population density (pop. per km2)","2009","2009","PER","Persons","0","Units",,,25,,
"USA54","Albuquerque","POP_DEN","Population density (pop. per km2)","2010","2010","PER","Persons","0","Units",,,26,,
"USA54","Albuquerque","POP_DEN","Population density (pop. per km2)","2011","2011","PER","Persons","0","Units",,,26,,
"USA54","Albuquerque","POP_DEN","Population density (pop. per km2)","2012","2012","PER","Persons","0","Units",,,26,,
"USA54","Albuquerque","POP_DEN","Population density (pop. per km2)","2013","2013","PER","Persons","0","Units",,,26,,
"USA54","Albuquerque","POP_DEN","Population density (pop. per km2)","2014","2014","PER","Persons","0","Units",,,26,,
"USA54","Albuquerque","POP_DEN","Population density (pop. per km2)","2015","2015","PER","Persons","0","Units",,,26,,
"USA54","Albuquerque","POP_DEN","Population density (pop. per km2)","2016","2016","PER","Persons","0","Units",,,26,,
"ES005","Saragossa","T_T_SH_NAT","Share of population  in metropolitan area over the national value","2001","2001","RATIO","Ratio","0","Units",,,1.6,,
"ES005","Saragossa","T_T_SH_NAT","Share of population  in metropolitan area over the national value","2002","2002","RATIO","Ratio","0","Units",,,1.6,,
"ES005","Saragossa","T_T_SH_NAT","Share of population  in metropolitan area over the national value","2003","2003","RATIO","Ratio","0","Units",,,1.6,,
"ES005","Saragossa","T_T_SH_NAT","Share of population  in metropolitan area over the national value","2004","2004","RATIO","Ratio","0","Units",,,1.6,,
"ES005","Saragossa","T_T_SH_NAT","Share of population  in metropolitan area over the national value","2005","2005","RATIO","Ratio","0","Units",,,1.6,,
"ES005","Saragossa","T_T_SH_NAT","Share of population  in metropolitan area over the national value","2006","2006","RATIO","Ratio","0","Units",,,1.6,,
"ES005","Saragossa","T_T_SH_NAT","Share of population  in metropolitan area over the national value","2007","2007","RATIO","Ratio","0","Units",,,1.6,,
"ES005","Saragossa","T_T_SH_NAT","Share of population  in metropolitan area over the national value","2008","2008","RATIO","Ratio","0","Units",,,1.5,,
"ES005","Saragossa","T_T_SH_NAT","Share of population  in metropolitan area over the national value","2009","2009","RATIO","Ratio","0","Units",,,1.5,,
"ES005","Saragossa","T_T_SH_NAT","Share of population  in metropolitan area over the national value","2010","2010","RATIO","Ratio","0","Units",,,1.5,,
"ES005","Saragossa","T_T_SH_NAT","Share of population  in metropolitan area over the national value","2011","2011","RATIO","Ratio","0","Units",,,1.5,,
"ES005","Saragossa","T_T_SH_NAT","Share of population  in metropolitan area over the national value","2012","2012","RATIO","Ratio","0","Units",,,1.6,,
"ES005","Saragossa","T_T_SH_NAT","Share of population  in metropolitan area over the national value","2013","2013","RATIO","Ratio","0","Units",,,1.6,,
"ES005","Saragossa","T_T_SH_NAT","Share of population  in metropolitan area over the national value","2014","2014","RATIO","Ratio","0","Units",,,1.6,,
"ES005","Saragossa","T_T_SH_NAT","Share of population  in metropolitan area over the national value","2015","2015","RATIO","Ratio","0","Units",,,1.6,,
"ES005","Saragossa","T_T_SH_NAT","Share of population  in metropolitan area over the national value","2016","2016","RATIO","Ratio","0","Units",,,1.6,,
"USA132","Lancaster (NE)","T_T_SH_NAT","Share of population  in metropolitan area over the national value","2001","2001","RATIO","Ratio","0","Units",,,0.1,,
"USA132","Lancaster (NE)","T_T_SH_NAT","Share of population  in metropolitan area over the national value","2002","2002","RATIO","Ratio","0","Units",,,0.1,,
"USA132","Lancaster (NE)","T_T_SH_NAT","Share of population  in metropolitan area over the national value","2003","2003","RATIO","Ratio","0","Units",,,0.1,,
"USA132","Lancaster (NE)","T_T_SH_NAT","Share of population  in metropolitan area over the national value","2004","2004","RATIO","Ratio","0","Units",,,0.1,,
"USA132","Lancaster (NE)","T_T_SH_NAT","Share of population  in metropolitan area over the national value","2005","2005","RATIO","Ratio","0","Units",,,0.1,,
"USA132","Lancaster (NE)","T_T_SH_NAT","Share of population  in metropolitan area over the national value","2006","2006","RATIO","Ratio","0","Units",,,0.1,,
"USA132","Lancaster (NE)","T_T_SH_NAT","Share of population  in metropolitan area over the national value","2007","2007","RATIO","Ratio","0","Units",,,0.1,,
"USA132","Lancaster (NE)","T_T_SH_NAT","Share of population  in metropolitan area over the national value","2008","2008","RATIO","Ratio","0","Units",,,0.1,,
"USA132","Lancaster (NE)","T_T_SH_NAT","Share of population  in metropolitan area over the national value","2009","2009","RATIO","Ratio","0","Units",,,0.1,,
"USA132","Lancaster (NE)","T_T_SH_NAT","Share of population  in metropolitan area over the national value","2010","2010","RATIO","Ratio","0","Units",,,0.1,,
"USA132","Lancaster (NE)","T_T_SH_NAT","Share of population  in metropolitan area over the national value","2011","2011","RATIO","Ratio","0","Units",,,0.1,,
"USA132","Lancaster (NE)","T_T_SH_NAT","Share of population  in metropolitan area over the national value","2012","2012","RATIO","Ratio","0","Units",,,0.1,,
"USA132","Lancaster (NE)","T_T_SH_NAT","Share of population  in metropolitan area over the national value","2013","2013","RATIO","Ratio","0","Units",,,0.1,,
"USA132","Lancaster (NE)","T_T_SH_NAT","Share of population  in metropolitan area over the national value","2014","2014","RATIO","Ratio","0","Units",,,0.1,,
"USA132","Lancaster (NE)","T_T_SH_NAT","Share of population  in metropolitan area over the national value","2015","2015","RATIO","Ratio","0","Units",,,0.1,,
"USA132","Lancaster (NE)","T_T_SH_NAT","Share of population  in metropolitan area over the national value","2016","2016","RATIO","Ratio","0","Units",,,0.1,,
"PT002","Porto","POP_DEN","Population density (pop. per km2)","2000","2000","PER","Persons","0","Units",,,1333,,
"PT002","Porto","POP_DEN","Population density (pop. per km2)","2001","2001","PER","Persons","0","Units",,,1342,,
"PT002","Porto","POP_DEN","Population density (pop. per km2)","2002","2002","PER","Persons","0","Units",,,1349,,
"PT002","Porto","POP_DEN","Population density (pop. per km2)","2003","2003","PER","Persons","0","Units",,,1354,,
"PT002","Porto","POP_DEN","Population density (pop. per km2)","2004","2004","PER","Persons","0","Units",,,1358,,
"PT002","Porto","POP_DEN","Population density (pop. per km2)","2005","2005","PER","Persons","0","Units",,,1362,,
"PT002","Porto","POP_DEN","Population density (pop. per km2)","2006","2006","PER","Persons","0","Units",,,1365,,
"PT002","Porto","POP_DEN","Population density (pop. per km2)","2007","2007","PER","Persons","0","Units",,,1368,,
"PT002","Porto","POP_DEN","Population density (pop. per km2)","2008","2008","PER","Persons","0","Units",,,1370,,
"PT002","Porto","POP_DEN","Population density (pop. per km2)","2009","2009","PER","Persons","0","Units",,,1370,,
"PT002","Porto","POP_DEN","Population density (pop. per km2)","2010","2010","PER","Persons","0","Units",,,1369,,
"PT002","Porto","POP_DEN","Population density (pop. per km2)","2011","2011","PER","Persons","0","Units",,,1367,,
"PT002","Porto","POP_DEN","Population density (pop. per km2)","2012","2012","PER","Persons","0","Units",,,1362,,
"PT002","Porto","POP_DEN","Population density (pop. per km2)","2013","2013","PER","Persons","0","Units",,,1354,,
"PT002","Porto","POP_DEN","Population density (pop. per km2)","2014","2014","PER","Persons","0","Units",,,1346,,
"PT002","Porto","POP_DEN","Population density (pop. per km2)","2015","2015","PER","Persons","0","Units",,,1339,,
"PT002","Porto","POP_DEN","Population density (pop. per km2)","2016","2016","PER","Persons","0","Units",,,1335,,
"USA65","Sarasota","T_T","Population, All ages. Administrative data","2000","2000","PER","Persons","0","Units",,,592809,,
"USA65","Sarasota","T_T","Population, All ages. Administrative data","2001","2001","PER","Persons","0","Units",,,605988,,
"USA65","Sarasota","T_T","Population, All ages. Administrative data","2002","2002","PER","Persons","0","Units",,,620540,,
"USA65","Sarasota","T_T","Population, All ages. Administrative data","2003","2003","PER","Persons","0","Units",,,634862,,
"USA65","Sarasota","T_T","Population, All ages. Administrative data","2004","2004","PER","Persons","0","Units",,,653934,,
"USA65","Sarasota","T_T","Population, All ages. Administrative data","2005","2005","PER","Persons","0","Units",,,674757,,
"USA65","Sarasota","T_T","Population, All ages. Administrative data","2006","2006","PER","Persons","0","Units",,,685132,,
"USA65","Sarasota","T_T","Population, All ages. Administrative data","2007","2007","PER","Persons","0","Units",,,691735,,
"USA65","Sarasota","T_T","Population, All ages. Administrative data","2008","2008","PER","Persons","0","Units",,,695944,,
"USA65","Sarasota","T_T","Population, All ages. Administrative data","2009","2009","PER","Persons","0","Units",,,697973,,
"USA65","Sarasota","T_T","Population, All ages. Administrative data","2010","2010","PER","Persons","0","Units",,,703383,,
"USA65","Sarasota","T_T","Population, All ages. Administrative data","2011","2011","PER","Persons","0","Units",,,709806,,
"USA65","Sarasota","T_T","Population, All ages. Administrative data","2012","2012","PER","Persons","0","Units",,,720659,,
"USA65","Sarasota","T_T","Population, All ages. Administrative data","2013","2013","PER","Persons","0","Units",,,732386,,
"USA65","Sarasota","T_T","Population, All ages. Administrative data","2014","2014","PER","Persons","0","Units",,,748180,,
"USA65","Sarasota","T_T","Population, All ages. Administrative data","2015","2015","PER","Persons","0","Units",,,768207,,
"USA65","Sarasota","T_T","Population, All ages. Administrative data","2016","2016","PER","Persons","0","Units",,,788442,,
"DE523","Paderborn","T_T","Population, All ages. Administrative data","2001","2001","PER","Persons","0","Units",,,293174,,
"DE523","Paderborn","T_T","Population, All ages. Administrative data","2002","2002","PER","Persons","0","Units",,,295832,,
"DE523","Paderborn","T_T","Population, All ages. Administrative data","2003","2003","PER","Persons","0","Units",,,297781,,
"DE523","Paderborn","T_T","Population, All ages. Administrative data","2004","2004","PER","Persons","0","Units",,,298559,,
"DE523","Paderborn","T_T","Population, All ages. Administrative data","2005","2005","PER","Persons","0","Units",,,300523,,
"DE523","Paderborn","T_T","Population, All ages. Administrative data","2006","2006","PER","Persons","0","Units",,,301541,,
"DE523","Paderborn","T_T","Population, All ages. Administrative data","2007","2007","PER","Persons","0","Units",,,301950,,
"DE523","Paderborn","T_T","Population, All ages. Administrative data","2008","2008","PER","Persons","0","Units",,,301647,,
"DE523","Paderborn","T_T","Population, All ages. Administrative data","2009","2009","PER","Persons","0","Units",,,301658,,
"DE523","Paderborn","T_T","Population, All ages. Administrative data","2010","2010","PER","Persons","0","Units",,,301878,,
"DE523","Paderborn","T_T","Population, All ages. Administrative data","2011","2011","PER","Persons","0","Units",,,297192,,
"DE523","Paderborn","T_T","Population, All ages. Administrative data","2012","2012","PER","Persons","0","Units",,,298343,,
"DE523","Paderborn","T_T","Population, All ages. Administrative data","2013","2013","PER","Persons","0","Units",,,298853,,
"DE523","Paderborn","T_T","Population, All ages. Administrative data","2014","2014","PER","Persons","0","Units",,,299395,,
"DE523","Paderborn","T_T","Population, All ages. Administrative data","2015","2015","PER","Persons","0","Units",,,301775,,
"DE523","Paderborn","T_T","Population, All ages. Administrative data","2016","2016","PER","Persons","0","Units",,,307076,,
"USA139","Larimer","T_T_SH_NAT","Share of population  in metropolitan area over the national value","2001","2001","RATIO","Ratio","0","Units",,,0.1,,
"USA139","Larimer","T_T_SH_NAT","Share of population  in metropolitan area over the national value","2002","2002","RATIO","Ratio","0","Units",,,0.1,,
"USA139","Larimer","T_T_SH_NAT","Share of population  in metropolitan area over the national value","2003","2003","RATIO","Ratio","0","Units",,,0.1,,
"USA139","Larimer","T_T_SH_NAT","Share of population  in metropolitan area over the national value","2004","2004","RATIO","Ratio","0","Units",,,0.1,,
"USA139","Larimer","T_T_SH_NAT","Share of population  in metropolitan area over the national value","2005","2005","RATIO","Ratio","0","Units",,,0.1,,
"USA139","Larimer","T_T_SH_NAT","Share of population  in metropolitan area over the national value","2006","2006","RATIO","Ratio","0","Units",,,0.1,,
"USA139","Larimer","T_T_SH_NAT","Share of population  in metropolitan area over the national value","2007","2007","RATIO","Ratio","0","Units",,,0.1,,
"USA139","Larimer","T_T_SH_NAT","Share of population  in metropolitan area over the national value","2008","2008","RATIO","Ratio","0","Units",,,0.1,,
"USA139","Larimer","T_T_SH_NAT","Share of population  in metropolitan area over the national value","2009","2009","RATIO","Ratio","0","Units",,,0.1,,
"USA139","Larimer","T_T_SH_NAT","Share of population  in metropolitan area over the national value","2010","2010","RATIO","Ratio","0","Units",,,0.1,,
"USA139","Larimer","T_T_SH_NAT","Share of population  in metropolitan area over the national value","2011","2011","RATIO","Ratio","0","Units",,,0.1,,
"USA139","Larimer","T_T_SH_NAT","Share of population  in metropolitan area over the national value","2012","2012","RATIO","Ratio","0","Units",,,0.1,,
"USA139","Larimer","T_T_SH_NAT","Share of population  in metropolitan area over the national value","2013","2013","RATIO","Ratio","0","Units",,,0.1,,
"USA139","Larimer","T_T_SH_NAT","Share of population  in metropolitan area over the national value","2014","2014","RATIO","Ratio","0","Units",,,0.1,,
"USA139","Larimer","T_T_SH_NAT","Share of population  in metropolitan area over the national value","2015","2015","RATIO","Ratio","0","Units",,,0.1,,
"USA139","Larimer","T_T_SH_NAT","Share of population  in metropolitan area over the national value","2016","2016","RATIO","Ratio","0","Units",,,0.1,,
"JPN17","Kanazawa","POP_DEN","Population density (pop. per km2)","2000","2000","PER","Persons","0","Units",,,433,,
"JPN17","Kanazawa","POP_DEN","Population density (pop. per km2)","2001","2001","PER","Persons","0","Units",,,434,,
"JPN17","Kanazawa","POP_DEN","Population density (pop. per km2)","2002","2002","PER","Persons","0","Units",,,435,,
"JPN17","Kanazawa","POP_DEN","Population density (pop. per km2)","2003","2003","PER","Persons","0","Units",,,435,,
"JPN17","Kanazawa","POP_DEN","Population density (pop. per km2)","2004","2004","PER","Persons","0","Units",,,436,,
"JPN17","Kanazawa","POP_DEN","Population density (pop. per km2)","2005","2005","PER","Persons","0","Units",,,437,,
"JPN17","Kanazawa","POP_DEN","Population density (pop. per km2)","2006","2006","PER","Persons","0","Units",,,437,,
"JPN17","Kanazawa","POP_DEN","Population density (pop. per km2)","2007","2007","PER","Persons","0","Units",,,437,,
"JPN17","Kanazawa","POP_DEN","Population density (pop. per km2)","2008","2008","PER","Persons","0","Units",,,438,,
"JPN17","Kanazawa","POP_DEN","Population density (pop. per km2)","2009","2009","PER","Persons","0","Units",,,438,,
"JPN17","Kanazawa","POP_DEN","Population density (pop. per km2)","2010","2010","PER","Persons","0","Units",,,439,,
"JPN17","Kanazawa","POP_DEN","Population density (pop. per km2)","2011","2011","PER","Persons","0","Units",,,438,,
"JPN17","Kanazawa","POP_DEN","Population density (pop. per km2)","2012","2012","PER","Persons","0","Units",,,438,,
"JPN17","Kanazawa","POP_DEN","Population density (pop. per km2)","2013","2013","PER","Persons","0","Units",,,438,,
"JPN17","Kanazawa","POP_DEN","Population density (pop. per km2)","2014","2014","PER","Persons","0","Units",,,438,,
"JPN17","Kanazawa","POP_DEN","Population density (pop. per km2)","2015","2015","PER","Persons","0","Units",,,438,,
"COL19","Palmira","T_T","Population, All ages. Administrative data","2000","2000","PER","Persons","0","Units",,,288264,,
"COL19","Palmira","T_T","Population, All ages. Administrative data","2001","2001","PER","Persons","0","Units",,,289321,,
"COL19","Palmira","T_T","Population, All ages. Administrative data","2002","2002","PER","Persons","0","Units",,,290378,,
"COL19","Palmira","T_T","Population, All ages. Administrative data","2003","2003","PER","Persons","0","Units",,,291434,,
"COL19","Palmira","T_T","Population, All ages. Administrative data","2004","2004","PER","Persons","0","Units",,,292491,,
"COL19","Palmira","T_T","Population, All ages. Administrative data","2005","2005","PER","Persons","0","Units",,,293548,,
"COL19","Palmira","T_T","Population, All ages. Administrative data","2006","2006","PER","Persons","0","Units",,,294604,,
"COL19","Palmira","T_T","Population, All ages. Administrative data","2007","2007","PER","Persons","0","Units",,,295661,,
"COL19","Palmira","T_T","Population, All ages. Administrative data","2008","2008","PER","Persons","0","Units",,,296718,,
"COL19","Palmira","T_T","Population, All ages. Administrative data","2009","2009","PER","Persons","0","Units",,,297774,,
"COL19","Palmira","T_T","Population, All ages. Administrative data","2010","2010","PER","Persons","0","Units",,,298831,,
"COL19","Palmira","T_T","Population, All ages. Administrative data","2011","2011","PER","Persons","0","Units",,,299888,,
"COL19","Palmira","T_T","Population, All ages. Administrative data","2012","2012","PER","Persons","0","Units",,,300944,,
"COL19","Palmira","T_T","Population, All ages. Administrative data","2013","2013","PER","Persons","0","Units",,,302001,,
"COL19","Palmira","T_T","Population, All ages. Administrative data","2014","2014","PER","Persons","0","Units",,,303058,,
"COL19","Palmira","T_T","Population, All ages. Administrative data","2015","2015","PER","Persons","0","Units",,,304114,,
"FR040","Mulhouse","POP_DEN","Population density (pop. per km2)","2000","2000","PER","Persons","0","Units",,,298,,
"FR040","Mulhouse","POP_DEN","Population density (pop. per km2)","2001","2001","PER","Persons","0","Units",,,299,,
"FR040","Mulhouse","POP_DEN","Population density (pop. per km2)","2002","2002","PER","Persons","0","Units",,,300,,
"FR040","Mulhouse","POP_DEN","Population density (pop. per km2)","2003","2003","PER","Persons","0","Units",,,302,,
"FR040","Mulhouse","POP_DEN","Population density (pop. per km2)","2004","2004","PER","Persons","0","Units",,,303,,
"FR040","Mulhouse","POP_DEN","Population density (pop. per km2)","2005","2005","PER","Persons","0","Units",,,305,,
"FR040","Mulhouse","POP_DEN","Population density (pop. per km2)","2006","2006","PER","Persons","0","Units",,,306,,
"FR040","Mulhouse","POP_DEN","Population density (pop. per km2)","2007","2007","PER","Persons","0","Units",,,308,,
"FR040","Mulhouse","POP_DEN","Population density (pop. per km2)","2008","2008","PER","Persons","0","Units",,,309,,
"FR040","Mulhouse","POP_DEN","Population density (pop. per km2)","2009","2009","PER","Persons","0","Units",,,311,,
"FR040","Mulhouse","POP_DEN","Population density (pop. per km2)","2010","2010","PER","Persons","0","Units",,,312,,
"FR040","Mulhouse","POP_DEN","Population density (pop. per km2)","2011","2011","PER","Persons","0","Units",,,312,,
"FR040","Mulhouse","POP_DEN","Population density (pop. per km2)","2012","2012","PER","Persons","0","Units",,,313,,
"FR040","Mulhouse","POP_DEN","Population density (pop. per km2)","2013","2013","PER","Persons","0","Units",,,314,,
"FR040","Mulhouse","POP_DEN","Population density (pop. per km2)","2014","2014","PER","Persons","0","Units",,,315,,
"FR040","Mulhouse","POP_DEN","Population density (pop. per km2)","2015","2015","PER","Persons","0","Units",,,317,,
"JPN29","Nagano","T_T","Population, All ages. Administrative data","2000","2000","PER","Persons","0","Units",,,600732,,
"JPN29","Nagano","T_T","Population, All ages. Administrative data","2001","2001","PER","Persons","0","Units",,,599778,,
"JPN29","Nagano","T_T","Population, All ages. Administrative data","2002","2002","PER","Persons","0","Units",,,598822,,
"JPN29","Nagano","T_T","Population, All ages. Administrative data","2003","2003","PER","Persons","0","Units",,,597867,,
"JPN29","Nagano","T_T","Population, All ages. Administrative data","2004","2004","PER","Persons","0","Units",,,596911,,
"JPN29","Nagano","T_T","Population, All ages. Administrative data","2005","2005","PER","Persons","0","Units",,,595957,,
"JPN29","Nagano","T_T","Population, All ages. Administrative data","2006","2006","PER","Persons","0","Units",,,593259,,
"JPN29","Nagano","T_T","Population, All ages. Administrative data","2007","2007","PER","Persons","0","Units",,,590560,,
"JPN29","Nagano","T_T","Population, All ages. Administrative data","2008","2008","PER","Persons","0","Units",,,587864,,
"JPN29","Nagano","T_T","Population, All ages. Administrative data","2009","2009","PER","Persons","0","Units",,,585165,,
"JPN29","Nagano","T_T","Population, All ages. Administrative data","2010","2010","PER","Persons","0","Units",,,582467,,
"JPN29","Nagano","T_T","Population, All ages. Administrative data","2011","2011","PER","Persons","0","Units",,,579265,,
"JPN29","Nagano","T_T","Population, All ages. Administrative data","2012","2012","PER","Persons","0","Units",,,576061,,
"JPN29","Nagano","T_T","Population, All ages. Administrative data","2013","2013","PER","Persons","0","Units",,,572858,,
"JPN29","Nagano","T_T","Population, All ages. Administrative data","2014","2014","PER","Persons","0","Units",,,569654,,
"JPN29","Nagano","T_T","Population, All ages. Administrative data","2015","2015","PER","Persons","0","Units",,,566452,,
"PL001","Warsaw","T_T","Population, All ages. Administrative data","2002","2002","PER","Persons","0","Units",,,2886637,,
"PL001","Warsaw","T_T","Population, All ages. Administrative data","2003","2003","PER","Persons","0","Units",,,2897462,,
"PL001","Warsaw","T_T","Population, All ages. Administrative data","2004","2004","PER","Persons","0","Units",,,2911734,,
"PL001","Warsaw","T_T","Population, All ages. Administrative data","2005","2005","PER","Persons","0","Units",,,2927360,,
"PL001","Warsaw","T_T","Population, All ages. Administrative data","2006","2006","PER","Persons","0","Units",,,2944951,,
"PL001","Warsaw","T_T","Population, All ages. Administrative data","2007","2007","PER","Persons","0","Units",,,2964639,,
"PL001","Warsaw","T_T","Population, All ages. Administrative data","2008","2008","PER","Persons","0","Units",,,2981197,,
"PL001","Warsaw","T_T","Population, All ages. Administrative data","2009","2009","PER","Persons","0","Units",,,3000079,,
"PL001","Warsaw","T_T","Population, All ages. Administrative data","2010","2010","PER","Persons","0","Units",,,3015166,,
"PL001","Warsaw","T_T","Population, All ages. Administrative data","2011","2011","PER","Persons","0","Units",,,3037856,,
"PL001","Warsaw","T_T","Population, All ages. Administrative data","2012","2012","PER","Persons","0","Units",,,3057631,,
"PL001","Warsaw","T_T","Population, All ages. Administrative data","2013","2013","PER","Persons","0","Units",,,3078489,,
"PL001","Warsaw","T_T","Population, All ages. Administrative data","2014","2014","PER","Persons","0","Units",,,3092107,,
"PL001","Warsaw","T_T","Population, All ages. Administrative data","2015","2015","PER","Persons","0","Units",,,3112038,,
"PL001","Warsaw","T_T","Population, All ages. Administrative data","2016","2016","PER","Persons","0","Units",,,3132671,,
"FI003","Turku","T_T_SH_NAT","Share of population  in metropolitan area over the national value","2001","2001","RATIO","Ratio","0","Units",,,6.3,,
"FI003","Turku","T_T_SH_NAT","Share of population  in metropolitan area over the national value","2002","2002","RATIO","Ratio","0","Units",,,6.3,,
"FI003","Turku","T_T_SH_NAT","Share of population  in metropolitan area over the national value","2003","2003","RATIO","Ratio","0","Units",,,6.3,,
"FI003","Turku","T_T_SH_NAT","Share of population  in metropolitan area over the national value","2004","2004","RATIO","Ratio","0","Units",,,6.3,,
"FI003","Turku","T_T_SH_NAT","Share of population  in metropolitan area over the national value","2005","2005","RATIO","Ratio","0","Units",,,6.3,,
"FI003","Turku","T_T_SH_NAT","Share of population  in metropolitan area over the national value","2006","2006","RATIO","Ratio","0","Units",,,6.4,,
"FI003","Turku","T_T_SH_NAT","Share of population  in metropolitan area over the national value","2007","2007","RATIO","Ratio","0","Units",,,6.4,,
"FI003","Turku","T_T_SH_NAT","Share of population  in metropolitan area over the national value","2008","2008","RATIO","Ratio","0","Units",,,6.4,,
"FI003","Turku","T_T_SH_NAT","Share of population  in metropolitan area over the national value","2009","2009","RATIO","Ratio","0","Units",,,6.4,,
"FI003","Turku","T_T_SH_NAT","Share of population  in metropolitan area over the national value","2010","2010","RATIO","Ratio","0","Units",,,6.4,,
"FI003","Turku","T_T_SH_NAT","Share of population  in metropolitan area over the national value","2011","2011","RATIO","Ratio","0","Units",,,6.4,,
"FI003","Turku","T_T_SH_NAT","Share of population  in metropolitan area over the national value","2012","2012","RATIO","Ratio","0","Units",,,6.4,,
"FI003","Turku","T_T_SH_NAT","Share of population  in metropolitan area over the national value","2013","2013","RATIO","Ratio","0","Units",,,6.4,,
"FI003","Turku","T_T_SH_NAT","Share of population  in metropolitan area over the national value","2014","2014","RATIO","Ratio","0","Units",,,6.4,,
"FI003","Turku","T_T_SH_NAT","Share of population  in metropolitan area over the national value","2015","2015","RATIO","Ratio","0","Units",,,6.5,,
"FI003","Turku","T_T_SH_NAT","Share of population  in metropolitan area over the national value","2016","2016","RATIO","Ratio","0","Units",,,6.5,,
"IT003","Naples","POP_DEN","Population density (pop. per km2)","2000","2000","PER","Persons","0","Units",,,2228,,
"IT003","Naples","POP_DEN","Population density (pop. per km2)","2001","2001","PER","Persons","0","Units",,,2229,,
"IT003","Naples","POP_DEN","Population density (pop. per km2)","2002","2002","PER","Persons","0","Units",,,2229,,
"IT003","Naples","POP_DEN","Population density (pop. per km2)","2003","2003","PER","Persons","0","Units",,,2229,,
"IT003","Naples","POP_DEN","Population density (pop. per km2)","2004","2004","PER","Persons","0","Units",,,2229,,
"IT003","Naples","POP_DEN","Population density (pop. per km2)","2005","2005","PER","Persons","0","Units",,,2229,,
"IT003","Naples","POP_DEN","Population density (pop. per km2)","2006","2006","PER","Persons","0","Units",,,2229,,
"IT003","Naples","POP_DEN","Population density (pop. per km2)","2007","2007","PER","Persons","0","Units",,,2230,,
"IT003","Naples","POP_DEN","Population density (pop. per km2)","2008","2008","PER","Persons","0","Units",,,2230,,
"IT003","Naples","POP_DEN","Population density (pop. per km2)","2009","2009","PER","Persons","0","Units",,,2230,,
"IT003","Naples","POP_DEN","Population density (pop. per km2)","2010","2010","PER","Persons","0","Units",,,2230,,
"IT003","Naples","POP_DEN","Population density (pop. per km2)","2011","2011","PER","Persons","0","Units",,,2230,,
"IT003","Naples","POP_DEN","Population density (pop. per km2)","2012","2012","PER","Persons","0","Units",,,2231,,
"IT003","Naples","POP_DEN","Population density (pop. per km2)","2013","2013","PER","Persons","0","Units",,,2234,,
"IT003","Naples","POP_DEN","Population density (pop. per km2)","2014","2014","PER","Persons","0","Units",,,2286,,
"IT003","Naples","POP_DEN","Population density (pop. per km2)","2015","2015","PER","Persons","0","Units",,,2281,,
"IT003","Naples","POP_DEN","Population density (pop. per km2)","2016","2016","PER","Persons","0","Units",,,2279,,
"CZ001","Prague","T_T","Population, All ages. Administrative data","2000","2000","PER","Persons","0","Units",,,1945482,,
"CZ001","Prague","T_T","Population, All ages. Administrative data","2001","2001","PER","Persons","0","Units",,,1951072,,
"CZ001","Prague","T_T","Population, All ages. Administrative data","2002","2002","PER","Persons","0","Units",,,1956662,,
"CZ001","Prague","T_T","Population, All ages. Administrative data","2003","2003","PER","Persons","0","Units",,,1962253,,
"CZ001","Prague","T_T","Population, All ages. Administrative data","2004","2004","PER","Persons","0","Units",,,1967844,,
"CZ001","Prague","T_T","Population, All ages. Administrative data","2005","2005","PER","Persons","0","Units",,,1973434,,
"CZ001","Prague","T_T","Population, All ages. Administrative data","2006","2006","PER","Persons","0","Units",,,1979024,,
"CZ001","Prague","T_T","Population, All ages. Administrative data","2007","2007","PER","Persons","0","Units",,,1984615,,
"CZ001","Prague","T_T","Population, All ages. Administrative data","2008","2008","PER","Persons","0","Units",,,2028986,,
"CZ001","Prague","T_T","Population, All ages. Administrative data","2009","2009","PER","Persons","0","Units",,,2060601,,
"CZ001","Prague","T_T","Population, All ages. Administrative data","2010","2010","PER","Persons","0","Units",,,2085351,,
"CZ001","Prague","T_T","Population, All ages. Administrative data","2011","2011","PER","Persons","0","Units",,,2082835,,
"CZ001","Prague","T_T","Population, All ages. Administrative data","2012","2012","PER","Persons","0","Units",,,2099774,,
"CZ001","Prague","T_T","Population, All ages. Administrative data","2013","2013","PER","Persons","0","Units",,,2106508,,
"CZ001","Prague","T_T","Population, All ages. Administrative data","2014","2014","PER","Persons","0","Units",,,2134183,,
"CZ001","Prague","T_T","Population, All ages. Administrative data","2015","2015","PER","Persons","0","Units",,,2153625,,
"CZ001","Prague","T_T","Population, All ages. Administrative data","2016","2016","PER","Persons","0","Units",,,2177527,,
"CZ004","Plzen","POP_DEN","Population density (pop. per km2)","2000","2000","PER","Persons","0","Units",,,169,,
"CZ004","Plzen","POP_DEN","Population density (pop. per km2)","2001","2001","PER","Persons","0","Units",,,169,,
"CZ004","Plzen","POP_DEN","Population density (pop. per km2)","2002","2002","PER","Persons","0","Units",,,169,,
"CZ004","Plzen","POP_DEN","Population density (pop. per km2)","2003","2003","PER","Persons","0","Units",,,168,,
"CZ004","Plzen","POP_DEN","Population density (pop. per km2)","2004","2004","PER","Persons","0","Units",,,168,,
"CZ004","Plzen","POP_DEN","Population density (pop. per km2)","2005","2005","PER","Persons","0","Units",,,168,,
"CZ004","Plzen","POP_DEN","Population density (pop. per km2)","2006","2006","PER","Persons","0","Units",,,167,,
"CZ004","Plzen","POP_DEN","Population density (pop. per km2)","2007","2007","PER","Persons","0","Units",,,167,,
"CZ004","Plzen","POP_DEN","Population density (pop. per km2)","2008","2008","PER","Persons","0","Units",,,171,,
"CZ004","Plzen","POP_DEN","Population density (pop. per km2)","2009","2009","PER","Persons","0","Units",,,171,,
"CZ004","Plzen","POP_DEN","Population density (pop. per km2)","2010","2010","PER","Persons","0","Units",,,171,,
"CZ004","Plzen","POP_DEN","Population density (pop. per km2)","2011","2011","PER","Persons","0","Units",,,172,,
"CZ004","Plzen","POP_DEN","Population density (pop. per km2)","2012","2012","PER","Persons","0","Units",,,173,,
"CZ004","Plzen","POP_DEN","Population density (pop. per km2)","2013","2013","PER","Persons","0","Units",,,173,,
"CZ004","Plzen","POP_DEN","Population density (pop. per km2)","2014","2014","PER","Persons","0","Units",,,174,,
"CZ004","Plzen","POP_DEN","Population density (pop. per km2)","2015","2015","PER","Persons","0","Units",,,175,,
"CZ004","Plzen","POP_DEN","Population density (pop. per km2)","2016","2016","PER","Persons","0","Units",,,176,,
"DE074","Gorlitz","T_T_SH_NAT","Share of population  in metropolitan area over the national value","2001","2001","RATIO","Ratio","0","Units",,,0.4,,
"DE074","Gorlitz","T_T_SH_NAT","Share of population  in metropolitan area over the national value","2002","2002","RATIO","Ratio","0","Units",,,0.4,,
"DE074","Gorlitz","T_T_SH_NAT","Share of population  in metropolitan area over the national value","2003","2003","RATIO","Ratio","0","Units",,,0.4,,
"DE074","Gorlitz","T_T_SH_NAT","Share of population  in metropolitan area over the national value","2004","2004","RATIO","Ratio","0","Units",,,0.4,,
"DE074","Gorlitz","T_T_SH_NAT","Share of population  in metropolitan area over the national value","2005","2005","RATIO","Ratio","0","Units",,,0.4,,
"DE074","Gorlitz","T_T_SH_NAT","Share of population  in metropolitan area over the national value","2006","2006","RATIO","Ratio","0","Units",,,0.4,,
"DE074","Gorlitz","T_T_SH_NAT","Share of population  in metropolitan area over the national value","2007","2007","RATIO","Ratio","0","Units",,,0.4,,
"DE074","Gorlitz","T_T_SH_NAT","Share of population  in metropolitan area over the national value","2008","2008","RATIO","Ratio","0","Units",,,0.4,,
"DE074","Gorlitz","T_T_SH_NAT","Share of population  in metropolitan area over the national value","2009","2009","RATIO","Ratio","0","Units",,,0.4,,
"DE074","Gorlitz","T_T_SH_NAT","Share of population  in metropolitan area over the national value","2010","2010","RATIO","Ratio","0","Units",,,0.3,,
"DE074","Gorlitz","T_T_SH_NAT","Share of population  in metropolitan area over the national value","2011","2011","RATIO","Ratio","0","Units",,,0.3,,
"DE074","Gorlitz","T_T_SH_NAT","Share of population  in metropolitan area over the national value","2012","2012","RATIO","Ratio","0","Units",,,0.3,,
"DE074","Gorlitz","T_T_SH_NAT","Share of population  in metropolitan area over the national value","2013","2013","RATIO","Ratio","0","Units",,,0.3,,
"DE074","Gorlitz","T_T_SH_NAT","Share of population  in metropolitan area over the national value","2014","2014","RATIO","Ratio","0","Units",,,0.3,,
"DE074","Gorlitz","T_T_SH_NAT","Share of population  in metropolitan area over the national value","2015","2015","RATIO","Ratio","0","Units",,,0.3,,
"DE074","Gorlitz","T_T_SH_NAT","Share of population  in metropolitan area over the national value","2016","2016","RATIO","Ratio","0","Units",,,0.3,,
"PL016","Opole","T_T","Population, All ages. Administrative data","2000","2000","PER","Persons","0","Units",,,256877,,
"PL016","Opole","T_T","Population, All ages. Administrative data","2001","2001","PER","Persons","0","Units",,,256085,,
"PL016","Opole","T_T","Population, All ages. Administrative data","2002","2002","PER","Persons","0","Units",,,255086,,
"PL016","Opole","T_T","Population, All ages. Administrative data","2003","2003","PER","Persons","0","Units",,,254469,,
"PL016","Opole","T_T","Population, All ages. Administrative data","2004","2004","PER","Persons","0","Units",,,264325,,
"PL016","Opole","T_T","Population, All ages. Administrative data","2005","2005","PER","Persons","0","Units",,,263769,,
"PL016","Opole","T_T","Population, All ages. Administrative data","2006","2006","PER","Persons","0","Units",,,262945,,
"PL016","Opole","T_T","Population, All ages. Administrative data","2007","2007","PER","Persons","0","Units",,,262104,,
"PL016","Opole","T_T","Population, All ages. Administrative data","2008","2008","PER","Persons","0","Units",,,261546,,
"PL016","Opole","T_T","Population, All ages. Administrative data","2009","2009","PER","Persons","0","Units",,,261559,,
"PL016","Opole","T_T","Population, All ages. Administrative data","2010","2010","PER","Persons","0","Units",,,256803,,
"PL016","Opole","T_T","Population, All ages. Administrative data","2011","2011","PER","Persons","0","Units",,,256731,,
"PL016","Opole","T_T","Population, All ages. Administrative data","2012","2012","PER","Persons","0","Units",,,256090,,
"PL016","Opole","T_T","Population, All ages. Administrative data","2013","2013","PER","Persons","0","Units",,,254531,,
"PL016","Opole","T_T","Population, All ages. Administrative data","2014","2014","PER","Persons","0","Units",,,253877,,
"PL016","Opole","T_T","Population, All ages. Administrative data","2015","2015","PER","Persons","0","Units",,,253098,,
"PL016","Opole","T_T","Population, All ages. Administrative data","2016","2016","PER","Persons","0","Units",,,252972,,
"USA111","Berks","POP_DEN","Population density (pop. per km2)","2000","2000","PER","Persons","0","Units",,,167,,
"USA111","Berks","POP_DEN","Population density (pop. per km2)","2001","2001","PER","Persons","0","Units",,,168,,
"USA111","Berks","POP_DEN","Population density (pop. per km2)","2002","2002","PER","Persons","0","Units",,,170,,
"USA111","Berks","POP_DEN","Population density (pop. per km2)","2003","2003","PER","Persons","0","Units",,,172,,
"USA111","Berks","POP_DEN","Population density (pop. per km2)","2004","2004","PER","Persons","0","Units",,,174,,
"USA111","Berks","POP_DEN","Population density (pop. per km2)","2005","2005","PER","Persons","0","Units",,,176,,
"USA111","Berks","POP_DEN","Population density (pop. per km2)","2006","2006","PER","Persons","0","Units",,,179,,
"USA111","Berks","POP_DEN","Population density (pop. per km2)","2007","2007","PER","Persons","0","Units",,,181,,
"USA111","Berks","POP_DEN","Population density (pop. per km2)","2008","2008","PER","Persons","0","Units",,,182,,
"USA111","Berks","POP_DEN","Population density (pop. per km2)","2009","2009","PER","Persons","0","Units",,,183,,
"USA111","Berks","POP_DEN","Population density (pop. per km2)","2010","2010","PER","Persons","0","Units",,,184,,
"USA111","Berks","POP_DEN","Population density (pop. per km2)","2011","2011","PER","Persons","0","Units",,,184,,
"USA111","Berks","POP_DEN","Population density (pop. per km2)","2012","2012","PER","Persons","0","Units",,,184,,
"USA111","Berks","POP_DEN","Population density (pop. per km2)","2013","2013","PER","Persons","0","Units",,,184,,
"USA111","Berks","POP_DEN","Population density (pop. per km2)","2014","2014","PER","Persons","0","Units",,,185,,
"USA111","Berks","POP_DEN","Population density (pop. per km2)","2015","2015","PER","Persons","0","Units",,,185,,
"USA111","Berks","POP_DEN","Population density (pop. per km2)","2016","2016","PER","Persons","0","Units",,,185,,
"JPN21","Mito","T_T","Population, All ages. Administrative data","2000","2000","PER","Persons","0","Units",,,711720,,
"JPN21","Mito","T_T","Population, All ages. Administrative data","2001","2001","PER","Persons","0","Units",,,711901,,
"JPN21","Mito","T_T","Population, All ages. Administrative data","2002","2002","PER","Persons","0","Units",,,712082,,
"JPN21","Mito","T_T","Population, All ages. Administrative data","2003","2003","PER","Persons","0","Units",,,712262,,
"JPN21","Mito","T_T","Population, All ages. Administrative data","2004","2004","PER","Persons","0","Units",,,712443,,
"JPN21","Mito","T_T","Population, All ages. Administrative data","2005","2005","PER","Persons","0","Units",,,712624,,
"JPN21","Mito","T_T","Population, All ages. Administrative data","2006","2006","PER","Persons","0","Units",,,712378,,
"JPN21","Mito","T_T","Population, All ages. Administrative data","2007","2007","PER","Persons","0","Units",,,712132,,
"JPN21","Mito","T_T","Population, All ages. Administrative data","2008","2008","PER","Persons","0","Units",,,711885,,
"JPN21","Mito","T_T","Population, All ages. Administrative data","2009","2009","PER","Persons","0","Units",,,711639,,
"JPN21","Mito","T_T","Population, All ages. Administrative data","2010","2010","PER","Persons","0","Units",,,711393,,
"JPN21","Mito","T_T","Population, All ages. Administrative data","2011","2011","PER","Persons","0","Units",,,708852,,
"JPN21","Mito","T_T","Population, All ages. Administrative data","2012","2012","PER","Persons","0","Units",,,706311,,
"JPN21","Mito","T_T","Population, All ages. Administrative data","2013","2013","PER","Persons","0","Units",,,703770,,
"JPN21","Mito","T_T","Population, All ages. Administrative data","2014","2014","PER","Persons","0","Units",,,701229,,
"JPN21","Mito","T_T","Population, All ages. Administrative data","2015","2015","PER","Persons","0","Units",,,698688,,
"USA145","Nashville ","T_T_SH_NAT","Share of population  in metropolitan area over the national value","2001","2001","RATIO","Ratio","0","Units",,,0.1,,
"USA145","Nashville ","T_T_SH_NAT","Share of population  in metropolitan area over the national value","2002","2002","RATIO","Ratio","0","Units",,,0.1,,
"USA145","Nashville ","T_T_SH_NAT","Share of population  in metropolitan area over the national value","2003","2003","RATIO","Ratio","0","Units",,,0.1,,
"USA145","Nashville ","T_T_SH_NAT","Share of population  in metropolitan area over the national value","2004","2004","RATIO","Ratio","0","Units",,,0.1,,
"USA145","Nashville ","T_T_SH_NAT","Share of population  in metropolitan area over the national value","2005","2005","RATIO","Ratio","0","Units",,,0.1,,
"USA145","Nashville ","T_T_SH_NAT","Share of population  in metropolitan area over the national value","2006","2006","RATIO","Ratio","0","Units",,,0.1,,
"USA145","Nashville ","T_T_SH_NAT","Share of population  in metropolitan area over the national value","2007","2007","RATIO","Ratio","0","Units",,,0.1,,
"USA145","Nashville ","T_T_SH_NAT","Share of population  in metropolitan area over the national value","2008","2008","RATIO","Ratio","0","Units",,,0.1,,
"USA145","Nashville ","T_T_SH_NAT","Share of population  in metropolitan area over the national value","2009","2009","RATIO","Ratio","0","Units",,,0.1,,
"USA145","Nashville ","T_T_SH_NAT","Share of population  in metropolitan area over the national value","2010","2010","RATIO","Ratio","0","Units",,,0.1,,
"USA145","Nashville ","T_T_SH_NAT","Share of population  in metropolitan area over the national value","2011","2011","RATIO","Ratio","0","Units",,,0.1,,
"USA145","Nashville ","T_T_SH_NAT","Share of population  in metropolitan area over the national value","2012","2012","RATIO","Ratio","0","Units",,,0.1,,
"USA145","Nashville ","T_T_SH_NAT","Share of population  in metropolitan area over the national value","2013","2013","RATIO","Ratio","0","Units",,,0.1,,
"USA145","Nashville ","T_T_SH_NAT","Share of population  in metropolitan area over the national value","2014","2014","RATIO","Ratio","0","Units",,,0.1,,
"USA145","Nashville ","T_T_SH_NAT","Share of population  in metropolitan area over the national value","2015","2015","RATIO","Ratio","0","Units",,,0.1,,
"USA145","Nashville ","T_T_SH_NAT","Share of population  in metropolitan area over the national value","2016","2016","RATIO","Ratio","0","Units",,,0.1,,
"DE008","Leipzig","T_T_SH_NAT","Share of population  in metropolitan area over the national value","2001","2001","RATIO","Ratio","0","Units",,,1.2,,
"DE008","Leipzig","T_T_SH_NAT","Share of population  in metropolitan area over the national value","2002","2002","RATIO","Ratio","0","Units",,,1.2,,
"DE008","Leipzig","T_T_SH_NAT","Share of population  in metropolitan area over the national value","2003","2003","RATIO","Ratio","0","Units",,,1.2,,
"DE008","Leipzig","T_T_SH_NAT","Share of population  in metropolitan area over the national value","2004","2004","RATIO","Ratio","0","Units",,,1.2,,
"DE008","Leipzig","T_T_SH_NAT","Share of population  in metropolitan area over the national value","2005","2005","RATIO","Ratio","0","Units",,,1.2,,
"DE008","Leipzig","T_T_SH_NAT","Share of population  in metropolitan area over the national value","2006","2006","RATIO","Ratio","0","Units",,,1.2,,
"DE008","Leipzig","T_T_SH_NAT","Share of population  in metropolitan area over the national value","2007","2007","RATIO","Ratio","0","Units",,,1.2,,
"DE008","Leipzig","T_T_SH_NAT","Share of population  in metropolitan area over the national value","2008","2008","RATIO","Ratio","0","Units",,,1.2,,
"DE008","Leipzig","T_T_SH_NAT","Share of population  in metropolitan area over the national value","2009","2009","RATIO","Ratio","0","Units",,,1.2,,
"DE008","Leipzig","T_T_SH_NAT","Share of population  in metropolitan area over the national value","2010","2010","RATIO","Ratio","0","Units",,,1.2,,
"DE008","Leipzig","T_T_SH_NAT","Share of population  in metropolitan area over the national value","2011","2011","RATIO","Ratio","0","Units",,,1.2,,
"DE008","Leipzig","T_T_SH_NAT","Share of population  in metropolitan area over the national value","2012","2012","RATIO","Ratio","0","Units",,,1.2,,
"DE008","Leipzig","T_T_SH_NAT","Share of population  in metropolitan area over the national value","2013","2013","RATIO","Ratio","0","Units",,,1.2,,
"DE008","Leipzig","T_T_SH_NAT","Share of population  in metropolitan area over the national value","2014","2014","RATIO","Ratio","0","Units",,,1.2,,
"DE008","Leipzig","T_T_SH_NAT","Share of population  in metropolitan area over the national value","2015","2015","RATIO","Ratio","0","Units",,,1.2,,
"DE008","Leipzig","T_T_SH_NAT","Share of population  in metropolitan area over the national value","2016","2016","RATIO","Ratio","0","Units",,,1.2,,
"NL005","Eindhoven","POP_DEN","Population density (pop. per km2)","2000","2000","PER","Persons","0","Units",,,496,,
"NL005","Eindhoven","POP_DEN","Population density (pop. per km2)","2001","2001","PER","Persons","0","Units",,,496,,
"NL005","Eindhoven","POP_DEN","Population density (pop. per km2)","2002","2002","PER","Persons","0","Units",,,495,,
"NL005","Eindhoven","POP_DEN","Population density (pop. per km2)","2003","2003","PER","Persons","0","Units",,,495,,
"NL005","Eindhoven","POP_DEN","Population density (pop. per km2)","2004","2004","PER","Persons","0","Units",,,494,,
"NL005","Eindhoven","POP_DEN","Population density (pop. per km2)","2005","2005","PER","Persons","0","Units",,,495,,
"NL005","Eindhoven","POP_DEN","Population density (pop. per km2)","2006","2006","PER","Persons","0","Units",,,496,,
"NL005","Eindhoven","POP_DEN","Population density (pop. per km2)","2007","2007","PER","Persons","0","Units",,,497,,
"NL005","Eindhoven","POP_DEN","Population density (pop. per km2)","2008","2008","PER","Persons","0","Units",,,498,,
"NL005","Eindhoven","POP_DEN","Population density (pop. per km2)","2009","2009","PER","Persons","0","Units",,,500,,
"NL005","Eindhoven","POP_DEN","Population density (pop. per km2)","2010","2010","PER","Persons","0","Units",,,501,,
"NL005","Eindhoven","POP_DEN","Population density (pop. per km2)","2011","2011","PER","Persons","0","Units",,,504,,
"NL005","Eindhoven","POP_DEN","Population density (pop. per km2)","2012","2012","PER","Persons","0","Units",,,506,,
"NL005","Eindhoven","POP_DEN","Population density (pop. per km2)","2013","2013","PER","Persons","0","Units",,,508,,
"NL005","Eindhoven","POP_DEN","Population density (pop. per km2)","2014","2014","PER","Persons","0","Units",,,510,,
"NL005","Eindhoven","POP_DEN","Population density (pop. per km2)","2015","2015","PER","Persons","0","Units",,,513,,
"NL005","Eindhoven","POP_DEN","Population density (pop. per km2)","2016","2016","PER","Persons","0","Units",,,516,,
"FR025","Besancon","POP_DEN","Population density (pop. per km2)","2000","2000","PER","Persons","0","Units",,,104,,
"FR025","Besancon","POP_DEN","Population density (pop. per km2)","2001","2001","PER","Persons","0","Units",,,105,,
"FR025","Besancon","POP_DEN","Population density (pop. per km2)","2002","2002","PER","Persons","0","Units",,,106,,
"FR025","Besancon","POP_DEN","Population density (pop. per km2)","2003","2003","PER","Persons","0","Units",,,107,,
"FR025","Besancon","POP_DEN","Population density (pop. per km2)","2004","2004","PER","Persons","0","Units",,,107,,
"FR025","Besancon","POP_DEN","Population density (pop. per km2)","2005","2005","PER","Persons","0","Units",,,108,,
"FR025","Besancon","POP_DEN","Population density (pop. per km2)","2006","2006","PER","Persons","0","Units",,,109,,
"FR025","Besancon","POP_DEN","Population density (pop. per km2)","2007","2007","PER","Persons","0","Units",,,110,,
"FR025","Besancon","POP_DEN","Population density (pop. per km2)","2008","2008","PER","Persons","0","Units",,,111,,
"FR025","Besancon","POP_DEN","Population density (pop. per km2)","2009","2009","PER","Persons","0","Units",,,111,,
"FR025","Besancon","POP_DEN","Population density (pop. per km2)","2010","2010","PER","Persons","0","Units",,,112,,
"FR025","Besancon","POP_DEN","Population density (pop. per km2)","2011","2011","PER","Persons","0","Units",,,112,,
"FR025","Besancon","POP_DEN","Population density (pop. per km2)","2012","2012","PER","Persons","0","Units",,,113,,
"FR025","Besancon","POP_DEN","Population density (pop. per km2)","2013","2013","PER","Persons","0","Units",,,113,,
"FR025","Besancon","POP_DEN","Population density (pop. per km2)","2014","2014","PER","Persons","0","Units",,,114,,
"FR025","Besancon","POP_DEN","Population density (pop. per km2)","2015","2015","PER","Persons","0","Units",,,115,,
"KOR01","Seoul","T_T_SH_NAT","Share of population  in metropolitan area over the national value","2001","2001","RATIO","Ratio","0","Units",,,43.2,,
"KOR01","Seoul","T_T_SH_NAT","Share of population  in metropolitan area over the national value","2002","2002","RATIO","Ratio","0","Units",,,43.6,,
"KOR01","Seoul","T_T_SH_NAT","Share of population  in metropolitan area over the national value","2003","2003","RATIO","Ratio","0","Units",,,44,,
"KOR01","Seoul","T_T_SH_NAT","Share of population  in metropolitan area over the national value","2004","2004","RATIO","Ratio","0","Units",,,44.5,,
"KOR01","Seoul","T_T_SH_NAT","Share of population  in metropolitan area over the national value","2005","2005","RATIO","Ratio","0","Units",,,45,,
"KOR01","Seoul","T_T_SH_NAT","Share of population  in metropolitan area over the national value","2006","2006","RATIO","Ratio","0","Units",,,45.4,,
"KOR01","Seoul","T_T_SH_NAT","Share of population  in metropolitan area over the national value","2007","2007","RATIO","Ratio","0","Units",,,45.8,,
"KOR01","Seoul","T_T_SH_NAT","Share of population  in metropolitan area over the national value","2008","2008","RATIO","Ratio","0","Units",,,46.1,,
"KOR01","Seoul","T_T_SH_NAT","Share of population  in metropolitan area over the national value","2009","2009","RATIO","Ratio","0","Units",,,46.5,,
"KOR01","Seoul","T_T_SH_NAT","Share of population  in metropolitan area over the national value","2010","2010","RATIO","Ratio","0","Units",,,46.9,,
"KOR01","Seoul","T_T_SH_NAT","Share of population  in metropolitan area over the national value","2011","2011","RATIO","Ratio","0","Units",,,47.1,,
"KOR01","Seoul","T_T_SH_NAT","Share of population  in metropolitan area over the national value","2012","2012","RATIO","Ratio","0","Units",,,47.1,,
"KOR01","Seoul","T_T_SH_NAT","Share of population  in metropolitan area over the national value","2013","2013","RATIO","Ratio","0","Units",,,47.1,,
"KOR01","Seoul","T_T_SH_NAT","Share of population  in metropolitan area over the national value","2014","2014","RATIO","Ratio","0","Units",,,47,,
"KOR01","Seoul","T_T_SH_NAT","Share of population  in metropolitan area over the national value","2015","2015","RATIO","Ratio","0","Units",,,47,,
"KOR01","Seoul","T_T_SH_NAT","Share of population  in metropolitan area over the national value","2016","2016","RATIO","Ratio","0","Units",,,46.9,,
"AUS06","Gold Coast","POP_DEN","Population density (pop. per km2)","2001","2001","PER","Persons","0","Units",,,209,,
"AUS06","Gold Coast","POP_DEN","Population density (pop. per km2)","2002","2002","PER","Persons","0","Units",,,218,,
"AUS06","Gold Coast","POP_DEN","Population density (pop. per km2)","2003","2003","PER","Persons","0","Units",,,227,,
"AUS06","Gold Coast","POP_DEN","Population density (pop. per km2)","2004","2004","PER","Persons","0","Units",,,234,,
"AUS06","Gold Coast","POP_DEN","Population density (pop. per km2)","2005","2005","PER","Persons","0","Units",,,241,,
"AUS06","Gold Coast","POP_DEN","Population density (pop. per km2)","2006","2006","PER","Persons","0","Units",,,248,,
"AUS06","Gold Coast","POP_DEN","Population density (pop. per km2)","2007","2007","PER","Persons","0","Units",,,258,,
"AUS06","Gold Coast","POP_DEN","Population density (pop. per km2)","2008","2008","PER","Persons","0","Units",,,266,,
"AUS06","Gold Coast","POP_DEN","Population density (pop. per km2)","2009","2009","PER","Persons","0","Units",,,273,,
"AUS06","Gold Coast","POP_DEN","Population density (pop. per km2)","2010","2010","PER","Persons","0","Units",,,279,,
"AUS06","Gold Coast","POP_DEN","Population density (pop. per km2)","2011","2011","PER","Persons","0","Units",,,284,,
"AUS06","Gold Coast","POP_DEN","Population density (pop. per km2)","2012","2012","PER","Persons","0","Units",,,291,,
"AUS06","Gold Coast","POP_DEN","Population density (pop. per km2)","2013","2013","PER","Persons","0","Units",,,298,,
"AUS06","Gold Coast","POP_DEN","Population density (pop. per km2)","2014","2014","PER","Persons","0","Units",,,304,,
"AUS06","Gold Coast","POP_DEN","Population density (pop. per km2)","2015","2015","PER","Persons","0","Units",,,310,,
"AUS06","Gold Coast","POP_DEN","Population density (pop. per km2)","2016","2016","PER","Persons","0","Units",,,318,,
"MEX12","Torreon","POP_DEN","Population density (pop. per km2)","2000","2000","PER","Persons","0","Units",,,230,,
"MEX12","Torreon","POP_DEN","Population density (pop. per km2)","2005","2005","PER","Persons","0","Units",,,232,,
"MEX12","Torreon","POP_DEN","Population density (pop. per km2)","2010","2010","PER","Persons","0","Units",,,253,,
"MEX12","Torreon","POP_DEN","Population density (pop. per km2)","2015","2015","PER","Persons","0","Units",,,291,,
"COL11","Santa Marta","T_T","Population, All ages. Administrative data","2000","2000","PER","Persons","0","Units",,,358537,,
"COL11","Santa Marta","T_T","Population, All ages. Administrative data","2001","2001","PER","Persons","0","Units",,,366542,,
"COL11","Santa Marta","T_T","Population, All ages. Administrative data","2002","2002","PER","Persons","0","Units",,,374547,,
"COL11","Santa Marta","T_T","Population, All ages. Administrative data","2003","2003","PER","Persons","0","Units",,,382552,,
"COL11","Santa Marta","T_T","Population, All ages. Administrative data","2004","2004","PER","Persons","0","Units",,,390557,,
"COL11","Santa Marta","T_T","Population, All ages. Administrative data","2005","2005","PER","Persons","0","Units",,,398562,,
"COL11","Santa Marta","T_T","Population, All ages. Administrative data","2006","2006","PER","Persons","0","Units",,,406567,,
"COL11","Santa Marta","T_T","Population, All ages. Administrative data","2007","2007","PER","Persons","0","Units",,,414572,,
"COL11","Santa Marta","T_T","Population, All ages. Administrative data","2008","2008","PER","Persons","0","Units",,,422578,,
"COL11","Santa Marta","T_T","Population, All ages. Administrative data","2009","2009","PER","Persons","0","Units",,,430583,,
"COL11","Santa Marta","T_T","Population, All ages. Administrative data","2010","2010","PER","Persons","0","Units",,,438588,,
"COL11","Santa Marta","T_T","Population, All ages. Administrative data","2011","2011","PER","Persons","0","Units",,,446593,,
"COL11","Santa Marta","T_T","Population, All ages. Administrative data","2012","2012","PER","Persons","0","Units",,,454598,,
"COL11","Santa Marta","T_T","Population, All ages. Administrative data","2013","2013","PER","Persons","0","Units",,,462603,,
"COL11","Santa Marta","T_T","Population, All ages. Administrative data","2014","2014","PER","Persons","0","Units",,,470608,,
"COL11","Santa Marta","T_T","Population, All ages. Administrative data","2015","2015","PER","Persons","0","Units",,,478613,,
"CAN16","Sherbrooke","T_T_SH_NAT","Share of population  in metropolitan area over the national value","2001","2001","RATIO","Ratio","0","Units",,,0.7,,
"CAN16","Sherbrooke","T_T_SH_NAT","Share of population  in metropolitan area over the national value","2002","2002","RATIO","Ratio","0","Units",,,0.7,,
"CAN16","Sherbrooke","T_T_SH_NAT","Share of population  in metropolitan area over the national value","2003","2003","RATIO","Ratio","0","Units",,,0.7,,
"CAN16","Sherbrooke","T_T_SH_NAT","Share of population  in metropolitan area over the national value","2004","2004","RATIO","Ratio","0","Units",,,0.7,,
"CAN16","Sherbrooke","T_T_SH_NAT","Share of population  in metropolitan area over the national value","2005","2005","RATIO","Ratio","0","Units",,,0.7,,
"CAN16","Sherbrooke","T_T_SH_NAT","Share of population  in metropolitan area over the national value","2006","2006","RATIO","Ratio","0","Units",,,0.7,,
"CAN16","Sherbrooke","T_T_SH_NAT","Share of population  in metropolitan area over the national value","2007","2007","RATIO","Ratio","0","Units",,,0.7,,
"CAN16","Sherbrooke","T_T_SH_NAT","Share of population  in metropolitan area over the national value","2008","2008","RATIO","Ratio","0","Units",,,0.7,,
"CAN16","Sherbrooke","T_T_SH_NAT","Share of population  in metropolitan area over the national value","2009","2009","RATIO","Ratio","0","Units",,,0.7,,
"CAN16","Sherbrooke","T_T_SH_NAT","Share of population  in metropolitan area over the national value","2010","2010","RATIO","Ratio","0","Units",,,0.7,,
"CAN16","Sherbrooke","T_T_SH_NAT","Share of population  in metropolitan area over the national value","2011","2011","RATIO","Ratio","0","Units",,,0.7,,
"CAN16","Sherbrooke","T_T_SH_NAT","Share of population  in metropolitan area over the national value","2012","2012","RATIO","Ratio","0","Units",,,0.7,,
"CAN16","Sherbrooke","T_T_SH_NAT","Share of population  in metropolitan area over the national value","2013","2013","RATIO","Ratio","0","Units",,,0.7,,
"CAN16","Sherbrooke","T_T_SH_NAT","Share of population  in metropolitan area over the national value","2014","2014","RATIO","Ratio","0","Units",,,0.7,,
"CAN16","Sherbrooke","T_T_SH_NAT","Share of population  in metropolitan area over the national value","2015","2015","RATIO","Ratio","0","Units",,,0.7,,
"CAN16","Sherbrooke","T_T_SH_NAT","Share of population  in metropolitan area over the national value","2016","2016","RATIO","Ratio","0","Units",,,0.7,,
"UK014","Leicester","T_T_SH_NAT","Share of population  in metropolitan area over the national value","2001","2001","RATIO","Ratio","0","Units",,,1.3,,
"UK014","Leicester","T_T_SH_NAT","Share of population  in metropolitan area over the national value","2002","2002","RATIO","Ratio","0","Units",,,1.3,,
"UK014","Leicester","T_T_SH_NAT","Share of population  in metropolitan area over the national value","2003","2003","RATIO","Ratio","0","Units",,,1.3,,
"UK014","Leicester","T_T_SH_NAT","Share of population  in metropolitan area over the national value","2004","2004","RATIO","Ratio","0","Units",,,1.3,,
"UK014","Leicester","T_T_SH_NAT","Share of population  in metropolitan area over the national value","2005","2005","RATIO","Ratio","0","Units",,,1.3,,
"UK014","Leicester","T_T_SH_NAT","Share of population  in metropolitan area over the national value","2006","2006","RATIO","Ratio","0","Units",,,1.3,,
"UK014","Leicester","T_T_SH_NAT","Share of population  in metropolitan area over the national value","2007","2007","RATIO","Ratio","0","Units",,,1.3,,
"UK014","Leicester","T_T_SH_NAT","Share of population  in metropolitan area over the national value","2008","2008","RATIO","Ratio","0","Units",,,1.3,,
"UK014","Leicester","T_T_SH_NAT","Share of population  in metropolitan area over the national value","2009","2009","RATIO","Ratio","0","Units",,,1.3,,
"UK014","Leicester","T_T_SH_NAT","Share of population  in metropolitan area over the national value","2010","2010","RATIO","Ratio","0","Units",,,1.3,,
"UK014","Leicester","T_T_SH_NAT","Share of population  in metropolitan area over the national value","2011","2011","RATIO","Ratio","0","Units",,,1.3,,
"UK014","Leicester","T_T_SH_NAT","Share of population  in metropolitan area over the national value","2012","2012","RATIO","Ratio","0","Units",,,1.3,,
"UK014","Leicester","T_T_SH_NAT","Share of population  in metropolitan area over the national value","2013","2013","RATIO","Ratio","0","Units",,,1.3,,
"UK014","Leicester","T_T_SH_NAT","Share of population  in metropolitan area over the national value","2014","2014","RATIO","Ratio","0","Units",,,1.3,,
"UK014","Leicester","T_T_SH_NAT","Share of population  in metropolitan area over the national value","2015","2015","RATIO","Ratio","0","Units",,,1.3,,
"UK014","Leicester","T_T_SH_NAT","Share of population  in metropolitan area over the national value","2016","2016","RATIO","Ratio","0","Units",,,1.4,,
"DE005","Frankfurt am Main","T_T_SH_NAT","Share of population  in metropolitan area over the national value","2001","2001","RATIO","Ratio","0","Units",,,3,,
"DE005","Frankfurt am Main","T_T_SH_NAT","Share of population  in metropolitan area over the national value","2002","2002","RATIO","Ratio","0","Units",,,3,,
"DE005","Frankfurt am Main","T_T_SH_NAT","Share of population  in metropolitan area over the national value","2003","2003","RATIO","Ratio","0","Units",,,3,,
"DE005","Frankfurt am Main","T_T_SH_NAT","Share of population  in metropolitan area over the national value","2004","2004","RATIO","Ratio","0","Units",,,3,,
"DE005","Frankfurt am Main","T_T_SH_NAT","Share of population  in metropolitan area over the national value","2005","2005","RATIO","Ratio","0","Units",,,3.1,,
"DE005","Frankfurt am Main","T_T_SH_NAT","Share of population  in metropolitan area over the national value","2006","2006","RATIO","Ratio","0","Units",,,3.1,,
"DE005","Frankfurt am Main","T_T_SH_NAT","Share of population  in metropolitan area over the national value","2007","2007","RATIO","Ratio","0","Units",,,3.1,,
"DE005","Frankfurt am Main","T_T_SH_NAT","Share of population  in metropolitan area over the national value","2008","2008","RATIO","Ratio","0","Units",,,3.1,,
"DE005","Frankfurt am Main","T_T_SH_NAT","Share of population  in metropolitan area over the national value","2009","2009","RATIO","Ratio","0","Units",,,3.1,,
"DE005","Frankfurt am Main","T_T_SH_NAT","Share of population  in metropolitan area over the national value","2010","2010","RATIO","Ratio","0","Units",,,3.1,,
"DE005","Frankfurt am Main","T_T_SH_NAT","Share of population  in metropolitan area over the national value","2011","2011","RATIO","Ratio","0","Units",,,3.1,,
"DE005","Frankfurt am Main","T_T_SH_NAT","Share of population  in metropolitan area over the national value","2012","2012","RATIO","Ratio","0","Units",,,3.1,,
"DE005","Frankfurt am Main","T_T_SH_NAT","Share of population  in metropolitan area over the national value","2013","2013","RATIO","Ratio","0","Units",,,3.2,,
"DE005","Frankfurt am Main","T_T_SH_NAT","Share of population  in metropolitan area over the national value","2014","2014","RATIO","Ratio","0","Units",,,3.2,,
"DE005","Frankfurt am Main","T_T_SH_NAT","Share of population  in metropolitan area over the national value","2015","2015","RATIO","Ratio","0","Units",,,3.2,,
"DE005","Frankfurt am Main","T_T_SH_NAT","Share of population  in metropolitan area over the national value","2016","2016","RATIO","Ratio","0","Units",,,3.2,,
"USA142","Cumberland (ME)","T_T_SH_NAT","Share of population  in metropolitan area over the national value","2001","2001","RATIO","Ratio","0","Units",,,0.1,,
"USA142","Cumberland (ME)","T_T_SH_NAT","Share of population  in metropolitan area over the national value","2002","2002","RATIO","Ratio","0","Units",,,0.1,,
"USA142","Cumberland (ME)","T_T_SH_NAT","Share of population  in metropolitan area over the national value","2003","2003","RATIO","Ratio","0","Units",,,0.1,,
"USA142","Cumberland (ME)","T_T_SH_NAT","Share of population  in metropolitan area over the national value","2004","2004","RATIO","Ratio","0","Units",,,0.1,,
"USA142","Cumberland (ME)","T_T_SH_NAT","Share of population  in metropolitan area over the national value","2005","2005","RATIO","Ratio","0","Units",,,0.1,,
"USA142","Cumberland (ME)","T_T_SH_NAT","Share of population  in metropolitan area over the national value","2006","2006","RATIO","Ratio","0","Units",,,0.1,,
"USA142","Cumberland (ME)","T_T_SH_NAT","Share of population  in metropolitan area over the national value","2007","2007","RATIO","Ratio","0","Units",,,0.1,,
"USA142","Cumberland (ME)","T_T_SH_NAT","Share of population  in metropolitan area over the national value","2008","2008","RATIO","Ratio","0","Units",,,0.1,,
"USA142","Cumberland (ME)","T_T_SH_NAT","Share of population  in metropolitan area over the national value","2009","2009","RATIO","Ratio","0","Units",,,0.1,,
"USA142","Cumberland (ME)","T_T_SH_NAT","Share of population  in metropolitan area over the national value","2010","2010","RATIO","Ratio","0","Units",,,0.1,,
"USA142","Cumberland (ME)","T_T_SH_NAT","Share of population  in metropolitan area over the national value","2011","2011","RATIO","Ratio","0","Units",,,0.1,,
"USA142","Cumberland (ME)","T_T_SH_NAT","Share of population  in metropolitan area over the national value","2012","2012","RATIO","Ratio","0","Units",,,0.1,,
"USA142","Cumberland (ME)","T_T_SH_NAT","Share of population  in metropolitan area over the national value","2013","2013","RATIO","Ratio","0","Units",,,0.1,,
"USA142","Cumberland (ME)","T_T_SH_NAT","Share of population  in metropolitan area over the national value","2014","2014","RATIO","Ratio","0","Units",,,0.1,,
"USA142","Cumberland (ME)","T_T_SH_NAT","Share of population  in metropolitan area over the national value","2015","2015","RATIO","Ratio","0","Units",,,0.1,,
"USA142","Cumberland (ME)","T_T_SH_NAT","Share of population  in metropolitan area over the national value","2016","2016","RATIO","Ratio","0","Units",,,0.1,,
"USA88","Fayette","T_T","Population, All ages. Administrative data","2000","2000","PER","Persons","0","Units",,,438019,,
"USA88","Fayette","T_T","Population, All ages. Administrative data","2001","2001","PER","Persons","0","Units",,,442823,,
"USA88","Fayette","T_T","Population, All ages. Administrative data","2002","2002","PER","Persons","0","Units",,,447006,,
"USA88","Fayette","T_T","Population, All ages. Administrative data","2003","2003","PER","Persons","0","Units",,,453713,,
"USA88","Fayette","T_T","Population, All ages. Administrative data","2004","2004","PER","Persons","0","Units",,,459221,,
"USA88","Fayette","T_T","Population, All ages. Administrative data","2005","2005","PER","Persons","0","Units",,,466330,,
"USA88","Fayette","T_T","Population, All ages. Administrative data","2006","2006","PER","Persons","0","Units",,,475223,,
"USA88","Fayette","T_T","Population, All ages. Administrative data","2007","2007","PER","Persons","0","Units",,,481951,,
"USA88","Fayette","T_T","Population, All ages. Administrative data","2008","2008","PER","Persons","0","Units",,,489812,,
"USA88","Fayette","T_T","Population, All ages. Administrative data","2009","2009","PER","Persons","0","Units",,,496872,,
"USA88","Fayette","T_T","Population, All ages. Administrative data","2010","2010","PER","Persons","0","Units",,,502899,,
"USA88","Fayette","T_T","Population, All ages. Administrative data","2011","2011","PER","Persons","0","Units",,,508065,,
"USA88","Fayette","T_T","Population, All ages. Administrative data","2012","2012","PER","Persons","0","Units",,,513986,,
"USA88","Fayette","T_T","Population, All ages. Administrative data","2013","2013","PER","Persons","0","Units",,,518895,,
"USA88","Fayette","T_T","Population, All ages. Administrative data","2014","2014","PER","Persons","0","Units",,,523436,,
"USA88","Fayette","T_T","Population, All ages. Administrative data","2015","2015","PER","Persons","0","Units",,,529983,,
"USA88","Fayette","T_T","Population, All ages. Administrative data","2016","2016","PER","Persons","0","Units",,,536453,,
"NO004","Stavanger","T_T_SH_NAT","Share of population  in metropolitan area over the national value","2001","2001","RATIO","Ratio","0","Units",,,5.7,,
"NO004","Stavanger","T_T_SH_NAT","Share of population  in metropolitan area over the national value","2002","2002","RATIO","Ratio","0","Units",,,5.8,,
"NO004","Stavanger","T_T_SH_NAT","Share of population  in metropolitan area over the national value","2003","2003","RATIO","Ratio","0","Units",,,5.8,,
"NO004","Stavanger","T_T_SH_NAT","Share of population  in metropolitan area over the national value","2004","2004","RATIO","Ratio","0","Units",,,5.8,,
"NO004","Stavanger","T_T_SH_NAT","Share of population  in metropolitan area over the national value","2005","2005","RATIO","Ratio","0","Units",,,5.9,,
"NO004","Stavanger","T_T_SH_NAT","Share of population  in metropolitan area over the national value","2006","2006","RATIO","Ratio","0","Units",,,5.9,,
"NO004","Stavanger","T_T_SH_NAT","Share of population  in metropolitan area over the national value","2007","2007","RATIO","Ratio","0","Units",,,6,,
"NO004","Stavanger","T_T_SH_NAT","Share of population  in metropolitan area over the national value","2008","2008","RATIO","Ratio","0","Units",,,6.1,,
"NO004","Stavanger","T_T_SH_NAT","Share of population  in metropolitan area over the national value","2009","2009","RATIO","Ratio","0","Units",,,6.1,,
"NO004","Stavanger","T_T_SH_NAT","Share of population  in metropolitan area over the national value","2010","2010","RATIO","Ratio","0","Units",,,6.2,,
"NO004","Stavanger","T_T_SH_NAT","Share of population  in metropolitan area over the national value","2011","2011","RATIO","Ratio","0","Units",,,6.2,,
"NO004","Stavanger","T_T_SH_NAT","Share of population  in metropolitan area over the national value","2012","2012","RATIO","Ratio","0","Units",,,6.3,,
"NO004","Stavanger","T_T_SH_NAT","Share of population  in metropolitan area over the national value","2013","2013","RATIO","Ratio","0","Units",,,6.3,,
"NO004","Stavanger","T_T_SH_NAT","Share of population  in metropolitan area over the national value","2014","2014","RATIO","Ratio","0","Units",,,6.4,,
"NO004","Stavanger","T_T_SH_NAT","Share of population  in metropolitan area over the national value","2015","2015","RATIO","Ratio","0","Units",,,6.4,,
"NO004","Stavanger","T_T_SH_NAT","Share of population  in metropolitan area over the national value","2016","2016","RATIO","Ratio","0","Units",,,6.4,,
"USA65","Sarasota","POP_DEN","Population density (pop. per km2)","2000","2000","PER","Persons","0","Units",,,163,,
"USA65","Sarasota","POP_DEN","Population density (pop. per km2)","2001","2001","PER","Persons","0","Units",,,166,,
"USA65","Sarasota","POP_DEN","Population density (pop. per km2)","2002","2002","PER","Persons","0","Units",,,170,,
"USA65","Sarasota","POP_DEN","Population density (pop. per km2)","2003","2003","PER","Persons","0","Units",,,174,,
"USA65","Sarasota","POP_DEN","Population density (pop. per km2)","2004","2004","PER","Persons","0","Units",,,179,,
"USA65","Sarasota","POP_DEN","Population density (pop. per km2)","2005","2005","PER","Persons","0","Units",,,185,,
"USA65","Sarasota","POP_DEN","Population density (pop. per km2)","2006","2006","PER","Persons","0","Units",,,188,,
"USA65","Sarasota","POP_DEN","Population density (pop. per km2)","2007","2007","PER","Persons","0","Units",,,190,,
"USA65","Sarasota","POP_DEN","Population density (pop. per km2)","2008","2008","PER","Persons","0","Units",,,191,,
"USA65","Sarasota","POP_DEN","Population density (pop. per km2)","2009","2009","PER","Persons","0","Units",,,191,,
"USA65","Sarasota","POP_DEN","Population density (pop. per km2)","2010","2010","PER","Persons","0","Units",,,193,,
"USA65","Sarasota","POP_DEN","Population density (pop. per km2)","2011","2011","PER","Persons","0","Units",,,195,,
"USA65","Sarasota","POP_DEN","Population density (pop. per km2)","2012","2012","PER","Persons","0","Units",,,198,,
"USA65","Sarasota","POP_DEN","Population density (pop. per km2)","2013","2013","PER","Persons","0","Units",,,201,,
"USA65","Sarasota","POP_DEN","Population density (pop. per km2)","2014","2014","PER","Persons","0","Units",,,205,,
"USA65","Sarasota","POP_DEN","Population density (pop. per km2)","2015","2015","PER","Persons","0","Units",,,211,,
"USA65","Sarasota","POP_DEN","Population density (pop. per km2)","2016","2016","PER","Persons","0","Units",,,216,,
"IT503","Parma","T_T_SH_NAT","Share of population  in metropolitan area over the national value","2001","2001","RATIO","Ratio","0","Units",,,0.5,,
"IT503","Parma","T_T_SH_NAT","Share of population  in metropolitan area over the national value","2002","2002","RATIO","Ratio","0","Units",,,0.5,,
"IT503","Parma","T_T_SH_NAT","Share of population  in metropolitan area over the national value","2003","2003","RATIO","Ratio","0","Units",,,0.5,,
"IT503","Parma","T_T_SH_NAT","Share of population  in metropolitan area over the national value","2004","2004","RATIO","Ratio","0","Units",,,0.5,,
"IT503","Parma","T_T_SH_NAT","Share of population  in metropolitan area over the national value","2005","2005","RATIO","Ratio","0","Units",,,0.5,,
"IT503","Parma","T_T_SH_NAT","Share of population  in metropolitan area over the national value","2006","2006","RATIO","Ratio","0","Units",,,0.5,,
"IT503","Parma","T_T_SH_NAT","Share of population  in metropolitan area over the national value","2007","2007","RATIO","Ratio","0","Units",,,0.5,,
"IT503","Parma","T_T_SH_NAT","Share of population  in metropolitan area over the national value","2008","2008","RATIO","Ratio","0","Units",,,0.5,,
"IT503","Parma","T_T_SH_NAT","Share of population  in metropolitan area over the national value","2009","2009","RATIO","Ratio","0","Units",,,0.5,,
"IT503","Parma","T_T_SH_NAT","Share of population  in metropolitan area over the national value","2010","2010","RATIO","Ratio","0","Units",,,0.5,,
"IT503","Parma","T_T_SH_NAT","Share of population  in metropolitan area over the national value","2011","2011","RATIO","Ratio","0","Units",,,0.5,,
"IT503","Parma","T_T_SH_NAT","Share of population  in metropolitan area over the national value","2012","2012","RATIO","Ratio","0","Units",,,0.5,,
"IT503","Parma","T_T_SH_NAT","Share of population  in metropolitan area over the national value","2013","2013","RATIO","Ratio","0","Units",,,0.6,,
"IT503","Parma","T_T_SH_NAT","Share of population  in metropolitan area over the national value","2014","2014","RATIO","Ratio","0","Units",,,0.6,,
"IT503","Parma","T_T_SH_NAT","Share of population  in metropolitan area over the national value","2015","2015","RATIO","Ratio","0","Units",,,0.6,,
"IT503","Parma","T_T_SH_NAT","Share of population  in metropolitan area over the national value","2016","2016","RATIO","Ratio","0","Units",,,0.6,,
"USA130","Collier","POP_DEN","Population density (pop. per km2)","2000","2000","PER","Persons","0","Units",,,48,,
"USA130","Collier","POP_DEN","Population density (pop. per km2)","2001","2001","PER","Persons","0","Units",,,49,,
"USA130","Collier","POP_DEN","Population density (pop. per km2)","2002","2002","PER","Persons","0","Units",,,52,,
"USA130","Collier","POP_DEN","Population density (pop. per km2)","2003","2003","PER","Persons","0","Units",,,53,,
"USA130","Collier","POP_DEN","Population density (pop. per km2)","2004","2004","PER","Persons","0","Units",,,55,,
"USA130","Collier","POP_DEN","Population density (pop. per km2)","2005","2005","PER","Persons","0","Units",,,58,,
"USA130","Collier","POP_DEN","Population density (pop. per km2)","2006","2006","PER","Persons","0","Units",,,59,,
"USA130","Collier","POP_DEN","Population density (pop. per km2)","2007","2007","PER","Persons","0","Units",,,59,,
"USA130","Collier","POP_DEN","Population density (pop. per km2)","2008","2008","PER","Persons","0","Units",,,59,,
"USA130","Collier","POP_DEN","Population density (pop. per km2)","2009","2009","PER","Persons","0","Units",,,60,,
"USA130","Collier","POP_DEN","Population density (pop. per km2)","2010","2010","PER","Persons","0","Units",,,60,,
"USA130","Collier","POP_DEN","Population density (pop. per km2)","2011","2011","PER","Persons","0","Units",,,61,,
"USA130","Collier","POP_DEN","Population density (pop. per km2)","2012","2012","PER","Persons","0","Units",,,62,,
"USA130","Collier","POP_DEN","Population density (pop. per km2)","2013","2013","PER","Persons","0","Units",,,64,,
"USA130","Collier","POP_DEN","Population density (pop. per km2)","2014","2014","PER","Persons","0","Units",,,65,,
"USA130","Collier","POP_DEN","Population density (pop. per km2)","2015","2015","PER","Persons","0","Units",,,67,,
"USA130","Collier","POP_DEN","Population density (pop. per km2)","2016","2016","PER","Persons","0","Units",,,69,,
"USA125","Washtenaw","T_T_SH_NAT","Share of population  in metropolitan area over the national value","2001","2001","RATIO","Ratio","0","Units",,,0.1,,
"USA125","Washtenaw","T_T_SH_NAT","Share of population  in metropolitan area over the national value","2002","2002","RATIO","Ratio","0","Units",,,0.1,,
"USA125","Washtenaw","T_T_SH_NAT","Share of population  in metropolitan area over the national value","2003","2003","RATIO","Ratio","0","Units",,,0.1,,
"USA125","Washtenaw","T_T_SH_NAT","Share of population  in metropolitan area over the national value","2004","2004","RATIO","Ratio","0","Units",,,0.1,,
"USA125","Washtenaw","T_T_SH_NAT","Share of population  in metropolitan area over the national value","2005","2005","RATIO","Ratio","0","Units",,,0.1,,
"USA125","Washtenaw","T_T_SH_NAT","Share of population  in metropolitan area over the national value","2006","2006","RATIO","Ratio","0","Units",,,0.1,,
"USA125","Washtenaw","T_T_SH_NAT","Share of population  in metropolitan area over the national value","2007","2007","RATIO","Ratio","0","Units",,,0.1,,
"USA125","Washtenaw","T_T_SH_NAT","Share of population  in metropolitan area over the national value","2008","2008","RATIO","Ratio","0","Units",,,0.1,,
"USA125","Washtenaw","T_T_SH_NAT","Share of population  in metropolitan area over the national value","2009","2009","RATIO","Ratio","0","Units",,,0.1,,
"USA125","Washtenaw","T_T_SH_NAT","Share of population  in metropolitan area over the national value","2010","2010","RATIO","Ratio","0","Units",,,0.1,,
"USA125","Washtenaw","T_T_SH_NAT","Share of population  in metropolitan area over the national value","2011","2011","RATIO","Ratio","0","Units",,,0.1,,
"USA125","Washtenaw","T_T_SH_NAT","Share of population  in metropolitan area over the national value","2012","2012","RATIO","Ratio","0","Units",,,0.1,,
"USA125","Washtenaw","T_T_SH_NAT","Share of population  in metropolitan area over the national value","2013","2013","RATIO","Ratio","0","Units",,,0.1,,
"USA125","Washtenaw","T_T_SH_NAT","Share of population  in metropolitan area over the national value","2014","2014","RATIO","Ratio","0","Units",,,0.1,,
"USA125","Washtenaw","T_T_SH_NAT","Share of population  in metropolitan area over the national value","2015","2015","RATIO","Ratio","0","Units",,,0.1,,
"USA125","Washtenaw","T_T_SH_NAT","Share of population  in metropolitan area over the national value","2016","2016","RATIO","Ratio","0","Units",,,0.1,,
"JPN34","Koriyama","T_T_SH_NAT","Share of population  in metropolitan area over the national value","2001","2001","RATIO","Ratio","0","Units",,,0.4,,
"JPN34","Koriyama","T_T_SH_NAT","Share of population  in metropolitan area over the national value","2002","2002","RATIO","Ratio","0","Units",,,0.4,,
"JPN34","Koriyama","T_T_SH_NAT","Share of population  in metropolitan area over the national value","2003","2003","RATIO","Ratio","0","Units",,,0.4,,
"JPN34","Koriyama","T_T_SH_NAT","Share of population  in metropolitan area over the national value","2004","2004","RATIO","Ratio","0","Units",,,0.4,,
"JPN34","Koriyama","T_T_SH_NAT","Share of population  in metropolitan area over the national value","2005","2005","RATIO","Ratio","0","Units",,,0.4,,
"JPN34","Koriyama","T_T_SH_NAT","Share of population  in metropolitan area over the national value","2006","2006","RATIO","Ratio","0","Units",,,0.4,,
"JPN34","Koriyama","T_T_SH_NAT","Share of population  in metropolitan area over the national value","2007","2007","RATIO","Ratio","0","Units",,,0.4,,
"JPN34","Koriyama","T_T_SH_NAT","Share of population  in metropolitan area over the national value","2008","2008","RATIO","Ratio","0","Units",,,0.4,,
"JPN34","Koriyama","T_T_SH_NAT","Share of population  in metropolitan area over the national value","2009","2009","RATIO","Ratio","0","Units",,,0.4,,
"JPN34","Koriyama","T_T_SH_NAT","Share of population  in metropolitan area over the national value","2010","2010","RATIO","Ratio","0","Units",,,0.4,,
"JPN34","Koriyama","T_T_SH_NAT","Share of population  in metropolitan area over the national value","2011","2011","RATIO","Ratio","0","Units",,,0.4,,
"JPN34","Koriyama","T_T_SH_NAT","Share of population  in metropolitan area over the national value","2012","2012","RATIO","Ratio","0","Units",,,0.4,,
"JPN34","Koriyama","T_T_SH_NAT","Share of population  in metropolitan area over the national value","2013","2013","RATIO","Ratio","0","Units",,,0.4,,
"JPN34","Koriyama","T_T_SH_NAT","Share of population  in metropolitan area over the national value","2014","2014","RATIO","Ratio","0","Units",,,0.4,,
"JPN34","Koriyama","T_T_SH_NAT","Share of population  in metropolitan area over the national value","2015","2015","RATIO","Ratio","0","Units",,,0.4,,
"USA151","Santa Cruz","T_T","Population, All ages. Administrative data","2000","2000","PER","Persons","0","Units",,,255835,,
"USA151","Santa Cruz","T_T","Population, All ages. Administrative data","2001","2001","PER","Persons","0","Units",,,256045,,
"USA151","Santa Cruz","T_T","Population, All ages. Administrative data","2002","2002","PER","Persons","0","Units",,,254531,,
"USA151","Santa Cruz","T_T","Population, All ages. Administrative data","2003","2003","PER","Persons","0","Units",,,253021,,
"USA151","Santa Cruz","T_T","Population, All ages. Administrative data","2004","2004","PER","Persons","0","Units",,,252356,,
"USA151","Santa Cruz","T_T","Population, All ages. Administrative data","2005","2005","PER","Persons","0","Units",,,251377,,
"USA151","Santa Cruz","T_T","Population, All ages. Administrative data","2006","2006","PER","Persons","0","Units",,,251616,,
"USA151","Santa Cruz","T_T","Population, All ages. Administrative data","2007","2007","PER","Persons","0","Units",,,253304,,
"USA151","Santa Cruz","T_T","Population, All ages. Administrative data","2008","2008","PER","Persons","0","Units",,,256520,,
"USA151","Santa Cruz","T_T","Population, All ages. Administrative data","2009","2009","PER","Persons","0","Units",,,260009,,
"USA151","Santa Cruz","T_T","Population, All ages. Administrative data","2010","2010","PER","Persons","0","Units",,,263216,,
"USA151","Santa Cruz","T_T","Population, All ages. Administrative data","2011","2011","PER","Persons","0","Units",,,265103,,
"USA151","Santa Cruz","T_T","Population, All ages. Administrative data","2012","2012","PER","Persons","0","Units",,,266794,,
"USA151","Santa Cruz","T_T","Population, All ages. Administrative data","2013","2013","PER","Persons","0","Units",,,269395,,
"USA151","Santa Cruz","T_T","Population, All ages. Administrative data","2014","2014","PER","Persons","0","Units",,,271529,,
"USA151","Santa Cruz","T_T","Population, All ages. Administrative data","2015","2015","PER","Persons","0","Units",,,274299,,
"USA151","Santa Cruz","T_T","Population, All ages. Administrative data","2016","2016","PER","Persons","0","Units",,,275196,,
"USA113","Bell","POP_DEN","Population density (pop. per km2)","2000","2000","PER","Persons","0","Units",,,45,,
"USA113","Bell","POP_DEN","Population density (pop. per km2)","2001","2001","PER","Persons","0","Units",,,45,,
"USA113","Bell","POP_DEN","Population density (pop. per km2)","2002","2002","PER","Persons","0","Units",,,46,,
"USA113","Bell","POP_DEN","Population density (pop. per km2)","2003","2003","PER","Persons","0","Units",,,46,,
"USA113","Bell","POP_DEN","Population density (pop. per km2)","2004","2004","PER","Persons","0","Units",,,47,,
"USA113","Bell","POP_DEN","Population density (pop. per km2)","2005","2005","PER","Persons","0","Units",,,48,,
"USA113","Bell","POP_DEN","Population density (pop. per km2)","2006","2006","PER","Persons","0","Units",,,49,,
"USA113","Bell","POP_DEN","Population density (pop. per km2)","2007","2007","PER","Persons","0","Units",,,51,,
"USA113","Bell","POP_DEN","Population density (pop. per km2)","2008","2008","PER","Persons","0","Units",,,53,,
"USA113","Bell","POP_DEN","Population density (pop. per km2)","2009","2009","PER","Persons","0","Units",,,53,,
"USA113","Bell","POP_DEN","Population density (pop. per km2)","2010","2010","PER","Persons","0","Units",,,55,,
"USA113","Bell","POP_DEN","Population density (pop. per km2)","2011","2011","PER","Persons","0","Units",,,56,,
"USA113","Bell","POP_DEN","Population density (pop. per km2)","2012","2012","PER","Persons","0","Units",,,57,,
"USA113","Bell","POP_DEN","Population density (pop. per km2)","2013","2013","PER","Persons","0","Units",,,57,,
"USA113","Bell","POP_DEN","Population density (pop. per km2)","2014","2014","PER","Persons","0","Units",,,57,,
"USA113","Bell","POP_DEN","Population density (pop. per km2)","2015","2015","PER","Persons","0","Units",,,58,,
"USA113","Bell","POP_DEN","Population density (pop. per km2)","2016","2016","PER","Persons","0","Units",,,59,,
"USA134","Sebastian","T_T","Population, All ages. Administrative data","2000","2000","PER","Persons","0","Units",,,284843,,
"USA134","Sebastian","T_T","Population, All ages. Administrative data","2001","2001","PER","Persons","0","Units",,,286867,,
"USA134","Sebastian","T_T","Population, All ages. Administrative data","2002","2002","PER","Persons","0","Units",,,288903,,
"USA134","Sebastian","T_T","Population, All ages. Administrative data","2003","2003","PER","Persons","0","Units",,,290752,,
"USA134","Sebastian","T_T","Population, All ages. Administrative data","2004","2004","PER","Persons","0","Units",,,292862,,
"USA134","Sebastian","T_T","Population, All ages. Administrative data","2005","2005","PER","Persons","0","Units",,,295757,,
"USA134","Sebastian","T_T","Population, All ages. Administrative data","2006","2006","PER","Persons","0","Units",,,300465,,
"USA134","Sebastian","T_T","Population, All ages. Administrative data","2007","2007","PER","Persons","0","Units",,,303829,,
"USA134","Sebastian","T_T","Population, All ages. Administrative data","2008","2008","PER","Persons","0","Units",,,305778,,
"USA134","Sebastian","T_T","Population, All ages. Administrative data","2009","2009","PER","Persons","0","Units",,,308150,,
"USA134","Sebastian","T_T","Population, All ages. Administrative data","2010","2010","PER","Persons","0","Units",,,310065,,
"USA134","Sebastian","T_T","Population, All ages. Administrative data","2011","2011","PER","Persons","0","Units",,,310444,,
"USA134","Sebastian","T_T","Population, All ages. Administrative data","2012","2012","PER","Persons","0","Units",,,309978,,
"USA134","Sebastian","T_T","Population, All ages. Administrative data","2013","2013","PER","Persons","0","Units",,,308963,,
"USA134","Sebastian","T_T","Population, All ages. Administrative data","2014","2014","PER","Persons","0","Units",,,308338,,
"USA134","Sebastian","T_T","Population, All ages. Administrative data","2015","2015","PER","Persons","0","Units",,,308676,,
"USA134","Sebastian","T_T","Population, All ages. Administrative data","2016","2016","PER","Persons","0","Units",,,309063,,
"IT006","Genoa","T_T_SH_NAT","Share of population  in metropolitan area over the national value","2001","2001","RATIO","Ratio","0","Units",,,1.3,,
"IT006","Genoa","T_T_SH_NAT","Share of population  in metropolitan area over the national value","2002","2002","RATIO","Ratio","0","Units",,,1.3,,
"IT006","Genoa","T_T_SH_NAT","Share of population  in metropolitan area over the national value","2003","2003","RATIO","Ratio","0","Units",,,1.3,,
"IT006","Genoa","T_T_SH_NAT","Share of population  in metropolitan area over the national value","2004","2004","RATIO","Ratio","0","Units",,,1.3,,
"IT006","Genoa","T_T_SH_NAT","Share of population  in metropolitan area over the national value","2005","2005","RATIO","Ratio","0","Units",,,1.3,,
"IT006","Genoa","T_T_SH_NAT","Share of population  in metropolitan area over the national value","2006","2006","RATIO","Ratio","0","Units",,,1.3,,
"IT006","Genoa","T_T_SH_NAT","Share of population  in metropolitan area over the national value","2007","2007","RATIO","Ratio","0","Units",,,1.2,,
"IT006","Genoa","T_T_SH_NAT","Share of population  in metropolitan area over the national value","2008","2008","RATIO","Ratio","0","Units",,,1.2,,
"IT006","Genoa","T_T_SH_NAT","Share of population  in metropolitan area over the national value","2009","2009","RATIO","Ratio","0","Units",,,1.2,,
"IT006","Genoa","T_T_SH_NAT","Share of population  in metropolitan area over the national value","2010","2010","RATIO","Ratio","0","Units",,,1.2,,
"IT006","Genoa","T_T_SH_NAT","Share of population  in metropolitan area over the national value","2011","2011","RATIO","Ratio","0","Units",,,1.2,,
"IT006","Genoa","T_T_SH_NAT","Share of population  in metropolitan area over the national value","2012","2012","RATIO","Ratio","0","Units",,,1.2,,
"IT006","Genoa","T_T_SH_NAT","Share of population  in metropolitan area over the national value","2013","2013","RATIO","Ratio","0","Units",,,1.2,,
"IT006","Genoa","T_T_SH_NAT","Share of population  in metropolitan area over the national value","2014","2014","RATIO","Ratio","0","Units",,,1.2,,
"IT006","Genoa","T_T_SH_NAT","Share of population  in metropolitan area over the national value","2015","2015","RATIO","Ratio","0","Units",,,1.2,,
"IT006","Genoa","T_T_SH_NAT","Share of population  in metropolitan area over the national value","2016","2016","RATIO","Ratio","0","Units",,,1.2,,
"DK001","Copenhagen","T_T","Population, All ages. Administrative data","2000","2000","PER","Persons","0","Units",,,1848986,,
"DK001","Copenhagen","T_T","Population, All ages. Administrative data","2001","2001","PER","Persons","0","Units",,,1860057,,
"DK001","Copenhagen","T_T","Population, All ages. Administrative data","2002","2002","PER","Persons","0","Units",,,1868309,,
"DK001","Copenhagen","T_T","Population, All ages. Administrative data","2003","2003","PER","Persons","0","Units",,,1873498,,
"DK001","Copenhagen","T_T","Population, All ages. Administrative data","2004","2004","PER","Persons","0","Units",,,1877670,,
"DK001","Copenhagen","T_T","Population, All ages. Administrative data","2005","2005","PER","Persons","0","Units",,,1882805,,
"DK001","Copenhagen","T_T","Population, All ages. Administrative data","2006","2006","PER","Persons","0","Units",,,1892511,,
"DK001","Copenhagen","T_T","Population, All ages. Administrative data","2007","2007","PER","Persons","0","Units",,,1902217,,
"DK001","Copenhagen","T_T","Population, All ages. Administrative data","2008","2008","PER","Persons","0","Units",,,1911922,,
"DK001","Copenhagen","T_T","Population, All ages. Administrative data","2009","2009","PER","Persons","0","Units",,,1921628,,
"DK001","Copenhagen","T_T","Population, All ages. Administrative data","2010","2010","PER","Persons","0","Units",,,1931334,,
"DK001","Copenhagen","T_T","Population, All ages. Administrative data","2011","2011","PER","Persons","0","Units",,,1951976,,
"DK001","Copenhagen","T_T","Population, All ages. Administrative data","2012","2012","PER","Persons","0","Units",,,1968750,,
"DK001","Copenhagen","T_T","Population, All ages. Administrative data","2013","2013","PER","Persons","0","Units",,,1987967,,
"DK001","Copenhagen","T_T","Population, All ages. Administrative data","2014","2014","PER","Persons","0","Units",,,2007762,,
"DK001","Copenhagen","T_T","Population, All ages. Administrative data","2015","2015","PER","Persons","0","Units",,,2030146,,
"DK001","Copenhagen","T_T","Population, All ages. Administrative data","2016","2016","PER","Persons","0","Units",,,2054881,,
"USA45","Fresno (Greater)","T_T_SH_NAT","Share of population  in metropolitan area over the national value","2001","2001","RATIO","Ratio","0","Units",,,0.3,,
"USA45","Fresno (Greater)","T_T_SH_NAT","Share of population  in metropolitan area over the national value","2002","2002","RATIO","Ratio","0","Units",,,0.3,,
"USA45","Fresno (Greater)","T_T_SH_NAT","Share of population  in metropolitan area over the national value","2003","2003","RATIO","Ratio","0","Units",,,0.3,,
"USA45","Fresno (Greater)","T_T_SH_NAT","Share of population  in metropolitan area over the national value","2004","2004","RATIO","Ratio","0","Units",,,0.3,,
"USA45","Fresno (Greater)","T_T_SH_NAT","Share of population  in metropolitan area over the national value","2005","2005","RATIO","Ratio","0","Units",,,0.3,,
"USA45","Fresno (Greater)","T_T_SH_NAT","Share of population  in metropolitan area over the national value","2006","2006","RATIO","Ratio","0","Units",,,0.3,,
"USA45","Fresno (Greater)","T_T_SH_NAT","Share of population  in metropolitan area over the national value","2007","2007","RATIO","Ratio","0","Units",,,0.4,,
"USA45","Fresno (Greater)","T_T_SH_NAT","Share of population  in metropolitan area over the national value","2008","2008","RATIO","Ratio","0","Units",,,0.4,,
"USA45","Fresno (Greater)","T_T_SH_NAT","Share of population  in metropolitan area over the national value","2009","2009","RATIO","Ratio","0","Units",,,0.4,,
"USA45","Fresno (Greater)","T_T_SH_NAT","Share of population  in metropolitan area over the national value","2010","2010","RATIO","Ratio","0","Units",,,0.4,,
"USA45","Fresno (Greater)","T_T_SH_NAT","Share of population  in metropolitan area over the national value","2011","2011","RATIO","Ratio","0","Units",,,0.4,,
"USA45","Fresno (Greater)","T_T_SH_NAT","Share of population  in metropolitan area over the national value","2012","2012","RATIO","Ratio","0","Units",,,0.4,,
"USA45","Fresno (Greater)","T_T_SH_NAT","Share of population  in metropolitan area over the national value","2013","2013","RATIO","Ratio","0","Units",,,0.4,,
"USA45","Fresno (Greater)","T_T_SH_NAT","Share of population  in metropolitan area over the national value","2014","2014","RATIO","Ratio","0","Units",,,0.4,,
"USA45","Fresno (Greater)","T_T_SH_NAT","Share of population  in metropolitan area over the national value","2015","2015","RATIO","Ratio","0","Units",,,0.4,,
"USA45","Fresno (Greater)","T_T_SH_NAT","Share of population  in metropolitan area over the national value","2016","2016","RATIO","Ratio","0","Units",,,0.4,,
"MEX47","Tlaxcala","T_T","Population, All ages. Administrative data","2000","2000","PER","Persons","0","Units",,,294971,,
"MEX47","Tlaxcala","T_T","Population, All ages. Administrative data","2005","2005","PER","Persons","0","Units",,,285942,,
"MEX47","Tlaxcala","T_T","Population, All ages. Administrative data","2010","2010","PER","Persons","0","Units",,,312545,,
"MEX47","Tlaxcala","T_T","Population, All ages. Administrative data","2015","2015","PER","Persons","0","Units",,,356971,,
"USA69","Charleston","T_T","Population, All ages. Administrative data","2000","2000","PER","Persons","0","Units",,,550916,,
"USA69","Charleston","T_T","Population, All ages. Administrative data","2001","2001","PER","Persons","0","Units",,,556901,,
"USA69","Charleston","T_T","Population, All ages. Administrative data","2002","2002","PER","Persons","0","Units",,,565179,,
"USA69","Charleston","T_T","Population, All ages. Administrative data","2003","2003","PER","Persons","0","Units",,,573376,,
"USA69","Charleston","T_T","Population, All ages. Administrative data","2004","2004","PER","Persons","0","Units",,,587231,,
"USA69","Charleston","T_T","Population, All ages. Administrative data","2005","2005","PER","Persons","0","Units",,,598313,,
"USA69","Charleston","T_T","Population, All ages. Administrative data","2006","2006","PER","Persons","0","Units",,,614463,,
"USA69","Charleston","T_T","Population, All ages. Administrative data","2007","2007","PER","Persons","0","Units",,,628384,,
"USA69","Charleston","T_T","Population, All ages. Administrative data","2008","2008","PER","Persons","0","Units",,,643613,,
"USA69","Charleston","T_T","Population, All ages. Administrative data","2009","2009","PER","Persons","0","Units",,,655447,,
"USA69","Charleston","T_T","Population, All ages. Administrative data","2010","2010","PER","Persons","0","Units",,,667466,,
"USA69","Charleston","T_T","Population, All ages. Administrative data","2011","2011","PER","Persons","0","Units",,,681261,,
"USA69","Charleston","T_T","Population, All ages. Administrative data","2012","2012","PER","Persons","0","Units",,,696993,,
"USA69","Charleston","T_T","Population, All ages. Administrative data","2013","2013","PER","Persons","0","Units",,,711407,,
"USA69","Charleston","T_T","Population, All ages. Administrative data","2014","2014","PER","Persons","0","Units",,,726770,,
"USA69","Charleston","T_T","Population, All ages. Administrative data","2015","2015","PER","Persons","0","Units",,,745061,,
"USA69","Charleston","T_T","Population, All ages. Administrative data","2016","2016","PER","Persons","0","Units",,,761904,,
"FR028","Saint Denis","T_T_SH_NAT","Share of population  in metropolitan area over the national value","2015","2015","RATIO","Ratio","0","Units",,,0.5,,
"USA112","Cameron","T_T_SH_NAT","Share of population  in metropolitan area over the national value","2001","2001","RATIO","Ratio","0","Units",,,0.1,,
"USA112","Cameron","T_T_SH_NAT","Share of population  in metropolitan area over the national value","2002","2002","RATIO","Ratio","0","Units",,,0.1,,
"USA112","Cameron","T_T_SH_NAT","Share of population  in metropolitan area over the national value","2003","2003","RATIO","Ratio","0","Units",,,0.1,,
"USA112","Cameron","T_T_SH_NAT","Share of population  in metropolitan area over the national value","2004","2004","RATIO","Ratio","0","Units",,,0.1,,
"USA112","Cameron","T_T_SH_NAT","Share of population  in metropolitan area over the national value","2005","2005","RATIO","Ratio","0","Units",,,0.1,,
"USA112","Cameron","T_T_SH_NAT","Share of population  in metropolitan area over the national value","2006","2006","RATIO","Ratio","0","Units",,,0.1,,
"USA112","Cameron","T_T_SH_NAT","Share of population  in metropolitan area over the national value","2007","2007","RATIO","Ratio","0","Units",,,0.1,,
"USA112","Cameron","T_T_SH_NAT","Share of population  in metropolitan area over the national value","2008","2008","RATIO","Ratio","0","Units",,,0.1,,
"USA112","Cameron","T_T_SH_NAT","Share of population  in metropolitan area over the national value","2009","2009","RATIO","Ratio","0","Units",,,0.1,,
"USA112","Cameron","T_T_SH_NAT","Share of population  in metropolitan area over the national value","2010","2010","RATIO","Ratio","0","Units",,,0.1,,
"USA112","Cameron","T_T_SH_NAT","Share of population  in metropolitan area over the national value","2011","2011","RATIO","Ratio","0","Units",,,0.1,,
"USA112","Cameron","T_T_SH_NAT","Share of population  in metropolitan area over the national value","2012","2012","RATIO","Ratio","0","Units",,,0.1,,
"USA112","Cameron","T_T_SH_NAT","Share of population  in metropolitan area over the national value","2013","2013","RATIO","Ratio","0","Units",,,0.1,,
"USA112","Cameron","T_T_SH_NAT","Share of population  in metropolitan area over the national value","2014","2014","RATIO","Ratio","0","Units",,,0.1,,
"USA112","Cameron","T_T_SH_NAT","Share of population  in metropolitan area over the national value","2015","2015","RATIO","Ratio","0","Units",,,0.1,,
"USA112","Cameron","T_T_SH_NAT","Share of population  in metropolitan area over the national value","2016","2016","RATIO","Ratio","0","Units",,,0.1,,
"UK557","Blackburn with Darwen","POP_DEN","Population density (pop. per km2)","2001","2001","PER","Persons","0","Units",,,345,,
"UK557","Blackburn with Darwen","POP_DEN","Population density (pop. per km2)","2002","2002","PER","Persons","0","Units",,,347,,
"UK557","Blackburn with Darwen","POP_DEN","Population density (pop. per km2)","2003","2003","PER","Persons","0","Units",,,349,,
"UK557","Blackburn with Darwen","POP_DEN","Population density (pop. per km2)","2004","2004","PER","Persons","0","Units",,,351,,
"UK557","Blackburn with Darwen","POP_DEN","Population density (pop. per km2)","2005","2005","PER","Persons","0","Units",,,353,,
"UK557","Blackburn with Darwen","POP_DEN","Population density (pop. per km2)","2006","2006","PER","Persons","0","Units",,,354,,
"UK557","Blackburn with Darwen","POP_DEN","Population density (pop. per km2)","2007","2007","PER","Persons","0","Units",,,356,,
"UK557","Blackburn with Darwen","POP_DEN","Population density (pop. per km2)","2008","2008","PER","Persons","0","Units",,,357,,
"UK557","Blackburn with Darwen","POP_DEN","Population density (pop. per km2)","2009","2009","PER","Persons","0","Units",,,358,,
"UK557","Blackburn with Darwen","POP_DEN","Population density (pop. per km2)","2010","2010","PER","Persons","0","Units",,,359,,
"UK557","Blackburn with Darwen","POP_DEN","Population density (pop. per km2)","2011","2011","PER","Persons","0","Units",,,360,,
"UK557","Blackburn with Darwen","POP_DEN","Population density (pop. per km2)","2012","2012","PER","Persons","0","Units",,,360,,
"UK557","Blackburn with Darwen","POP_DEN","Population density (pop. per km2)","2013","2013","PER","Persons","0","Units",,,360,,
"UK557","Blackburn with Darwen","POP_DEN","Population density (pop. per km2)","2014","2014","PER","Persons","0","Units",,,360,,
"UK557","Blackburn with Darwen","POP_DEN","Population density (pop. per km2)","2015","2015","PER","Persons","0","Units",,,361,,
"UK557","Blackburn with Darwen","POP_DEN","Population density (pop. per km2)","2016","2016","PER","Persons","0","Units",,,363,,
"IT007","Florence","POP_DEN","Population density (pop. per km2)","2000","2000","PER","Persons","0","Units",,,420,,
"IT007","Florence","POP_DEN","Population density (pop. per km2)","2001","2001","PER","Persons","0","Units",,,422,,
"IT007","Florence","POP_DEN","Population density (pop. per km2)","2002","2002","PER","Persons","0","Units",,,423,,
"IT007","Florence","POP_DEN","Population density (pop. per km2)","2003","2003","PER","Persons","0","Units",,,425,,
"IT007","Florence","POP_DEN","Population density (pop. per km2)","2004","2004","PER","Persons","0","Units",,,426,,
"IT007","Florence","POP_DEN","Population density (pop. per km2)","2005","2005","PER","Persons","0","Units",,,427,,
"IT007","Florence","POP_DEN","Population density (pop. per km2)","2006","2006","PER","Persons","0","Units",,,429,,
"IT007","Florence","POP_DEN","Population density (pop. per km2)","2007","2007","PER","Persons","0","Units",,,430,,
"IT007","Florence","POP_DEN","Population density (pop. per km2)","2008","2008","PER","Persons","0","Units",,,432,,
"IT007","Florence","POP_DEN","Population density (pop. per km2)","2009","2009","PER","Persons","0","Units",,,433,,
"IT007","Florence","POP_DEN","Population density (pop. per km2)","2010","2010","PER","Persons","0","Units",,,434,,
"IT007","Florence","POP_DEN","Population density (pop. per km2)","2011","2011","PER","Persons","0","Units",,,436,,
"IT007","Florence","POP_DEN","Population density (pop. per km2)","2012","2012","PER","Persons","0","Units",,,437,,
"IT007","Florence","POP_DEN","Population density (pop. per km2)","2013","2013","PER","Persons","0","Units",,,444,,
"IT007","Florence","POP_DEN","Population density (pop. per km2)","2014","2014","PER","Persons","0","Units",,,455,,
"IT007","Florence","POP_DEN","Population density (pop. per km2)","2015","2015","PER","Persons","0","Units",,,444,,
"IT007","Florence","POP_DEN","Population density (pop. per km2)","2016","2016","PER","Persons","0","Units",,,445,,
"KOR18","Chuncheon","POP_DEN","Population density (pop. per km2)","2000","2000","PER","Persons","0","Units",,,224,,
"KOR18","Chuncheon","POP_DEN","Population density (pop. per km2)","2001","2001","PER","Persons","0","Units",,,226,,
"KOR18","Chuncheon","POP_DEN","Population density (pop. per km2)","2002","2002","PER","Persons","0","Units",,,228,,
"KOR18","Chuncheon","POP_DEN","Population density (pop. per km2)","2003","2003","PER","Persons","0","Units",,,230,,
"KOR18","Chuncheon","POP_DEN","Population density (pop. per km2)","2004","2004","PER","Persons","0","Units",,,231,,
"KOR18","Chuncheon","POP_DEN","Population density (pop. per km2)","2005","2005","PER","Persons","0","Units",,,233,,
"KOR18","Chuncheon","POP_DEN","Population density (pop. per km2)","2006","2006","PER","Persons","0","Units",,,235,,
"KOR18","Chuncheon","POP_DEN","Population density (pop. per km2)","2007","2007","PER","Persons","0","Units",,,237,,
"KOR18","Chuncheon","POP_DEN","Population density (pop. per km2)","2008","2008","PER","Persons","0","Units",,,239,,
"KOR18","Chuncheon","POP_DEN","Population density (pop. per km2)","2009","2009","PER","Persons","0","Units",,,241,,
"KOR18","Chuncheon","POP_DEN","Population density (pop. per km2)","2010","2010","PER","Persons","0","Units",,,242,,
"KOR18","Chuncheon","POP_DEN","Population density (pop. per km2)","2011","2011","PER","Persons","0","Units",,,244,,
"KOR18","Chuncheon","POP_DEN","Population density (pop. per km2)","2012","2012","PER","Persons","0","Units",,,245,,
"KOR18","Chuncheon","POP_DEN","Population density (pop. per km2)","2013","2013","PER","Persons","0","Units",,,246,,
"KOR18","Chuncheon","POP_DEN","Population density (pop. per km2)","2014","2014","PER","Persons","0","Units",,,247,,
"KOR18","Chuncheon","POP_DEN","Population density (pop. per km2)","2015","2015","PER","Persons","0","Units",,,249,,
"KOR18","Chuncheon","POP_DEN","Population density (pop. per km2)","2016","2016","PER","Persons","0","Units",,,251,,
"USA46","Richmond (Greater)","POP_DEN","Population density (pop. per km2)","2000","2000","PER","Persons","0","Units",,,83,,
"USA46","Richmond (Greater)","POP_DEN","Population density (pop. per km2)","2001","2001","PER","Persons","0","Units",,,84,,
"USA46","Richmond (Greater)","POP_DEN","Population density (pop. per km2)","2002","2002","PER","Persons","0","Units",,,86,,
"USA46","Richmond (Greater)","POP_DEN","Population density (pop. per km2)","2003","2003","PER","Persons","0","Units",,,87,,
"USA46","Richmond (Greater)","POP_DEN","Population density (pop. per km2)","2004","2004","PER","Persons","0","Units",,,88,,
"USA46","Richmond (Greater)","POP_DEN","Population density (pop. per km2)","2005","2005","PER","Persons","0","Units",,,90,,
"USA46","Richmond (Greater)","POP_DEN","Population density (pop. per km2)","2006","2006","PER","Persons","0","Units",,,92,,
"USA46","Richmond (Greater)","POP_DEN","Population density (pop. per km2)","2007","2007","PER","Persons","0","Units",,,93,,
"USA46","Richmond (Greater)","POP_DEN","Population density (pop. per km2)","2008","2008","PER","Persons","0","Units",,,94,,
"USA46","Richmond (Greater)","POP_DEN","Population density (pop. per km2)","2009","2009","PER","Persons","0","Units",,,95,,
"USA46","Richmond (Greater)","POP_DEN","Population density (pop. per km2)","2010","2010","PER","Persons","0","Units",,,96,,
"USA46","Richmond (Greater)","POP_DEN","Population density (pop. per km2)","2011","2011","PER","Persons","0","Units",,,97,,
"USA46","Richmond (Greater)","POP_DEN","Population density (pop. per km2)","2012","2012","PER","Persons","0","Units",,,98,,
"USA46","Richmond (Greater)","POP_DEN","Population density (pop. per km2)","2013","2013","PER","Persons","0","Units",,,99,,
"USA46","Richmond (Greater)","POP_DEN","Population density (pop. per km2)","2014","2014","PER","Persons","0","Units",,,100,,
"USA46","Richmond (Greater)","POP_DEN","Population density (pop. per km2)","2015","2015","PER","Persons","0","Units",,,101,,
"USA46","Richmond (Greater)","POP_DEN","Population density (pop. per km2)","2016","2016","PER","Persons","0","Units",,,102,,
"BE001","Brussels","POP_DEN","Population density (pop. per km2)","2000","2000","PER","Persons","0","Units",,,689,,
"BE001","Brussels","POP_DEN","Population density (pop. per km2)","2001","2001","PER","Persons","0","Units",,,693,,
"BE001","Brussels","POP_DEN","Population density (pop. per km2)","2002","2002","PER","Persons","0","Units",,,699,,
"BE001","Brussels","POP_DEN","Population density (pop. per km2)","2003","2003","PER","Persons","0","Units",,,705,,
"BE001","Brussels","POP_DEN","Population density (pop. per km2)","2004","2004","PER","Persons","0","Units",,,710,,
"BE001","Brussels","POP_DEN","Population density (pop. per km2)","2005","2005","PER","Persons","0","Units",,,715,,
"BE001","Brussels","POP_DEN","Population density (pop. per km2)","2006","2006","PER","Persons","0","Units",,,722,,
"BE001","Brussels","POP_DEN","Population density (pop. per km2)","2007","2007","PER","Persons","0","Units",,,729,,
"BE001","Brussels","POP_DEN","Population density (pop. per km2)","2008","2008","PER","Persons","0","Units",,,737,,
"BE001","Brussels","POP_DEN","Population density (pop. per km2)","2009","2009","PER","Persons","0","Units",,,747,,
"BE001","Brussels","POP_DEN","Population density (pop. per km2)","2010","2010","PER","Persons","0","Units",,,757,,
"BE001","Brussels","POP_DEN","Population density (pop. per km2)","2011","2011","PER","Persons","0","Units",,,770,,
"BE001","Brussels","POP_DEN","Population density (pop. per km2)","2012","2012","PER","Persons","0","Units",,,779,,
"BE001","Brussels","POP_DEN","Population density (pop. per km2)","2013","2013","PER","Persons","0","Units",,,787,,
"BE001","Brussels","POP_DEN","Population density (pop. per km2)","2014","2014","PER","Persons","0","Units",,,793,,
"BE001","Brussels","POP_DEN","Population density (pop. per km2)","2015","2015","PER","Persons","0","Units",,,799,,
"BE001","Brussels","POP_DEN","Population density (pop. per km2)","2016","2016","PER","Persons","0","Units",,,806,,
"USA05","San Francisco (Greater)","T_T_SH_NAT","Share of population  in metropolitan area over the national value","2001","2001","RATIO","Ratio","0","Units",,,2.1,,
"USA05","San Francisco (Greater)","T_T_SH_NAT","Share of population  in metropolitan area over the national value","2002","2002","RATIO","Ratio","0","Units",,,2,,
"USA05","San Francisco (Greater)","T_T_SH_NAT","Share of population  in metropolitan area over the national value","2003","2003","RATIO","Ratio","0","Units",,,2,,
"USA05","San Francisco (Greater)","T_T_SH_NAT","Share of population  in metropolitan area over the national value","2004","2004","RATIO","Ratio","0","Units",,,2,,
"USA05","San Francisco (Greater)","T_T_SH_NAT","Share of population  in metropolitan area over the national value","2005","2005","RATIO","Ratio","0","Units",,,2,,
"USA05","San Francisco (Greater)","T_T_SH_NAT","Share of population  in metropolitan area over the national value","2006","2006","RATIO","Ratio","0","Units",,,2,,
"USA05","San Francisco (Greater)","T_T_SH_NAT","Share of population  in metropolitan area over the national value","2007","2007","RATIO","Ratio","0","Units",,,2,,
"USA05","San Francisco (Greater)","T_T_SH_NAT","Share of population  in metropolitan area over the national value","2008","2008","RATIO","Ratio","0","Units",,,2,,
"USA05","San Francisco (Greater)","T_T_SH_NAT","Share of population  in metropolitan area over the national value","2009","2009","RATIO","Ratio","0","Units",,,2,,
"USA05","San Francisco (Greater)","T_T_SH_NAT","Share of population  in metropolitan area over the national value","2010","2010","RATIO","Ratio","0","Units",,,2,,
"USA05","San Francisco (Greater)","T_T_SH_NAT","Share of population  in metropolitan area over the national value","2011","2011","RATIO","Ratio","0","Units",,,2,,
"USA05","San Francisco (Greater)","T_T_SH_NAT","Share of population  in metropolitan area over the national value","2012","2012","RATIO","Ratio","0","Units",,,2,,
"USA05","San Francisco (Greater)","T_T_SH_NAT","Share of population  in metropolitan area over the national value","2013","2013","RATIO","Ratio","0","Units",,,2,,
"USA05","San Francisco (Greater)","T_T_SH_NAT","Share of population  in metropolitan area over the national value","2014","2014","RATIO","Ratio","0","Units",,,2.1,,
"USA05","San Francisco (Greater)","T_T_SH_NAT","Share of population  in metropolitan area over the national value","2015","2015","RATIO","Ratio","0","Units",,,2.1,,
"USA05","San Francisco (Greater)","T_T_SH_NAT","Share of population  in metropolitan area over the national value","2016","2016","RATIO","Ratio","0","Units",,,2.1,,
"UK017","Cambridge","POP_DEN","Population density (pop. per km2)","2001","2001","PER","Persons","0","Units",,,197,,
"UK017","Cambridge","POP_DEN","Population density (pop. per km2)","2002","2002","PER","Persons","0","Units",,,198,,
"UK017","Cambridge","POP_DEN","Population density (pop. per km2)","2003","2003","PER","Persons","0","Units",,,203,,
"UK017","Cambridge","POP_DEN","Population density (pop. per km2)","2004","2004","PER","Persons","0","Units",,,203,,
"UK017","Cambridge","POP_DEN","Population density (pop. per km2)","2005","2005","PER","Persons","0","Units",,,208,,
"UK017","Cambridge","POP_DEN","Population density (pop. per km2)","2006","2006","PER","Persons","0","Units",,,210,,
"UK017","Cambridge","POP_DEN","Population density (pop. per km2)","2007","2007","PER","Persons","0","Units",,,212,,
"UK017","Cambridge","POP_DEN","Population density (pop. per km2)","2008","2008","PER","Persons","0","Units",,,214,,
"UK017","Cambridge","POP_DEN","Population density (pop. per km2)","2009","2009","PER","Persons","0","Units",,,217,,
"UK017","Cambridge","POP_DEN","Population density (pop. per km2)","2010","2010","PER","Persons","0","Units",,,221,,
"UK017","Cambridge","POP_DEN","Population density (pop. per km2)","2011","2011","PER","Persons","0","Units",,,224,,
"UK017","Cambridge","POP_DEN","Population density (pop. per km2)","2012","2012","PER","Persons","0","Units",,,225,,
"UK017","Cambridge","POP_DEN","Population density (pop. per km2)","2013","2013","PER","Persons","0","Units",,,226,,
"UK017","Cambridge","POP_DEN","Population density (pop. per km2)","2014","2014","PER","Persons","0","Units",,,228,,
"UK017","Cambridge","POP_DEN","Population density (pop. per km2)","2015","2015","PER","Persons","0","Units",,,231,,
"UK017","Cambridge","POP_DEN","Population density (pop. per km2)","2016","2016","PER","Persons","0","Units",,,232,,
"USA26","Cuyahoga","T_T_SH_NAT","Share of population  in metropolitan area over the national value","2001","2001","RATIO","Ratio","0","Units",,,0.8,,
"USA26","Cuyahoga","T_T_SH_NAT","Share of population  in metropolitan area over the national value","2002","2002","RATIO","Ratio","0","Units",,,0.7,,
"USA26","Cuyahoga","T_T_SH_NAT","Share of population  in metropolitan area over the national value","2003","2003","RATIO","Ratio","0","Units",,,0.7,,
"USA26","Cuyahoga","T_T_SH_NAT","Share of population  in metropolitan area over the national value","2004","2004","RATIO","Ratio","0","Units",,,0.7,,
"USA26","Cuyahoga","T_T_SH_NAT","Share of population  in metropolitan area over the national value","2005","2005","RATIO","Ratio","0","Units",,,0.7,,
"USA26","Cuyahoga","T_T_SH_NAT","Share of population  in metropolitan area over the national value","2006","2006","RATIO","Ratio","0","Units",,,0.7,,
"USA26","Cuyahoga","T_T_SH_NAT","Share of population  in metropolitan area over the national value","2007","2007","RATIO","Ratio","0","Units",,,0.7,,
"USA26","Cuyahoga","T_T_SH_NAT","Share of population  in metropolitan area over the national value","2008","2008","RATIO","Ratio","0","Units",,,0.7,,
"USA26","Cuyahoga","T_T_SH_NAT","Share of population  in metropolitan area over the national value","2009","2009","RATIO","Ratio","0","Units",,,0.7,,
"USA26","Cuyahoga","T_T_SH_NAT","Share of population  in metropolitan area over the national value","2010","2010","RATIO","Ratio","0","Units",,,0.7,,
"USA26","Cuyahoga","T_T_SH_NAT","Share of population  in metropolitan area over the national value","2011","2011","RATIO","Ratio","0","Units",,,0.7,,
"USA26","Cuyahoga","T_T_SH_NAT","Share of population  in metropolitan area over the national value","2012","2012","RATIO","Ratio","0","Units",,,0.7,,
"USA26","Cuyahoga","T_T_SH_NAT","Share of population  in metropolitan area over the national value","2013","2013","RATIO","Ratio","0","Units",,,0.7,,
"USA26","Cuyahoga","T_T_SH_NAT","Share of population  in metropolitan area over the national value","2014","2014","RATIO","Ratio","0","Units",,,0.7,,
"USA26","Cuyahoga","T_T_SH_NAT","Share of population  in metropolitan area over the national value","2015","2015","RATIO","Ratio","0","Units",,,0.6,,
"USA26","Cuyahoga","T_T_SH_NAT","Share of population  in metropolitan area over the national value","2016","2016","RATIO","Ratio","0","Units",,,0.6,,
"CZ001","Prague","POP_DEN","Population density (pop. per km2)","2000","2000","PER","Persons","0","Units",,,341,,
"CZ001","Prague","POP_DEN","Population density (pop. per km2)","2001","2001","PER","Persons","0","Units",,,342,,
"CZ001","Prague","POP_DEN","Population density (pop. per km2)","2002","2002","PER","Persons","0","Units",,,343,,
"CZ001","Prague","POP_DEN","Population density (pop. per km2)","2003","2003","PER","Persons","0","Units",,,344,,
"CZ001","Prague","POP_DEN","Population density (pop. per km2)","2004","2004","PER","Persons","0","Units",,,345,,
"CZ001","Prague","POP_DEN","Population density (pop. per km2)","2005","2005","PER","Persons","0","Units",,,346,,
"CZ001","Prague","POP_DEN","Population density (pop. per km2)","2006","2006","PER","Persons","0","Units",,,347,,
"CZ001","Prague","POP_DEN","Population density (pop. per km2)","2007","2007","PER","Persons","0","Units",,,348,,
"CZ001","Prague","POP_DEN","Population density (pop. per km2)","2008","2008","PER","Persons","0","Units",,,356,,
"CZ001","Prague","POP_DEN","Population density (pop. per km2)","2009","2009","PER","Persons","0","Units",,,362,,
"CZ001","Prague","POP_DEN","Population density (pop. per km2)","2010","2010","PER","Persons","0","Units",,,366,,
"CZ001","Prague","POP_DEN","Population density (pop. per km2)","2011","2011","PER","Persons","0","Units",,,366,,
"CZ001","Prague","POP_DEN","Population density (pop. per km2)","2012","2012","PER","Persons","0","Units",,,369,,
"CZ001","Prague","POP_DEN","Population density (pop. per km2)","2013","2013","PER","Persons","0","Units",,,370,,
"CZ001","Prague","POP_DEN","Population density (pop. per km2)","2014","2014","PER","Persons","0","Units",,,375,,
"CZ001","Prague","POP_DEN","Population density (pop. per km2)","2015","2015","PER","Persons","0","Units",,,378,,
"CZ001","Prague","POP_DEN","Population density (pop. per km2)","2016","2016","PER","Persons","0","Units",,,382,,
"FR003","Lyon","T_T_SH_NAT","Share of population  in metropolitan area over the national value","2001","2001","RATIO","Ratio","0","Units",,,2.9,,
"FR003","Lyon","T_T_SH_NAT","Share of population  in metropolitan area over the national value","2002","2002","RATIO","Ratio","0","Units",,,2.9,,
"FR003","Lyon","T_T_SH_NAT","Share of population  in metropolitan area over the national value","2003","2003","RATIO","Ratio","0","Units",,,2.9,,
"FR003","Lyon","T_T_SH_NAT","Share of population  in metropolitan area over the national value","2004","2004","RATIO","Ratio","0","Units",,,2.9,,
"FR003","Lyon","T_T_SH_NAT","Share of population  in metropolitan area over the national value","2005","2005","RATIO","Ratio","0","Units",,,2.9,,
"FR003","Lyon","T_T_SH_NAT","Share of population  in metropolitan area over the national value","2006","2006","RATIO","Ratio","0","Units",,,2.9,,
"FR003","Lyon","T_T_SH_NAT","Share of population  in metropolitan area over the national value","2007","2007","RATIO","Ratio","0","Units",,,2.9,,
"FR003","Lyon","T_T_SH_NAT","Share of population  in metropolitan area over the national value","2008","2008","RATIO","Ratio","0","Units",,,2.9,,
"FR003","Lyon","T_T_SH_NAT","Share of population  in metropolitan area over the national value","2009","2009","RATIO","Ratio","0","Units",,,2.9,,
"FR003","Lyon","T_T_SH_NAT","Share of population  in metropolitan area over the national value","2010","2010","RATIO","Ratio","0","Units",,,2.9,,
"FR003","Lyon","T_T_SH_NAT","Share of population  in metropolitan area over the national value","2011","2011","RATIO","Ratio","0","Units",,,3,,
"FR003","Lyon","T_T_SH_NAT","Share of population  in metropolitan area over the national value","2012","2012","RATIO","Ratio","0","Units",,,3,,
"FR003","Lyon","T_T_SH_NAT","Share of population  in metropolitan area over the national value","2013","2013","RATIO","Ratio","0","Units",,,3,,
"FR003","Lyon","T_T_SH_NAT","Share of population  in metropolitan area over the national value","2014","2014","RATIO","Ratio","0","Units",,,3,,
"FR003","Lyon","T_T_SH_NAT","Share of population  in metropolitan area over the national value","2015","2015","RATIO","Ratio","0","Units",,,2.9,,
"JPN53","Obihiro","T_T_SH_NAT","Share of population  in metropolitan area over the national value","2001","2001","RATIO","Ratio","0","Units",,,0.2,,
"JPN53","Obihiro","T_T_SH_NAT","Share of population  in metropolitan area over the national value","2002","2002","RATIO","Ratio","0","Units",,,0.2,,
"JPN53","Obihiro","T_T_SH_NAT","Share of population  in metropolitan area over the national value","2003","2003","RATIO","Ratio","0","Units",,,0.2,,
"JPN53","Obihiro","T_T_SH_NAT","Share of population  in metropolitan area over the national value","2004","2004","RATIO","Ratio","0","Units",,,0.2,,
"JPN53","Obihiro","T_T_SH_NAT","Share of population  in metropolitan area over the national value","2005","2005","RATIO","Ratio","0","Units",,,0.2,,
"JPN53","Obihiro","T_T_SH_NAT","Share of population  in metropolitan area over the national value","2006","2006","RATIO","Ratio","0","Units",,,0.2,,
"JPN53","Obihiro","T_T_SH_NAT","Share of population  in metropolitan area over the national value","2007","2007","RATIO","Ratio","0","Units",,,0.2,,
"JPN53","Obihiro","T_T_SH_NAT","Share of population  in metropolitan area over the national value","2008","2008","RATIO","Ratio","0","Units",,,0.2,,
"JPN53","Obihiro","T_T_SH_NAT","Share of population  in metropolitan area over the national value","2009","2009","RATIO","Ratio","0","Units",,,0.2,,
"JPN53","Obihiro","T_T_SH_NAT","Share of population  in metropolitan area over the national value","2010","2010","RATIO","Ratio","0","Units",,,0.2,,
"JPN53","Obihiro","T_T_SH_NAT","Share of population  in metropolitan area over the national value","2011","2011","RATIO","Ratio","0","Units",,,0.2,,
"JPN53","Obihiro","T_T_SH_NAT","Share of population  in metropolitan area over the national value","2012","2012","RATIO","Ratio","0","Units",,,0.2,,
"JPN53","Obihiro","T_T_SH_NAT","Share of population  in metropolitan area over the national value","2013","2013","RATIO","Ratio","0","Units",,,0.2,,
"JPN53","Obihiro","T_T_SH_NAT","Share of population  in metropolitan area over the national value","2014","2014","RATIO","Ratio","0","Units",,,0.2,,
"JPN53","Obihiro","T_T_SH_NAT","Share of population  in metropolitan area over the national value","2015","2015","RATIO","Ratio","0","Units",,,0.2,,
"MEX57","La Paz","T_T","Population, All ages. Administrative data","2000","2000","PER","Persons","0","Units",,,204565,,
"MEX57","La Paz","T_T","Population, All ages. Administrative data","2005","2005","PER","Persons","0","Units",,,208059,,
"MEX57","La Paz","T_T","Population, All ages. Administrative data","2010","2010","PER","Persons","0","Units",,,248514,,
"MEX57","La Paz","T_T","Population, All ages. Administrative data","2015","2015","PER","Persons","0","Units",,,294600,,
"USA106","Jefferson (TX)","T_T","Population, All ages. Administrative data","2000","2000","PER","Persons","0","Units",,,420651,,
"USA106","Jefferson (TX)","T_T","Population, All ages. Administrative data","2001","2001","PER","Persons","0","Units",,,418388,,
"USA106","Jefferson (TX)","T_T","Population, All ages. Administrative data","2002","2002","PER","Persons","0","Units",,,418774,,
"USA106","Jefferson (TX)","T_T","Population, All ages. Administrative data","2003","2003","PER","Persons","0","Units",,,418969,,
"USA106","Jefferson (TX)","T_T","Population, All ages. Administrative data","2004","2004","PER","Persons","0","Units",,,420036,,
"USA106","Jefferson (TX)","T_T","Population, All ages. Administrative data","2005","2005","PER","Persons","0","Units",,,421050,,
"USA106","Jefferson (TX)","T_T","Population, All ages. Administrative data","2006","2006","PER","Persons","0","Units",,,414502,,
"USA106","Jefferson (TX)","T_T","Population, All ages. Administrative data","2007","2007","PER","Persons","0","Units",,,417944,,
"USA106","Jefferson (TX)","T_T","Population, All ages. Administrative data","2008","2008","PER","Persons","0","Units",,,421211,,
"USA106","Jefferson (TX)","T_T","Population, All ages. Administrative data","2009","2009","PER","Persons","0","Units",,,423329,,
"USA106","Jefferson (TX)","T_T","Population, All ages. Administrative data","2010","2010","PER","Persons","0","Units",,,425459,,
"USA106","Jefferson (TX)","T_T","Population, All ages. Administrative data","2011","2011","PER","Persons","0","Units",,,427016,,
"USA106","Jefferson (TX)","T_T","Population, All ages. Administrative data","2012","2012","PER","Persons","0","Units",,,425379,,
"USA106","Jefferson (TX)","T_T","Population, All ages. Administrative data","2013","2013","PER","Persons","0","Units",,,426966,,
"USA106","Jefferson (TX)","T_T","Population, All ages. Administrative data","2014","2014","PER","Persons","0","Units",,,427202,,
"USA106","Jefferson (TX)","T_T","Population, All ages. Administrative data","2015","2015","PER","Persons","0","Units",,,430108,,
"USA106","Jefferson (TX)","T_T","Population, All ages. Administrative data","2016","2016","PER","Persons","0","Units",,,432343,,
"UK011","Bristol","T_T_SH_NAT","Share of population  in metropolitan area over the national value","2001","2001","RATIO","Ratio","0","Units",,,1.4,,
"UK011","Bristol","T_T_SH_NAT","Share of population  in metropolitan area over the national value","2002","2002","RATIO","Ratio","0","Units",,,1.4,,
"UK011","Bristol","T_T_SH_NAT","Share of population  in metropolitan area over the national value","2003","2003","RATIO","Ratio","0","Units",,,1.4,,
"UK011","Bristol","T_T_SH_NAT","Share of population  in metropolitan area over the national value","2004","2004","RATIO","Ratio","0","Units",,,1.4,,
"UK011","Bristol","T_T_SH_NAT","Share of population  in metropolitan area over the national value","2005","2005","RATIO","Ratio","0","Units",,,1.4,,
"UK011","Bristol","T_T_SH_NAT","Share of population  in metropolitan area over the national value","2006","2006","RATIO","Ratio","0","Units",,,1.4,,
"UK011","Bristol","T_T_SH_NAT","Share of population  in metropolitan area over the national value","2007","2007","RATIO","Ratio","0","Units",,,1.4,,
"UK011","Bristol","T_T_SH_NAT","Share of population  in metropolitan area over the national value","2008","2008","RATIO","Ratio","0","Units",,,1.4,,
"UK011","Bristol","T_T_SH_NAT","Share of population  in metropolitan area over the national value","2009","2009","RATIO","Ratio","0","Units",,,1.4,,
"UK011","Bristol","T_T_SH_NAT","Share of population  in metropolitan area over the national value","2010","2010","RATIO","Ratio","0","Units",,,1.4,,
"UK011","Bristol","T_T_SH_NAT","Share of population  in metropolitan area over the national value","2011","2011","RATIO","Ratio","0","Units",,,1.4,,
"UK011","Bristol","T_T_SH_NAT","Share of population  in metropolitan area over the national value","2012","2012","RATIO","Ratio","0","Units",,,1.4,,
"UK011","Bristol","T_T_SH_NAT","Share of population  in metropolitan area over the national value","2013","2013","RATIO","Ratio","0","Units",,,1.4,,
"UK011","Bristol","T_T_SH_NAT","Share of population  in metropolitan area over the national value","2014","2014","RATIO","Ratio","0","Units",,,1.4,,
"UK011","Bristol","T_T_SH_NAT","Share of population  in metropolitan area over the national value","2015","2015","RATIO","Ratio","0","Units",,,1.4,,
"UK011","Bristol","T_T_SH_NAT","Share of population  in metropolitan area over the national value","2016","2016","RATIO","Ratio","0","Units",,,1.4,,
"FR205","Nice","T_T","Population, All ages. Administrative data","2000","2000","PER","Persons","0","Units",,,782401,,
"FR205","Nice","T_T","Population, All ages. Administrative data","2001","2001","PER","Persons","0","Units",,,786942,,
"FR205","Nice","T_T","Population, All ages. Administrative data","2002","2002","PER","Persons","0","Units",,,791485,,
"FR205","Nice","T_T","Population, All ages. Administrative data","2003","2003","PER","Persons","0","Units",,,796026,,
"FR205","Nice","T_T","Population, All ages. Administrative data","2004","2004","PER","Persons","0","Units",,,800569,,
"FR205","Nice","T_T","Population, All ages. Administrative data","2005","2005","PER","Persons","0","Units",,,805111,,
"FR205","Nice","T_T","Population, All ages. Administrative data","2006","2006","PER","Persons","0","Units",,,809652,,
"FR205","Nice","T_T","Population, All ages. Administrative data","2007","2007","PER","Persons","0","Units",,,814195,,
"FR205","Nice","T_T","Population, All ages. Administrative data","2008","2008","PER","Persons","0","Units",,,818736,,
"FR205","Nice","T_T","Population, All ages. Administrative data","2009","2009","PER","Persons","0","Units",,,823278,,
"FR205","Nice","T_T","Population, All ages. Administrative data","2010","2010","PER","Persons","0","Units",,,823569,,
"FR205","Nice","T_T","Population, All ages. Administrative data","2011","2011","PER","Persons","0","Units",,,823860,,
"FR205","Nice","T_T","Population, All ages. Administrative data","2012","2012","PER","Persons","0","Units",,,824150,,
"FR205","Nice","T_T","Population, All ages. Administrative data","2013","2013","PER","Persons","0","Units",,,824441,,
"FR205","Nice","T_T","Population, All ages. Administrative data","2014","2014","PER","Persons","0","Units",,,824732,,
"FR205","Nice","T_T","Population, All ages. Administrative data","2015","2015","PER","Persons","0","Units",,,818110,,
"USA38","Davidson","T_T","Population, All ages. Administrative data","2000","2000","PER","Persons","0","Units",,,1075603,,
"USA38","Davidson","T_T","Population, All ages. Administrative data","2001","2001","PER","Persons","0","Units",,,1090369,,
"USA38","Davidson","T_T","Population, All ages. Administrative data","2002","2002","PER","Persons","0","Units",,,1101591,,
"USA38","Davidson","T_T","Population, All ages. Administrative data","2003","2003","PER","Persons","0","Units",,,1115296,,
"USA38","Davidson","T_T","Population, All ages. Administrative data","2004","2004","PER","Persons","0","Units",,,1133971,,
"USA38","Davidson","T_T","Population, All ages. Administrative data","2005","2005","PER","Persons","0","Units",,,1155659,,
"USA38","Davidson","T_T","Population, All ages. Administrative data","2006","2006","PER","Persons","0","Units",,,1183262,,
"USA38","Davidson","T_T","Population, All ages. Administrative data","2007","2007","PER","Persons","0","Units",,,1208828,,
"USA38","Davidson","T_T","Population, All ages. Administrative data","2008","2008","PER","Persons","0","Units",,,1231899,,
"USA38","Davidson","T_T","Population, All ages. Administrative data","2009","2009","PER","Persons","0","Units",,,1251447,,
"USA38","Davidson","T_T","Population, All ages. Administrative data","2010","2010","PER","Persons","0","Units",,,1267796,,
"USA38","Davidson","T_T","Population, All ages. Administrative data","2011","2011","PER","Persons","0","Units",,,1284297,,
"USA38","Davidson","T_T","Population, All ages. Administrative data","2012","2012","PER","Persons","0","Units",,,1307427,,
"USA38","Davidson","T_T","Population, All ages. Administrative data","2013","2013","PER","Persons","0","Units",,,1330284,,
"USA38","Davidson","T_T","Population, All ages. Administrative data","2014","2014","PER","Persons","0","Units",,,1355233,,
"USA38","Davidson","T_T","Population, All ages. Administrative data","2015","2015","PER","Persons","0","Units",,,1380061,,
"USA38","Davidson","T_T","Population, All ages. Administrative data","2016","2016","PER","Persons","0","Units",,,1404806,,
"UK566","Norwich","T_T","Population, All ages. Administrative data","2001","2001","PER","Persons","0","Units",,,352028,,
"UK566","Norwich","T_T","Population, All ages. Administrative data","2002","2002","PER","Persons","0","Units",,,354250,,
"UK566","Norwich","T_T","Population, All ages. Administrative data","2003","2003","PER","Persons","0","Units",,,356961,,
"UK566","Norwich","T_T","Population, All ages. Administrative data","2004","2004","PER","Persons","0","Units",,,359435,,
"UK566","Norwich","T_T","Population, All ages. Administrative data","2005","2005","PER","Persons","0","Units",,,362687,,
"UK566","Norwich","T_T","Population, All ages. Administrative data","2006","2006","PER","Persons","0","Units",,,365269,,
"UK566","Norwich","T_T","Population, All ages. Administrative data","2007","2007","PER","Persons","0","Units",,,367325,,
"UK566","Norwich","T_T","Population, All ages. Administrative data","2008","2008","PER","Persons","0","Units",,,370195,,
"UK566","Norwich","T_T","Population, All ages. Administrative data","2009","2009","PER","Persons","0","Units",,,373526,,
"UK566","Norwich","T_T","Population, All ages. Administrative data","2010","2010","PER","Persons","0","Units",,,378017,,
"UK566","Norwich","T_T","Population, All ages. Administrative data","2011","2011","PER","Persons","0","Units",,,381393,,
"UK566","Norwich","T_T","Population, All ages. Administrative data","2012","2012","PER","Persons","0","Units",,,385027,,
"UK566","Norwich","T_T","Population, All ages. Administrative data","2013","2013","PER","Persons","0","Units",,,388299,,
"UK566","Norwich","T_T","Population, All ages. Administrative data","2014","2014","PER","Persons","0","Units",,,391888,,
"UK566","Norwich","T_T","Population, All ages. Administrative data","2015","2015","PER","Persons","0","Units",,,395922,,
"UK566","Norwich","T_T","Population, All ages. Administrative data","2016","2016","PER","Persons","0","Units",,,400232,,
"NL008","Enschede","T_T_SH_NAT","Share of population  in metropolitan area over the national value","2001","2001","RATIO","Ratio","0","Units",,,2.4,,
"NL008","Enschede","T_T_SH_NAT","Share of population  in metropolitan area over the national value","2002","2002","RATIO","Ratio","0","Units",,,2.4,,
"NL008","Enschede","T_T_SH_NAT","Share of population  in metropolitan area over the national value","2003","2003","RATIO","Ratio","0","Units",,,2.4,,
"NL008","Enschede","T_T_SH_NAT","Share of population  in metropolitan area over the national value","2004","2004","RATIO","Ratio","0","Units",,,2.4,,
"NL008","Enschede","T_T_SH_NAT","Share of population  in metropolitan area over the national value","2005","2005","RATIO","Ratio","0","Units",,,2.4,,
"NL008","Enschede","T_T_SH_NAT","Share of population  in metropolitan area over the national value","2006","2006","RATIO","Ratio","0","Units",,,2.4,,
"NL008","Enschede","T_T_SH_NAT","Share of population  in metropolitan area over the national value","2007","2007","RATIO","Ratio","0","Units",,,2.4,,
"NL008","Enschede","T_T_SH_NAT","Share of population  in metropolitan area over the national value","2008","2008","RATIO","Ratio","0","Units",,,2.4,,
"NL008","Enschede","T_T_SH_NAT","Share of population  in metropolitan area over the national value","2009","2009","RATIO","Ratio","0","Units",,,2.4,,
"NL008","Enschede","T_T_SH_NAT","Share of population  in metropolitan area over the national value","2010","2010","RATIO","Ratio","0","Units",,,2.4,,
"NL008","Enschede","T_T_SH_NAT","Share of population  in metropolitan area over the national value","2011","2011","RATIO","Ratio","0","Units",,,2.4,,
"NL008","Enschede","T_T_SH_NAT","Share of population  in metropolitan area over the national value","2012","2012","RATIO","Ratio","0","Units",,,2.4,,
"NL008","Enschede","T_T_SH_NAT","Share of population  in metropolitan area over the national value","2013","2013","RATIO","Ratio","0","Units",,,2.4,,
"NL008","Enschede","T_T_SH_NAT","Share of population  in metropolitan area over the national value","2014","2014","RATIO","Ratio","0","Units",,,2.4,,
"NL008","Enschede","T_T_SH_NAT","Share of population  in metropolitan area over the national value","2015","2015","RATIO","Ratio","0","Units",,,2.4,,
"NL008","Enschede","T_T_SH_NAT","Share of population  in metropolitan area over the national value","2016","2016","RATIO","Ratio","0","Units",,,2.4,,
"AUS03","Greater Brisbane","T_T_SH_NAT","Share of population  in metropolitan area over the national value","2001","2001","RATIO","Ratio","0","Units",,,8.8,,
"AUS03","Greater Brisbane","T_T_SH_NAT","Share of population  in metropolitan area over the national value","2002","2002","RATIO","Ratio","0","Units",,,8.9,,
"AUS03","Greater Brisbane","T_T_SH_NAT","Share of population  in metropolitan area over the national value","2003","2003","RATIO","Ratio","0","Units",,,9,,
"AUS03","Greater Brisbane","T_T_SH_NAT","Share of population  in metropolitan area over the national value","2004","2004","RATIO","Ratio","0","Units",,,9.2,,
"AUS03","Greater Brisbane","T_T_SH_NAT","Share of population  in metropolitan area over the national value","2005","2005","RATIO","Ratio","0","Units",,,9.3,,
"AUS03","Greater Brisbane","T_T_SH_NAT","Share of population  in metropolitan area over the national value","2006","2006","RATIO","Ratio","0","Units",,,9.3,,
"AUS03","Greater Brisbane","T_T_SH_NAT","Share of population  in metropolitan area over the national value","2007","2007","RATIO","Ratio","0","Units",,,9.4,,
"AUS03","Greater Brisbane","T_T_SH_NAT","Share of population  in metropolitan area over the national value","2008","2008","RATIO","Ratio","0","Units",,,9.5,,
"AUS03","Greater Brisbane","T_T_SH_NAT","Share of population  in metropolitan area over the national value","2009","2009","RATIO","Ratio","0","Units",,,9.5,,
"AUS03","Greater Brisbane","T_T_SH_NAT","Share of population  in metropolitan area over the national value","2010","2010","RATIO","Ratio","0","Units",,,9.6,,
"AUS03","Greater Brisbane","T_T_SH_NAT","Share of population  in metropolitan area over the national value","2011","2011","RATIO","Ratio","0","Units",,,9.6,,
"AUS03","Greater Brisbane","T_T_SH_NAT","Share of population  in metropolitan area over the national value","2012","2012","RATIO","Ratio","0","Units",,,9.7,,
"AUS03","Greater Brisbane","T_T_SH_NAT","Share of population  in metropolitan area over the national value","2013","2013","RATIO","Ratio","0","Units",,,9.7,,
"AUS03","Greater Brisbane","T_T_SH_NAT","Share of population  in metropolitan area over the national value","2014","2014","RATIO","Ratio","0","Units",,,9.7,,
"AUS03","Greater Brisbane","T_T_SH_NAT","Share of population  in metropolitan area over the national value","2015","2015","RATIO","Ratio","0","Units",,,9.8,,
"AUS03","Greater Brisbane","T_T_SH_NAT","Share of population  in metropolitan area over the national value","2016","2016","RATIO","Ratio","0","Units",,,9.8,,
"UK518","Derby","T_T_SH_NAT","Share of population  in metropolitan area over the national value","2001","2001","RATIO","Ratio","0","Units",,,0.7,,
"UK518","Derby","T_T_SH_NAT","Share of population  in metropolitan area over the national value","2002","2002","RATIO","Ratio","0","Units",,,0.7,,
"UK518","Derby","T_T_SH_NAT","Share of population  in metropolitan area over the national value","2003","2003","RATIO","Ratio","0","Units",,,0.7,,
"UK518","Derby","T_T_SH_NAT","Share of population  in metropolitan area over the national value","2004","2004","RATIO","Ratio","0","Units",,,0.7,,
"UK518","Derby","T_T_SH_NAT","Share of population  in metropolitan area over the national value","2005","2005","RATIO","Ratio","0","Units",,,0.7,,
"UK518","Derby","T_T_SH_NAT","Share of population  in metropolitan area over the national value","2006","2006","RATIO","Ratio","0","Units",,,0.7,,
"UK518","Derby","T_T_SH_NAT","Share of population  in metropolitan area over the national value","2007","2007","RATIO","Ratio","0","Units",,,0.7,,
"UK518","Derby","T_T_SH_NAT","Share of population  in metropolitan area over the national value","2008","2008","RATIO","Ratio","0","Units",,,0.7,,
"UK518","Derby","T_T_SH_NAT","Share of population  in metropolitan area over the national value","2009","2009","RATIO","Ratio","0","Units",,,0.7,,
"UK518","Derby","T_T_SH_NAT","Share of population  in metropolitan area over the national value","2010","2010","RATIO","Ratio","0","Units",,,0.7,,
"UK518","Derby","T_T_SH_NAT","Share of population  in metropolitan area over the national value","2011","2011","RATIO","Ratio","0","Units",,,0.7,,
"UK518","Derby","T_T_SH_NAT","Share of population  in metropolitan area over the national value","2012","2012","RATIO","Ratio","0","Units",,,0.7,,
"UK518","Derby","T_T_SH_NAT","Share of population  in metropolitan area over the national value","2013","2013","RATIO","Ratio","0","Units",,,0.7,,
"UK518","Derby","T_T_SH_NAT","Share of population  in metropolitan area over the national value","2014","2014","RATIO","Ratio","0","Units",,,0.7,,
"UK518","Derby","T_T_SH_NAT","Share of population  in metropolitan area over the national value","2015","2015","RATIO","Ratio","0","Units",,,0.7,,
"UK518","Derby","T_T_SH_NAT","Share of population  in metropolitan area over the national value","2016","2016","RATIO","Ratio","0","Units",,,0.7,,
"UK009","Cardiff","T_T","Population, All ages. Administrative data","2001","2001","PER","Persons","0","Units",,,711544,,
"UK009","Cardiff","T_T","Population, All ages. Administrative data","2002","2002","PER","Persons","0","Units",,,714592,,
"UK009","Cardiff","T_T","Population, All ages. Administrative data","2003","2003","PER","Persons","0","Units",,,716970,,
"UK009","Cardiff","T_T","Population, All ages. Administrative data","2004","2004","PER","Persons","0","Units",,,723431,,
"UK009","Cardiff","T_T","Population, All ages. Administrative data","2005","2005","PER","Persons","0","Units",,,727848,,
"UK009","Cardiff","T_T","Population, All ages. Administrative data","2006","2006","PER","Persons","0","Units",,,732000,,
"UK009","Cardiff","T_T","Population, All ages. Administrative data","2007","2007","PER","Persons","0","Units",,,737654,,
"UK009","Cardiff","T_T","Population, All ages. Administrative data","2008","2008","PER","Persons","0","Units",,,743773,,
"UK009","Cardiff","T_T","Population, All ages. Administrative data","2009","2009","PER","Persons","0","Units",,,749558,,
"UK009","Cardiff","T_T","Population, All ages. Administrative data","2010","2010","PER","Persons","0","Units",,,753962,,
"UK009","Cardiff","T_T","Population, All ages. Administrative data","2011","2011","PER","Persons","0","Units",,,758597,,
"UK009","Cardiff","T_T","Population, All ages. Administrative data","2012","2012","PER","Persons","0","Units",,,763350,,
"UK009","Cardiff","T_T","Population, All ages. Administrative data","2013","2013","PER","Persons","0","Units",,,767542,,
"UK009","Cardiff","T_T","Population, All ages. Administrative data","2014","2014","PER","Persons","0","Units",,,771633,,
"UK009","Cardiff","T_T","Population, All ages. Administrative data","2015","2015","PER","Persons","0","Units",,,775042,,
"UK009","Cardiff","T_T","Population, All ages. Administrative data","2016","2016","PER","Persons","0","Units",,,779800,,
"AUS10","Wollongong","POP_DEN","Population density (pop. per km2)","2001","2001","PER","Persons","0","Units",,,603,,
"AUS10","Wollongong","POP_DEN","Population density (pop. per km2)","2002","2002","PER","Persons","0","Units",,,609,,
"AUS10","Wollongong","POP_DEN","Population density (pop. per km2)","2003","2003","PER","Persons","0","Units",,,612,,
"AUS10","Wollongong","POP_DEN","Population density (pop. per km2)","2004","2004","PER","Persons","0","Units",,,613,,
"AUS10","Wollongong","POP_DEN","Population density (pop. per km2)","2005","2005","PER","Persons","0","Units",,,615,,
"AUS10","Wollongong","POP_DEN","Population density (pop. per km2)","2006","2006","PER","Persons","0","Units",,,616,,
"AUS10","Wollongong","POP_DEN","Population density (pop. per km2)","2007","2007","PER","Persons","0","Units",,,622,,
"AUS10","Wollongong","POP_DEN","Population density (pop. per km2)","2008","2008","PER","Persons","0","Units",,,630,,
"AUS10","Wollongong","POP_DEN","Population density (pop. per km2)","2009","2009","PER","Persons","0","Units",,,639,,
"AUS10","Wollongong","POP_DEN","Population density (pop. per km2)","2010","2010","PER","Persons","0","Units",,,647,,
"AUS10","Wollongong","POP_DEN","Population density (pop. per km2)","2011","2011","PER","Persons","0","Units",,,652,,
"AUS10","Wollongong","POP_DEN","Population density (pop. per km2)","2012","2012","PER","Persons","0","Units",,,657,,
"AUS10","Wollongong","POP_DEN","Population density (pop. per km2)","2013","2013","PER","Persons","0","Units",,,663,,
"AUS10","Wollongong","POP_DEN","Population density (pop. per km2)","2014","2014","PER","Persons","0","Units",,,671,,
"AUS10","Wollongong","POP_DEN","Population density (pop. per km2)","2015","2015","PER","Persons","0","Units",,,678,,
"AUS10","Wollongong","POP_DEN","Population density (pop. per km2)","2016","2016","PER","Persons","0","Units",,,685,,
"COL10","Manizales","T_T","Population, All ages. Administrative data","2000","2000","PER","Persons","0","Units",,,432957,,
"COL10","Manizales","T_T","Population, All ages. Administrative data","2001","2001","PER","Persons","0","Units",,,433362,,
"COL10","Manizales","T_T","Population, All ages. Administrative data","2002","2002","PER","Persons","0","Units",,,433767,,
"COL10","Manizales","T_T","Population, All ages. Administrative data","2003","2003","PER","Persons","0","Units",,,434173,,
"COL10","Manizales","T_T","Population, All ages. Administrative data","2004","2004","PER","Persons","0","Units",,,434578,,
"COL10","Manizales","T_T","Population, All ages. Administrative data","2005","2005","PER","Persons","0","Units",,,434983,,
"COL10","Manizales","T_T","Population, All ages. Administrative data","2006","2006","PER","Persons","0","Units",,,435389,,
"COL10","Manizales","T_T","Population, All ages. Administrative data","2007","2007","PER","Persons","0","Units",,,435794,,
"COL10","Manizales","T_T","Population, All ages. Administrative data","2008","2008","PER","Persons","0","Units",,,436200,,
"COL10","Manizales","T_T","Population, All ages. Administrative data","2009","2009","PER","Persons","0","Units",,,436605,,
"COL10","Manizales","T_T","Population, All ages. Administrative data","2010","2010","PER","Persons","0","Units",,,437010,,
"COL10","Manizales","T_T","Population, All ages. Administrative data","2011","2011","PER","Persons","0","Units",,,437416,,
"COL10","Manizales","T_T","Population, All ages. Administrative data","2012","2012","PER","Persons","0","Units",,,437821,,
"COL10","Manizales","T_T","Population, All ages. Administrative data","2013","2013","PER","Persons","0","Units",,,438226,,
"COL10","Manizales","T_T","Population, All ages. Administrative data","2014","2014","PER","Persons","0","Units",,,438632,,
"COL10","Manizales","T_T","Population, All ages. Administrative data","2015","2015","PER","Persons","0","Units",,,439037,,
"ES010","Palma de Mallorca","T_T_SH_NAT","Share of population  in metropolitan area over the national value","2001","2001","RATIO","Ratio","0","Units",,,1.3,,
"ES010","Palma de Mallorca","T_T_SH_NAT","Share of population  in metropolitan area over the national value","2002","2002","RATIO","Ratio","0","Units",,,1.3,,
"ES010","Palma de Mallorca","T_T_SH_NAT","Share of population  in metropolitan area over the national value","2003","2003","RATIO","Ratio","0","Units",,,1.3,,
"ES010","Palma de Mallorca","T_T_SH_NAT","Share of population  in metropolitan area over the national value","2004","2004","RATIO","Ratio","0","Units",,,1.3,,
"ES010","Palma de Mallorca","T_T_SH_NAT","Share of population  in metropolitan area over the national value","2005","2005","RATIO","Ratio","0","Units",,,1.3,,
"ES010","Palma de Mallorca","T_T_SH_NAT","Share of population  in metropolitan area over the national value","2006","2006","RATIO","Ratio","0","Units",,,1.3,,
"ES010","Palma de Mallorca","T_T_SH_NAT","Share of population  in metropolitan area over the national value","2007","2007","RATIO","Ratio","0","Units",,,1.3,,
"ES010","Palma de Mallorca","T_T_SH_NAT","Share of population  in metropolitan area over the national value","2008","2008","RATIO","Ratio","0","Units",,,1.3,,
"ES010","Palma de Mallorca","T_T_SH_NAT","Share of population  in metropolitan area over the national value","2009","2009","RATIO","Ratio","0","Units",,,1.3,,
"ES010","Palma de Mallorca","T_T_SH_NAT","Share of population  in metropolitan area over the national value","2010","2010","RATIO","Ratio","0","Units",,,1.3,,
"ES010","Palma de Mallorca","T_T_SH_NAT","Share of population  in metropolitan area over the national value","2011","2011","RATIO","Ratio","0","Units",,,1.3,,
"ES010","Palma de Mallorca","T_T_SH_NAT","Share of population  in metropolitan area over the national value","2012","2012","RATIO","Ratio","0","Units",,,1.4,,
"ES010","Palma de Mallorca","T_T_SH_NAT","Share of population  in metropolitan area over the national value","2013","2013","RATIO","Ratio","0","Units",,,1.4,,
"ES010","Palma de Mallorca","T_T_SH_NAT","Share of population  in metropolitan area over the national value","2014","2014","RATIO","Ratio","0","Units",,,1.4,,
"ES010","Palma de Mallorca","T_T_SH_NAT","Share of population  in metropolitan area over the national value","2015","2015","RATIO","Ratio","0","Units",,,1.4,,
"ES010","Palma de Mallorca","T_T_SH_NAT","Share of population  in metropolitan area over the national value","2016","2016","RATIO","Ratio","0","Units",,,1.4,,
"FR022","Clermont-Ferrand","POP_DEN","Population density (pop. per km2)","2000","2000","PER","Persons","0","Units",,,166,,
"FR022","Clermont-Ferrand","POP_DEN","Population density (pop. per km2)","2001","2001","PER","Persons","0","Units",,,167,,
"FR022","Clermont-Ferrand","POP_DEN","Population density (pop. per km2)","2002","2002","PER","Persons","0","Units",,,168,,
"FR022","Clermont-Ferrand","POP_DEN","Population density (pop. per km2)","2003","2003","PER","Persons","0","Units",,,169,,
"FR022","Clermont-Ferrand","POP_DEN","Population density (pop. per km2)","2004","2004","PER","Persons","0","Units",,,170,,
"FR022","Clermont-Ferrand","POP_DEN","Population density (pop. per km2)","2005","2005","PER","Persons","0","Units",,,171,,
"FR022","Clermont-Ferrand","POP_DEN","Population density (pop. per km2)","2006","2006","PER","Persons","0","Units",,,171,,
"FR022","Clermont-Ferrand","POP_DEN","Population density (pop. per km2)","2007","2007","PER","Persons","0","Units",,,172,,
"FR022","Clermont-Ferrand","POP_DEN","Population density (pop. per km2)","2008","2008","PER","Persons","0","Units",,,173,,
"FR022","Clermont-Ferrand","POP_DEN","Population density (pop. per km2)","2009","2009","PER","Persons","0","Units",,,174,,
"FR022","Clermont-Ferrand","POP_DEN","Population density (pop. per km2)","2010","2010","PER","Persons","0","Units",,,176,,
"FR022","Clermont-Ferrand","POP_DEN","Population density (pop. per km2)","2011","2011","PER","Persons","0","Units",,,177,,
"FR022","Clermont-Ferrand","POP_DEN","Population density (pop. per km2)","2012","2012","PER","Persons","0","Units",,,178,,
"FR022","Clermont-Ferrand","POP_DEN","Population density (pop. per km2)","2013","2013","PER","Persons","0","Units",,,179,,
"FR022","Clermont-Ferrand","POP_DEN","Population density (pop. per km2)","2014","2014","PER","Persons","0","Units",,,180,,
"FR022","Clermont-Ferrand","POP_DEN","Population density (pop. per km2)","2015","2015","PER","Persons","0","Units",,,179,,
"USA140","Boulder","T_T","Population, All ages. Administrative data","2000","2000","PER","Persons","0","Units",,,271574,,
"USA140","Boulder","T_T","Population, All ages. Administrative data","2001","2001","PER","Persons","0","Units",,,277597,,
"USA140","Boulder","T_T","Population, All ages. Administrative data","2002","2002","PER","Persons","0","Units",,,279468,,
"USA140","Boulder","T_T","Population, All ages. Administrative data","2003","2003","PER","Persons","0","Units",,,278768,,
"USA140","Boulder","T_T","Population, All ages. Administrative data","2004","2004","PER","Persons","0","Units",,,279728,,
"USA140","Boulder","T_T","Population, All ages. Administrative data","2005","2005","PER","Persons","0","Units",,,280241,,
"USA140","Boulder","T_T","Population, All ages. Administrative data","2006","2006","PER","Persons","0","Units",,,284243,,
"USA140","Boulder","T_T","Population, All ages. Administrative data","2007","2007","PER","Persons","0","Units",,,287428,,
"USA140","Boulder","T_T","Population, All ages. Administrative data","2008","2008","PER","Persons","0","Units",,,290859,,
"USA140","Boulder","T_T","Population, All ages. Administrative data","2009","2009","PER","Persons","0","Units",,,293190,,
"USA140","Boulder","T_T","Population, All ages. Administrative data","2010","2010","PER","Persons","0","Units",,,295930,,
"USA140","Boulder","T_T","Population, All ages. Administrative data","2011","2011","PER","Persons","0","Units",,,300518,,
"USA140","Boulder","T_T","Population, All ages. Administrative data","2012","2012","PER","Persons","0","Units",,,305028,,
"USA140","Boulder","T_T","Population, All ages. Administrative data","2013","2013","PER","Persons","0","Units",,,309749,,
"USA140","Boulder","T_T","Population, All ages. Administrative data","2014","2014","PER","Persons","0","Units",,,312505,,
"USA140","Boulder","T_T","Population, All ages. Administrative data","2015","2015","PER","Persons","0","Units",,,317968,,
"USA140","Boulder","T_T","Population, All ages. Administrative data","2016","2016","PER","Persons","0","Units",,,321173,,
"USA53","Providence","POP_DEN","Population density (pop. per km2)","2000","2000","PER","Persons","0","Units",,,374,,
"USA53","Providence","POP_DEN","Population density (pop. per km2)","2001","2001","PER","Persons","0","Units",,,377,,
"USA53","Providence","POP_DEN","Population density (pop. per km2)","2002","2002","PER","Persons","0","Units",,,380,,
"USA53","Providence","POP_DEN","Population density (pop. per km2)","2003","2003","PER","Persons","0","Units",,,382,,
"USA53","Providence","POP_DEN","Population density (pop. per km2)","2004","2004","PER","Persons","0","Units",,,383,,
"USA53","Providence","POP_DEN","Population density (pop. per km2)","2005","2005","PER","Persons","0","Units",,,382,,
"USA53","Providence","POP_DEN","Population density (pop. per km2)","2006","2006","PER","Persons","0","Units",,,379,,
"USA53","Providence","POP_DEN","Population density (pop. per km2)","2007","2007","PER","Persons","0","Units",,,378,,
"USA53","Providence","POP_DEN","Population density (pop. per km2)","2008","2008","PER","Persons","0","Units",,,377,,
"USA53","Providence","POP_DEN","Population density (pop. per km2)","2009","2009","PER","Persons","0","Units",,,376,,
"USA53","Providence","POP_DEN","Population density (pop. per km2)","2010","2010","PER","Persons","0","Units",,,376,,
"USA53","Providence","POP_DEN","Population density (pop. per km2)","2011","2011","PER","Persons","0","Units",,,376,,
"USA53","Providence","POP_DEN","Population density (pop. per km2)","2012","2012","PER","Persons","0","Units",,,376,,
"USA53","Providence","POP_DEN","Population density (pop. per km2)","2013","2013","PER","Persons","0","Units",,,376,,
"USA53","Providence","POP_DEN","Population density (pop. per km2)","2014","2014","PER","Persons","0","Units",,,377,,
"USA53","Providence","POP_DEN","Population density (pop. per km2)","2015","2015","PER","Persons","0","Units",,,377,,
"USA53","Providence","POP_DEN","Population density (pop. per km2)","2016","2016","PER","Persons","0","Units",,,378,,
"USA90","Volusia-Daytona Beach","T_T_SH_NAT","Share of population  in metropolitan area over the national value","2001","2001","RATIO","Ratio","0","Units",,,0.2,,
"USA90","Volusia-Daytona Beach","T_T_SH_NAT","Share of population  in metropolitan area over the national value","2002","2002","RATIO","Ratio","0","Units",,,0.2,,
"USA90","Volusia-Daytona Beach","T_T_SH_NAT","Share of population  in metropolitan area over the national value","2003","2003","RATIO","Ratio","0","Units",,,0.2,,
"USA90","Volusia-Daytona Beach","T_T_SH_NAT","Share of population  in metropolitan area over the national value","2004","2004","RATIO","Ratio","0","Units",,,0.2,,
"USA90","Volusia-Daytona Beach","T_T_SH_NAT","Share of population  in metropolitan area over the national value","2005","2005","RATIO","Ratio","0","Units",,,0.2,,
"USA90","Volusia-Daytona Beach","T_T_SH_NAT","Share of population  in metropolitan area over the national value","2006","2006","RATIO","Ratio","0","Units",,,0.2,,
"USA90","Volusia-Daytona Beach","T_T_SH_NAT","Share of population  in metropolitan area over the national value","2007","2007","RATIO","Ratio","0","Units",,,0.2,,
"USA90","Volusia-Daytona Beach","T_T_SH_NAT","Share of population  in metropolitan area over the national value","2008","2008","RATIO","Ratio","0","Units",,,0.2,,
"USA90","Volusia-Daytona Beach","T_T_SH_NAT","Share of population  in metropolitan area over the national value","2009","2009","RATIO","Ratio","0","Units",,,0.2,,
"USA90","Volusia-Daytona Beach","T_T_SH_NAT","Share of population  in metropolitan area over the national value","2010","2010","RATIO","Ratio","0","Units",,,0.2,,
"USA90","Volusia-Daytona Beach","T_T_SH_NAT","Share of population  in metropolitan area over the national value","2011","2011","RATIO","Ratio","0","Units",,,0.2,,
"USA90","Volusia-Daytona Beach","T_T_SH_NAT","Share of population  in metropolitan area over the national value","2012","2012","RATIO","Ratio","0","Units",,,0.2,,
"USA90","Volusia-Daytona Beach","T_T_SH_NAT","Share of population  in metropolitan area over the national value","2013","2013","RATIO","Ratio","0","Units",,,0.2,,
"USA90","Volusia-Daytona Beach","T_T_SH_NAT","Share of population  in metropolitan area over the national value","2014","2014","RATIO","Ratio","0","Units",,,0.2,,
"USA90","Volusia-Daytona Beach","T_T_SH_NAT","Share of population  in metropolitan area over the national value","2015","2015","RATIO","Ratio","0","Units",,,0.2,,
"USA90","Volusia-Daytona Beach","T_T_SH_NAT","Share of population  in metropolitan area over the national value","2016","2016","RATIO","Ratio","0","Units",,,0.2,,
"NL002","Amsterdam","POP_DEN","Population density (pop. per km2)","2000","2000","PER","Persons","0","Units",,,747,,
"NL002","Amsterdam","POP_DEN","Population density (pop. per km2)","2001","2001","PER","Persons","0","Units",,,736,,
"NL002","Amsterdam","POP_DEN","Population density (pop. per km2)","2002","2002","PER","Persons","0","Units",,,725,,
"NL002","Amsterdam","POP_DEN","Population density (pop. per km2)","2003","2003","PER","Persons","0","Units",,,714,,
"NL002","Amsterdam","POP_DEN","Population density (pop. per km2)","2004","2004","PER","Persons","0","Units",,,703,,
"NL002","Amsterdam","POP_DEN","Population density (pop. per km2)","2005","2005","PER","Persons","0","Units",,,708,,
"NL002","Amsterdam","POP_DEN","Population density (pop. per km2)","2006","2006","PER","Persons","0","Units",,,713,,
"NL002","Amsterdam","POP_DEN","Population density (pop. per km2)","2007","2007","PER","Persons","0","Units",,,725,,
"NL002","Amsterdam","POP_DEN","Population density (pop. per km2)","2008","2008","PER","Persons","0","Units",,,737,,
"NL002","Amsterdam","POP_DEN","Population density (pop. per km2)","2009","2009","PER","Persons","0","Units",,,753,,
"NL002","Amsterdam","POP_DEN","Population density (pop. per km2)","2010","2010","PER","Persons","0","Units",,,760,,
"NL002","Amsterdam","POP_DEN","Population density (pop. per km2)","2011","2011","PER","Persons","0","Units",,,775,,
"NL002","Amsterdam","POP_DEN","Population density (pop. per km2)","2012","2012","PER","Persons","0","Units",,,795,,
"NL002","Amsterdam","POP_DEN","Population density (pop. per km2)","2013","2013","PER","Persons","0","Units",,,800,,
"NL002","Amsterdam","POP_DEN","Population density (pop. per km2)","2014","2014","PER","Persons","0","Units",,,805,,
"NL002","Amsterdam","POP_DEN","Population density (pop. per km2)","2015","2015","PER","Persons","0","Units",,,812,,
"NL002","Amsterdam","POP_DEN","Population density (pop. per km2)","2016","2016","PER","Persons","0","Units",,,821,,
"MEX35","Matamoros","T_T_SH_NAT","Share of population  in metropolitan area over the national value","2005","2005","RATIO","Ratio","0","Units",,,0.4,,
"MEX35","Matamoros","T_T_SH_NAT","Share of population  in metropolitan area over the national value","2010","2010","RATIO","Ratio","0","Units",,,0.4,,
"MEX35","Matamoros","T_T_SH_NAT","Share of population  in metropolitan area over the national value","2015","2015","RATIO","Ratio","0","Units",,,0.4,,
"NO002","Bergen","T_T","Population, All ages. Administrative data","2000","2000","PER","Persons","0","Units",,,332201,,
"NO002","Bergen","T_T","Population, All ages. Administrative data","2001","2001","PER","Persons","0","Units",,,334902,,
"NO002","Bergen","T_T","Population, All ages. Administrative data","2002","2002","PER","Persons","0","Units",,,338611,,
"NO002","Bergen","T_T","Population, All ages. Administrative data","2003","2003","PER","Persons","0","Units",,,342258,,
"NO002","Bergen","T_T","Population, All ages. Administrative data","2004","2004","PER","Persons","0","Units",,,345805,,
"NO002","Bergen","T_T","Population, All ages. Administrative data","2005","2005","PER","Persons","0","Units",,,349171,,
"NO002","Bergen","T_T","Population, All ages. Administrative data","2006","2006","PER","Persons","0","Units",,,353717,,
"NO002","Bergen","T_T","Population, All ages. Administrative data","2007","2007","PER","Persons","0","Units",,,357998,,
"NO002","Bergen","T_T","Population, All ages. Administrative data","2008","2008","PER","Persons","0","Units",,,363616,,
"NO002","Bergen","T_T","Population, All ages. Administrative data","2009","2009","PER","Persons","0","Units",,,370096,,
"NO002","Bergen","T_T","Population, All ages. Administrative data","2010","2010","PER","Persons","0","Units",,,376652,,
"NO002","Bergen","T_T","Population, All ages. Administrative data","2011","2011","PER","Persons","0","Units",,,382877,,
"NO002","Bergen","T_T","Population, All ages. Administrative data","2012","2012","PER","Persons","0","Units",,,388565,,
"NO002","Bergen","T_T","Population, All ages. Administrative data","2013","2013","PER","Persons","0","Units",,,395338,,
"NO002","Bergen","T_T","Population, All ages. Administrative data","2014","2014","PER","Persons","0","Units",,,401840,,
"NO002","Bergen","T_T","Population, All ages. Administrative data","2015","2015","PER","Persons","0","Units",,,407206,,
"NO002","Bergen","T_T","Population, All ages. Administrative data","2016","2016","PER","Persons","0","Units",,,411965,,
"USA102","Tulare","POP_DEN","Population density (pop. per km2)","2000","2000","PER","Persons","0","Units",,,29,,
"USA102","Tulare","POP_DEN","Population density (pop. per km2)","2001","2001","PER","Persons","0","Units",,,30,,
"USA102","Tulare","POP_DEN","Population density (pop. per km2)","2002","2002","PER","Persons","0","Units",,,30,,
"USA102","Tulare","POP_DEN","Population density (pop. per km2)","2003","2003","PER","Persons","0","Units",,,31,,
"USA102","Tulare","POP_DEN","Population density (pop. per km2)","2004","2004","PER","Persons","0","Units",,,32,,
"USA102","Tulare","POP_DEN","Population density (pop. per km2)","2005","2005","PER","Persons","0","Units",,,32,,
"USA102","Tulare","POP_DEN","Population density (pop. per km2)","2006","2006","PER","Persons","0","Units",,,33,,
"USA102","Tulare","POP_DEN","Population density (pop. per km2)","2007","2007","PER","Persons","0","Units",,,34,,
"USA102","Tulare","POP_DEN","Population density (pop. per km2)","2008","2008","PER","Persons","0","Units",,,34,,
"USA102","Tulare","POP_DEN","Population density (pop. per km2)","2009","2009","PER","Persons","0","Units",,,35,,
"USA102","Tulare","POP_DEN","Population density (pop. per km2)","2010","2010","PER","Persons","0","Units",,,35,,
"USA102","Tulare","POP_DEN","Population density (pop. per km2)","2011","2011","PER","Persons","0","Units",,,36,,
"USA102","Tulare","POP_DEN","Population density (pop. per km2)","2012","2012","PER","Persons","0","Units",,,36,,
"USA102","Tulare","POP_DEN","Population density (pop. per km2)","2013","2013","PER","Persons","0","Units",,,36,,
"USA102","Tulare","POP_DEN","Population density (pop. per km2)","2014","2014","PER","Persons","0","Units",,,36,,
"USA102","Tulare","POP_DEN","Population density (pop. per km2)","2015","2015","PER","Persons","0","Units",,,37,,
"USA102","Tulare","POP_DEN","Population density (pop. per km2)","2016","2016","PER","Persons","0","Units",,,37,,
"CAN02","Montreal","T_T","Population, All ages. Administrative data","2000","2000","PER","Persons","0","Units",,,3775368,,
"CAN02","Montreal","T_T","Population, All ages. Administrative data","2001","2001","PER","Persons","0","Units",,,3811879,,
"CAN02","Montreal","T_T","Population, All ages. Administrative data","2002","2002","PER","Persons","0","Units",,,3852191,,
"CAN02","Montreal","T_T","Population, All ages. Administrative data","2003","2003","PER","Persons","0","Units",,,3885328,,
"CAN02","Montreal","T_T","Population, All ages. Administrative data","2004","2004","PER","Persons","0","Units",,,3918233,,
"CAN02","Montreal","T_T","Population, All ages. Administrative data","2005","2005","PER","Persons","0","Units",,,3949233,,
"CAN02","Montreal","T_T","Population, All ages. Administrative data","2006","2006","PER","Persons","0","Units",,,3982657,,
"CAN02","Montreal","T_T","Population, All ages. Administrative data","2007","2007","PER","Persons","0","Units",,,4017598,,
"CAN02","Montreal","T_T","Population, All ages. Administrative data","2008","2008","PER","Persons","0","Units",,,4057556,,
"CAN02","Montreal","T_T","Population, All ages. Administrative data","2009","2009","PER","Persons","0","Units",,,4107888,,
"CAN02","Montreal","T_T","Population, All ages. Administrative data","2010","2010","PER","Persons","0","Units",,,4146066,,
"CAN02","Montreal","T_T","Population, All ages. Administrative data","2011","2011","PER","Persons","0","Units",,,4184245,,
"CAN02","Montreal","T_T","Population, All ages. Administrative data","2012","2012","PER","Persons","0","Units",,,4219809,,
"CAN02","Montreal","T_T","Population, All ages. Administrative data","2013","2013","PER","Persons","0","Units",,,4255373,,
"CAN02","Montreal","T_T","Population, All ages. Administrative data","2014","2014","PER","Persons","0","Units",,,4290937,,
"CAN02","Montreal","T_T","Population, All ages. Administrative data","2015","2015","PER","Persons","0","Units",,,4326501,,
"CAN02","Montreal","T_T","Population, All ages. Administrative data","2016","2016","PER","Persons","0","Units",,,4362065,,
"UK553","Blackpool","T_T_SH_NAT","Share of population  in metropolitan area over the national value","2001","2001","RATIO","Ratio","0","Units",,,0.5,,
"UK553","Blackpool","T_T_SH_NAT","Share of population  in metropolitan area over the national value","2002","2002","RATIO","Ratio","0","Units",,,0.5,,
"UK553","Blackpool","T_T_SH_NAT","Share of population  in metropolitan area over the national value","2003","2003","RATIO","Ratio","0","Units",,,0.5,,
"UK553","Blackpool","T_T_SH_NAT","Share of population  in metropolitan area over the national value","2004","2004","RATIO","Ratio","0","Units",,,0.5,,
"UK553","Blackpool","T_T_SH_NAT","Share of population  in metropolitan area over the national value","2005","2005","RATIO","Ratio","0","Units",,,0.5,,
"UK553","Blackpool","T_T_SH_NAT","Share of population  in metropolitan area over the national value","2006","2006","RATIO","Ratio","0","Units",,,0.5,,
"UK553","Blackpool","T_T_SH_NAT","Share of population  in metropolitan area over the national value","2007","2007","RATIO","Ratio","0","Units",,,0.5,,
"UK553","Blackpool","T_T_SH_NAT","Share of population  in metropolitan area over the national value","2008","2008","RATIO","Ratio","0","Units",,,0.5,,
"UK553","Blackpool","T_T_SH_NAT","Share of population  in metropolitan area over the national value","2009","2009","RATIO","Ratio","0","Units",,,0.5,,
"UK553","Blackpool","T_T_SH_NAT","Share of population  in metropolitan area over the national value","2010","2010","RATIO","Ratio","0","Units",,,0.5,,
"UK553","Blackpool","T_T_SH_NAT","Share of population  in metropolitan area over the national value","2011","2011","RATIO","Ratio","0","Units",,,0.5,,
"UK553","Blackpool","T_T_SH_NAT","Share of population  in metropolitan area over the national value","2012","2012","RATIO","Ratio","0","Units",,,0.5,,
"UK553","Blackpool","T_T_SH_NAT","Share of population  in metropolitan area over the national value","2013","2013","RATIO","Ratio","0","Units",,,0.5,,
"UK553","Blackpool","T_T_SH_NAT","Share of population  in metropolitan area over the national value","2014","2014","RATIO","Ratio","0","Units",,,0.5,,
"UK553","Blackpool","T_T_SH_NAT","Share of population  in metropolitan area over the national value","2015","2015","RATIO","Ratio","0","Units",,,0.5,,
"UK553","Blackpool","T_T_SH_NAT","Share of population  in metropolitan area over the national value","2016","2016","RATIO","Ratio","0","Units",,,0.5,,
"FR014","Amiens","POP_DEN","Population density (pop. per km2)","2000","2000","PER","Persons","0","Units",,,123,,
"FR014","Amiens","POP_DEN","Population density (pop. per km2)","2001","2001","PER","Persons","0","Units",,,123,,
"FR014","Amiens","POP_DEN","Population density (pop. per km2)","2002","2002","PER","Persons","0","Units",,,124,,
"FR014","Amiens","POP_DEN","Population density (pop. per km2)","2003","2003","PER","Persons","0","Units",,,124,,
"FR014","Amiens","POP_DEN","Population density (pop. per km2)","2004","2004","PER","Persons","0","Units",,,124,,
"FR014","Amiens","POP_DEN","Population density (pop. per km2)","2005","2005","PER","Persons","0","Units",,,124,,
"FR014","Amiens","POP_DEN","Population density (pop. per km2)","2006","2006","PER","Persons","0","Units",,,125,,
"FR014","Amiens","POP_DEN","Population density (pop. per km2)","2007","2007","PER","Persons","0","Units",,,125,,
"FR014","Amiens","POP_DEN","Population density (pop. per km2)","2008","2008","PER","Persons","0","Units",,,125,,
"FR014","Amiens","POP_DEN","Population density (pop. per km2)","2009","2009","PER","Persons","0","Units",,,126,,
"FR014","Amiens","POP_DEN","Population density (pop. per km2)","2010","2010","PER","Persons","0","Units",,,126,,
"FR014","Amiens","POP_DEN","Population density (pop. per km2)","2011","2011","PER","Persons","0","Units",,,126,,
"FR014","Amiens","POP_DEN","Population density (pop. per km2)","2012","2012","PER","Persons","0","Units",,,126,,
"FR014","Amiens","POP_DEN","Population density (pop. per km2)","2013","2013","PER","Persons","0","Units",,,126,,
"FR014","Amiens","POP_DEN","Population density (pop. per km2)","2014","2014","PER","Persons","0","Units",,,127,,
"FR014","Amiens","POP_DEN","Population density (pop. per km2)","2015","2015","PER","Persons","0","Units",,,126,,
"USA57","Kern","T_T","Population, All ages. Administrative data","2000","2000","PER","Persons","0","Units",,,663803,,
"USA57","Kern","T_T","Population, All ages. Administrative data","2001","2001","PER","Persons","0","Units",,,676574,,
"USA57","Kern","T_T","Population, All ages. Administrative data","2002","2002","PER","Persons","0","Units",,,694059,,
"USA57","Kern","T_T","Population, All ages. Administrative data","2003","2003","PER","Persons","0","Units",,,714272,,
"USA57","Kern","T_T","Population, All ages. Administrative data","2004","2004","PER","Persons","0","Units",,,736296,,
"USA57","Kern","T_T","Population, All ages. Administrative data","2005","2005","PER","Persons","0","Units",,,760726,,
"USA57","Kern","T_T","Population, All ages. Administrative data","2006","2006","PER","Persons","0","Units",,,784511,,
"USA57","Kern","T_T","Population, All ages. Administrative data","2007","2007","PER","Persons","0","Units",,,803281,,
"USA57","Kern","T_T","Population, All ages. Administrative data","2008","2008","PER","Persons","0","Units",,,818327,,
"USA57","Kern","T_T","Population, All ages. Administrative data","2009","2009","PER","Persons","0","Units",,,830137,,
"USA57","Kern","T_T","Population, All ages. Administrative data","2010","2010","PER","Persons","0","Units",,,841116,,
"USA57","Kern","T_T","Population, All ages. Administrative data","2011","2011","PER","Persons","0","Units",,,848767,,
"USA57","Kern","T_T","Population, All ages. Administrative data","2012","2012","PER","Persons","0","Units",,,855237,,
"USA57","Kern","T_T","Population, All ages. Administrative data","2013","2013","PER","Persons","0","Units",,,864014,,
"USA57","Kern","T_T","Population, All ages. Administrative data","2014","2014","PER","Persons","0","Units",,,871895,,
"USA57","Kern","T_T","Population, All ages. Administrative data","2015","2015","PER","Persons","0","Units",,,879607,,
"USA57","Kern","T_T","Population, All ages. Administrative data","2016","2016","PER","Persons","0","Units",,,885086,,
"JPN15","Niigata","T_T_SH_NAT","Share of population  in metropolitan area over the national value","2001","2001","RATIO","Ratio","0","Units",,,0.6,,
"JPN15","Niigata","T_T_SH_NAT","Share of population  in metropolitan area over the national value","2002","2002","RATIO","Ratio","0","Units",,,0.6,,
"JPN15","Niigata","T_T_SH_NAT","Share of population  in metropolitan area over the national value","2003","2003","RATIO","Ratio","0","Units",,,0.6,,
"JPN15","Niigata","T_T_SH_NAT","Share of population  in metropolitan area over the national value","2004","2004","RATIO","Ratio","0","Units",,,0.6,,
"JPN15","Niigata","T_T_SH_NAT","Share of population  in metropolitan area over the national value","2005","2005","RATIO","Ratio","0","Units",,,0.6,,
"JPN15","Niigata","T_T_SH_NAT","Share of population  in metropolitan area over the national value","2006","2006","RATIO","Ratio","0","Units",,,0.6,,
"JPN15","Niigata","T_T_SH_NAT","Share of population  in metropolitan area over the national value","2007","2007","RATIO","Ratio","0","Units",,,0.6,,
"JPN15","Niigata","T_T_SH_NAT","Share of population  in metropolitan area over the national value","2008","2008","RATIO","Ratio","0","Units",,,0.6,,
"JPN15","Niigata","T_T_SH_NAT","Share of population  in metropolitan area over the national value","2009","2009","RATIO","Ratio","0","Units",,,0.6,,
"JPN15","Niigata","T_T_SH_NAT","Share of population  in metropolitan area over the national value","2010","2010","RATIO","Ratio","0","Units",,,0.6,,
"JPN15","Niigata","T_T_SH_NAT","Share of population  in metropolitan area over the national value","2011","2011","RATIO","Ratio","0","Units",,,0.6,,
"JPN15","Niigata","T_T_SH_NAT","Share of population  in metropolitan area over the national value","2012","2012","RATIO","Ratio","0","Units",,,0.6,,
"JPN15","Niigata","T_T_SH_NAT","Share of population  in metropolitan area over the national value","2013","2013","RATIO","Ratio","0","Units",,,0.6,,
"JPN15","Niigata","T_T_SH_NAT","Share of population  in metropolitan area over the national value","2014","2014","RATIO","Ratio","0","Units",,,0.6,,
"JPN15","Niigata","T_T_SH_NAT","Share of population  in metropolitan area over the national value","2015","2015","RATIO","Ratio","0","Units",,,0.6,,
"MEX19","Veracruz","T_T_SH_NAT","Share of population  in metropolitan area over the national value","2005","2005","RATIO","Ratio","0","Units",,,0.7,,
"MEX19","Veracruz","T_T_SH_NAT","Share of population  in metropolitan area over the national value","2010","2010","RATIO","Ratio","0","Units",,,0.7,,
"MEX19","Veracruz","T_T_SH_NAT","Share of population  in metropolitan area over the national value","2015","2015","RATIO","Ratio","0","Units",,,0.8,,
"ES005","Saragossa","T_T","Population, All ages. Administrative data","2000","2000","PER","Persons","0","Units",,,648282,,
"ES005","Saragossa","T_T","Population, All ages. Administrative data","2001","2001","PER","Persons","0","Units",,,654635,,
"ES005","Saragossa","T_T","Population, All ages. Administrative data","2002","2002","PER","Persons","0","Units",,,660990,,
"ES005","Saragossa","T_T","Population, All ages. Administrative data","2003","2003","PER","Persons","0","Units",,,667343,,
"ES005","Saragossa","T_T","Population, All ages. Administrative data","2004","2004","PER","Persons","0","Units",,,673697,,
"ES005","Saragossa","T_T","Population, All ages. Administrative data","2005","2005","PER","Persons","0","Units",,,680050,,
"ES005","Saragossa","T_T","Population, All ages. Administrative data","2006","2006","PER","Persons","0","Units",,,686405,,
"ES005","Saragossa","T_T","Population, All ages. Administrative data","2007","2007","PER","Persons","0","Units",,,692758,,
"ES005","Saragossa","T_T","Population, All ages. Administrative data","2008","2008","PER","Persons","0","Units",,,699112,,
"ES005","Saragossa","T_T","Population, All ages. Administrative data","2009","2009","PER","Persons","0","Units",,,705466,,
"ES005","Saragossa","T_T","Population, All ages. Administrative data","2010","2010","PER","Persons","0","Units",,,711820,,
"ES005","Saragossa","T_T","Population, All ages. Administrative data","2011","2011","PER","Persons","0","Units",,,718173,,
"ES005","Saragossa","T_T","Population, All ages. Administrative data","2012","2012","PER","Persons","0","Units",,,724528,,
"ES005","Saragossa","T_T","Population, All ages. Administrative data","2013","2013","PER","Persons","0","Units",,,730881,,
"ES005","Saragossa","T_T","Population, All ages. Administrative data","2014","2014","PER","Persons","0","Units",,,737235,,
"ES005","Saragossa","T_T","Population, All ages. Administrative data","2015","2015","PER","Persons","0","Units",,,743588,,
"ES005","Saragossa","T_T","Population, All ages. Administrative data","2016","2016","PER","Persons","0","Units",,,749943,,
"USA06","Philadelphia (Greater)","POP_DEN","Population density (pop. per km2)","2000","2000","PER","Persons","0","Units",,,467,,
"USA06","Philadelphia (Greater)","POP_DEN","Population density (pop. per km2)","2001","2001","PER","Persons","0","Units",,,469,,
"USA06","Philadelphia (Greater)","POP_DEN","Population density (pop. per km2)","2002","2002","PER","Persons","0","Units",,,471,,
"USA06","Philadelphia (Greater)","POP_DEN","Population density (pop. per km2)","2003","2003","PER","Persons","0","Units",,,474,,
"USA06","Philadelphia (Greater)","POP_DEN","Population density (pop. per km2)","2004","2004","PER","Persons","0","Units",,,476,,
"USA06","Philadelphia (Greater)","POP_DEN","Population density (pop. per km2)","2005","2005","PER","Persons","0","Units",,,478,,
"USA06","Philadelphia (Greater)","POP_DEN","Population density (pop. per km2)","2006","2006","PER","Persons","0","Units",,,480,,
"USA06","Philadelphia (Greater)","POP_DEN","Population density (pop. per km2)","2007","2007","PER","Persons","0","Units",,,482,,
"USA06","Philadelphia (Greater)","POP_DEN","Population density (pop. per km2)","2008","2008","PER","Persons","0","Units",,,484,,
"USA06","Philadelphia (Greater)","POP_DEN","Population density (pop. per km2)","2009","2009","PER","Persons","0","Units",,,487,,
"USA06","Philadelphia (Greater)","POP_DEN","Population density (pop. per km2)","2010","2010","PER","Persons","0","Units",,,490,,
"USA06","Philadelphia (Greater)","POP_DEN","Population density (pop. per km2)","2011","2011","PER","Persons","0","Units",,,492,,
"USA06","Philadelphia (Greater)","POP_DEN","Population density (pop. per km2)","2012","2012","PER","Persons","0","Units",,,494,,
"USA06","Philadelphia (Greater)","POP_DEN","Population density (pop. per km2)","2013","2013","PER","Persons","0","Units",,,495,,
"USA06","Philadelphia (Greater)","POP_DEN","Population density (pop. per km2)","2014","2014","PER","Persons","0","Units",,,496,,
"USA06","Philadelphia (Greater)","POP_DEN","Population density (pop. per km2)","2015","2015","PER","Persons","0","Units",,,498,,
"USA06","Philadelphia (Greater)","POP_DEN","Population density (pop. per km2)","2016","2016","PER","Persons","0","Units",,,498,,
"IT511","Bergamo","T_T_SH_NAT","Share of population  in metropolitan area over the national value","2001","2001","RATIO","Ratio","0","Units",,,0.5,,
"IT511","Bergamo","T_T_SH_NAT","Share of population  in metropolitan area over the national value","2002","2002","RATIO","Ratio","0","Units",,,0.5,,
"IT511","Bergamo","T_T_SH_NAT","Share of population  in metropolitan area over the national value","2003","2003","RATIO","Ratio","0","Units",,,0.5,,
"IT511","Bergamo","T_T_SH_NAT","Share of population  in metropolitan area over the national value","2004","2004","RATIO","Ratio","0","Units",,,0.5,,
"IT511","Bergamo","T_T_SH_NAT","Share of population  in metropolitan area over the national value","2005","2005","RATIO","Ratio","0","Units",,,0.5,,
"IT511","Bergamo","T_T_SH_NAT","Share of population  in metropolitan area over the national value","2006","2006","RATIO","Ratio","0","Units",,,0.5,,
"IT511","Bergamo","T_T_SH_NAT","Share of population  in metropolitan area over the national value","2007","2007","RATIO","Ratio","0","Units",,,0.5,,
"IT511","Bergamo","T_T_SH_NAT","Share of population  in metropolitan area over the national value","2008","2008","RATIO","Ratio","0","Units",,,0.5,,
"IT511","Bergamo","T_T_SH_NAT","Share of population  in metropolitan area over the national value","2009","2009","RATIO","Ratio","0","Units",,,0.5,,
"IT511","Bergamo","T_T_SH_NAT","Share of population  in metropolitan area over the national value","2010","2010","RATIO","Ratio","0","Units",,,0.5,,
"IT511","Bergamo","T_T_SH_NAT","Share of population  in metropolitan area over the national value","2011","2011","RATIO","Ratio","0","Units",,,0.5,,
"IT511","Bergamo","T_T_SH_NAT","Share of population  in metropolitan area over the national value","2012","2012","RATIO","Ratio","0","Units",,,0.5,,
"IT511","Bergamo","T_T_SH_NAT","Share of population  in metropolitan area over the national value","2013","2013","RATIO","Ratio","0","Units",,,0.5,,
"IT511","Bergamo","T_T_SH_NAT","Share of population  in metropolitan area over the national value","2014","2014","RATIO","Ratio","0","Units",,,0.5,,
"IT511","Bergamo","T_T_SH_NAT","Share of population  in metropolitan area over the national value","2015","2015","RATIO","Ratio","0","Units",,,0.5,,
"IT511","Bergamo","T_T_SH_NAT","Share of population  in metropolitan area over the national value","2016","2016","RATIO","Ratio","0","Units",,,0.5,,
"CH004","Bern","POP_DEN","Population density (pop. per km2)","2000","2000","PER","Persons","0","Units",,,482,,
"CH004","Bern","POP_DEN","Population density (pop. per km2)","2001","2001","PER","Persons","0","Units",,,484,,
"CH004","Bern","POP_DEN","Population density (pop. per km2)","2002","2002","PER","Persons","0","Units",,,486,,
"CH004","Bern","POP_DEN","Population density (pop. per km2)","2003","2003","PER","Persons","0","Units",,,488,,
"CH004","Bern","POP_DEN","Population density (pop. per km2)","2004","2004","PER","Persons","0","Units",,,490,,
"CH004","Bern","POP_DEN","Population density (pop. per km2)","2005","2005","PER","Persons","0","Units",,,493,,
"CH004","Bern","POP_DEN","Population density (pop. per km2)","2006","2006","PER","Persons","0","Units",,,495,,
"CH004","Bern","POP_DEN","Population density (pop. per km2)","2007","2007","PER","Persons","0","Units",,,497,,
"CH004","Bern","POP_DEN","Population density (pop. per km2)","2008","2008","PER","Persons","0","Units",,,499,,
"CH004","Bern","POP_DEN","Population density (pop. per km2)","2009","2009","PER","Persons","0","Units",,,501,,
"CH004","Bern","POP_DEN","Population density (pop. per km2)","2010","2010","PER","Persons","0","Units",,,504,,
"CH004","Bern","POP_DEN","Population density (pop. per km2)","2011","2011","PER","Persons","0","Units",,,507,,
"CH004","Bern","POP_DEN","Population density (pop. per km2)","2012","2012","PER","Persons","0","Units",,,512,,
"CH004","Bern","POP_DEN","Population density (pop. per km2)","2013","2013","PER","Persons","0","Units",,,518,,
"CH004","Bern","POP_DEN","Population density (pop. per km2)","2014","2014","PER","Persons","0","Units",,,523,,
"CH004","Bern","POP_DEN","Population density (pop. per km2)","2015","2015","PER","Persons","0","Units",,,528,,
"CH004","Bern","POP_DEN","Population density (pop. per km2)","2016","2016","PER","Persons","0","Units",,,534,,
"USA115","Marion (OR)","T_T","Population, All ages. Administrative data","2000","2000","PER","Persons","0","Units",,,348007,,
"USA115","Marion (OR)","T_T","Population, All ages. Administrative data","2001","2001","PER","Persons","0","Units",,,351581,,
"USA115","Marion (OR)","T_T","Population, All ages. Administrative data","2002","2002","PER","Persons","0","Units",,,356668,,
"USA115","Marion (OR)","T_T","Population, All ages. Administrative data","2003","2003","PER","Persons","0","Units",,,360377,,
"USA115","Marion (OR)","T_T","Population, All ages. Administrative data","2004","2004","PER","Persons","0","Units",,,363708,,
"USA115","Marion (OR)","T_T","Population, All ages. Administrative data","2005","2005","PER","Persons","0","Units",,,368046,,
"USA115","Marion (OR)","T_T","Population, All ages. Administrative data","2006","2006","PER","Persons","0","Units",,,374317,,
"USA115","Marion (OR)","T_T","Population, All ages. Administrative data","2007","2007","PER","Persons","0","Units",,,379755,,
"USA115","Marion (OR)","T_T","Population, All ages. Administrative data","2008","2008","PER","Persons","0","Units",,,384075,,
"USA115","Marion (OR)","T_T","Population, All ages. Administrative data","2009","2009","PER","Persons","0","Units",,,388323,,
"USA115","Marion (OR)","T_T","Population, All ages. Administrative data","2010","2010","PER","Persons","0","Units",,,391453,,
"USA115","Marion (OR)","T_T","Population, All ages. Administrative data","2011","2011","PER","Persons","0","Units",,,393520,,
"USA115","Marion (OR)","T_T","Population, All ages. Administrative data","2012","2012","PER","Persons","0","Units",,,395782,,
"USA115","Marion (OR)","T_T","Population, All ages. Administrative data","2013","2013","PER","Persons","0","Units",,,397963,,
"USA115","Marion (OR)","T_T","Population, All ages. Administrative data","2014","2014","PER","Persons","0","Units",,,402117,,
"USA115","Marion (OR)","T_T","Population, All ages. Administrative data","2015","2015","PER","Persons","0","Units",,,408326,,
"USA115","Marion (OR)","T_T","Population, All ages. Administrative data","2016","2016","PER","Persons","0","Units",,,417208,,
"USA68","Kent","POP_DEN","Population density (pop. per km2)","2000","2000","PER","Persons","0","Units",,,155,,
"USA68","Kent","POP_DEN","Population density (pop. per km2)","2001","2001","PER","Persons","0","Units",,,156,,
"USA68","Kent","POP_DEN","Population density (pop. per km2)","2002","2002","PER","Persons","0","Units",,,157,,
"USA68","Kent","POP_DEN","Population density (pop. per km2)","2003","2003","PER","Persons","0","Units",,,158,,
"USA68","Kent","POP_DEN","Population density (pop. per km2)","2004","2004","PER","Persons","0","Units",,,158,,
"USA68","Kent","POP_DEN","Population density (pop. per km2)","2005","2005","PER","Persons","0","Units",,,159,,
"USA68","Kent","POP_DEN","Population density (pop. per km2)","2006","2006","PER","Persons","0","Units",,,160,,
"USA68","Kent","POP_DEN","Population density (pop. per km2)","2007","2007","PER","Persons","0","Units",,,160,,
"USA68","Kent","POP_DEN","Population density (pop. per km2)","2008","2008","PER","Persons","0","Units",,,161,,
"USA68","Kent","POP_DEN","Population density (pop. per km2)","2009","2009","PER","Persons","0","Units",,,161,,
"USA68","Kent","POP_DEN","Population density (pop. per km2)","2010","2010","PER","Persons","0","Units",,,161,,
"USA68","Kent","POP_DEN","Population density (pop. per km2)","2011","2011","PER","Persons","0","Units",,,163,,
"USA68","Kent","POP_DEN","Population density (pop. per km2)","2012","2012","PER","Persons","0","Units",,,164,,
"USA68","Kent","POP_DEN","Population density (pop. per km2)","2013","2013","PER","Persons","0","Units",,,166,,
"USA68","Kent","POP_DEN","Population density (pop. per km2)","2014","2014","PER","Persons","0","Units",,,168,,
"USA68","Kent","POP_DEN","Population density (pop. per km2)","2015","2015","PER","Persons","0","Units",,,169,,
"USA68","Kent","POP_DEN","Population density (pop. per km2)","2016","2016","PER","Persons","0","Units",,,171,,
"CL010","Valparaiso","POP_DEN","Population density (pop. per km2)","2000","2000","PER","Persons","0","Units",,,587,,
"CL010","Valparaiso","POP_DEN","Population density (pop. per km2)","2001","2001","PER","Persons","0","Units",,,603,,
"CL010","Valparaiso","POP_DEN","Population density (pop. per km2)","2002","2002","PER","Persons","0","Units",,,619,,
"CL010","Valparaiso","POP_DEN","Population density (pop. per km2)","2003","2003","PER","Persons","0","Units",,,626,,
"CL010","Valparaiso","POP_DEN","Population density (pop. per km2)","2004","2004","PER","Persons","0","Units",,,633,,
"CL010","Valparaiso","POP_DEN","Population density (pop. per km2)","2005","2005","PER","Persons","0","Units",,,640,,
"CL010","Valparaiso","POP_DEN","Population density (pop. per km2)","2006","2006","PER","Persons","0","Units",,,646,,
"CL010","Valparaiso","POP_DEN","Population density (pop. per km2)","2007","2007","PER","Persons","0","Units",,,653,,
"CL010","Valparaiso","POP_DEN","Population density (pop. per km2)","2008","2008","PER","Persons","0","Units",,,660,,
"CL010","Valparaiso","POP_DEN","Population density (pop. per km2)","2009","2009","PER","Persons","0","Units",,,667,,
"CL010","Valparaiso","POP_DEN","Population density (pop. per km2)","2010","2010","PER","Persons","0","Units",,,674,,
"CL010","Valparaiso","POP_DEN","Population density (pop. per km2)","2011","2011","PER","Persons","0","Units",,,681,,
"CL010","Valparaiso","POP_DEN","Population density (pop. per km2)","2012","2012","PER","Persons","0","Units",,,688,,
"CL010","Valparaiso","POP_DEN","Population density (pop. per km2)","2013","2013","PER","Persons","0","Units",,,695,,
"CL010","Valparaiso","POP_DEN","Population density (pop. per km2)","2014","2014","PER","Persons","0","Units",,,702,,
"CL010","Valparaiso","POP_DEN","Population density (pop. per km2)","2015","2015","PER","Persons","0","Units",,,709,,
"CL010","Valparaiso","POP_DEN","Population density (pop. per km2)","2016","2016","PER","Persons","0","Units",,,716,,
"USA48","Jefferson (AL)","T_T_SH_NAT","Share of population  in metropolitan area over the national value","2001","2001","RATIO","Ratio","0","Units",,,0.4,,
"USA48","Jefferson (AL)","T_T_SH_NAT","Share of population  in metropolitan area over the national value","2002","2002","RATIO","Ratio","0","Units",,,0.4,,
"USA48","Jefferson (AL)","T_T_SH_NAT","Share of population  in metropolitan area over the national value","2003","2003","RATIO","Ratio","0","Units",,,0.4,,
"USA48","Jefferson (AL)","T_T_SH_NAT","Share of population  in metropolitan area over the national value","2004","2004","RATIO","Ratio","0","Units",,,0.4,,
"USA48","Jefferson (AL)","T_T_SH_NAT","Share of population  in metropolitan area over the national value","2005","2005","RATIO","Ratio","0","Units",,,0.4,,
"USA48","Jefferson (AL)","T_T_SH_NAT","Share of population  in metropolitan area over the national value","2006","2006","RATIO","Ratio","0","Units",,,0.4,,
"USA48","Jefferson (AL)","T_T_SH_NAT","Share of population  in metropolitan area over the national value","2007","2007","RATIO","Ratio","0","Units",,,0.4,,
"USA48","Jefferson (AL)","T_T_SH_NAT","Share of population  in metropolitan area over the national value","2008","2008","RATIO","Ratio","0","Units",,,0.4,,
"USA48","Jefferson (AL)","T_T_SH_NAT","Share of population  in metropolitan area over the national value","2009","2009","RATIO","Ratio","0","Units",,,0.4,,
"USA48","Jefferson (AL)","T_T_SH_NAT","Share of population  in metropolitan area over the national value","2010","2010","RATIO","Ratio","0","Units",,,0.3,,
"USA48","Jefferson (AL)","T_T_SH_NAT","Share of population  in metropolitan area over the national value","2011","2011","RATIO","Ratio","0","Units",,,0.3,,
"USA48","Jefferson (AL)","T_T_SH_NAT","Share of population  in metropolitan area over the national value","2012","2012","RATIO","Ratio","0","Units",,,0.3,,
"USA48","Jefferson (AL)","T_T_SH_NAT","Share of population  in metropolitan area over the national value","2013","2013","RATIO","Ratio","0","Units",,,0.3,,
"USA48","Jefferson (AL)","T_T_SH_NAT","Share of population  in metropolitan area over the national value","2014","2014","RATIO","Ratio","0","Units",,,0.3,,
"USA48","Jefferson (AL)","T_T_SH_NAT","Share of population  in metropolitan area over the national value","2015","2015","RATIO","Ratio","0","Units",,,0.3,,
"USA48","Jefferson (AL)","T_T_SH_NAT","Share of population  in metropolitan area over the national value","2016","2016","RATIO","Ratio","0","Units",,,0.3,,
"BE003","Gent","T_T_SH_NAT","Share of population  in metropolitan area over the national value","2001","2001","RATIO","Ratio","0","Units",,,5.3,,
"BE003","Gent","T_T_SH_NAT","Share of population  in metropolitan area over the national value","2002","2002","RATIO","Ratio","0","Units",,,5.3,,
"BE003","Gent","T_T_SH_NAT","Share of population  in metropolitan area over the national value","2003","2003","RATIO","Ratio","0","Units",,,5.3,,
"BE003","Gent","T_T_SH_NAT","Share of population  in metropolitan area over the national value","2004","2004","RATIO","Ratio","0","Units",,,5.3,,
"BE003","Gent","T_T_SH_NAT","Share of population  in metropolitan area over the national value","2005","2005","RATIO","Ratio","0","Units",,,5.3,,
"BE003","Gent","T_T_SH_NAT","Share of population  in metropolitan area over the national value","2006","2006","RATIO","Ratio","0","Units",,,5.3,,
"BE003","Gent","T_T_SH_NAT","Share of population  in metropolitan area over the national value","2007","2007","RATIO","Ratio","0","Units",,,5.3,,
"BE003","Gent","T_T_SH_NAT","Share of population  in metropolitan area over the national value","2008","2008","RATIO","Ratio","0","Units",,,5.3,,
"BE003","Gent","T_T_SH_NAT","Share of population  in metropolitan area over the national value","2009","2009","RATIO","Ratio","0","Units",,,5.3,,
"BE003","Gent","T_T_SH_NAT","Share of population  in metropolitan area over the national value","2010","2010","RATIO","Ratio","0","Units",,,5.3,,
"BE003","Gent","T_T_SH_NAT","Share of population  in metropolitan area over the national value","2011","2011","RATIO","Ratio","0","Units",,,5.3,,
"BE003","Gent","T_T_SH_NAT","Share of population  in metropolitan area over the national value","2012","2012","RATIO","Ratio","0","Units",,,5.3,,
"BE003","Gent","T_T_SH_NAT","Share of population  in metropolitan area over the national value","2013","2013","RATIO","Ratio","0","Units",,,5.2,,
"BE003","Gent","T_T_SH_NAT","Share of population  in metropolitan area over the national value","2014","2014","RATIO","Ratio","0","Units",,,5.3,,
"BE003","Gent","T_T_SH_NAT","Share of population  in metropolitan area over the national value","2015","2015","RATIO","Ratio","0","Units",,,5.3,,
"BE003","Gent","T_T_SH_NAT","Share of population  in metropolitan area over the national value","2016","2016","RATIO","Ratio","0","Units",,,5.3,,
"ES019","Bilbao","T_T","Population, All ages. Administrative data","2000","2000","PER","Persons","0","Units",,,1016443,,
"ES019","Bilbao","T_T","Population, All ages. Administrative data","2001","2001","PER","Persons","0","Units",,,1017729,,
"ES019","Bilbao","T_T","Population, All ages. Administrative data","2002","2002","PER","Persons","0","Units",,,1019017,,
"ES019","Bilbao","T_T","Population, All ages. Administrative data","2003","2003","PER","Persons","0","Units",,,1020304,,
"ES019","Bilbao","T_T","Population, All ages. Administrative data","2004","2004","PER","Persons","0","Units",,,1021590,,
"ES019","Bilbao","T_T","Population, All ages. Administrative data","2005","2005","PER","Persons","0","Units",,,1022877,,
"ES019","Bilbao","T_T","Population, All ages. Administrative data","2006","2006","PER","Persons","0","Units",,,1024164,,
"ES019","Bilbao","T_T","Population, All ages. Administrative data","2007","2007","PER","Persons","0","Units",,,1025450,,
"ES019","Bilbao","T_T","Population, All ages. Administrative data","2008","2008","PER","Persons","0","Units",,,1026737,,
"ES019","Bilbao","T_T","Population, All ages. Administrative data","2009","2009","PER","Persons","0","Units",,,1028025,,
"ES019","Bilbao","T_T","Population, All ages. Administrative data","2010","2010","PER","Persons","0","Units",,,1029312,,
"ES019","Bilbao","T_T","Population, All ages. Administrative data","2011","2011","PER","Persons","0","Units",,,1030598,,
"ES019","Bilbao","T_T","Population, All ages. Administrative data","2012","2012","PER","Persons","0","Units",,,1031885,,
"ES019","Bilbao","T_T","Population, All ages. Administrative data","2013","2013","PER","Persons","0","Units",,,1033172,,
"ES019","Bilbao","T_T","Population, All ages. Administrative data","2014","2014","PER","Persons","0","Units",,,1034458,,
"ES019","Bilbao","T_T","Population, All ages. Administrative data","2015","2015","PER","Persons","0","Units",,,1035745,,
"ES019","Bilbao","T_T","Population, All ages. Administrative data","2016","2016","PER","Persons","0","Units",,,1037033,,
"LT001","Vilnius","POP_DEN","Population density (pop. per km2)","2001","2001","PER","Persons","0","Units",,,161,,
"LT001","Vilnius","POP_DEN","Population density (pop. per km2)","2002","2002","PER","Persons","0","Units",,,160,,
"LT001","Vilnius","POP_DEN","Population density (pop. per km2)","2003","2003","PER","Persons","0","Units",,,160,,
"LT001","Vilnius","POP_DEN","Population density (pop. per km2)","2004","2004","PER","Persons","0","Units",,,160,,
"LT001","Vilnius","POP_DEN","Population density (pop. per km2)","2005","2005","PER","Persons","0","Units",,,160,,
"LT001","Vilnius","POP_DEN","Population density (pop. per km2)","2006","2006","PER","Persons","0","Units",,,159,,
"LT001","Vilnius","POP_DEN","Population density (pop. per km2)","2007","2007","PER","Persons","0","Units",,,158,,
"LT001","Vilnius","POP_DEN","Population density (pop. per km2)","2008","2008","PER","Persons","0","Units",,,159,,
"LT001","Vilnius","POP_DEN","Population density (pop. per km2)","2009","2009","PER","Persons","0","Units",,,159,,
"LT001","Vilnius","POP_DEN","Population density (pop. per km2)","2010","2010","PER","Persons","0","Units",,,159,,
"LT001","Vilnius","POP_DEN","Population density (pop. per km2)","2011","2011","PER","Persons","0","Units",,,157,,
"LT001","Vilnius","POP_DEN","Population density (pop. per km2)","2012","2012","PER","Persons","0","Units",,,157,,
"LT001","Vilnius","POP_DEN","Population density (pop. per km2)","2013","2013","PER","Persons","0","Units",,,157,,
"LT001","Vilnius","POP_DEN","Population density (pop. per km2)","2014","2014","PER","Persons","0","Units",,,158,,
"LT001","Vilnius","POP_DEN","Population density (pop. per km2)","2015","2015","PER","Persons","0","Units",,,159,,
"LT001","Vilnius","POP_DEN","Population density (pop. per km2)","2016","2016","PER","Persons","0","Units",,,159,,
"USA60","East Baton Rouge","T_T","Population, All ages. Administrative data","2000","2000","PER","Persons","0","Units",,,707589,,
"USA60","East Baton Rouge","T_T","Population, All ages. Administrative data","2001","2001","PER","Persons","0","Units",,,710731,,
"USA60","East Baton Rouge","T_T","Population, All ages. Administrative data","2002","2002","PER","Persons","0","Units",,,715379,,
"USA60","East Baton Rouge","T_T","Population, All ages. Administrative data","2003","2003","PER","Persons","0","Units",,,722274,,
"USA60","East Baton Rouge","T_T","Population, All ages. Administrative data","2004","2004","PER","Persons","0","Units",,,729774,,
"USA60","East Baton Rouge","T_T","Population, All ages. Administrative data","2005","2005","PER","Persons","0","Units",,,735507,,
"USA60","East Baton Rouge","T_T","Population, All ages. Administrative data","2006","2006","PER","Persons","0","Units",,,771940,,
"USA60","East Baton Rouge","T_T","Population, All ages. Administrative data","2007","2007","PER","Persons","0","Units",,,779796,,
"USA60","East Baton Rouge","T_T","Population, All ages. Administrative data","2008","2008","PER","Persons","0","Units",,,787767,,
"USA60","East Baton Rouge","T_T","Population, All ages. Administrative data","2009","2009","PER","Persons","0","Units",,,795897,,
"USA60","East Baton Rouge","T_T","Population, All ages. Administrative data","2010","2010","PER","Persons","0","Units",,,804359,,
"USA60","East Baton Rouge","T_T","Population, All ages. Administrative data","2011","2011","PER","Persons","0","Units",,,808105,,
"USA60","East Baton Rouge","T_T","Population, All ages. Administrative data","2012","2012","PER","Persons","0","Units",,,813476,,
"USA60","East Baton Rouge","T_T","Population, All ages. Administrative data","2013","2013","PER","Persons","0","Units",,,819304,,
"USA60","East Baton Rouge","T_T","Population, All ages. Administrative data","2014","2014","PER","Persons","0","Units",,,824923,,
"USA60","East Baton Rouge","T_T","Population, All ages. Administrative data","2015","2015","PER","Persons","0","Units",,,829719,,
"USA60","East Baton Rouge","T_T","Population, All ages. Administrative data","2016","2016","PER","Persons","0","Units",,,835596,,
"JPN33","Wakayama","POP_DEN","Population density (pop. per km2)","2000","2000","PER","Persons","0","Units",,,817,,
"JPN33","Wakayama","POP_DEN","Population density (pop. per km2)","2001","2001","PER","Persons","0","Units",,,813,,
"JPN33","Wakayama","POP_DEN","Population density (pop. per km2)","2002","2002","PER","Persons","0","Units",,,809,,
"JPN33","Wakayama","POP_DEN","Population density (pop. per km2)","2003","2003","PER","Persons","0","Units",,,805,,
"JPN33","Wakayama","POP_DEN","Population density (pop. per km2)","2004","2004","PER","Persons","0","Units",,,800,,
"JPN33","Wakayama","POP_DEN","Population density (pop. per km2)","2005","2005","PER","Persons","0","Units",,,796,,
"JPN33","Wakayama","POP_DEN","Population density (pop. per km2)","2006","2006","PER","Persons","0","Units",,,792,,
"JPN33","Wakayama","POP_DEN","Population density (pop. per km2)","2007","2007","PER","Persons","0","Units",,,787,,
"JPN33","Wakayama","POP_DEN","Population density (pop. per km2)","2008","2008","PER","Persons","0","Units",,,783,,
"JPN33","Wakayama","POP_DEN","Population density (pop. per km2)","2009","2009","PER","Persons","0","Units",,,778,,
"JPN33","Wakayama","POP_DEN","Population density (pop. per km2)","2010","2010","PER","Persons","0","Units",,,774,,
"JPN33","Wakayama","POP_DEN","Population density (pop. per km2)","2011","2011","PER","Persons","0","Units",,,772,,
"JPN33","Wakayama","POP_DEN","Population density (pop. per km2)","2012","2012","PER","Persons","0","Units",,,769,,
"JPN33","Wakayama","POP_DEN","Population density (pop. per km2)","2013","2013","PER","Persons","0","Units",,,767,,
"JPN33","Wakayama","POP_DEN","Population density (pop. per km2)","2014","2014","PER","Persons","0","Units",,,764,,
"JPN33","Wakayama","POP_DEN","Population density (pop. per km2)","2015","2015","PER","Persons","0","Units",,,762,,
"FR037","Brest","T_T","Population, All ages. Administrative data","2000","2000","PER","Persons","0","Units",,,349858,,
"FR037","Brest","T_T","Population, All ages. Administrative data","2001","2001","PER","Persons","0","Units",,,351025,,
"FR037","Brest","T_T","Population, All ages. Administrative data","2002","2002","PER","Persons","0","Units",,,352193,,
"FR037","Brest","T_T","Population, All ages. Administrative data","2003","2003","PER","Persons","0","Units",,,353360,,
"FR037","Brest","T_T","Population, All ages. Administrative data","2004","2004","PER","Persons","0","Units",,,354529,,
"FR037","Brest","T_T","Population, All ages. Administrative data","2005","2005","PER","Persons","0","Units",,,355697,,
"FR037","Brest","T_T","Population, All ages. Administrative data","2006","2006","PER","Persons","0","Units",,,356864,,
"FR037","Brest","T_T","Population, All ages. Administrative data","2007","2007","PER","Persons","0","Units",,,358032,,
"FR037","Brest","T_T","Population, All ages. Administrative data","2008","2008","PER","Persons","0","Units",,,359199,,
"FR037","Brest","T_T","Population, All ages. Administrative data","2009","2009","PER","Persons","0","Units",,,360367,,
"FR037","Brest","T_T","Population, All ages. Administrative data","2010","2010","PER","Persons","0","Units",,,361538,,
"FR037","Brest","T_T","Population, All ages. Administrative data","2011","2011","PER","Persons","0","Units",,,362711,,
"FR037","Brest","T_T","Population, All ages. Administrative data","2012","2012","PER","Persons","0","Units",,,363882,,
"FR037","Brest","T_T","Population, All ages. Administrative data","2013","2013","PER","Persons","0","Units",,,365055,,
"FR037","Brest","T_T","Population, All ages. Administrative data","2014","2014","PER","Persons","0","Units",,,366226,,
"FR037","Brest","T_T","Population, All ages. Administrative data","2015","2015","PER","Persons","0","Units",,,345084,,
"CL014","Rancagua","T_T","Population, All ages. Administrative data","2000","2000","PER","Persons","0","Units",,,296181,,
"CL014","Rancagua","T_T","Population, All ages. Administrative data","2001","2001","PER","Persons","0","Units",,,302736,,
"CL014","Rancagua","T_T","Population, All ages. Administrative data","2002","2002","PER","Persons","0","Units",,,309290,,
"CL014","Rancagua","T_T","Population, All ages. Administrative data","2003","2003","PER","Persons","0","Units",,,312840,,
"CL014","Rancagua","T_T","Population, All ages. Administrative data","2004","2004","PER","Persons","0","Units",,,316359,,
"CL014","Rancagua","T_T","Population, All ages. Administrative data","2005","2005","PER","Persons","0","Units",,,319832,,
"CL014","Rancagua","T_T","Population, All ages. Administrative data","2006","2006","PER","Persons","0","Units",,,323176,,
"CL014","Rancagua","T_T","Population, All ages. Administrative data","2007","2007","PER","Persons","0","Units",,,326588,,
"CL014","Rancagua","T_T","Population, All ages. Administrative data","2008","2008","PER","Persons","0","Units",,,330161,,
"CL014","Rancagua","T_T","Population, All ages. Administrative data","2009","2009","PER","Persons","0","Units",,,333849,,
"CL014","Rancagua","T_T","Population, All ages. Administrative data","2010","2010","PER","Persons","0","Units",,,337533,,
"CL014","Rancagua","T_T","Population, All ages. Administrative data","2011","2011","PER","Persons","0","Units",,,341069,,
"CL014","Rancagua","T_T","Population, All ages. Administrative data","2012","2012","PER","Persons","0","Units",,,344422,,
"CL014","Rancagua","T_T","Population, All ages. Administrative data","2013","2013","PER","Persons","0","Units",,,347694,,
"CL014","Rancagua","T_T","Population, All ages. Administrative data","2014","2014","PER","Persons","0","Units",,,350957,,
"CL014","Rancagua","T_T","Population, All ages. Administrative data","2015","2015","PER","Persons","0","Units",,,354123,,
"CL014","Rancagua","T_T","Population, All ages. Administrative data","2016","2016","PER","Persons","0","Units",,,357125,,
"USA18","Denver","POP_DEN","Population density (pop. per km2)","2000","2000","PER","Persons","0","Units",,,101,,
"USA18","Denver","POP_DEN","Population density (pop. per km2)","2001","2001","PER","Persons","0","Units",,,103,,
"USA18","Denver","POP_DEN","Population density (pop. per km2)","2002","2002","PER","Persons","0","Units",,,104,,
"USA18","Denver","POP_DEN","Population density (pop. per km2)","2003","2003","PER","Persons","0","Units",,,105,,
"USA18","Denver","POP_DEN","Population density (pop. per km2)","2004","2004","PER","Persons","0","Units",,,106,,
"USA18","Denver","POP_DEN","Population density (pop. per km2)","2005","2005","PER","Persons","0","Units",,,107,,
"USA18","Denver","POP_DEN","Population density (pop. per km2)","2006","2006","PER","Persons","0","Units",,,109,,
"USA18","Denver","POP_DEN","Population density (pop. per km2)","2007","2007","PER","Persons","0","Units",,,111,,
"USA18","Denver","POP_DEN","Population density (pop. per km2)","2008","2008","PER","Persons","0","Units",,,113,,
"USA18","Denver","POP_DEN","Population density (pop. per km2)","2009","2009","PER","Persons","0","Units",,,115,,
"USA18","Denver","POP_DEN","Population density (pop. per km2)","2010","2010","PER","Persons","0","Units",,,117,,
"USA18","Denver","POP_DEN","Population density (pop. per km2)","2011","2011","PER","Persons","0","Units",,,119,,
"USA18","Denver","POP_DEN","Population density (pop. per km2)","2012","2012","PER","Persons","0","Units",,,121,,
"USA18","Denver","POP_DEN","Population density (pop. per km2)","2013","2013","PER","Persons","0","Units",,,124,,
"USA18","Denver","POP_DEN","Population density (pop. per km2)","2014","2014","PER","Persons","0","Units",,,126,,
"USA18","Denver","POP_DEN","Population density (pop. per km2)","2015","2015","PER","Persons","0","Units",,,129,,
"USA18","Denver","POP_DEN","Population density (pop. per km2)","2016","2016","PER","Persons","0","Units",,,131,,
"MEX10","Juarez","POP_DEN","Population density (pop. per km2)","2000","2000","PER","Persons","0","Units",,,391,,
"MEX10","Juarez","POP_DEN","Population density (pop. per km2)","2005","2005","PER","Persons","0","Units",,,344,,
"MEX10","Juarez","POP_DEN","Population density (pop. per km2)","2010","2010","PER","Persons","0","Units",,,356,,
"MEX10","Juarez","POP_DEN","Population density (pop. per km2)","2015","2015","PER","Persons","0","Units",,,390,,
"JPN08","Hiroshima","T_T_SH_NAT","Share of population  in metropolitan area over the national value","2001","2001","RATIO","Ratio","0","Units",,,1.1,,
"JPN08","Hiroshima","T_T_SH_NAT","Share of population  in metropolitan area over the national value","2002","2002","RATIO","Ratio","0","Units",,,1.1,,
"JPN08","Hiroshima","T_T_SH_NAT","Share of population  in metropolitan area over the national value","2003","2003","RATIO","Ratio","0","Units",,,1.1,,
"JPN08","Hiroshima","T_T_SH_NAT","Share of population  in metropolitan area over the national value","2004","2004","RATIO","Ratio","0","Units",,,1.1,,
"JPN08","Hiroshima","T_T_SH_NAT","Share of population  in metropolitan area over the national value","2005","2005","RATIO","Ratio","0","Units",,,1.1,,
"JPN08","Hiroshima","T_T_SH_NAT","Share of population  in metropolitan area over the national value","2006","2006","RATIO","Ratio","0","Units",,,1.1,,
"JPN08","Hiroshima","T_T_SH_NAT","Share of population  in metropolitan area over the national value","2007","2007","RATIO","Ratio","0","Units",,,1.1,,
"JPN08","Hiroshima","T_T_SH_NAT","Share of population  in metropolitan area over the national value","2008","2008","RATIO","Ratio","0","Units",,,1.1,,
"JPN08","Hiroshima","T_T_SH_NAT","Share of population  in metropolitan area over the national value","2009","2009","RATIO","Ratio","0","Units",,,1.1,,
"JPN08","Hiroshima","T_T_SH_NAT","Share of population  in metropolitan area over the national value","2010","2010","RATIO","Ratio","0","Units",,,1.1,,
"JPN08","Hiroshima","T_T_SH_NAT","Share of population  in metropolitan area over the national value","2011","2011","RATIO","Ratio","0","Units",,,1.1,,
"JPN08","Hiroshima","T_T_SH_NAT","Share of population  in metropolitan area over the national value","2012","2012","RATIO","Ratio","0","Units",,,1.1,,
"JPN08","Hiroshima","T_T_SH_NAT","Share of population  in metropolitan area over the national value","2013","2013","RATIO","Ratio","0","Units",,,1.1,,
"JPN08","Hiroshima","T_T_SH_NAT","Share of population  in metropolitan area over the national value","2014","2014","RATIO","Ratio","0","Units",,,1.1,,
"JPN08","Hiroshima","T_T_SH_NAT","Share of population  in metropolitan area over the national value","2015","2015","RATIO","Ratio","0","Units",,,1.1,,
"USA109","Monterey","T_T","Population, All ages. Administrative data","2000","2000","PER","Persons","0","Units",,,402990,,
"USA109","Monterey","T_T","Population, All ages. Administrative data","2001","2001","PER","Persons","0","Units",,,407082,,
"USA109","Monterey","T_T","Population, All ages. Administrative data","2002","2002","PER","Persons","0","Units",,,408977,,
"USA109","Monterey","T_T","Population, All ages. Administrative data","2003","2003","PER","Persons","0","Units",,,409725,,
"USA109","Monterey","T_T","Population, All ages. Administrative data","2004","2004","PER","Persons","0","Units",,,408731,,
"USA109","Monterey","T_T","Population, All ages. Administrative data","2005","2005","PER","Persons","0","Units",,,405139,,
"USA109","Monterey","T_T","Population, All ages. Administrative data","2006","2006","PER","Persons","0","Units",,,401831,,
"USA109","Monterey","T_T","Population, All ages. Administrative data","2007","2007","PER","Persons","0","Units",,,402376,,
"USA109","Monterey","T_T","Population, All ages. Administrative data","2008","2008","PER","Persons","0","Units",,,406022,,
"USA109","Monterey","T_T","Population, All ages. Administrative data","2009","2009","PER","Persons","0","Units",,,410263,,
"USA109","Monterey","T_T","Population, All ages. Administrative data","2010","2010","PER","Persons","0","Units",,,416475,,
"USA109","Monterey","T_T","Population, All ages. Administrative data","2011","2011","PER","Persons","0","Units",,,421162,,
"USA109","Monterey","T_T","Population, All ages. Administrative data","2012","2012","PER","Persons","0","Units",,,426094,,
"USA109","Monterey","T_T","Population, All ages. Administrative data","2013","2013","PER","Persons","0","Units",,,428382,,
"USA109","Monterey","T_T","Population, All ages. Administrative data","2014","2014","PER","Persons","0","Units",,,430416,,
"USA109","Monterey","T_T","Population, All ages. Administrative data","2015","2015","PER","Persons","0","Units",,,432774,,
"USA109","Monterey","T_T","Population, All ages. Administrative data","2016","2016","PER","Persons","0","Units",,,436363,,
"FR022","Clermont-Ferrand","T_T","Population, All ages. Administrative data","2000","2000","PER","Persons","0","Units",,,441199,,
"FR022","Clermont-Ferrand","T_T","Population, All ages. Administrative data","2001","2001","PER","Persons","0","Units",,,443774,,
"FR022","Clermont-Ferrand","T_T","Population, All ages. Administrative data","2002","2002","PER","Persons","0","Units",,,446348,,
"FR022","Clermont-Ferrand","T_T","Population, All ages. Administrative data","2003","2003","PER","Persons","0","Units",,,448923,,
"FR022","Clermont-Ferrand","T_T","Population, All ages. Administrative data","2004","2004","PER","Persons","0","Units",,,451499,,
"FR022","Clermont-Ferrand","T_T","Population, All ages. Administrative data","2005","2005","PER","Persons","0","Units",,,454073,,
"FR022","Clermont-Ferrand","T_T","Population, All ages. Administrative data","2006","2006","PER","Persons","0","Units",,,456648,,
"FR022","Clermont-Ferrand","T_T","Population, All ages. Administrative data","2007","2007","PER","Persons","0","Units",,,459222,,
"FR022","Clermont-Ferrand","T_T","Population, All ages. Administrative data","2008","2008","PER","Persons","0","Units",,,461797,,
"FR022","Clermont-Ferrand","T_T","Population, All ages. Administrative data","2009","2009","PER","Persons","0","Units",,,464372,,
"FR022","Clermont-Ferrand","T_T","Population, All ages. Administrative data","2010","2010","PER","Persons","0","Units",,,467457,,
"FR022","Clermont-Ferrand","T_T","Population, All ages. Administrative data","2011","2011","PER","Persons","0","Units",,,470542,,
"FR022","Clermont-Ferrand","T_T","Population, All ages. Administrative data","2012","2012","PER","Persons","0","Units",,,473628,,
"FR022","Clermont-Ferrand","T_T","Population, All ages. Administrative data","2013","2013","PER","Persons","0","Units",,,476713,,
"FR022","Clermont-Ferrand","T_T","Population, All ages. Administrative data","2014","2014","PER","Persons","0","Units",,,479798,,
"FR022","Clermont-Ferrand","T_T","Population, All ages. Administrative data","2015","2015","PER","Persons","0","Units",,,476232,,
"AUS14","Geelong","T_T_SH_NAT","Share of population  in metropolitan area over the national value","2001","2001","RATIO","Ratio","0","Units",,,1.2,,
"AUS14","Geelong","T_T_SH_NAT","Share of population  in metropolitan area over the national value","2002","2002","RATIO","Ratio","0","Units",,,1.2,,
"AUS14","Geelong","T_T_SH_NAT","Share of population  in metropolitan area over the national value","2003","2003","RATIO","Ratio","0","Units",,,1.2,,
"AUS14","Geelong","T_T_SH_NAT","Share of population  in metropolitan area over the national value","2004","2004","RATIO","Ratio","0","Units",,,1.2,,
"AUS14","Geelong","T_T_SH_NAT","Share of population  in metropolitan area over the national value","2005","2005","RATIO","Ratio","0","Units",,,1.2,,
"AUS14","Geelong","T_T_SH_NAT","Share of population  in metropolitan area over the national value","2006","2006","RATIO","Ratio","0","Units",,,1.2,,
"AUS14","Geelong","T_T_SH_NAT","Share of population  in metropolitan area over the national value","2007","2007","RATIO","Ratio","0","Units",,,1.2,,
"AUS14","Geelong","T_T_SH_NAT","Share of population  in metropolitan area over the national value","2008","2008","RATIO","Ratio","0","Units",,,1.2,,
"AUS14","Geelong","T_T_SH_NAT","Share of population  in metropolitan area over the national value","2009","2009","RATIO","Ratio","0","Units",,,1.1,,
"AUS14","Geelong","T_T_SH_NAT","Share of population  in metropolitan area over the national value","2010","2010","RATIO","Ratio","0","Units",,,1.1,,
"AUS14","Geelong","T_T_SH_NAT","Share of population  in metropolitan area over the national value","2011","2011","RATIO","Ratio","0","Units",,,1.2,,
"AUS14","Geelong","T_T_SH_NAT","Share of population  in metropolitan area over the national value","2012","2012","RATIO","Ratio","0","Units",,,1.2,,
"AUS14","Geelong","T_T_SH_NAT","Share of population  in metropolitan area over the national value","2013","2013","RATIO","Ratio","0","Units",,,1.2,,
"AUS14","Geelong","T_T_SH_NAT","Share of population  in metropolitan area over the national value","2014","2014","RATIO","Ratio","0","Units",,,1.2,,
"AUS14","Geelong","T_T_SH_NAT","Share of population  in metropolitan area over the national value","2015","2015","RATIO","Ratio","0","Units",,,1.2,,
"AUS14","Geelong","T_T_SH_NAT","Share of population  in metropolitan area over the national value","2016","2016","RATIO","Ratio","0","Units",,,1.2,,
"USA03","Chicago ","T_T_SH_NAT","Share of population  in metropolitan area over the national value","2001","2001","RATIO","Ratio","0","Units",,,3.2,,
"USA03","Chicago ","T_T_SH_NAT","Share of population  in metropolitan area over the national value","2002","2002","RATIO","Ratio","0","Units",,,3.2,,
"USA03","Chicago ","T_T_SH_NAT","Share of population  in metropolitan area over the national value","2003","2003","RATIO","Ratio","0","Units",,,3.2,,
"USA03","Chicago ","T_T_SH_NAT","Share of population  in metropolitan area over the national value","2004","2004","RATIO","Ratio","0","Units",,,3.2,,
"USA03","Chicago ","T_T_SH_NAT","Share of population  in metropolitan area over the national value","2005","2005","RATIO","Ratio","0","Units",,,3.1,,
"USA03","Chicago ","T_T_SH_NAT","Share of population  in metropolitan area over the national value","2006","2006","RATIO","Ratio","0","Units",,,3.1,,
"USA03","Chicago ","T_T_SH_NAT","Share of population  in metropolitan area over the national value","2007","2007","RATIO","Ratio","0","Units",,,3.1,,
"USA03","Chicago ","T_T_SH_NAT","Share of population  in metropolitan area over the national value","2008","2008","RATIO","Ratio","0","Units",,,3.1,,
"USA03","Chicago ","T_T_SH_NAT","Share of population  in metropolitan area over the national value","2009","2009","RATIO","Ratio","0","Units",,,3.1,,
"USA03","Chicago ","T_T_SH_NAT","Share of population  in metropolitan area over the national value","2010","2010","RATIO","Ratio","0","Units",,,3.1,,
"USA03","Chicago ","T_T_SH_NAT","Share of population  in metropolitan area over the national value","2011","2011","RATIO","Ratio","0","Units",,,3.1,,
"USA03","Chicago ","T_T_SH_NAT","Share of population  in metropolitan area over the national value","2012","2012","RATIO","Ratio","0","Units",,,3,,
"USA03","Chicago ","T_T_SH_NAT","Share of population  in metropolitan area over the national value","2013","2013","RATIO","Ratio","0","Units",,,3,,
"USA03","Chicago ","T_T_SH_NAT","Share of population  in metropolitan area over the national value","2014","2014","RATIO","Ratio","0","Units",,,3,,
"USA03","Chicago ","T_T_SH_NAT","Share of population  in metropolitan area over the national value","2015","2015","RATIO","Ratio","0","Units",,,3,,
"USA03","Chicago ","T_T_SH_NAT","Share of population  in metropolitan area over the national value","2016","2016","RATIO","Ratio","0","Units",,,3,,
"IT030","Modena","T_T_SH_NAT","Share of population  in metropolitan area over the national value","2001","2001","RATIO","Ratio","0","Units",,,0.6,,
"IT030","Modena","T_T_SH_NAT","Share of population  in metropolitan area over the national value","2002","2002","RATIO","Ratio","0","Units",,,0.6,,
"IT030","Modena","T_T_SH_NAT","Share of population  in metropolitan area over the national value","2003","2003","RATIO","Ratio","0","Units",,,0.6,,
"IT030","Modena","T_T_SH_NAT","Share of population  in metropolitan area over the national value","2004","2004","RATIO","Ratio","0","Units",,,0.6,,
"IT030","Modena","T_T_SH_NAT","Share of population  in metropolitan area over the national value","2005","2005","RATIO","Ratio","0","Units",,,0.6,,
"IT030","Modena","T_T_SH_NAT","Share of population  in metropolitan area over the national value","2006","2006","RATIO","Ratio","0","Units",,,0.6,,
"IT030","Modena","T_T_SH_NAT","Share of population  in metropolitan area over the national value","2007","2007","RATIO","Ratio","0","Units",,,0.6,,
"IT030","Modena","T_T_SH_NAT","Share of population  in metropolitan area over the national value","2008","2008","RATIO","Ratio","0","Units",,,0.6,,
"IT030","Modena","T_T_SH_NAT","Share of population  in metropolitan area over the national value","2009","2009","RATIO","Ratio","0","Units",,,0.6,,
"IT030","Modena","T_T_SH_NAT","Share of population  in metropolitan area over the national value","2010","2010","RATIO","Ratio","0","Units",,,0.6,,
"IT030","Modena","T_T_SH_NAT","Share of population  in metropolitan area over the national value","2011","2011","RATIO","Ratio","0","Units",,,0.6,,
"IT030","Modena","T_T_SH_NAT","Share of population  in metropolitan area over the national value","2012","2012","RATIO","Ratio","0","Units",,,0.6,,
"IT030","Modena","T_T_SH_NAT","Share of population  in metropolitan area over the national value","2013","2013","RATIO","Ratio","0","Units",,,0.6,,
"IT030","Modena","T_T_SH_NAT","Share of population  in metropolitan area over the national value","2014","2014","RATIO","Ratio","0","Units",,,0.6,,
"IT030","Modena","T_T_SH_NAT","Share of population  in metropolitan area over the national value","2015","2015","RATIO","Ratio","0","Units",,,0.6,,
"IT030","Modena","T_T_SH_NAT","Share of population  in metropolitan area over the national value","2016","2016","RATIO","Ratio","0","Units",,,0.6,,
"JPN24","Nagasaki","POP_DEN","Population density (pop. per km2)","2000","2000","PER","Persons","0","Units",,,854,,
"JPN24","Nagasaki","POP_DEN","Population density (pop. per km2)","2001","2001","PER","Persons","0","Units",,,851,,
"JPN24","Nagasaki","POP_DEN","Population density (pop. per km2)","2002","2002","PER","Persons","0","Units",,,848,,
"JPN24","Nagasaki","POP_DEN","Population density (pop. per km2)","2003","2003","PER","Persons","0","Units",,,845,,
"JPN24","Nagasaki","POP_DEN","Population density (pop. per km2)","2004","2004","PER","Persons","0","Units",,,842,,
"JPN24","Nagasaki","POP_DEN","Population density (pop. per km2)","2005","2005","PER","Persons","0","Units",,,839,,
"JPN24","Nagasaki","POP_DEN","Population density (pop. per km2)","2006","2006","PER","Persons","0","Units",,,835,,
"JPN24","Nagasaki","POP_DEN","Population density (pop. per km2)","2007","2007","PER","Persons","0","Units",,,830,,
"JPN24","Nagasaki","POP_DEN","Population density (pop. per km2)","2008","2008","PER","Persons","0","Units",,,826,,
"JPN24","Nagasaki","POP_DEN","Population density (pop. per km2)","2009","2009","PER","Persons","0","Units",,,822,,
"JPN24","Nagasaki","POP_DEN","Population density (pop. per km2)","2010","2010","PER","Persons","0","Units",,,817,,
"JPN24","Nagasaki","POP_DEN","Population density (pop. per km2)","2011","2011","PER","Persons","0","Units",,,812,,
"JPN24","Nagasaki","POP_DEN","Population density (pop. per km2)","2012","2012","PER","Persons","0","Units",,,807,,
"JPN24","Nagasaki","POP_DEN","Population density (pop. per km2)","2013","2013","PER","Persons","0","Units",,,802,,
"JPN24","Nagasaki","POP_DEN","Population density (pop. per km2)","2014","2014","PER","Persons","0","Units",,,797,,
"JPN24","Nagasaki","POP_DEN","Population density (pop. per km2)","2015","2015","PER","Persons","0","Units",,,792,,
"UK016","Aberdeen","POP_DEN","Population density (pop. per km2)","2001","2001","PER","Persons","0","Units",,,68,,
"UK016","Aberdeen","POP_DEN","Population density (pop. per km2)","2002","2002","PER","Persons","0","Units",,,68,,
"UK016","Aberdeen","POP_DEN","Population density (pop. per km2)","2003","2003","PER","Persons","0","Units",,,68,,
"UK016","Aberdeen","POP_DEN","Population density (pop. per km2)","2004","2004","PER","Persons","0","Units",,,68,,
"UK016","Aberdeen","POP_DEN","Population density (pop. per km2)","2005","2005","PER","Persons","0","Units",,,69,,
"UK016","Aberdeen","POP_DEN","Population density (pop. per km2)","2006","2006","PER","Persons","0","Units",,,69,,
"UK016","Aberdeen","POP_DEN","Population density (pop. per km2)","2007","2007","PER","Persons","0","Units",,,70,,
"UK016","Aberdeen","POP_DEN","Population density (pop. per km2)","2008","2008","PER","Persons","0","Units",,,71,,
"UK016","Aberdeen","POP_DEN","Population density (pop. per km2)","2009","2009","PER","Persons","0","Units",,,72,,
"UK016","Aberdeen","POP_DEN","Population density (pop. per km2)","2010","2010","PER","Persons","0","Units",,,73,,
"UK016","Aberdeen","POP_DEN","Population density (pop. per km2)","2011","2011","PER","Persons","0","Units",,,73,,
"UK016","Aberdeen","POP_DEN","Population density (pop. per km2)","2012","2012","PER","Persons","0","Units",,,74,,
"UK016","Aberdeen","POP_DEN","Population density (pop. per km2)","2013","2013","PER","Persons","0","Units",,,75,,
"UK016","Aberdeen","POP_DEN","Population density (pop. per km2)","2014","2014","PER","Persons","0","Units",,,75,,
"UK016","Aberdeen","POP_DEN","Population density (pop. per km2)","2015","2015","PER","Persons","0","Units",,,76,,
"UK016","Aberdeen","POP_DEN","Population density (pop. per km2)","2016","2016","PER","Persons","0","Units",,,76,,
"JPN46","Fuji","T_T","Population, All ages. Administrative data","2000","2000","PER","Persons","0","Units",,,392747,,
"JPN46","Fuji","T_T","Population, All ages. Administrative data","2001","2001","PER","Persons","0","Units",,,393201,,
"JPN46","Fuji","T_T","Population, All ages. Administrative data","2002","2002","PER","Persons","0","Units",,,393654,,
"JPN46","Fuji","T_T","Population, All ages. Administrative data","2003","2003","PER","Persons","0","Units",,,394107,,
"JPN46","Fuji","T_T","Population, All ages. Administrative data","2004","2004","PER","Persons","0","Units",,,394560,,
"JPN46","Fuji","T_T","Population, All ages. Administrative data","2005","2005","PER","Persons","0","Units",,,395014,,
"JPN46","Fuji","T_T","Population, All ages. Administrative data","2006","2006","PER","Persons","0","Units",,,394743,,
"JPN46","Fuji","T_T","Population, All ages. Administrative data","2007","2007","PER","Persons","0","Units",,,394470,,
"JPN46","Fuji","T_T","Population, All ages. Administrative data","2008","2008","PER","Persons","0","Units",,,394198,,
"JPN46","Fuji","T_T","Population, All ages. Administrative data","2009","2009","PER","Persons","0","Units",,,393925,,
"JPN46","Fuji","T_T","Population, All ages. Administrative data","2010","2010","PER","Persons","0","Units",,,393654,,
"JPN46","Fuji","T_T","Population, All ages. Administrative data","2011","2011","PER","Persons","0","Units",,,391615,,
"JPN46","Fuji","T_T","Population, All ages. Administrative data","2012","2012","PER","Persons","0","Units",,,389576,,
"JPN46","Fuji","T_T","Population, All ages. Administrative data","2013","2013","PER","Persons","0","Units",,,387538,,
"JPN46","Fuji","T_T","Population, All ages. Administrative data","2014","2014","PER","Persons","0","Units",,,385499,,
"JPN46","Fuji","T_T","Population, All ages. Administrative data","2015","2015","PER","Persons","0","Units",,,383460,,
"HU001","Budapest","T_T","Population, All ages. Administrative data","2000","2000","PER","Persons","0","Units",,,2851162,,
"HU001","Budapest","T_T","Population, All ages. Administrative data","2001","2001","PER","Persons","0","Units",,,2822778,,
"HU001","Budapest","T_T","Population, All ages. Administrative data","2002","2002","PER","Persons","0","Units",,,2819074,,
"HU001","Budapest","T_T","Population, All ages. Administrative data","2003","2003","PER","Persons","0","Units",,,2812995,,
"HU001","Budapest","T_T","Population, All ages. Administrative data","2004","2004","PER","Persons","0","Units",,,2816033,,
"HU001","Budapest","T_T","Population, All ages. Administrative data","2005","2005","PER","Persons","0","Units",,,2825344,,
"HU001","Budapest","T_T","Population, All ages. Administrative data","2006","2006","PER","Persons","0","Units",,,2838471,,
"HU001","Budapest","T_T","Population, All ages. Administrative data","2007","2007","PER","Persons","0","Units",,,2853588,,
"HU001","Budapest","T_T","Population, All ages. Administrative data","2008","2008","PER","Persons","0","Units",,,2876232,,
"HU001","Budapest","T_T","Population, All ages. Administrative data","2009","2009","PER","Persons","0","Units",,,2902429,,
"HU001","Budapest","T_T","Population, All ages. Administrative data","2010","2010","PER","Persons","0","Units",,,2926377,,
"HU001","Budapest","T_T","Population, All ages. Administrative data","2011","2011","PER","Persons","0","Units",,,2945031,,
"HU001","Budapest","T_T","Population, All ages. Administrative data","2012","2012","PER","Persons","0","Units",,,2916047,,
"HU001","Budapest","T_T","Population, All ages. Administrative data","2013","2013","PER","Persons","0","Units",,,2928354,,
"HU001","Budapest","T_T","Population, All ages. Administrative data","2014","2014","PER","Persons","0","Units",,,2939187,,
"HU001","Budapest","T_T","Population, All ages. Administrative data","2015","2015","PER","Persons","0","Units",,,2956479,,
"HU001","Budapest","T_T","Population, All ages. Administrative data","2016","2016","PER","Persons","0","Units",,,2965908,,
"USA19","San Antonio","T_T","Population, All ages. Administrative data","2000","2000","PER","Persons","0","Units",,,1736206,,
"USA19","San Antonio","T_T","Population, All ages. Administrative data","2001","2001","PER","Persons","0","Units",,,1764438,,
"USA19","San Antonio","T_T","Population, All ages. Administrative data","2002","2002","PER","Persons","0","Units",,,1800620,,
"USA19","San Antonio","T_T","Population, All ages. Administrative data","2003","2003","PER","Persons","0","Units",,,1832323,,
"USA19","San Antonio","T_T","Population, All ages. Administrative data","2004","2004","PER","Persons","0","Units",,,1874134,,
"USA19","San Antonio","T_T","Population, All ages. Administrative data","2005","2005","PER","Persons","0","Units",,,1912946,,
"USA19","San Antonio","T_T","Population, All ages. Administrative data","2006","2006","PER","Persons","0","Units",,,1973081,,
"USA19","San Antonio","T_T","Population, All ages. Administrative data","2007","2007","PER","Persons","0","Units",,,2028319,,
"USA19","San Antonio","T_T","Population, All ages. Administrative data","2008","2008","PER","Persons","0","Units",,,2078214,,
"USA19","San Antonio","T_T","Population, All ages. Administrative data","2009","2009","PER","Persons","0","Units",,,2122792,,
"USA19","San Antonio","T_T","Population, All ages. Administrative data","2010","2010","PER","Persons","0","Units",,,2170219,,
"USA19","San Antonio","T_T","Population, All ages. Administrative data","2011","2011","PER","Persons","0","Units",,,2211115,,
"USA19","San Antonio","T_T","Population, All ages. Administrative data","2012","2012","PER","Persons","0","Units",,,2254303,,
"USA19","San Antonio","T_T","Population, All ages. Administrative data","2013","2013","PER","Persons","0","Units",,,2298261,,
"USA19","San Antonio","T_T","Population, All ages. Administrative data","2014","2014","PER","Persons","0","Units",,,2347343,,
"USA19","San Antonio","T_T","Population, All ages. Administrative data","2015","2015","PER","Persons","0","Units",,,2398314,,
"USA19","San Antonio","T_T","Population, All ages. Administrative data","2016","2016","PER","Persons","0","Units",,,2445596,,
"AUS08","Newcastle","T_T_SH_NAT","Share of population  in metropolitan area over the national value","2001","2001","RATIO","Ratio","0","Units",,,2.1,,
"AUS08","Newcastle","T_T_SH_NAT","Share of population  in metropolitan area over the national value","2002","2002","RATIO","Ratio","0","Units",,,2.1,,
"AUS08","Newcastle","T_T_SH_NAT","Share of population  in metropolitan area over the national value","2003","2003","RATIO","Ratio","0","Units",,,2.1,,
"AUS08","Newcastle","T_T_SH_NAT","Share of population  in metropolitan area over the national value","2004","2004","RATIO","Ratio","0","Units",,,2.1,,
"AUS08","Newcastle","T_T_SH_NAT","Share of population  in metropolitan area over the national value","2005","2005","RATIO","Ratio","0","Units",,,2,,
"AUS08","Newcastle","T_T_SH_NAT","Share of population  in metropolitan area over the national value","2006","2006","RATIO","Ratio","0","Units",,,2,,
"AUS08","Newcastle","T_T_SH_NAT","Share of population  in metropolitan area over the national value","2007","2007","RATIO","Ratio","0","Units",,,2,,
"AUS08","Newcastle","T_T_SH_NAT","Share of population  in metropolitan area over the national value","2008","2008","RATIO","Ratio","0","Units",,,2,,
"AUS08","Newcastle","T_T_SH_NAT","Share of population  in metropolitan area over the national value","2009","2009","RATIO","Ratio","0","Units",,,2,,
"AUS08","Newcastle","T_T_SH_NAT","Share of population  in metropolitan area over the national value","2010","2010","RATIO","Ratio","0","Units",,,2,,
"AUS08","Newcastle","T_T_SH_NAT","Share of population  in metropolitan area over the national value","2011","2011","RATIO","Ratio","0","Units",,,2,,
"AUS08","Newcastle","T_T_SH_NAT","Share of population  in metropolitan area over the national value","2012","2012","RATIO","Ratio","0","Units",,,2,,
"AUS08","Newcastle","T_T_SH_NAT","Share of population  in metropolitan area over the national value","2013","2013","RATIO","Ratio","0","Units",,,1.9,,
"AUS08","Newcastle","T_T_SH_NAT","Share of population  in metropolitan area over the national value","2014","2014","RATIO","Ratio","0","Units",,,1.9,,
"AUS08","Newcastle","T_T_SH_NAT","Share of population  in metropolitan area over the national value","2015","2015","RATIO","Ratio","0","Units",,,1.9,,
"AUS08","Newcastle","T_T_SH_NAT","Share of population  in metropolitan area over the national value","2016","2016","RATIO","Ratio","0","Units",,,1.9,,
"NL009","Arnhem","POP_DEN","Population density (pop. per km2)","2000","2000","PER","Persons","0","Units",,,681,,
"NL009","Arnhem","POP_DEN","Population density (pop. per km2)","2001","2001","PER","Persons","0","Units",,,682,,
"NL009","Arnhem","POP_DEN","Population density (pop. per km2)","2002","2002","PER","Persons","0","Units",,,684,,
"NL009","Arnhem","POP_DEN","Population density (pop. per km2)","2003","2003","PER","Persons","0","Units",,,685,,
"NL009","Arnhem","POP_DEN","Population density (pop. per km2)","2004","2004","PER","Persons","0","Units",,,687,,
"NL009","Arnhem","POP_DEN","Population density (pop. per km2)","2005","2005","PER","Persons","0","Units",,,698,,
"NL009","Arnhem","POP_DEN","Population density (pop. per km2)","2006","2006","PER","Persons","0","Units",,,700,,
"NL009","Arnhem","POP_DEN","Population density (pop. per km2)","2007","2007","PER","Persons","0","Units",,,703,,
"NL009","Arnhem","POP_DEN","Population density (pop. per km2)","2008","2008","PER","Persons","0","Units",,,706,,
"NL009","Arnhem","POP_DEN","Population density (pop. per km2)","2009","2009","PER","Persons","0","Units",,,711,,
"NL009","Arnhem","POP_DEN","Population density (pop. per km2)","2010","2010","PER","Persons","0","Units",,,715,,
"NL009","Arnhem","POP_DEN","Population density (pop. per km2)","2011","2011","PER","Persons","0","Units",,,719,,
"NL009","Arnhem","POP_DEN","Population density (pop. per km2)","2012","2012","PER","Persons","0","Units",,,722,,
"NL009","Arnhem","POP_DEN","Population density (pop. per km2)","2013","2013","PER","Persons","0","Units",,,723,,
"NL009","Arnhem","POP_DEN","Population density (pop. per km2)","2014","2014","PER","Persons","0","Units",,,725,,
"NL009","Arnhem","POP_DEN","Population density (pop. per km2)","2015","2015","PER","Persons","0","Units",,,727,,
"NL009","Arnhem","POP_DEN","Population density (pop. per km2)","2016","2016","PER","Persons","0","Units",,,730,,
"DE035","Karlsruhe","T_T_SH_NAT","Share of population  in metropolitan area over the national value","2001","2001","RATIO","Ratio","0","Units",,,0.9,,
"DE035","Karlsruhe","T_T_SH_NAT","Share of population  in metropolitan area over the national value","2002","2002","RATIO","Ratio","0","Units",,,0.9,,
"DE035","Karlsruhe","T_T_SH_NAT","Share of population  in metropolitan area over the national value","2003","2003","RATIO","Ratio","0","Units",,,0.9,,
"DE035","Karlsruhe","T_T_SH_NAT","Share of population  in metropolitan area over the national value","2004","2004","RATIO","Ratio","0","Units",,,0.9,,
"DE035","Karlsruhe","T_T_SH_NAT","Share of population  in metropolitan area over the national value","2005","2005","RATIO","Ratio","0","Units",,,0.9,,
"DE035","Karlsruhe","T_T_SH_NAT","Share of population  in metropolitan area over the national value","2006","2006","RATIO","Ratio","0","Units",,,0.9,,
"DE035","Karlsruhe","T_T_SH_NAT","Share of population  in metropolitan area over the national value","2007","2007","RATIO","Ratio","0","Units",,,0.9,,
"DE035","Karlsruhe","T_T_SH_NAT","Share of population  in metropolitan area over the national value","2008","2008","RATIO","Ratio","0","Units",,,0.9,,
"DE035","Karlsruhe","T_T_SH_NAT","Share of population  in metropolitan area over the national value","2009","2009","RATIO","Ratio","0","Units",,,0.9,,
"DE035","Karlsruhe","T_T_SH_NAT","Share of population  in metropolitan area over the national value","2010","2010","RATIO","Ratio","0","Units",,,0.9,,
"DE035","Karlsruhe","T_T_SH_NAT","Share of population  in metropolitan area over the national value","2011","2011","RATIO","Ratio","0","Units",,,0.9,,
"DE035","Karlsruhe","T_T_SH_NAT","Share of population  in metropolitan area over the national value","2012","2012","RATIO","Ratio","0","Units",,,0.9,,
"DE035","Karlsruhe","T_T_SH_NAT","Share of population  in metropolitan area over the national value","2013","2013","RATIO","Ratio","0","Units",,,0.9,,
"DE035","Karlsruhe","T_T_SH_NAT","Share of population  in metropolitan area over the national value","2014","2014","RATIO","Ratio","0","Units",,,0.9,,
"DE035","Karlsruhe","T_T_SH_NAT","Share of population  in metropolitan area over the national value","2015","2015","RATIO","Ratio","0","Units",,,0.9,,
"DE035","Karlsruhe","T_T_SH_NAT","Share of population  in metropolitan area over the national value","2016","2016","RATIO","Ratio","0","Units",,,0.9,,
"LT002","Kaunas","T_T","Population, All ages. Administrative data","2001","2001","PER","Persons","0","Units",,,461079,,
"LT002","Kaunas","T_T","Population, All ages. Administrative data","2002","2002","PER","Persons","0","Units",,,455826,,
"LT002","Kaunas","T_T","Population, All ages. Administrative data","2003","2003","PER","Persons","0","Units",,,452350,,
"LT002","Kaunas","T_T","Population, All ages. Administrative data","2004","2004","PER","Persons","0","Units",,,447119,,
"LT002","Kaunas","T_T","Population, All ages. Administrative data","2005","2005","PER","Persons","0","Units",,,440154,,
"LT002","Kaunas","T_T","Population, All ages. Administrative data","2006","2006","PER","Persons","0","Units",,,431597,,
"LT002","Kaunas","T_T","Population, All ages. Administrative data","2007","2007","PER","Persons","0","Units",,,427278,,
"LT002","Kaunas","T_T","Population, All ages. Administrative data","2008","2008","PER","Persons","0","Units",,,423481,,
"LT002","Kaunas","T_T","Population, All ages. Administrative data","2009","2009","PER","Persons","0","Units",,,421145,,
"LT002","Kaunas","T_T","Population, All ages. Administrative data","2010","2010","PER","Persons","0","Units",,,416520,,
"LT002","Kaunas","T_T","Population, All ages. Administrative data","2011","2011","PER","Persons","0","Units",,,403241,,
"LT002","Kaunas","T_T","Population, All ages. Administrative data","2012","2012","PER","Persons","0","Units",,,396882,,
"LT002","Kaunas","T_T","Population, All ages. Administrative data","2013","2013","PER","Persons","0","Units",,,393307,,
"LT002","Kaunas","T_T","Population, All ages. Administrative data","2014","2014","PER","Persons","0","Units",,,391150,,
"LT002","Kaunas","T_T","Population, All ages. Administrative data","2015","2015","PER","Persons","0","Units",,,389753,,
"LT002","Kaunas","T_T","Population, All ages. Administrative data","2016","2016","PER","Persons","0","Units",,,387362,,
"USA143","Erie (PA)","POP_DEN","Population density (pop. per km2)","2000","2000","PER","Persons","0","Units",,,134,,
"USA143","Erie (PA)","POP_DEN","Population density (pop. per km2)","2001","2001","PER","Persons","0","Units",,,134,,
"USA143","Erie (PA)","POP_DEN","Population density (pop. per km2)","2002","2002","PER","Persons","0","Units",,,134,,
"USA143","Erie (PA)","POP_DEN","Population density (pop. per km2)","2003","2003","PER","Persons","0","Units",,,134,,
"USA143","Erie (PA)","POP_DEN","Population density (pop. per km2)","2004","2004","PER","Persons","0","Units",,,132,,
"USA143","Erie (PA)","POP_DEN","Population density (pop. per km2)","2005","2005","PER","Persons","0","Units",,,132,,
"USA143","Erie (PA)","POP_DEN","Population density (pop. per km2)","2006","2006","PER","Persons","0","Units",,,133,,
"USA143","Erie (PA)","POP_DEN","Population density (pop. per km2)","2007","2007","PER","Persons","0","Units",,,133,,
"USA143","Erie (PA)","POP_DEN","Population density (pop. per km2)","2008","2008","PER","Persons","0","Units",,,133,,
"USA143","Erie (PA)","POP_DEN","Population density (pop. per km2)","2009","2009","PER","Persons","0","Units",,,133,,
"USA143","Erie (PA)","POP_DEN","Population density (pop. per km2)","2010","2010","PER","Persons","0","Units",,,134,,
"USA143","Erie (PA)","POP_DEN","Population density (pop. per km2)","2011","2011","PER","Persons","0","Units",,,134,,
"USA143","Erie (PA)","POP_DEN","Population density (pop. per km2)","2012","2012","PER","Persons","0","Units",,,134,,
"USA143","Erie (PA)","POP_DEN","Population density (pop. per km2)","2013","2013","PER","Persons","0","Units",,,134,,
"USA143","Erie (PA)","POP_DEN","Population density (pop. per km2)","2014","2014","PER","Persons","0","Units",,,133,,
"USA143","Erie (PA)","POP_DEN","Population density (pop. per km2)","2015","2015","PER","Persons","0","Units",,,133,,
"USA143","Erie (PA)","POP_DEN","Population density (pop. per km2)","2016","2016","PER","Persons","0","Units",,,132,,
"MEX60","Salamanca","POP_DEN","Population density (pop. per km2)","2000","2000","PER","Persons","0","Units",,,297,,
"MEX60","Salamanca","POP_DEN","Population density (pop. per km2)","2005","2005","PER","Persons","0","Units",,,305,,
"MEX60","Salamanca","POP_DEN","Population density (pop. per km2)","2010","2010","PER","Persons","0","Units",,,341,,
"MEX60","Salamanca","POP_DEN","Population density (pop. per km2)","2015","2015","PER","Persons","0","Units",,,393,,
"JPN21","Mito","POP_DEN","Population density (pop. per km2)","2000","2000","PER","Persons","0","Units",,,527,,
"JPN21","Mito","POP_DEN","Population density (pop. per km2)","2001","2001","PER","Persons","0","Units",,,527,,
"JPN21","Mito","POP_DEN","Population density (pop. per km2)","2002","2002","PER","Persons","0","Units",,,527,,
"JPN21","Mito","POP_DEN","Population density (pop. per km2)","2003","2003","PER","Persons","0","Units",,,527,,
"JPN21","Mito","POP_DEN","Population density (pop. per km2)","2004","2004","PER","Persons","0","Units",,,527,,
"JPN21","Mito","POP_DEN","Population density (pop. per km2)","2005","2005","PER","Persons","0","Units",,,527,,
"JPN21","Mito","POP_DEN","Population density (pop. per km2)","2006","2006","PER","Persons","0","Units",,,527,,
"JPN21","Mito","POP_DEN","Population density (pop. per km2)","2007","2007","PER","Persons","0","Units",,,527,,
"JPN21","Mito","POP_DEN","Population density (pop. per km2)","2008","2008","PER","Persons","0","Units",,,527,,
"JPN21","Mito","POP_DEN","Population density (pop. per km2)","2009","2009","PER","Persons","0","Units",,,527,,
"JPN21","Mito","POP_DEN","Population density (pop. per km2)","2010","2010","PER","Persons","0","Units",,,526,,
"JPN21","Mito","POP_DEN","Population density (pop. per km2)","2011","2011","PER","Persons","0","Units",,,524,,
"JPN21","Mito","POP_DEN","Population density (pop. per km2)","2012","2012","PER","Persons","0","Units",,,523,,
"JPN21","Mito","POP_DEN","Population density (pop. per km2)","2013","2013","PER","Persons","0","Units",,,521,,
"JPN21","Mito","POP_DEN","Population density (pop. per km2)","2014","2014","PER","Persons","0","Units",,,519,,
"JPN21","Mito","POP_DEN","Population density (pop. per km2)","2015","2015","PER","Persons","0","Units",,,517,,
"CAN10","London","T_T","Population, All ages. Administrative data","2000","2000","PER","Persons","0","Units",,,513106,,
"CAN10","London","T_T","Population, All ages. Administrative data","2001","2001","PER","Persons","0","Units",,,519740,,
"CAN10","London","T_T","Population, All ages. Administrative data","2002","2002","PER","Persons","0","Units",,,525133,,
"CAN10","London","T_T","Population, All ages. Administrative data","2003","2003","PER","Persons","0","Units",,,529140,,
"CAN10","London","T_T","Population, All ages. Administrative data","2004","2004","PER","Persons","0","Units",,,534067,,
"CAN10","London","T_T","Population, All ages. Administrative data","2005","2005","PER","Persons","0","Units",,,538241,,
"CAN10","London","T_T","Population, All ages. Administrative data","2006","2006","PER","Persons","0","Units",,,542658,,
"CAN10","London","T_T","Population, All ages. Administrative data","2007","2007","PER","Persons","0","Units",,,544886,,
"CAN10","London","T_T","Population, All ages. Administrative data","2008","2008","PER","Persons","0","Units",,,547784,,
"CAN10","London","T_T","Population, All ages. Administrative data","2009","2009","PER","Persons","0","Units",,,549499,,
"CAN10","London","T_T","Population, All ages. Administrative data","2010","2010","PER","Persons","0","Units",,,543562,,
"CAN10","London","T_T","Population, All ages. Administrative data","2011","2011","PER","Persons","0","Units",,,537625,,
"CAN10","London","T_T","Population, All ages. Administrative data","2012","2012","PER","Persons","0","Units",,,541668,,
"CAN10","London","T_T","Population, All ages. Administrative data","2013","2013","PER","Persons","0","Units",,,545711,,
"CAN10","London","T_T","Population, All ages. Administrative data","2014","2014","PER","Persons","0","Units",,,549754,,
"CAN10","London","T_T","Population, All ages. Administrative data","2015","2015","PER","Persons","0","Units",,,553797,,
"CAN10","London","T_T","Population, All ages. Administrative data","2016","2016","PER","Persons","0","Units",,,557840,,
"MEX31","Tuxtla Gutierrez","T_T","Population, All ages. Administrative data","2000","2000","PER","Persons","0","Units",,,491568,,
"MEX31","Tuxtla Gutierrez","T_T","Population, All ages. Administrative data","2005","2005","PER","Persons","0","Units",,,490206,,
"MEX31","Tuxtla Gutierrez","T_T","Population, All ages. Administrative data","2010","2010","PER","Persons","0","Units",,,547412,,
"MEX31","Tuxtla Gutierrez","T_T","Population, All ages. Administrative data","2015","2015","PER","Persons","0","Units",,,624713,,
"CH003","Basel","T_T","Population, All ages. Administrative data","2000","2000","PER","Persons","0","Units",,,495105,,
"CH003","Basel","T_T","Population, All ages. Administrative data","2001","2001","PER","Persons","0","Units",,,497717,,
"CH003","Basel","T_T","Population, All ages. Administrative data","2002","2002","PER","Persons","0","Units",,,500329,,
"CH003","Basel","T_T","Population, All ages. Administrative data","2003","2003","PER","Persons","0","Units",,,502942,,
"CH003","Basel","T_T","Population, All ages. Administrative data","2004","2004","PER","Persons","0","Units",,,505554,,
"CH003","Basel","T_T","Population, All ages. Administrative data","2005","2005","PER","Persons","0","Units",,,508166,,
"CH003","Basel","T_T","Population, All ages. Administrative data","2006","2006","PER","Persons","0","Units",,,510779,,
"CH003","Basel","T_T","Population, All ages. Administrative data","2007","2007","PER","Persons","0","Units",,,513391,,
"CH003","Basel","T_T","Population, All ages. Administrative data","2008","2008","PER","Persons","0","Units",,,516004,,
"CH003","Basel","T_T","Population, All ages. Administrative data","2009","2009","PER","Persons","0","Units",,,518617,,
"CH003","Basel","T_T","Population, All ages. Administrative data","2010","2010","PER","Persons","0","Units",,,521229,,
"CH003","Basel","T_T","Population, All ages. Administrative data","2011","2011","PER","Persons","0","Units",,,523992,,
"CH003","Basel","T_T","Population, All ages. Administrative data","2012","2012","PER","Persons","0","Units",,,527225,,
"CH003","Basel","T_T","Population, All ages. Administrative data","2013","2013","PER","Persons","0","Units",,,532185,,
"CH003","Basel","T_T","Population, All ages. Administrative data","2014","2014","PER","Persons","0","Units",,,537051,,
"CH003","Basel","T_T","Population, All ages. Administrative data","2015","2015","PER","Persons","0","Units",,,541011,,
"CH003","Basel","T_T","Population, All ages. Administrative data","2016","2016","PER","Persons","0","Units",,,545326,,
"ES020","Cordoba","T_T","Population, All ages. Administrative data","2000","2000","PER","Persons","0","Units",,,342526,,
"ES020","Cordoba","T_T","Population, All ages. Administrative data","2001","2001","PER","Persons","0","Units",,,343489,,
"ES020","Cordoba","T_T","Population, All ages. Administrative data","2002","2002","PER","Persons","0","Units",,,344451,,
"ES020","Cordoba","T_T","Population, All ages. Administrative data","2003","2003","PER","Persons","0","Units",,,345413,,
"ES020","Cordoba","T_T","Population, All ages. Administrative data","2004","2004","PER","Persons","0","Units",,,346375,,
"ES020","Cordoba","T_T","Population, All ages. Administrative data","2005","2005","PER","Persons","0","Units",,,347338,,
"ES020","Cordoba","T_T","Population, All ages. Administrative data","2006","2006","PER","Persons","0","Units",,,348301,,
"ES020","Cordoba","T_T","Population, All ages. Administrative data","2007","2007","PER","Persons","0","Units",,,349262,,
"ES020","Cordoba","T_T","Population, All ages. Administrative data","2008","2008","PER","Persons","0","Units",,,350225,,
"ES020","Cordoba","T_T","Population, All ages. Administrative data","2009","2009","PER","Persons","0","Units",,,351188,,
"ES020","Cordoba","T_T","Population, All ages. Administrative data","2010","2010","PER","Persons","0","Units",,,352151,,
"ES020","Cordoba","T_T","Population, All ages. Administrative data","2011","2011","PER","Persons","0","Units",,,353112,,
"ES020","Cordoba","T_T","Population, All ages. Administrative data","2012","2012","PER","Persons","0","Units",,,354075,,
"ES020","Cordoba","T_T","Population, All ages. Administrative data","2013","2013","PER","Persons","0","Units",,,355038,,
"ES020","Cordoba","T_T","Population, All ages. Administrative data","2014","2014","PER","Persons","0","Units",,,356000,,
"ES020","Cordoba","T_T","Population, All ages. Administrative data","2015","2015","PER","Persons","0","Units",,,356962,,
"ES020","Cordoba","T_T","Population, All ages. Administrative data","2016","2016","PER","Persons","0","Units",,,357924,,
"IT505","Reggio nell'Emilia","POP_DEN","Population density (pop. per km2)","2000","2000","PER","Persons","0","Units",,,341,,
"IT505","Reggio nell'Emilia","POP_DEN","Population density (pop. per km2)","2001","2001","PER","Persons","0","Units",,,345,,
"IT505","Reggio nell'Emilia","POP_DEN","Population density (pop. per km2)","2002","2002","PER","Persons","0","Units",,,350,,
"IT505","Reggio nell'Emilia","POP_DEN","Population density (pop. per km2)","2003","2003","PER","Persons","0","Units",,,355,,
"IT505","Reggio nell'Emilia","POP_DEN","Population density (pop. per km2)","2004","2004","PER","Persons","0","Units",,,359,,
"IT505","Reggio nell'Emilia","POP_DEN","Population density (pop. per km2)","2005","2005","PER","Persons","0","Units",,,364,,
"IT505","Reggio nell'Emilia","POP_DEN","Population density (pop. per km2)","2006","2006","PER","Persons","0","Units",,,369,,
"IT505","Reggio nell'Emilia","POP_DEN","Population density (pop. per km2)","2007","2007","PER","Persons","0","Units",,,373,,
"IT505","Reggio nell'Emilia","POP_DEN","Population density (pop. per km2)","2008","2008","PER","Persons","0","Units",,,378,,
"IT505","Reggio nell'Emilia","POP_DEN","Population density (pop. per km2)","2009","2009","PER","Persons","0","Units",,,383,,
"IT505","Reggio nell'Emilia","POP_DEN","Population density (pop. per km2)","2010","2010","PER","Persons","0","Units",,,387,,
"IT505","Reggio nell'Emilia","POP_DEN","Population density (pop. per km2)","2011","2011","PER","Persons","0","Units",,,392,,
"IT505","Reggio nell'Emilia","POP_DEN","Population density (pop. per km2)","2012","2012","PER","Persons","0","Units",,,397,,
"IT505","Reggio nell'Emilia","POP_DEN","Population density (pop. per km2)","2013","2013","PER","Persons","0","Units",,,400,,
"IT505","Reggio nell'Emilia","POP_DEN","Population density (pop. per km2)","2014","2014","PER","Persons","0","Units",,,414,,
"IT505","Reggio nell'Emilia","POP_DEN","Population density (pop. per km2)","2015","2015","PER","Persons","0","Units",,,412,,
"IT505","Reggio nell'Emilia","POP_DEN","Population density (pop. per km2)","2016","2016","PER","Persons","0","Units",,,412,,
"UK002","West Midlands urban area","T_T","Population, All ages. Administrative data","2001","2001","PER","Persons","0","Units",,,2688670,,
"UK002","West Midlands urban area","T_T","Population, All ages. Administrative data","2002","2002","PER","Persons","0","Units",,,2700126,,
"UK002","West Midlands urban area","T_T","Population, All ages. Administrative data","2003","2003","PER","Persons","0","Units",,,2711859,,
"UK002","West Midlands urban area","T_T","Population, All ages. Administrative data","2004","2004","PER","Persons","0","Units",,,2724407,,
"UK002","West Midlands urban area","T_T","Population, All ages. Administrative data","2005","2005","PER","Persons","0","Units",,,2743876,,
"UK002","West Midlands urban area","T_T","Population, All ages. Administrative data","2006","2006","PER","Persons","0","Units",,,2758718,,
"UK002","West Midlands urban area","T_T","Population, All ages. Administrative data","2007","2007","PER","Persons","0","Units",,,2775810,,
"UK002","West Midlands urban area","T_T","Population, All ages. Administrative data","2008","2008","PER","Persons","0","Units",,,2798756,,
"UK002","West Midlands urban area","T_T","Population, All ages. Administrative data","2009","2009","PER","Persons","0","Units",,,2819119,,
"UK002","West Midlands urban area","T_T","Population, All ages. Administrative data","2010","2010","PER","Persons","0","Units",,,2840893,,
"UK002","West Midlands urban area","T_T","Population, All ages. Administrative data","2011","2011","PER","Persons","0","Units",,,2864763,,
"UK002","West Midlands urban area","T_T","Population, All ages. Administrative data","2012","2012","PER","Persons","0","Units",,,2882593,,
"UK002","West Midlands urban area","T_T","Population, All ages. Administrative data","2013","2013","PER","Persons","0","Units",,,2899390,,
"UK002","West Midlands urban area","T_T","Population, All ages. Administrative data","2014","2014","PER","Persons","0","Units",,,2918622,,
"UK002","West Midlands urban area","T_T","Population, All ages. Administrative data","2015","2015","PER","Persons","0","Units",,,2939153,,
"UK002","West Midlands urban area","T_T","Population, All ages. Administrative data","2016","2016","PER","Persons","0","Units",,,2968313,,
"DE533","Pforzheim","POP_DEN","Population density (pop. per km2)","2001","2001","PER","Persons","0","Units",,,460,,
"DE533","Pforzheim","POP_DEN","Population density (pop. per km2)","2002","2002","PER","Persons","0","Units",,,463,,
"DE533","Pforzheim","POP_DEN","Population density (pop. per km2)","2003","2003","PER","Persons","0","Units",,,466,,
"DE533","Pforzheim","POP_DEN","Population density (pop. per km2)","2004","2004","PER","Persons","0","Units",,,467,,
"DE533","Pforzheim","POP_DEN","Population density (pop. per km2)","2005","2005","PER","Persons","0","Units",,,468,,
"DE533","Pforzheim","POP_DEN","Population density (pop. per km2)","2006","2006","PER","Persons","0","Units",,,468,,
"DE533","Pforzheim","POP_DEN","Population density (pop. per km2)","2007","2007","PER","Persons","0","Units",,,468,,
"DE533","Pforzheim","POP_DEN","Population density (pop. per km2)","2008","2008","PER","Persons","0","Units",,,467,,
"DE533","Pforzheim","POP_DEN","Population density (pop. per km2)","2009","2009","PER","Persons","0","Units",,,468,,
"DE533","Pforzheim","POP_DEN","Population density (pop. per km2)","2010","2010","PER","Persons","0","Units",,,467,,
"DE533","Pforzheim","POP_DEN","Population density (pop. per km2)","2011","2011","PER","Persons","0","Units",,,454,,
"DE533","Pforzheim","POP_DEN","Population density (pop. per km2)","2012","2012","PER","Persons","0","Units",,,455,,
"DE533","Pforzheim","POP_DEN","Population density (pop. per km2)","2013","2013","PER","Persons","0","Units",,,458,,
"DE533","Pforzheim","POP_DEN","Population density (pop. per km2)","2014","2014","PER","Persons","0","Units",,,461,,
"DE533","Pforzheim","POP_DEN","Population density (pop. per km2)","2015","2015","PER","Persons","0","Units",,,465,,
"DE533","Pforzheim","POP_DEN","Population density (pop. per km2)","2016","2016","PER","Persons","0","Units",,,473,,
"MEX38","Tepic","POP_DEN","Population density (pop. per km2)","2000","2000","PER","Persons","0","Units",,,168,,
"MEX38","Tepic","POP_DEN","Population density (pop. per km2)","2005","2005","PER","Persons","0","Units",,,172,,
"MEX38","Tepic","POP_DEN","Population density (pop. per km2)","2010","2010","PER","Persons","0","Units",,,198,,
"MEX38","Tepic","POP_DEN","Population density (pop. per km2)","2015","2015","PER","Persons","0","Units",,,232,,
"USA28","Charlotte","T_T_SH_NAT","Share of population  in metropolitan area over the national value","2001","2001","RATIO","Ratio","0","Units",,,0.5,,
"USA28","Charlotte","T_T_SH_NAT","Share of population  in metropolitan area over the national value","2002","2002","RATIO","Ratio","0","Units",,,0.5,,
"USA28","Charlotte","T_T_SH_NAT","Share of population  in metropolitan area over the national value","2003","2003","RATIO","Ratio","0","Units",,,0.5,,
"USA28","Charlotte","T_T_SH_NAT","Share of population  in metropolitan area over the national value","2004","2004","RATIO","Ratio","0","Units",,,0.5,,
"USA28","Charlotte","T_T_SH_NAT","Share of population  in metropolitan area over the national value","2005","2005","RATIO","Ratio","0","Units",,,0.5,,
"USA28","Charlotte","T_T_SH_NAT","Share of population  in metropolitan area over the national value","2006","2006","RATIO","Ratio","0","Units",,,0.5,,
"USA28","Charlotte","T_T_SH_NAT","Share of population  in metropolitan area over the national value","2007","2007","RATIO","Ratio","0","Units",,,0.5,,
"USA28","Charlotte","T_T_SH_NAT","Share of population  in metropolitan area over the national value","2008","2008","RATIO","Ratio","0","Units",,,0.6,,
"USA28","Charlotte","T_T_SH_NAT","Share of population  in metropolitan area over the national value","2009","2009","RATIO","Ratio","0","Units",,,0.6,,
"USA28","Charlotte","T_T_SH_NAT","Share of population  in metropolitan area over the national value","2010","2010","RATIO","Ratio","0","Units",,,0.6,,
"USA28","Charlotte","T_T_SH_NAT","Share of population  in metropolitan area over the national value","2011","2011","RATIO","Ratio","0","Units",,,0.6,,
"USA28","Charlotte","T_T_SH_NAT","Share of population  in metropolitan area over the national value","2012","2012","RATIO","Ratio","0","Units",,,0.6,,
"USA28","Charlotte","T_T_SH_NAT","Share of population  in metropolitan area over the national value","2013","2013","RATIO","Ratio","0","Units",,,0.6,,
"USA28","Charlotte","T_T_SH_NAT","Share of population  in metropolitan area over the national value","2014","2014","RATIO","Ratio","0","Units",,,0.6,,
"USA28","Charlotte","T_T_SH_NAT","Share of population  in metropolitan area over the national value","2015","2015","RATIO","Ratio","0","Units",,,0.6,,
"USA28","Charlotte","T_T_SH_NAT","Share of population  in metropolitan area over the national value","2016","2016","RATIO","Ratio","0","Units",,,0.6,,
"IT027","Cagliari","T_T","Population, All ages. Administrative data","2012","2012","PER","Persons","0","Units",,,477356,,
"IT027","Cagliari","T_T","Population, All ages. Administrative data","2013","2013","PER","Persons","0","Units",,,478617,,
"IT027","Cagliari","T_T","Population, All ages. Administrative data","2014","2014","PER","Persons","0","Units",,,487872,,
"IT027","Cagliari","T_T","Population, All ages. Administrative data","2015","2015","PER","Persons","0","Units",,,489215,,
"IT027","Cagliari","T_T","Population, All ages. Administrative data","2016","2016","PER","Persons","0","Units",,,488954,,
"USA119","Tallahassee","T_T","Population, All ages. Administrative data","2000","2000","PER","Persons","0","Units",,,321336,,
"USA119","Tallahassee","T_T","Population, All ages. Administrative data","2001","2001","PER","Persons","0","Units",,,324386,,
"USA119","Tallahassee","T_T","Population, All ages. Administrative data","2002","2002","PER","Persons","0","Units",,,327940,,
"USA119","Tallahassee","T_T","Population, All ages. Administrative data","2003","2003","PER","Persons","0","Units",,,334289,,
"USA119","Tallahassee","T_T","Population, All ages. Administrative data","2004","2004","PER","Persons","0","Units",,,339179,,
"USA119","Tallahassee","T_T","Population, All ages. Administrative data","2005","2005","PER","Persons","0","Units",,,344257,,
"USA119","Tallahassee","T_T","Population, All ages. Administrative data","2006","2006","PER","Persons","0","Units",,,350580,,
"USA119","Tallahassee","T_T","Population, All ages. Administrative data","2007","2007","PER","Persons","0","Units",,,357357,,
"USA119","Tallahassee","T_T","Population, All ages. Administrative data","2008","2008","PER","Persons","0","Units",,,361238,,
"USA119","Tallahassee","T_T","Population, All ages. Administrative data","2009","2009","PER","Persons","0","Units",,,364690,,
"USA119","Tallahassee","T_T","Population, All ages. Administrative data","2010","2010","PER","Persons","0","Units",,,369339,,
"USA119","Tallahassee","T_T","Population, All ages. Administrative data","2011","2011","PER","Persons","0","Units",,,371194,,
"USA119","Tallahassee","T_T","Population, All ages. Administrative data","2012","2012","PER","Persons","0","Units",,,375272,,
"USA119","Tallahassee","T_T","Population, All ages. Administrative data","2013","2013","PER","Persons","0","Units",,,373212,,
"USA119","Tallahassee","T_T","Population, All ages. Administrative data","2014","2014","PER","Persons","0","Units",,,375532,,
"USA119","Tallahassee","T_T","Population, All ages. Administrative data","2015","2015","PER","Persons","0","Units",,,377947,,
"USA119","Tallahassee","T_T","Population, All ages. Administrative data","2016","2016","PER","Persons","0","Units",,,379047,,
"KOR01","Seoul","POP_DEN","Population density (pop. per km2)","2000","2000","PER","Persons","0","Units",,,3015,,
"KOR01","Seoul","POP_DEN","Population density (pop. per km2)","2001","2001","PER","Persons","0","Units",,,3060,,
"KOR01","Seoul","POP_DEN","Population density (pop. per km2)","2002","2002","PER","Persons","0","Units",,,3106,,
"KOR01","Seoul","POP_DEN","Population density (pop. per km2)","2003","2003","PER","Persons","0","Units",,,3151,,
"KOR01","Seoul","POP_DEN","Population density (pop. per km2)","2004","2004","PER","Persons","0","Units",,,3197,,
"KOR01","Seoul","POP_DEN","Population density (pop. per km2)","2005","2005","PER","Persons","0","Units",,,3243,,
"KOR01","Seoul","POP_DEN","Population density (pop. per km2)","2006","2006","PER","Persons","0","Units",,,3288,,
"KOR01","Seoul","POP_DEN","Population density (pop. per km2)","2007","2007","PER","Persons","0","Units",,,3334,,
"KOR01","Seoul","POP_DEN","Population density (pop. per km2)","2008","2008","PER","Persons","0","Units",,,3380,,
"KOR01","Seoul","POP_DEN","Population density (pop. per km2)","2009","2009","PER","Persons","0","Units",,,3425,,
"KOR01","Seoul","POP_DEN","Population density (pop. per km2)","2010","2010","PER","Persons","0","Units",,,3471,,
"KOR01","Seoul","POP_DEN","Population density (pop. per km2)","2011","2011","PER","Persons","0","Units",,,3516,,
"KOR01","Seoul","POP_DEN","Population density (pop. per km2)","2012","2012","PER","Persons","0","Units",,,3535,,
"KOR01","Seoul","POP_DEN","Population density (pop. per km2)","2013","2013","PER","Persons","0","Units",,,3551,,
"KOR01","Seoul","POP_DEN","Population density (pop. per km2)","2014","2014","PER","Persons","0","Units",,,3565,,
"KOR01","Seoul","POP_DEN","Population density (pop. per km2)","2015","2015","PER","Persons","0","Units",,,3579,,
"KOR01","Seoul","POP_DEN","Population density (pop. per km2)","2016","2016","PER","Persons","0","Units",,,3594,,
"USA07","Dallas","T_T_SH_NAT","Share of population  in metropolitan area over the national value","2001","2001","RATIO","Ratio","0","Units",,,1.9,,
"USA07","Dallas","T_T_SH_NAT","Share of population  in metropolitan area over the national value","2002","2002","RATIO","Ratio","0","Units",,,2,,
"USA07","Dallas","T_T_SH_NAT","Share of population  in metropolitan area over the national value","2003","2003","RATIO","Ratio","0","Units",,,2,,
"USA07","Dallas","T_T_SH_NAT","Share of population  in metropolitan area over the national value","2004","2004","RATIO","Ratio","0","Units",,,2,,
"USA07","Dallas","T_T_SH_NAT","Share of population  in metropolitan area over the national value","2005","2005","RATIO","Ratio","0","Units",,,2,,
"USA07","Dallas","T_T_SH_NAT","Share of population  in metropolitan area over the national value","2006","2006","RATIO","Ratio","0","Units",,,2,,
"USA07","Dallas","T_T_SH_NAT","Share of population  in metropolitan area over the national value","2007","2007","RATIO","Ratio","0","Units",,,2.1,,
"USA07","Dallas","T_T_SH_NAT","Share of population  in metropolitan area over the national value","2008","2008","RATIO","Ratio","0","Units",,,2.1,,
"USA07","Dallas","T_T_SH_NAT","Share of population  in metropolitan area over the national value","2009","2009","RATIO","Ratio","0","Units",,,2.1,,
"USA07","Dallas","T_T_SH_NAT","Share of population  in metropolitan area over the national value","2010","2010","RATIO","Ratio","0","Units",,,2.1,,
"USA07","Dallas","T_T_SH_NAT","Share of population  in metropolitan area over the national value","2011","2011","RATIO","Ratio","0","Units",,,2.2,,
"USA07","Dallas","T_T_SH_NAT","Share of population  in metropolitan area over the national value","2012","2012","RATIO","Ratio","0","Units",,,2.2,,
"USA07","Dallas","T_T_SH_NAT","Share of population  in metropolitan area over the national value","2013","2013","RATIO","Ratio","0","Units",,,2.2,,
"USA07","Dallas","T_T_SH_NAT","Share of population  in metropolitan area over the national value","2014","2014","RATIO","Ratio","0","Units",,,2.2,,
"USA07","Dallas","T_T_SH_NAT","Share of population  in metropolitan area over the national value","2015","2015","RATIO","Ratio","0","Units",,,2.3,,
"USA07","Dallas","T_T_SH_NAT","Share of population  in metropolitan area over the national value","2016","2016","RATIO","Ratio","0","Units",,,2.3,,
"FR037","Brest","POP_DEN","Population density (pop. per km2)","2000","2000","PER","Persons","0","Units",,,268,,
"FR037","Brest","POP_DEN","Population density (pop. per km2)","2001","2001","PER","Persons","0","Units",,,269,,
"FR037","Brest","POP_DEN","Population density (pop. per km2)","2002","2002","PER","Persons","0","Units",,,270,,
"FR037","Brest","POP_DEN","Population density (pop. per km2)","2003","2003","PER","Persons","0","Units",,,271,,
"FR037","Brest","POP_DEN","Population density (pop. per km2)","2004","2004","PER","Persons","0","Units",,,271,,
"FR037","Brest","POP_DEN","Population density (pop. per km2)","2005","2005","PER","Persons","0","Units",,,272,,
"FR037","Brest","POP_DEN","Population density (pop. per km2)","2006","2006","PER","Persons","0","Units",,,273,,
"FR037","Brest","POP_DEN","Population density (pop. per km2)","2007","2007","PER","Persons","0","Units",,,274,,
"FR037","Brest","POP_DEN","Population density (pop. per km2)","2008","2008","PER","Persons","0","Units",,,275,,
"FR037","Brest","POP_DEN","Population density (pop. per km2)","2009","2009","PER","Persons","0","Units",,,276,,
"FR037","Brest","POP_DEN","Population density (pop. per km2)","2010","2010","PER","Persons","0","Units",,,277,,
"FR037","Brest","POP_DEN","Population density (pop. per km2)","2011","2011","PER","Persons","0","Units",,,278,,
"FR037","Brest","POP_DEN","Population density (pop. per km2)","2012","2012","PER","Persons","0","Units",,,279,,
"FR037","Brest","POP_DEN","Population density (pop. per km2)","2013","2013","PER","Persons","0","Units",,,280,,
"FR037","Brest","POP_DEN","Population density (pop. per km2)","2014","2014","PER","Persons","0","Units",,,280,,
"FR037","Brest","POP_DEN","Population density (pop. per km2)","2015","2015","PER","Persons","0","Units",,,264,,
"USA08","Houston","POP_DEN","Population density (pop. per km2)","2000","2000","PER","Persons","0","Units",,,163,,
"USA08","Houston","POP_DEN","Population density (pop. per km2)","2001","2001","PER","Persons","0","Units",,,167,,
"USA08","Houston","POP_DEN","Population density (pop. per km2)","2002","2002","PER","Persons","0","Units",,,171,,
"USA08","Houston","POP_DEN","Population density (pop. per km2)","2003","2003","PER","Persons","0","Units",,,174,,
"USA08","Houston","POP_DEN","Population density (pop. per km2)","2004","2004","PER","Persons","0","Units",,,177,,
"USA08","Houston","POP_DEN","Population density (pop. per km2)","2005","2005","PER","Persons","0","Units",,,181,,
"USA08","Houston","POP_DEN","Population density (pop. per km2)","2006","2006","PER","Persons","0","Units",,,187,,
"USA08","Houston","POP_DEN","Population density (pop. per km2)","2007","2007","PER","Persons","0","Units",,,191,,
"USA08","Houston","POP_DEN","Population density (pop. per km2)","2008","2008","PER","Persons","0","Units",,,196,,
"USA08","Houston","POP_DEN","Population density (pop. per km2)","2009","2009","PER","Persons","0","Units",,,201,,
"USA08","Houston","POP_DEN","Population density (pop. per km2)","2010","2010","PER","Persons","0","Units",,,205,,
"USA08","Houston","POP_DEN","Population density (pop. per km2)","2011","2011","PER","Persons","0","Units",,,209,,
"USA08","Houston","POP_DEN","Population density (pop. per km2)","2012","2012","PER","Persons","0","Units",,,213,,
"USA08","Houston","POP_DEN","Population density (pop. per km2)","2013","2013","PER","Persons","0","Units",,,218,,
"USA08","Houston","POP_DEN","Population density (pop. per km2)","2014","2014","PER","Persons","0","Units",,,224,,
"USA08","Houston","POP_DEN","Population density (pop. per km2)","2015","2015","PER","Persons","0","Units",,,230,,
"USA08","Houston","POP_DEN","Population density (pop. per km2)","2016","2016","PER","Persons","0","Units",,,234,,
"NL015","Leeuwarden","T_T","Population, All ages. Administrative data","2000","2000","PER","Persons","0","Units",,,251161,,
"UK019","Lincoln","POP_DEN","Population density (pop. per km2)","2001","2001","PER","Persons","0","Units",,,123,,
"UK019","Lincoln","POP_DEN","Population density (pop. per km2)","2002","2002","PER","Persons","0","Units",,,125,,
"UK019","Lincoln","POP_DEN","Population density (pop. per km2)","2003","2003","PER","Persons","0","Units",,,127,,
"UK019","Lincoln","POP_DEN","Population density (pop. per km2)","2004","2004","PER","Persons","0","Units",,,129,,
"UK019","Lincoln","POP_DEN","Population density (pop. per km2)","2005","2005","PER","Persons","0","Units",,,130,,
"UK019","Lincoln","POP_DEN","Population density (pop. per km2)","2006","2006","PER","Persons","0","Units",,,131,,
"UK019","Lincoln","POP_DEN","Population density (pop. per km2)","2007","2007","PER","Persons","0","Units",,,133,,
"UK019","Lincoln","POP_DEN","Population density (pop. per km2)","2008","2008","PER","Persons","0","Units",,,134,,
"UK019","Lincoln","POP_DEN","Population density (pop. per km2)","2009","2009","PER","Persons","0","Units",,,135,,
"UK019","Lincoln","POP_DEN","Population density (pop. per km2)","2010","2010","PER","Persons","0","Units",,,137,,
"UK019","Lincoln","POP_DEN","Population density (pop. per km2)","2011","2011","PER","Persons","0","Units",,,138,,
"UK019","Lincoln","POP_DEN","Population density (pop. per km2)","2012","2012","PER","Persons","0","Units",,,139,,
"UK019","Lincoln","POP_DEN","Population density (pop. per km2)","2013","2013","PER","Persons","0","Units",,,140,,
"UK019","Lincoln","POP_DEN","Population density (pop. per km2)","2014","2014","PER","Persons","0","Units",,,142,,
"UK019","Lincoln","POP_DEN","Population density (pop. per km2)","2015","2015","PER","Persons","0","Units",,,143,,
"UK019","Lincoln","POP_DEN","Population density (pop. per km2)","2016","2016","PER","Persons","0","Units",,,144,,
"UK528","Northampton","T_T_SH_NAT","Share of population  in metropolitan area over the national value","2001","2001","RATIO","Ratio","0","Units",,,0.7,,
"UK528","Northampton","T_T_SH_NAT","Share of population  in metropolitan area over the national value","2002","2002","RATIO","Ratio","0","Units",,,0.7,,
"UK528","Northampton","T_T_SH_NAT","Share of population  in metropolitan area over the national value","2003","2003","RATIO","Ratio","0","Units",,,0.7,,
"UK528","Northampton","T_T_SH_NAT","Share of population  in metropolitan area over the national value","2004","2004","RATIO","Ratio","0","Units",,,0.7,,
"UK528","Northampton","T_T_SH_NAT","Share of population  in metropolitan area over the national value","2005","2005","RATIO","Ratio","0","Units",,,0.7,,
"UK528","Northampton","T_T_SH_NAT","Share of population  in metropolitan area over the national value","2006","2006","RATIO","Ratio","0","Units",,,0.7,,
"UK528","Northampton","T_T_SH_NAT","Share of population  in metropolitan area over the national value","2007","2007","RATIO","Ratio","0","Units",,,0.7,,
"UK528","Northampton","T_T_SH_NAT","Share of population  in metropolitan area over the national value","2008","2008","RATIO","Ratio","0","Units",,,0.7,,
"UK528","Northampton","T_T_SH_NAT","Share of population  in metropolitan area over the national value","2009","2009","RATIO","Ratio","0","Units",,,0.7,,
"UK528","Northampton","T_T_SH_NAT","Share of population  in metropolitan area over the national value","2010","2010","RATIO","Ratio","0","Units",,,0.7,,
"UK528","Northampton","T_T_SH_NAT","Share of population  in metropolitan area over the national value","2011","2011","RATIO","Ratio","0","Units",,,0.7,,
"UK528","Northampton","T_T_SH_NAT","Share of population  in metropolitan area over the national value","2012","2012","RATIO","Ratio","0","Units",,,0.7,,
"UK528","Northampton","T_T_SH_NAT","Share of population  in metropolitan area over the national value","2013","2013","RATIO","Ratio","0","Units",,,0.7,,
"UK528","Northampton","T_T_SH_NAT","Share of population  in metropolitan area over the national value","2014","2014","RATIO","Ratio","0","Units",,,0.7,,
"UK528","Northampton","T_T_SH_NAT","Share of population  in metropolitan area over the national value","2015","2015","RATIO","Ratio","0","Units",,,0.7,,
"UK528","Northampton","T_T_SH_NAT","Share of population  in metropolitan area over the national value","2016","2016","RATIO","Ratio","0","Units",,,0.7,,
"ES533","Marbella","POP_DEN","Population density (pop. per km2)","2000","2000","PER","Persons","0","Units",,,298,,
"ES533","Marbella","POP_DEN","Population density (pop. per km2)","2001","2001","PER","Persons","0","Units",,,307,,
"ES533","Marbella","POP_DEN","Population density (pop. per km2)","2002","2002","PER","Persons","0","Units",,,316,,
"ES533","Marbella","POP_DEN","Population density (pop. per km2)","2003","2003","PER","Persons","0","Units",,,325,,
"ES533","Marbella","POP_DEN","Population density (pop. per km2)","2004","2004","PER","Persons","0","Units",,,334,,
"ES533","Marbella","POP_DEN","Population density (pop. per km2)","2005","2005","PER","Persons","0","Units",,,343,,
"ES533","Marbella","POP_DEN","Population density (pop. per km2)","2006","2006","PER","Persons","0","Units",,,352,,
"ES533","Marbella","POP_DEN","Population density (pop. per km2)","2007","2007","PER","Persons","0","Units",,,361,,
"ES533","Marbella","POP_DEN","Population density (pop. per km2)","2008","2008","PER","Persons","0","Units",,,370,,
"ES533","Marbella","POP_DEN","Population density (pop. per km2)","2009","2009","PER","Persons","0","Units",,,379,,
"ES533","Marbella","POP_DEN","Population density (pop. per km2)","2010","2010","PER","Persons","0","Units",,,388,,
"ES533","Marbella","POP_DEN","Population density (pop. per km2)","2011","2011","PER","Persons","0","Units",,,397,,
"ES533","Marbella","POP_DEN","Population density (pop. per km2)","2012","2012","PER","Persons","0","Units",,,406,,
"ES533","Marbella","POP_DEN","Population density (pop. per km2)","2013","2013","PER","Persons","0","Units",,,415,,
"ES533","Marbella","POP_DEN","Population density (pop. per km2)","2014","2014","PER","Persons","0","Units",,,424,,
"ES533","Marbella","POP_DEN","Population density (pop. per km2)","2015","2015","PER","Persons","0","Units",,,433,,
"ES533","Marbella","POP_DEN","Population density (pop. per km2)","2016","2016","PER","Persons","0","Units",,,442,,
"LV001","Riga","T_T","Population, All ages. Administrative data","2000","2000","PER","Persons","0","Units",,,1039979,,
"LV001","Riga","T_T","Population, All ages. Administrative data","2001","2001","PER","Persons","0","Units",,,1032527,,
"LV001","Riga","T_T","Population, All ages. Administrative data","2002","2002","PER","Persons","0","Units",,,1025077,,
"LV001","Riga","T_T","Population, All ages. Administrative data","2003","2003","PER","Persons","0","Units",,,1017625,,
"LV001","Riga","T_T","Population, All ages. Administrative data","2004","2004","PER","Persons","0","Units",,,1010173,,
"LV001","Riga","T_T","Population, All ages. Administrative data","2005","2005","PER","Persons","0","Units",,,1002722,,
"LV001","Riga","T_T","Population, All ages. Administrative data","2006","2006","PER","Persons","0","Units",,,995272,,
"LV001","Riga","T_T","Population, All ages. Administrative data","2007","2007","PER","Persons","0","Units",,,987821,,
"LV001","Riga","T_T","Population, All ages. Administrative data","2008","2008","PER","Persons","0","Units",,,980369,,
"LV001","Riga","T_T","Population, All ages. Administrative data","2009","2009","PER","Persons","0","Units",,,972917,,
"LV001","Riga","T_T","Population, All ages. Administrative data","2010","2010","PER","Persons","0","Units",,,965467,,
"LV001","Riga","T_T","Population, All ages. Administrative data","2011","2011","PER","Persons","0","Units",,,958015,,
"LV001","Riga","T_T","Population, All ages. Administrative data","2012","2012","PER","Persons","0","Units",,,953921,,
"LV001","Riga","T_T","Population, All ages. Administrative data","2013","2013","PER","Persons","0","Units",,,949827,,
"LV001","Riga","T_T","Population, All ages. Administrative data","2014","2014","PER","Persons","0","Units",,,945734,,
"LV001","Riga","T_T","Population, All ages. Administrative data","2015","2015","PER","Persons","0","Units",,,941640,,
"LV001","Riga","T_T","Population, All ages. Administrative data","2016","2016","PER","Persons","0","Units",,,937546,,
"MEX28","Benito Juarez","T_T","Population, All ages. Administrative data","2000","2000","PER","Persons","0","Units",,,533292,,
"MEX28","Benito Juarez","T_T","Population, All ages. Administrative data","2005","2005","PER","Persons","0","Units",,,480402,,
"MEX28","Benito Juarez","T_T","Population, All ages. Administrative data","2010","2010","PER","Persons","0","Units",,,647965,,
"MEX28","Benito Juarez","T_T","Population, All ages. Administrative data","2015","2015","PER","Persons","0","Units",,,783484,,
"UK569","Ipswich","T_T","Population, All ages. Administrative data","2001","2001","PER","Persons","0","Units",,,315933,,
"UK569","Ipswich","T_T","Population, All ages. Administrative data","2002","2002","PER","Persons","0","Units",,,317659,,
"UK569","Ipswich","T_T","Population, All ages. Administrative data","2003","2003","PER","Persons","0","Units",,,321121,,
"UK569","Ipswich","T_T","Population, All ages. Administrative data","2004","2004","PER","Persons","0","Units",,,324995,,
"UK569","Ipswich","T_T","Population, All ages. Administrative data","2005","2005","PER","Persons","0","Units",,,329604,,
"UK569","Ipswich","T_T","Population, All ages. Administrative data","2006","2006","PER","Persons","0","Units",,,332478,,
"UK569","Ipswich","T_T","Population, All ages. Administrative data","2007","2007","PER","Persons","0","Units",,,335393,,
"UK569","Ipswich","T_T","Population, All ages. Administrative data","2008","2008","PER","Persons","0","Units",,,338488,,
"UK569","Ipswich","T_T","Population, All ages. Administrative data","2009","2009","PER","Persons","0","Units",,,340572,,
"UK569","Ipswich","T_T","Population, All ages. Administrative data","2010","2010","PER","Persons","0","Units",,,343458,,
"UK569","Ipswich","T_T","Population, All ages. Administrative data","2011","2011","PER","Persons","0","Units",,,346220,,
"UK569","Ipswich","T_T","Population, All ages. Administrative data","2012","2012","PER","Persons","0","Units",,,347805,,
"UK569","Ipswich","T_T","Population, All ages. Administrative data","2013","2013","PER","Persons","0","Units",,,349520,,
"UK569","Ipswich","T_T","Population, All ages. Administrative data","2014","2014","PER","Persons","0","Units",,,351731,,
"UK569","Ipswich","T_T","Population, All ages. Administrative data","2015","2015","PER","Persons","0","Units",,,354174,,
"UK569","Ipswich","T_T","Population, All ages. Administrative data","2016","2016","PER","Persons","0","Units",,,356601,,
"KOR10","Sebuk","T_T","Population, All ages. Administrative data","2000","2000","PER","Persons","0","Units",,,416207,,
"KOR10","Sebuk","T_T","Population, All ages. Administrative data","2001","2001","PER","Persons","0","Units",,,430313,,
"KOR10","Sebuk","T_T","Population, All ages. Administrative data","2002","2002","PER","Persons","0","Units",,,444420,,
"KOR10","Sebuk","T_T","Population, All ages. Administrative data","2003","2003","PER","Persons","0","Units",,,458526,,
"KOR10","Sebuk","T_T","Population, All ages. Administrative data","2004","2004","PER","Persons","0","Units",,,472632,,
"KOR10","Sebuk","T_T","Population, All ages. Administrative data","2005","2005","PER","Persons","0","Units",,,486739,,
"KOR10","Sebuk","T_T","Population, All ages. Administrative data","2006","2006","PER","Persons","0","Units",,,500845,,
"KOR10","Sebuk","T_T","Population, All ages. Administrative data","2007","2007","PER","Persons","0","Units",,,514952,,
"KOR10","Sebuk","T_T","Population, All ages. Administrative data","2008","2008","PER","Persons","0","Units",,,529058,,
"KOR10","Sebuk","T_T","Population, All ages. Administrative data","2009","2009","PER","Persons","0","Units",,,543164,,
"KOR10","Sebuk","T_T","Population, All ages. Administrative data","2010","2010","PER","Persons","0","Units",,,557271,,
"KOR10","Sebuk","T_T","Population, All ages. Administrative data","2011","2011","PER","Persons","0","Units",,,571377,,
"KOR10","Sebuk","T_T","Population, All ages. Administrative data","2012","2012","PER","Persons","0","Units",,,581988,,
"KOR10","Sebuk","T_T","Population, All ages. Administrative data","2013","2013","PER","Persons","0","Units",,,591089,,
"KOR10","Sebuk","T_T","Population, All ages. Administrative data","2014","2014","PER","Persons","0","Units",,,598346,,
"KOR10","Sebuk","T_T","Population, All ages. Administrative data","2015","2015","PER","Persons","0","Units",,,605776,,
"KOR10","Sebuk","T_T","Population, All ages. Administrative data","2016","2016","PER","Persons","0","Units",,,617955,,
"PL016","Opole","POP_DEN","Population density (pop. per km2)","2000","2000","PER","Persons","0","Units",,,146,,
"PL016","Opole","POP_DEN","Population density (pop. per km2)","2001","2001","PER","Persons","0","Units",,,145,,
"PL016","Opole","POP_DEN","Population density (pop. per km2)","2002","2002","PER","Persons","0","Units",,,145,,
"PL016","Opole","POP_DEN","Population density (pop. per km2)","2003","2003","PER","Persons","0","Units",,,144,,
"PL016","Opole","POP_DEN","Population density (pop. per km2)","2004","2004","PER","Persons","0","Units",,,150,,
"PL016","Opole","POP_DEN","Population density (pop. per km2)","2005","2005","PER","Persons","0","Units",,,150,,
"PL016","Opole","POP_DEN","Population density (pop. per km2)","2006","2006","PER","Persons","0","Units",,,149,,
"PL016","Opole","POP_DEN","Population density (pop. per km2)","2007","2007","PER","Persons","0","Units",,,149,,
"PL016","Opole","POP_DEN","Population density (pop. per km2)","2008","2008","PER","Persons","0","Units",,,148,,
"PL016","Opole","POP_DEN","Population density (pop. per km2)","2009","2009","PER","Persons","0","Units",,,148,,
"PL016","Opole","POP_DEN","Population density (pop. per km2)","2010","2010","PER","Persons","0","Units",,,146,,
"PL016","Opole","POP_DEN","Population density (pop. per km2)","2011","2011","PER","Persons","0","Units",,,146,,
"PL016","Opole","POP_DEN","Population density (pop. per km2)","2012","2012","PER","Persons","0","Units",,,145,,
"PL016","Opole","POP_DEN","Population density (pop. per km2)","2013","2013","PER","Persons","0","Units",,,144,,
"PL016","Opole","POP_DEN","Population density (pop. per km2)","2014","2014","PER","Persons","0","Units",,,144,,
"PL016","Opole","POP_DEN","Population density (pop. per km2)","2015","2015","PER","Persons","0","Units",,,144,,
"PL016","Opole","POP_DEN","Population density (pop. per km2)","2016","2016","PER","Persons","0","Units",,,143,,
"COL11","Santa Marta","POP_DEN","Population density (pop. per km2)","2000","2000","PER","Persons","0","Units",,,152,,
"COL11","Santa Marta","POP_DEN","Population density (pop. per km2)","2001","2001","PER","Persons","0","Units",,,155,,
"COL11","Santa Marta","POP_DEN","Population density (pop. per km2)","2002","2002","PER","Persons","0","Units",,,159,,
"COL11","Santa Marta","POP_DEN","Population density (pop. per km2)","2003","2003","PER","Persons","0","Units",,,162,,
"COL11","Santa Marta","POP_DEN","Population density (pop. per km2)","2004","2004","PER","Persons","0","Units",,,165,,
"COL11","Santa Marta","POP_DEN","Population density (pop. per km2)","2005","2005","PER","Persons","0","Units",,,169,,
"COL11","Santa Marta","POP_DEN","Population density (pop. per km2)","2006","2006","PER","Persons","0","Units",,,172,,
"COL11","Santa Marta","POP_DEN","Population density (pop. per km2)","2007","2007","PER","Persons","0","Units",,,175,,
"COL11","Santa Marta","POP_DEN","Population density (pop. per km2)","2008","2008","PER","Persons","0","Units",,,179,,
"COL11","Santa Marta","POP_DEN","Population density (pop. per km2)","2009","2009","PER","Persons","0","Units",,,182,,
"COL11","Santa Marta","POP_DEN","Population density (pop. per km2)","2010","2010","PER","Persons","0","Units",,,186,,
"COL11","Santa Marta","POP_DEN","Population density (pop. per km2)","2011","2011","PER","Persons","0","Units",,,189,,
"COL11","Santa Marta","POP_DEN","Population density (pop. per km2)","2012","2012","PER","Persons","0","Units",,,192,,
"COL11","Santa Marta","POP_DEN","Population density (pop. per km2)","2013","2013","PER","Persons","0","Units",,,196,,
"COL11","Santa Marta","POP_DEN","Population density (pop. per km2)","2014","2014","PER","Persons","0","Units",,,199,,
"COL11","Santa Marta","POP_DEN","Population density (pop. per km2)","2015","2015","PER","Persons","0","Units",,,203,,
"ES001","Madrid","POP_DEN","Population density (pop. per km2)","2000","2000","PER","Persons","0","Units",,,670,,
"ES001","Madrid","POP_DEN","Population density (pop. per km2)","2001","2001","PER","Persons","0","Units",,,681,,
"ES001","Madrid","POP_DEN","Population density (pop. per km2)","2002","2002","PER","Persons","0","Units",,,691,,
"ES001","Madrid","POP_DEN","Population density (pop. per km2)","2003","2003","PER","Persons","0","Units",,,702,,
"ES001","Madrid","POP_DEN","Population density (pop. per km2)","2004","2004","PER","Persons","0","Units",,,713,,
"ES001","Madrid","POP_DEN","Population density (pop. per km2)","2005","2005","PER","Persons","0","Units",,,724,,
"ES001","Madrid","POP_DEN","Population density (pop. per km2)","2006","2006","PER","Persons","0","Units",,,734,,
"ES001","Madrid","POP_DEN","Population density (pop. per km2)","2007","2007","PER","Persons","0","Units",,,745,,
"ES001","Madrid","POP_DEN","Population density (pop. per km2)","2008","2008","PER","Persons","0","Units",,,756,,
"ES001","Madrid","POP_DEN","Population density (pop. per km2)","2009","2009","PER","Persons","0","Units",,,766,,
"ES001","Madrid","POP_DEN","Population density (pop. per km2)","2010","2010","PER","Persons","0","Units",,,777,,
"ES001","Madrid","POP_DEN","Population density (pop. per km2)","2011","2011","PER","Persons","0","Units",,,788,,
"ES001","Madrid","POP_DEN","Population density (pop. per km2)","2012","2012","PER","Persons","0","Units",,,799,,
"ES001","Madrid","POP_DEN","Population density (pop. per km2)","2013","2013","PER","Persons","0","Units",,,809,,
"ES001","Madrid","POP_DEN","Population density (pop. per km2)","2014","2014","PER","Persons","0","Units",,,820,,
"ES001","Madrid","POP_DEN","Population density (pop. per km2)","2015","2015","PER","Persons","0","Units",,,831,,
"ES001","Madrid","POP_DEN","Population density (pop. per km2)","2016","2016","PER","Persons","0","Units",,,841,,
"AT005","Innsbruck","T_T","Population, All ages. Administrative data","2000","2000","PER","Persons","0","Units",,,278334,,
"AT005","Innsbruck","T_T","Population, All ages. Administrative data","2001","2001","PER","Persons","0","Units",,,279073,,
"AT005","Innsbruck","T_T","Population, All ages. Administrative data","2002","2002","PER","Persons","0","Units",,,279811,,
"AT005","Innsbruck","T_T","Population, All ages. Administrative data","2003","2003","PER","Persons","0","Units",,,280550,,
"AT005","Innsbruck","T_T","Population, All ages. Administrative data","2004","2004","PER","Persons","0","Units",,,281288,,
"AT005","Innsbruck","T_T","Population, All ages. Administrative data","2005","2005","PER","Persons","0","Units",,,282027,,
"AT005","Innsbruck","T_T","Population, All ages. Administrative data","2006","2006","PER","Persons","0","Units",,,283962,,
"AT005","Innsbruck","T_T","Population, All ages. Administrative data","2007","2007","PER","Persons","0","Units",,,285895,,
"AT005","Innsbruck","T_T","Population, All ages. Administrative data","2008","2008","PER","Persons","0","Units",,,287830,,
"AT005","Innsbruck","T_T","Population, All ages. Administrative data","2009","2009","PER","Persons","0","Units",,,289763,,
"AT005","Innsbruck","T_T","Population, All ages. Administrative data","2010","2010","PER","Persons","0","Units",,,291698,,
"AT005","Innsbruck","T_T","Population, All ages. Administrative data","2011","2011","PER","Persons","0","Units",,,294995,,
"AT005","Innsbruck","T_T","Population, All ages. Administrative data","2012","2012","PER","Persons","0","Units",,,298291,,
"AT005","Innsbruck","T_T","Population, All ages. Administrative data","2013","2013","PER","Persons","0","Units",,,301588,,
"AT005","Innsbruck","T_T","Population, All ages. Administrative data","2014","2014","PER","Persons","0","Units",,,304884,,
"AT005","Innsbruck","T_T","Population, All ages. Administrative data","2015","2015","PER","Persons","0","Units",,,308181,,
"JPN48","Hakodate","T_T_SH_NAT","Share of population  in metropolitan area over the national value","2001","2001","RATIO","Ratio","0","Units",,,0.3,,
"JPN48","Hakodate","T_T_SH_NAT","Share of population  in metropolitan area over the national value","2002","2002","RATIO","Ratio","0","Units",,,0.3,,
"JPN48","Hakodate","T_T_SH_NAT","Share of population  in metropolitan area over the national value","2003","2003","RATIO","Ratio","0","Units",,,0.3,,
"JPN48","Hakodate","T_T_SH_NAT","Share of population  in metropolitan area over the national value","2004","2004","RATIO","Ratio","0","Units",,,0.3,,
"JPN48","Hakodate","T_T_SH_NAT","Share of population  in metropolitan area over the national value","2005","2005","RATIO","Ratio","0","Units",,,0.3,,
"JPN48","Hakodate","T_T_SH_NAT","Share of population  in metropolitan area over the national value","2006","2006","RATIO","Ratio","0","Units",,,0.3,,
"JPN48","Hakodate","T_T_SH_NAT","Share of population  in metropolitan area over the national value","2007","2007","RATIO","Ratio","0","Units",,,0.3,,
"JPN48","Hakodate","T_T_SH_NAT","Share of population  in metropolitan area over the national value","2008","2008","RATIO","Ratio","0","Units",,,0.3,,
"JPN48","Hakodate","T_T_SH_NAT","Share of population  in metropolitan area over the national value","2009","2009","RATIO","Ratio","0","Units",,,0.3,,
"JPN48","Hakodate","T_T_SH_NAT","Share of population  in metropolitan area over the national value","2010","2010","RATIO","Ratio","0","Units",,,0.3,,
"JPN48","Hakodate","T_T_SH_NAT","Share of population  in metropolitan area over the national value","2011","2011","RATIO","Ratio","0","Units",,,0.3,,
"JPN48","Hakodate","T_T_SH_NAT","Share of population  in metropolitan area over the national value","2012","2012","RATIO","Ratio","0","Units",,,0.3,,
"JPN48","Hakodate","T_T_SH_NAT","Share of population  in metropolitan area over the national value","2013","2013","RATIO","Ratio","0","Units",,,0.3,,
"JPN48","Hakodate","T_T_SH_NAT","Share of population  in metropolitan area over the national value","2014","2014","RATIO","Ratio","0","Units",,,0.3,,
"JPN48","Hakodate","T_T_SH_NAT","Share of population  in metropolitan area over the national value","2015","2015","RATIO","Ratio","0","Units",,,0.3,,
"DE028","Regensburg","T_T_SH_NAT","Share of population  in metropolitan area over the national value","2001","2001","RATIO","Ratio","0","Units",,,0.5,,
"DE028","Regensburg","T_T_SH_NAT","Share of population  in metropolitan area over the national value","2002","2002","RATIO","Ratio","0","Units",,,0.5,,
"DE028","Regensburg","T_T_SH_NAT","Share of population  in metropolitan area over the national value","2003","2003","RATIO","Ratio","0","Units",,,0.5,,
"DE028","Regensburg","T_T_SH_NAT","Share of population  in metropolitan area over the national value","2004","2004","RATIO","Ratio","0","Units",,,0.5,,
"DE028","Regensburg","T_T_SH_NAT","Share of population  in metropolitan area over the national value","2005","2005","RATIO","Ratio","0","Units",,,0.5,,
"DE028","Regensburg","T_T_SH_NAT","Share of population  in metropolitan area over the national value","2006","2006","RATIO","Ratio","0","Units",,,0.5,,
"DE028","Regensburg","T_T_SH_NAT","Share of population  in metropolitan area over the national value","2007","2007","RATIO","Ratio","0","Units",,,0.5,,
"DE028","Regensburg","T_T_SH_NAT","Share of population  in metropolitan area over the national value","2008","2008","RATIO","Ratio","0","Units",,,0.5,,
"DE028","Regensburg","T_T_SH_NAT","Share of population  in metropolitan area over the national value","2009","2009","RATIO","Ratio","0","Units",,,0.5,,
"DE028","Regensburg","T_T_SH_NAT","Share of population  in metropolitan area over the national value","2010","2010","RATIO","Ratio","0","Units",,,0.5,,
"DE028","Regensburg","T_T_SH_NAT","Share of population  in metropolitan area over the national value","2011","2011","RATIO","Ratio","0","Units",,,0.5,,
"DE028","Regensburg","T_T_SH_NAT","Share of population  in metropolitan area over the national value","2012","2012","RATIO","Ratio","0","Units",,,0.5,,
"DE028","Regensburg","T_T_SH_NAT","Share of population  in metropolitan area over the national value","2013","2013","RATIO","Ratio","0","Units",,,0.5,,
"DE028","Regensburg","T_T_SH_NAT","Share of population  in metropolitan area over the national value","2014","2014","RATIO","Ratio","0","Units",,,0.6,,
"DE028","Regensburg","T_T_SH_NAT","Share of population  in metropolitan area over the national value","2015","2015","RATIO","Ratio","0","Units",,,0.6,,
"DE028","Regensburg","T_T_SH_NAT","Share of population  in metropolitan area over the national value","2016","2016","RATIO","Ratio","0","Units",,,0.6,,
"DE084","Mannheim-Ludwigshafen","POP_DEN","Population density (pop. per km2)","2001","2001","PER","Persons","0","Units",,,571,,
"DE084","Mannheim-Ludwigshafen","POP_DEN","Population density (pop. per km2)","2002","2002","PER","Persons","0","Units",,,573,,
"DE084","Mannheim-Ludwigshafen","POP_DEN","Population density (pop. per km2)","2003","2003","PER","Persons","0","Units",,,574,,
"DE084","Mannheim-Ludwigshafen","POP_DEN","Population density (pop. per km2)","2004","2004","PER","Persons","0","Units",,,574,,
"DE084","Mannheim-Ludwigshafen","POP_DEN","Population density (pop. per km2)","2005","2005","PER","Persons","0","Units",,,575,,
"DE084","Mannheim-Ludwigshafen","POP_DEN","Population density (pop. per km2)","2006","2006","PER","Persons","0","Units",,,575,,
"DE084","Mannheim-Ludwigshafen","POP_DEN","Population density (pop. per km2)","2007","2007","PER","Persons","0","Units",,,574,,
"DE084","Mannheim-Ludwigshafen","POP_DEN","Population density (pop. per km2)","2008","2008","PER","Persons","0","Units",,,575,,
"DE084","Mannheim-Ludwigshafen","POP_DEN","Population density (pop. per km2)","2009","2009","PER","Persons","0","Units",,,574,,
"DE084","Mannheim-Ludwigshafen","POP_DEN","Population density (pop. per km2)","2010","2010","PER","Persons","0","Units",,,573,,
"DE084","Mannheim-Ludwigshafen","POP_DEN","Population density (pop. per km2)","2011","2011","PER","Persons","0","Units",,,556,,
"DE084","Mannheim-Ludwigshafen","POP_DEN","Population density (pop. per km2)","2012","2012","PER","Persons","0","Units",,,558,,
"DE084","Mannheim-Ludwigshafen","POP_DEN","Population density (pop. per km2)","2013","2013","PER","Persons","0","Units",,,561,,
"DE084","Mannheim-Ludwigshafen","POP_DEN","Population density (pop. per km2)","2014","2014","PER","Persons","0","Units",,,564,,
"DE084","Mannheim-Ludwigshafen","POP_DEN","Population density (pop. per km2)","2015","2015","PER","Persons","0","Units",,,568,,
"DE084","Mannheim-Ludwigshafen","POP_DEN","Population density (pop. per km2)","2016","2016","PER","Persons","0","Units",,,575,,
"USA50","Pima","T_T","Population, All ages. Administrative data","2000","2000","PER","Persons","0","Units",,,848019,,
"USA50","Pima","T_T","Population, All ages. Administrative data","2001","2001","PER","Persons","0","Units",,,859280,,
"USA50","Pima","T_T","Population, All ages. Administrative data","2002","2002","PER","Persons","0","Units",,,874267,,
"USA50","Pima","T_T","Population, All ages. Administrative data","2003","2003","PER","Persons","0","Units",,,885893,,
"USA50","Pima","T_T","Population, All ages. Administrative data","2004","2004","PER","Persons","0","Units",,,901342,,
"USA50","Pima","T_T","Population, All ages. Administrative data","2005","2005","PER","Persons","0","Units",,,920298,,
"USA50","Pima","T_T","Population, All ages. Administrative data","2006","2006","PER","Persons","0","Units",,,940930,,
"USA50","Pima","T_T","Population, All ages. Administrative data","2007","2007","PER","Persons","0","Units",,,955869,,
"USA50","Pima","T_T","Population, All ages. Administrative data","2008","2008","PER","Persons","0","Units",,,967778,,
"USA50","Pima","T_T","Population, All ages. Administrative data","2009","2009","PER","Persons","0","Units",,,975580,,
"USA50","Pima","T_T","Population, All ages. Administrative data","2010","2010","PER","Persons","0","Units",,,981540,,
"USA50","Pima","T_T","Population, All ages. Administrative data","2011","2011","PER","Persons","0","Units",,,987297,,
"USA50","Pima","T_T","Population, All ages. Administrative data","2012","2012","PER","Persons","0","Units",,,991528,,
"USA50","Pima","T_T","Population, All ages. Administrative data","2013","2013","PER","Persons","0","Units",,,994759,,
"USA50","Pima","T_T","Population, All ages. Administrative data","2014","2014","PER","Persons","0","Units",,,1000916,,
"USA50","Pima","T_T","Population, All ages. Administrative data","2015","2015","PER","Persons","0","Units",,,1005323,,
"USA50","Pima","T_T","Population, All ages. Administrative data","2016","2016","PER","Persons","0","Units",,,1012519,,
"FR019","Orleans","T_T","Population, All ages. Administrative data","2000","2000","PER","Persons","0","Units",,,394655,,
"FR019","Orleans","T_T","Population, All ages. Administrative data","2001","2001","PER","Persons","0","Units",,,396814,,
"FR019","Orleans","T_T","Population, All ages. Administrative data","2002","2002","PER","Persons","0","Units",,,398976,,
"FR019","Orleans","T_T","Population, All ages. Administrative data","2003","2003","PER","Persons","0","Units",,,401135,,
"FR019","Orleans","T_T","Population, All ages. Administrative data","2004","2004","PER","Persons","0","Units",,,403295,,
"FR019","Orleans","T_T","Population, All ages. Administrative data","2005","2005","PER","Persons","0","Units",,,405455,,
"FR019","Orleans","T_T","Population, All ages. Administrative data","2006","2006","PER","Persons","0","Units",,,407614,,
"FR019","Orleans","T_T","Population, All ages. Administrative data","2007","2007","PER","Persons","0","Units",,,409776,,
"FR019","Orleans","T_T","Population, All ages. Administrative data","2008","2008","PER","Persons","0","Units",,,411935,,
"FR019","Orleans","T_T","Population, All ages. Administrative data","2009","2009","PER","Persons","0","Units",,,414095,,
"FR019","Orleans","T_T","Population, All ages. Administrative data","2010","2010","PER","Persons","0","Units",,,416726,,
"FR019","Orleans","T_T","Population, All ages. Administrative data","2011","2011","PER","Persons","0","Units",,,419357,,
"FR019","Orleans","T_T","Population, All ages. Administrative data","2012","2012","PER","Persons","0","Units",,,421988,,
"FR019","Orleans","T_T","Population, All ages. Administrative data","2013","2013","PER","Persons","0","Units",,,424619,,
"FR019","Orleans","T_T","Population, All ages. Administrative data","2014","2014","PER","Persons","0","Units",,,427250,,
"FR019","Orleans","T_T","Population, All ages. Administrative data","2015","2015","PER","Persons","0","Units",,,422739,,
"KOR03","Dalseong","T_T","Population, All ages. Administrative data","2000","2000","PER","Persons","0","Units",,,2275515,,
"KOR03","Dalseong","T_T","Population, All ages. Administrative data","2001","2001","PER","Persons","0","Units",,,2296584,,
"KOR03","Dalseong","T_T","Population, All ages. Administrative data","2002","2002","PER","Persons","0","Units",,,2317653,,
"KOR03","Dalseong","T_T","Population, All ages. Administrative data","2003","2003","PER","Persons","0","Units",,,2338721,,
"KOR03","Dalseong","T_T","Population, All ages. Administrative data","2004","2004","PER","Persons","0","Units",,,2359790,,
"KOR03","Dalseong","T_T","Population, All ages. Administrative data","2005","2005","PER","Persons","0","Units",,,2380859,,
"KOR03","Dalseong","T_T","Population, All ages. Administrative data","2006","2006","PER","Persons","0","Units",,,2401928,,
"KOR03","Dalseong","T_T","Population, All ages. Administrative data","2007","2007","PER","Persons","0","Units",,,2422996,,
"KOR03","Dalseong","T_T","Population, All ages. Administrative data","2008","2008","PER","Persons","0","Units",,,2444065,,
"KOR03","Dalseong","T_T","Population, All ages. Administrative data","2009","2009","PER","Persons","0","Units",,,2465134,,
"KOR03","Dalseong","T_T","Population, All ages. Administrative data","2010","2010","PER","Persons","0","Units",,,2486202,,
"KOR03","Dalseong","T_T","Population, All ages. Administrative data","2011","2011","PER","Persons","0","Units",,,2507271,,
"KOR03","Dalseong","T_T","Population, All ages. Administrative data","2012","2012","PER","Persons","0","Units",,,2505644,,
"KOR03","Dalseong","T_T","Population, All ages. Administrative data","2013","2013","PER","Persons","0","Units",,,2501588,,
"KOR03","Dalseong","T_T","Population, All ages. Administrative data","2014","2014","PER","Persons","0","Units",,,2493264,,
"KOR03","Dalseong","T_T","Population, All ages. Administrative data","2015","2015","PER","Persons","0","Units",,,2487829,,
"KOR03","Dalseong","T_T","Population, All ages. Administrative data","2016","2016","PER","Persons","0","Units",,,2484557,,
"USA33","Jacksonville","T_T_SH_NAT","Share of population  in metropolitan area over the national value","2001","2001","RATIO","Ratio","0","Units",,,0.4,,
"USA33","Jacksonville","T_T_SH_NAT","Share of population  in metropolitan area over the national value","2002","2002","RATIO","Ratio","0","Units",,,0.4,,
"USA33","Jacksonville","T_T_SH_NAT","Share of population  in metropolitan area over the national value","2003","2003","RATIO","Ratio","0","Units",,,0.4,,
"USA33","Jacksonville","T_T_SH_NAT","Share of population  in metropolitan area over the national value","2004","2004","RATIO","Ratio","0","Units",,,0.5,,
"USA33","Jacksonville","T_T_SH_NAT","Share of population  in metropolitan area over the national value","2005","2005","RATIO","Ratio","0","Units",,,0.5,,
"USA33","Jacksonville","T_T_SH_NAT","Share of population  in metropolitan area over the national value","2006","2006","RATIO","Ratio","0","Units",,,0.5,,
"USA33","Jacksonville","T_T_SH_NAT","Share of population  in metropolitan area over the national value","2007","2007","RATIO","Ratio","0","Units",,,0.5,,
"USA33","Jacksonville","T_T_SH_NAT","Share of population  in metropolitan area over the national value","2008","2008","RATIO","Ratio","0","Units",,,0.5,,
"USA33","Jacksonville","T_T_SH_NAT","Share of population  in metropolitan area over the national value","2009","2009","RATIO","Ratio","0","Units",,,0.5,,
"USA33","Jacksonville","T_T_SH_NAT","Share of population  in metropolitan area over the national value","2010","2010","RATIO","Ratio","0","Units",,,0.5,,
"USA33","Jacksonville","T_T_SH_NAT","Share of population  in metropolitan area over the national value","2011","2011","RATIO","Ratio","0","Units",,,0.5,,
"USA33","Jacksonville","T_T_SH_NAT","Share of population  in metropolitan area over the national value","2012","2012","RATIO","Ratio","0","Units",,,0.5,,
"USA33","Jacksonville","T_T_SH_NAT","Share of population  in metropolitan area over the national value","2013","2013","RATIO","Ratio","0","Units",,,0.5,,
"USA33","Jacksonville","T_T_SH_NAT","Share of population  in metropolitan area over the national value","2014","2014","RATIO","Ratio","0","Units",,,0.5,,
"USA33","Jacksonville","T_T_SH_NAT","Share of population  in metropolitan area over the national value","2015","2015","RATIO","Ratio","0","Units",,,0.5,,
"USA33","Jacksonville","T_T_SH_NAT","Share of population  in metropolitan area over the national value","2016","2016","RATIO","Ratio","0","Units",,,0.5,,
"MEX37","Poza Rica de Hidalgo","T_T_SH_NAT","Share of population  in metropolitan area over the national value","2005","2005","RATIO","Ratio","0","Units",,,0.4,,
"MEX37","Poza Rica de Hidalgo","T_T_SH_NAT","Share of population  in metropolitan area over the national value","2010","2010","RATIO","Ratio","0","Units",,,0.4,,
"MEX37","Poza Rica de Hidalgo","T_T_SH_NAT","Share of population  in metropolitan area over the national value","2015","2015","RATIO","Ratio","0","Units",,,0.5,,
"ES022","Vigo","T_T_SH_NAT","Share of population  in metropolitan area over the national value","2001","2001","RATIO","Ratio","0","Units",,,1.3,,
"ES022","Vigo","T_T_SH_NAT","Share of population  in metropolitan area over the national value","2002","2002","RATIO","Ratio","0","Units",,,1.3,,
"ES022","Vigo","T_T_SH_NAT","Share of population  in metropolitan area over the national value","2003","2003","RATIO","Ratio","0","Units",,,1.2,,
"ES022","Vigo","T_T_SH_NAT","Share of population  in metropolitan area over the national value","2004","2004","RATIO","Ratio","0","Units",,,1.2,,
"ES022","Vigo","T_T_SH_NAT","Share of population  in metropolitan area over the national value","2005","2005","RATIO","Ratio","0","Units",,,1.2,,
"ES022","Vigo","T_T_SH_NAT","Share of population  in metropolitan area over the national value","2006","2006","RATIO","Ratio","0","Units",,,1.2,,
"ES022","Vigo","T_T_SH_NAT","Share of population  in metropolitan area over the national value","2007","2007","RATIO","Ratio","0","Units",,,1.2,,
"ES022","Vigo","T_T_SH_NAT","Share of population  in metropolitan area over the national value","2008","2008","RATIO","Ratio","0","Units",,,1.2,,
"ES022","Vigo","T_T_SH_NAT","Share of population  in metropolitan area over the national value","2009","2009","RATIO","Ratio","0","Units",,,1.1,,
"ES022","Vigo","T_T_SH_NAT","Share of population  in metropolitan area over the national value","2010","2010","RATIO","Ratio","0","Units",,,1.1,,
"ES022","Vigo","T_T_SH_NAT","Share of population  in metropolitan area over the national value","2011","2011","RATIO","Ratio","0","Units",,,1.1,,
"ES022","Vigo","T_T_SH_NAT","Share of population  in metropolitan area over the national value","2012","2012","RATIO","Ratio","0","Units",,,1.1,,
"ES022","Vigo","T_T_SH_NAT","Share of population  in metropolitan area over the national value","2013","2013","RATIO","Ratio","0","Units",,,1.1,,
"ES022","Vigo","T_T_SH_NAT","Share of population  in metropolitan area over the national value","2014","2014","RATIO","Ratio","0","Units",,,1.2,,
"ES022","Vigo","T_T_SH_NAT","Share of population  in metropolitan area over the national value","2015","2015","RATIO","Ratio","0","Units",,,1.2,,
"ES022","Vigo","T_T_SH_NAT","Share of population  in metropolitan area over the national value","2016","2016","RATIO","Ratio","0","Units",,,1.2,,
"DE033","Augsburg","T_T","Population, All ages. Administrative data","2001","2001","PER","Persons","0","Units",,,614754,,
"DE033","Augsburg","T_T","Population, All ages. Administrative data","2002","2002","PER","Persons","0","Units",,,620961,,
"DE033","Augsburg","T_T","Population, All ages. Administrative data","2003","2003","PER","Persons","0","Units",,,624832,,
"DE033","Augsburg","T_T","Population, All ages. Administrative data","2004","2004","PER","Persons","0","Units",,,626889,,
"DE033","Augsburg","T_T","Population, All ages. Administrative data","2005","2005","PER","Persons","0","Units",,,629226,,
"DE033","Augsburg","T_T","Population, All ages. Administrative data","2006","2006","PER","Persons","0","Units",,,631591,,
"DE033","Augsburg","T_T","Population, All ages. Administrative data","2007","2007","PER","Persons","0","Units",,,631162,,
"DE033","Augsburg","T_T","Population, All ages. Administrative data","2008","2008","PER","Persons","0","Units",,,631839,,
"DE033","Augsburg","T_T","Population, All ages. Administrative data","2009","2009","PER","Persons","0","Units",,,631410,,
"DE033","Augsburg","T_T","Population, All ages. Administrative data","2010","2010","PER","Persons","0","Units",,,631488,,
"DE033","Augsburg","T_T","Population, All ages. Administrative data","2011","2011","PER","Persons","0","Units",,,630459,,
"DE033","Augsburg","T_T","Population, All ages. Administrative data","2012","2012","PER","Persons","0","Units",,,634047,,
"DE033","Augsburg","T_T","Population, All ages. Administrative data","2013","2013","PER","Persons","0","Units",,,639038,,
"DE033","Augsburg","T_T","Population, All ages. Administrative data","2014","2014","PER","Persons","0","Units",,,645973,,
"DE033","Augsburg","T_T","Population, All ages. Administrative data","2015","2015","PER","Persons","0","Units",,,653188,,
"DE033","Augsburg","T_T","Population, All ages. Administrative data","2016","2016","PER","Persons","0","Units",,,662978,,
"MEX39","Orizaba","T_T_SH_NAT","Share of population  in metropolitan area over the national value","2005","2005","RATIO","Ratio","0","Units",,,0.4,,
"MEX39","Orizaba","T_T_SH_NAT","Share of population  in metropolitan area over the national value","2010","2010","RATIO","Ratio","0","Units",,,0.4,,
"MEX39","Orizaba","T_T_SH_NAT","Share of population  in metropolitan area over the national value","2015","2015","RATIO","Ratio","0","Units",,,0.4,,
"USA10","Atlanta","T_T","Population, All ages. Administrative data","2000","2000","PER","Persons","0","Units",,,4007660,,
"USA10","Atlanta","T_T","Population, All ages. Administrative data","2001","2001","PER","Persons","0","Units",,,4110255,,
"USA10","Atlanta","T_T","Population, All ages. Administrative data","2002","2002","PER","Persons","0","Units",,,4190630,,
"USA10","Atlanta","T_T","Population, All ages. Administrative data","2003","2003","PER","Persons","0","Units",,,4267538,,
"USA10","Atlanta","T_T","Population, All ages. Administrative data","2004","2004","PER","Persons","0","Units",,,4349712,,
"USA10","Atlanta","T_T","Population, All ages. Administrative data","2005","2005","PER","Persons","0","Units",,,4455273,,
"USA10","Atlanta","T_T","Population, All ages. Administrative data","2006","2006","PER","Persons","0","Units",,,4609096,,
"USA10","Atlanta","T_T","Population, All ages. Administrative data","2007","2007","PER","Persons","0","Units",,,4737037,,
"USA10","Atlanta","T_T","Population, All ages. Administrative data","2008","2008","PER","Persons","0","Units",,,4836218,,
"USA10","Atlanta","T_T","Population, All ages. Administrative data","2009","2009","PER","Persons","0","Units",,,4906016,,
"USA10","Atlanta","T_T","Population, All ages. Administrative data","2010","2010","PER","Persons","0","Units",,,4968740,,
"USA10","Atlanta","T_T","Population, All ages. Administrative data","2011","2011","PER","Persons","0","Units",,,5039347,,
"USA10","Atlanta","T_T","Population, All ages. Administrative data","2012","2012","PER","Persons","0","Units",,,5118592,,
"USA10","Atlanta","T_T","Population, All ages. Administrative data","2013","2013","PER","Persons","0","Units",,,5183715,,
"USA10","Atlanta","T_T","Population, All ages. Administrative data","2014","2014","PER","Persons","0","Units",,,5269265,,
"USA10","Atlanta","T_T","Population, All ages. Administrative data","2015","2015","PER","Persons","0","Units",,,5364566,,
"USA10","Atlanta","T_T","Population, All ages. Administrative data","2016","2016","PER","Persons","0","Units",,,5454370,,
"USA162","Tuscaloosa","T_T_SH_NAT","Share of population  in metropolitan area over the national value","2001","2001","RATIO","Ratio","0","Units",,,0.1,,
"USA162","Tuscaloosa","T_T_SH_NAT","Share of population  in metropolitan area over the national value","2002","2002","RATIO","Ratio","0","Units",,,0.1,,
"USA162","Tuscaloosa","T_T_SH_NAT","Share of population  in metropolitan area over the national value","2003","2003","RATIO","Ratio","0","Units",,,0.1,,
"USA162","Tuscaloosa","T_T_SH_NAT","Share of population  in metropolitan area over the national value","2004","2004","RATIO","Ratio","0","Units",,,0.1,,
"USA162","Tuscaloosa","T_T_SH_NAT","Share of population  in metropolitan area over the national value","2005","2005","RATIO","Ratio","0","Units",,,0.1,,
"USA162","Tuscaloosa","T_T_SH_NAT","Share of population  in metropolitan area over the national value","2006","2006","RATIO","Ratio","0","Units",,,0.1,,
"USA162","Tuscaloosa","T_T_SH_NAT","Share of population  in metropolitan area over the national value","2007","2007","RATIO","Ratio","0","Units",,,0.1,,
"USA162","Tuscaloosa","T_T_SH_NAT","Share of population  in metropolitan area over the national value","2008","2008","RATIO","Ratio","0","Units",,,0.1,,
"USA162","Tuscaloosa","T_T_SH_NAT","Share of population  in metropolitan area over the national value","2009","2009","RATIO","Ratio","0","Units",,,0.1,,
"USA162","Tuscaloosa","T_T_SH_NAT","Share of population  in metropolitan area over the national value","2010","2010","RATIO","Ratio","0","Units",,,0.1,,
"USA162","Tuscaloosa","T_T_SH_NAT","Share of population  in metropolitan area over the national value","2011","2011","RATIO","Ratio","0","Units",,,0.1,,
"USA162","Tuscaloosa","T_T_SH_NAT","Share of population  in metropolitan area over the national value","2012","2012","RATIO","Ratio","0","Units",,,0.1,,
"USA162","Tuscaloosa","T_T_SH_NAT","Share of population  in metropolitan area over the national value","2013","2013","RATIO","Ratio","0","Units",,,0.1,,
"USA162","Tuscaloosa","T_T_SH_NAT","Share of population  in metropolitan area over the national value","2014","2014","RATIO","Ratio","0","Units",,,0.1,,
"USA162","Tuscaloosa","T_T_SH_NAT","Share of population  in metropolitan area over the national value","2015","2015","RATIO","Ratio","0","Units",,,0.1,,
"USA162","Tuscaloosa","T_T_SH_NAT","Share of population  in metropolitan area over the national value","2016","2016","RATIO","Ratio","0","Units",,,0.1,,
"USA60","East Baton Rouge","POP_DEN","Population density (pop. per km2)","2000","2000","PER","Persons","0","Units",,,65,,
"USA60","East Baton Rouge","POP_DEN","Population density (pop. per km2)","2001","2001","PER","Persons","0","Units",,,65,,
"USA60","East Baton Rouge","POP_DEN","Population density (pop. per km2)","2002","2002","PER","Persons","0","Units",,,65,,
"USA60","East Baton Rouge","POP_DEN","Population density (pop. per km2)","2003","2003","PER","Persons","0","Units",,,66,,
"USA60","East Baton Rouge","POP_DEN","Population density (pop. per km2)","2004","2004","PER","Persons","0","Units",,,67,,
"USA60","East Baton Rouge","POP_DEN","Population density (pop. per km2)","2005","2005","PER","Persons","0","Units",,,67,,
"USA60","East Baton Rouge","POP_DEN","Population density (pop. per km2)","2006","2006","PER","Persons","0","Units",,,70,,
"USA60","East Baton Rouge","POP_DEN","Population density (pop. per km2)","2007","2007","PER","Persons","0","Units",,,71,,
"USA60","East Baton Rouge","POP_DEN","Population density (pop. per km2)","2008","2008","PER","Persons","0","Units",,,72,,
"USA60","East Baton Rouge","POP_DEN","Population density (pop. per km2)","2009","2009","PER","Persons","0","Units",,,73,,
"USA60","East Baton Rouge","POP_DEN","Population density (pop. per km2)","2010","2010","PER","Persons","0","Units",,,73,,
"USA60","East Baton Rouge","POP_DEN","Population density (pop. per km2)","2011","2011","PER","Persons","0","Units",,,74,,
"USA60","East Baton Rouge","POP_DEN","Population density (pop. per km2)","2012","2012","PER","Persons","0","Units",,,74,,
"USA60","East Baton Rouge","POP_DEN","Population density (pop. per km2)","2013","2013","PER","Persons","0","Units",,,75,,
"USA60","East Baton Rouge","POP_DEN","Population density (pop. per km2)","2014","2014","PER","Persons","0","Units",,,75,,
"USA60","East Baton Rouge","POP_DEN","Population density (pop. per km2)","2015","2015","PER","Persons","0","Units",,,76,,
"USA60","East Baton Rouge","POP_DEN","Population density (pop. per km2)","2016","2016","PER","Persons","0","Units",,,76,,
"AUS02","Greater Melbourne","T_T","Population, All ages. Administrative data","2001","2001","PER","Persons","0","Units",,,3500249,,
"AUS02","Greater Melbourne","T_T","Population, All ages. Administrative data","2002","2002","PER","Persons","0","Units",,,3545579,,
"AUS02","Greater Melbourne","T_T","Population, All ages. Administrative data","2003","2003","PER","Persons","0","Units",,,3594031,,
"AUS02","Greater Melbourne","T_T","Population, All ages. Administrative data","2004","2004","PER","Persons","0","Units",,,3641951,,
"AUS02","Greater Melbourne","T_T","Population, All ages. Administrative data","2005","2005","PER","Persons","0","Units",,,3697372,,
"AUS02","Greater Melbourne","T_T","Population, All ages. Administrative data","2006","2006","PER","Persons","0","Units",,,3760760,,
"AUS02","Greater Melbourne","T_T","Population, All ages. Administrative data","2007","2007","PER","Persons","0","Units",,,3841760,,
"AUS02","Greater Melbourne","T_T","Population, All ages. Administrative data","2008","2008","PER","Persons","0","Units",,,3931438,,
"AUS02","Greater Melbourne","T_T","Population, All ages. Administrative data","2009","2009","PER","Persons","0","Units",,,4031787,,
"AUS02","Greater Melbourne","T_T","Population, All ages. Administrative data","2010","2010","PER","Persons","0","Units",,,4105857,,
"AUS02","Greater Melbourne","T_T","Population, All ages. Administrative data","2011","2011","PER","Persons","0","Units",,,4169366,,
"AUS02","Greater Melbourne","T_T","Population, All ages. Administrative data","2012","2012","PER","Persons","0","Units",,,4268835,,
"AUS02","Greater Melbourne","T_T","Population, All ages. Administrative data","2013","2013","PER","Persons","0","Units",,,4374921,,
"AUS02","Greater Melbourne","T_T","Population, All ages. Administrative data","2014","2014","PER","Persons","0","Units",,,4485133,,
"AUS02","Greater Melbourne","T_T","Population, All ages. Administrative data","2015","2015","PER","Persons","0","Units",,,4599141,,
"AUS02","Greater Melbourne","T_T","Population, All ages. Administrative data","2016","2016","PER","Persons","0","Units",,,4725316,,
"CAN07","Quebec","POP_DEN","Population density (pop. per km2)","2000","2000","PER","Persons","0","Units",,,104,,
"CAN07","Quebec","POP_DEN","Population density (pop. per km2)","2001","2001","PER","Persons","0","Units",,,105,,
"CAN07","Quebec","POP_DEN","Population density (pop. per km2)","2002","2002","PER","Persons","0","Units",,,105,,
"CAN07","Quebec","POP_DEN","Population density (pop. per km2)","2003","2003","PER","Persons","0","Units",,,106,,
"CAN07","Quebec","POP_DEN","Population density (pop. per km2)","2004","2004","PER","Persons","0","Units",,,106,,
"CAN07","Quebec","POP_DEN","Population density (pop. per km2)","2005","2005","PER","Persons","0","Units",,,107,,
"CAN07","Quebec","POP_DEN","Population density (pop. per km2)","2006","2006","PER","Persons","0","Units",,,108,,
"CAN07","Quebec","POP_DEN","Population density (pop. per km2)","2007","2007","PER","Persons","0","Units",,,109,,
"CAN07","Quebec","POP_DEN","Population density (pop. per km2)","2008","2008","PER","Persons","0","Units",,,111,,
"CAN07","Quebec","POP_DEN","Population density (pop. per km2)","2009","2009","PER","Persons","0","Units",,,112,,
"CAN07","Quebec","POP_DEN","Population density (pop. per km2)","2010","2010","PER","Persons","0","Units",,,113,,
"CAN07","Quebec","POP_DEN","Population density (pop. per km2)","2011","2011","PER","Persons","0","Units",,,115,,
"CAN07","Quebec","POP_DEN","Population density (pop. per km2)","2012","2012","PER","Persons","0","Units",,,116,,
"CAN07","Quebec","POP_DEN","Population density (pop. per km2)","2013","2013","PER","Persons","0","Units",,,117,,
"CAN07","Quebec","POP_DEN","Population density (pop. per km2)","2014","2014","PER","Persons","0","Units",,,118,,
"CAN07","Quebec","POP_DEN","Population density (pop. per km2)","2015","2015","PER","Persons","0","Units",,,119,,
"CAN07","Quebec","POP_DEN","Population density (pop. per km2)","2016","2016","PER","Persons","0","Units",,,120,,
"DK001","Copenhagen","POP_DEN","Population density (pop. per km2)","2000","2000","PER","Persons","0","Units",,,511,,
"DK001","Copenhagen","POP_DEN","Population density (pop. per km2)","2001","2001","PER","Persons","0","Units",,,514,,
"DK001","Copenhagen","POP_DEN","Population density (pop. per km2)","2002","2002","PER","Persons","0","Units",,,516,,
"DK001","Copenhagen","POP_DEN","Population density (pop. per km2)","2003","2003","PER","Persons","0","Units",,,518,,
"DK001","Copenhagen","POP_DEN","Population density (pop. per km2)","2004","2004","PER","Persons","0","Units",,,519,,
"DK001","Copenhagen","POP_DEN","Population density (pop. per km2)","2005","2005","PER","Persons","0","Units",,,520,,
"DK001","Copenhagen","POP_DEN","Population density (pop. per km2)","2006","2006","PER","Persons","0","Units",,,523,,
"DK001","Copenhagen","POP_DEN","Population density (pop. per km2)","2007","2007","PER","Persons","0","Units",,,526,,
"DK001","Copenhagen","POP_DEN","Population density (pop. per km2)","2008","2008","PER","Persons","0","Units",,,528,,
"DK001","Copenhagen","POP_DEN","Population density (pop. per km2)","2009","2009","PER","Persons","0","Units",,,531,,
"DK001","Copenhagen","POP_DEN","Population density (pop. per km2)","2010","2010","PER","Persons","0","Units",,,534,,
"DK001","Copenhagen","POP_DEN","Population density (pop. per km2)","2011","2011","PER","Persons","0","Units",,,539,,
"DK001","Copenhagen","POP_DEN","Population density (pop. per km2)","2012","2012","PER","Persons","0","Units",,,544,,
"DK001","Copenhagen","POP_DEN","Population density (pop. per km2)","2013","2013","PER","Persons","0","Units",,,549,,
"DK001","Copenhagen","POP_DEN","Population density (pop. per km2)","2014","2014","PER","Persons","0","Units",,,555,,
"DK001","Copenhagen","POP_DEN","Population density (pop. per km2)","2015","2015","PER","Persons","0","Units",,,561,,
"DK001","Copenhagen","POP_DEN","Population density (pop. per km2)","2016","2016","PER","Persons","0","Units",,,568,,
"KOR12","Pohan","T_T","Population, All ages. Administrative data","2000","2000","PER","Persons","0","Units",,,474653,,
"KOR12","Pohan","T_T","Population, All ages. Administrative data","2001","2001","PER","Persons","0","Units",,,478511,,
"KOR12","Pohan","T_T","Population, All ages. Administrative data","2002","2002","PER","Persons","0","Units",,,482369,,
"KOR12","Pohan","T_T","Population, All ages. Administrative data","2003","2003","PER","Persons","0","Units",,,486227,,
"KOR12","Pohan","T_T","Population, All ages. Administrative data","2004","2004","PER","Persons","0","Units",,,490084,,
"KOR12","Pohan","T_T","Population, All ages. Administrative data","2005","2005","PER","Persons","0","Units",,,493942,,
"KOR12","Pohan","T_T","Population, All ages. Administrative data","2006","2006","PER","Persons","0","Units",,,497800,,
"KOR12","Pohan","T_T","Population, All ages. Administrative data","2007","2007","PER","Persons","0","Units",,,501657,,
"KOR12","Pohan","T_T","Population, All ages. Administrative data","2008","2008","PER","Persons","0","Units",,,505515,,
"KOR12","Pohan","T_T","Population, All ages. Administrative data","2009","2009","PER","Persons","0","Units",,,509373,,
"KOR12","Pohan","T_T","Population, All ages. Administrative data","2010","2010","PER","Persons","0","Units",,,513230,,
"KOR12","Pohan","T_T","Population, All ages. Administrative data","2011","2011","PER","Persons","0","Units",,,517088,,
"KOR12","Pohan","T_T","Population, All ages. Administrative data","2012","2012","PER","Persons","0","Units",,,518913,,
"KOR12","Pohan","T_T","Population, All ages. Administrative data","2013","2013","PER","Persons","0","Units",,,519467,,
"KOR12","Pohan","T_T","Population, All ages. Administrative data","2014","2014","PER","Persons","0","Units",,,519368,,
"KOR12","Pohan","T_T","Population, All ages. Administrative data","2015","2015","PER","Persons","0","Units",,,519584,,
"KOR12","Pohan","T_T","Population, All ages. Administrative data","2016","2016","PER","Persons","0","Units",,,516775,,
"FR008","Nantes","T_T","Population, All ages. Administrative data","2000","2000","PER","Persons","0","Units",,,783715,,
"FR008","Nantes","T_T","Population, All ages. Administrative data","2001","2001","PER","Persons","0","Units",,,792045,,
"FR008","Nantes","T_T","Population, All ages. Administrative data","2002","2002","PER","Persons","0","Units",,,800373,,
"FR008","Nantes","T_T","Population, All ages. Administrative data","2003","2003","PER","Persons","0","Units",,,808701,,
"FR008","Nantes","T_T","Population, All ages. Administrative data","2004","2004","PER","Persons","0","Units",,,817031,,
"FR008","Nantes","T_T","Population, All ages. Administrative data","2005","2005","PER","Persons","0","Units",,,825358,,
"FR008","Nantes","T_T","Population, All ages. Administrative data","2006","2006","PER","Persons","0","Units",,,833686,,
"FR008","Nantes","T_T","Population, All ages. Administrative data","2007","2007","PER","Persons","0","Units",,,842014,,
"FR008","Nantes","T_T","Population, All ages. Administrative data","2008","2008","PER","Persons","0","Units",,,850344,,
"FR008","Nantes","T_T","Population, All ages. Administrative data","2009","2009","PER","Persons","0","Units",,,858672,,
"FR008","Nantes","T_T","Population, All ages. Administrative data","2010","2010","PER","Persons","0","Units",,,872999,,
"FR008","Nantes","T_T","Population, All ages. Administrative data","2011","2011","PER","Persons","0","Units",,,887328,,
"FR008","Nantes","T_T","Population, All ages. Administrative data","2012","2012","PER","Persons","0","Units",,,901656,,
"FR008","Nantes","T_T","Population, All ages. Administrative data","2013","2013","PER","Persons","0","Units",,,915985,,
"FR008","Nantes","T_T","Population, All ages. Administrative data","2014","2014","PER","Persons","0","Units",,,930312,,
"FR008","Nantes","T_T","Population, All ages. Administrative data","2015","2015","PER","Persons","0","Units",,,906996,,
"JPN31","Numazu","T_T_SH_NAT","Share of population  in metropolitan area over the national value","2001","2001","RATIO","Ratio","0","Units",,,0.5,,
"JPN31","Numazu","T_T_SH_NAT","Share of population  in metropolitan area over the national value","2002","2002","RATIO","Ratio","0","Units",,,0.5,,
"JPN31","Numazu","T_T_SH_NAT","Share of population  in metropolitan area over the national value","2003","2003","RATIO","Ratio","0","Units",,,0.5,,
"JPN31","Numazu","T_T_SH_NAT","Share of population  in metropolitan area over the national value","2004","2004","RATIO","Ratio","0","Units",,,0.5,,
"JPN31","Numazu","T_T_SH_NAT","Share of population  in metropolitan area over the national value","2005","2005","RATIO","Ratio","0","Units",,,0.5,,
"JPN31","Numazu","T_T_SH_NAT","Share of population  in metropolitan area over the national value","2006","2006","RATIO","Ratio","0","Units",,,0.4,,
"JPN31","Numazu","T_T_SH_NAT","Share of population  in metropolitan area over the national value","2007","2007","RATIO","Ratio","0","Units",,,0.4,,
"JPN31","Numazu","T_T_SH_NAT","Share of population  in metropolitan area over the national value","2008","2008","RATIO","Ratio","0","Units",,,0.4,,
"JPN31","Numazu","T_T_SH_NAT","Share of population  in metropolitan area over the national value","2009","2009","RATIO","Ratio","0","Units",,,0.4,,
"JPN31","Numazu","T_T_SH_NAT","Share of population  in metropolitan area over the national value","2010","2010","RATIO","Ratio","0","Units",,,0.4,,
"JPN31","Numazu","T_T_SH_NAT","Share of population  in metropolitan area over the national value","2011","2011","RATIO","Ratio","0","Units",,,0.4,,
"JPN31","Numazu","T_T_SH_NAT","Share of population  in metropolitan area over the national value","2012","2012","RATIO","Ratio","0","Units",,,0.4,,
"JPN31","Numazu","T_T_SH_NAT","Share of population  in metropolitan area over the national value","2013","2013","RATIO","Ratio","0","Units",,,0.4,,
"JPN31","Numazu","T_T_SH_NAT","Share of population  in metropolitan area over the national value","2014","2014","RATIO","Ratio","0","Units",,,0.4,,
"JPN31","Numazu","T_T_SH_NAT","Share of population  in metropolitan area over the national value","2015","2015","RATIO","Ratio","0","Units",,,0.4,,
"MEX01","Mexico City","POP_DEN","Population density (pop. per km2)","2000","2000","PER","Persons","0","Units",,,4137,,
"MEX01","Mexico City","POP_DEN","Population density (pop. per km2)","2005","2005","PER","Persons","0","Units",,,3811,,
"MEX01","Mexico City","POP_DEN","Population density (pop. per km2)","2010","2010","PER","Persons","0","Units",,,4059,,
"MEX01","Mexico City","POP_DEN","Population density (pop. per km2)","2015","2015","PER","Persons","0","Units",,,4455,,
"JPN23","Toyohashi","POP_DEN","Population density (pop. per km2)","2000","2000","PER","Persons","0","Units",,,591,,
"JPN23","Toyohashi","POP_DEN","Population density (pop. per km2)","2001","2001","PER","Persons","0","Units",,,593,,
"JPN23","Toyohashi","POP_DEN","Population density (pop. per km2)","2002","2002","PER","Persons","0","Units",,,595,,
"JPN23","Toyohashi","POP_DEN","Population density (pop. per km2)","2003","2003","PER","Persons","0","Units",,,597,,
"JPN23","Toyohashi","POP_DEN","Population density (pop. per km2)","2004","2004","PER","Persons","0","Units",,,599,,
"JPN23","Toyohashi","POP_DEN","Population density (pop. per km2)","2005","2005","PER","Persons","0","Units",,,601,,
"JPN23","Toyohashi","POP_DEN","Population density (pop. per km2)","2006","2006","PER","Persons","0","Units",,,601,,
"JPN23","Toyohashi","POP_DEN","Population density (pop. per km2)","2007","2007","PER","Persons","0","Units",,,600,,
"JPN23","Toyohashi","POP_DEN","Population density (pop. per km2)","2008","2008","PER","Persons","0","Units",,,600,,
"JPN23","Toyohashi","POP_DEN","Population density (pop. per km2)","2009","2009","PER","Persons","0","Units",,,599,,
"JPN23","Toyohashi","POP_DEN","Population density (pop. per km2)","2010","2010","PER","Persons","0","Units",,,599,,
"JPN23","Toyohashi","POP_DEN","Population density (pop. per km2)","2011","2011","PER","Persons","0","Units",,,598,,
"JPN23","Toyohashi","POP_DEN","Population density (pop. per km2)","2012","2012","PER","Persons","0","Units",,,597,,
"JPN23","Toyohashi","POP_DEN","Population density (pop. per km2)","2013","2013","PER","Persons","0","Units",,,596,,
"JPN23","Toyohashi","POP_DEN","Population density (pop. per km2)","2014","2014","PER","Persons","0","Units",,,595,,
"JPN23","Toyohashi","POP_DEN","Population density (pop. per km2)","2015","2015","PER","Persons","0","Units",,,594,,
"USA40","Hartford","T_T_SH_NAT","Share of population  in metropolitan area over the national value","2001","2001","RATIO","Ratio","0","Units",,,0.4,,
"USA40","Hartford","T_T_SH_NAT","Share of population  in metropolitan area over the national value","2002","2002","RATIO","Ratio","0","Units",,,0.4,,
"USA40","Hartford","T_T_SH_NAT","Share of population  in metropolitan area over the national value","2003","2003","RATIO","Ratio","0","Units",,,0.4,,
"USA40","Hartford","T_T_SH_NAT","Share of population  in metropolitan area over the national value","2004","2004","RATIO","Ratio","0","Units",,,0.4,,
"USA40","Hartford","T_T_SH_NAT","Share of population  in metropolitan area over the national value","2005","2005","RATIO","Ratio","0","Units",,,0.4,,
"USA40","Hartford","T_T_SH_NAT","Share of population  in metropolitan area over the national value","2006","2006","RATIO","Ratio","0","Units",,,0.4,,
"USA40","Hartford","T_T_SH_NAT","Share of population  in metropolitan area over the national value","2007","2007","RATIO","Ratio","0","Units",,,0.4,,
"USA40","Hartford","T_T_SH_NAT","Share of population  in metropolitan area over the national value","2008","2008","RATIO","Ratio","0","Units",,,0.4,,
"USA40","Hartford","T_T_SH_NAT","Share of population  in metropolitan area over the national value","2009","2009","RATIO","Ratio","0","Units",,,0.4,,
"USA40","Hartford","T_T_SH_NAT","Share of population  in metropolitan area over the national value","2010","2010","RATIO","Ratio","0","Units",,,0.4,,
"USA40","Hartford","T_T_SH_NAT","Share of population  in metropolitan area over the national value","2011","2011","RATIO","Ratio","0","Units",,,0.4,,
"USA40","Hartford","T_T_SH_NAT","Share of population  in metropolitan area over the national value","2012","2012","RATIO","Ratio","0","Units",,,0.4,,
"USA40","Hartford","T_T_SH_NAT","Share of population  in metropolitan area over the national value","2013","2013","RATIO","Ratio","0","Units",,,0.4,,
"USA40","Hartford","T_T_SH_NAT","Share of population  in metropolitan area over the national value","2014","2014","RATIO","Ratio","0","Units",,,0.4,,
"USA40","Hartford","T_T_SH_NAT","Share of population  in metropolitan area over the national value","2015","2015","RATIO","Ratio","0","Units",,,0.4,,
"USA40","Hartford","T_T_SH_NAT","Share of population  in metropolitan area over the national value","2016","2016","RATIO","Ratio","0","Units",,,0.4,,
"COL16","Valledupar","POP_DEN","Population density (pop. per km2)","2000","2000","PER","Persons","0","Units",,,74,,
"COL16","Valledupar","POP_DEN","Population density (pop. per km2)","2001","2001","PER","Persons","0","Units",,,76,,
"COL16","Valledupar","POP_DEN","Population density (pop. per km2)","2002","2002","PER","Persons","0","Units",,,78,,
"COL16","Valledupar","POP_DEN","Population density (pop. per km2)","2003","2003","PER","Persons","0","Units",,,80,,
"COL16","Valledupar","POP_DEN","Population density (pop. per km2)","2004","2004","PER","Persons","0","Units",,,81,,
"COL16","Valledupar","POP_DEN","Population density (pop. per km2)","2005","2005","PER","Persons","0","Units",,,83,,
"COL16","Valledupar","POP_DEN","Population density (pop. per km2)","2006","2006","PER","Persons","0","Units",,,85,,
"COL16","Valledupar","POP_DEN","Population density (pop. per km2)","2007","2007","PER","Persons","0","Units",,,87,,
"COL16","Valledupar","POP_DEN","Population density (pop. per km2)","2008","2008","PER","Persons","0","Units",,,89,,
"COL16","Valledupar","POP_DEN","Population density (pop. per km2)","2009","2009","PER","Persons","0","Units",,,91,,
"COL16","Valledupar","POP_DEN","Population density (pop. per km2)","2010","2010","PER","Persons","0","Units",,,93,,
"COL16","Valledupar","POP_DEN","Population density (pop. per km2)","2011","2011","PER","Persons","0","Units",,,94,,
"COL16","Valledupar","POP_DEN","Population density (pop. per km2)","2012","2012","PER","Persons","0","Units",,,96,,
"COL16","Valledupar","POP_DEN","Population density (pop. per km2)","2013","2013","PER","Persons","0","Units",,,98,,
"COL16","Valledupar","POP_DEN","Population density (pop. per km2)","2014","2014","PER","Persons","0","Units",,,100,,
"COL16","Valledupar","POP_DEN","Population density (pop. per km2)","2015","2015","PER","Persons","0","Units",,,102,,
"USA70","Onondaga","T_T_SH_NAT","Share of population  in metropolitan area over the national value","2001","2001","RATIO","Ratio","0","Units",,,0.2,,
"USA70","Onondaga","T_T_SH_NAT","Share of population  in metropolitan area over the national value","2002","2002","RATIO","Ratio","0","Units",,,0.2,,
"USA70","Onondaga","T_T_SH_NAT","Share of population  in metropolitan area over the national value","2003","2003","RATIO","Ratio","0","Units",,,0.2,,
"USA70","Onondaga","T_T_SH_NAT","Share of population  in metropolitan area over the national value","2004","2004","RATIO","Ratio","0","Units",,,0.2,,
"USA70","Onondaga","T_T_SH_NAT","Share of population  in metropolitan area over the national value","2005","2005","RATIO","Ratio","0","Units",,,0.2,,
"USA70","Onondaga","T_T_SH_NAT","Share of population  in metropolitan area over the national value","2006","2006","RATIO","Ratio","0","Units",,,0.2,,
"USA70","Onondaga","T_T_SH_NAT","Share of population  in metropolitan area over the national value","2007","2007","RATIO","Ratio","0","Units",,,0.2,,
"USA70","Onondaga","T_T_SH_NAT","Share of population  in metropolitan area over the national value","2008","2008","RATIO","Ratio","0","Units",,,0.2,,
"USA70","Onondaga","T_T_SH_NAT","Share of population  in metropolitan area over the national value","2009","2009","RATIO","Ratio","0","Units",,,0.2,,
"USA70","Onondaga","T_T_SH_NAT","Share of population  in metropolitan area over the national value","2010","2010","RATIO","Ratio","0","Units",,,0.2,,
"USA70","Onondaga","T_T_SH_NAT","Share of population  in metropolitan area over the national value","2011","2011","RATIO","Ratio","0","Units",,,0.2,,
"USA70","Onondaga","T_T_SH_NAT","Share of population  in metropolitan area over the national value","2012","2012","RATIO","Ratio","0","Units",,,0.2,,
"USA70","Onondaga","T_T_SH_NAT","Share of population  in metropolitan area over the national value","2013","2013","RATIO","Ratio","0","Units",,,0.2,,
"USA70","Onondaga","T_T_SH_NAT","Share of population  in metropolitan area over the national value","2014","2014","RATIO","Ratio","0","Units",,,0.2,,
"USA70","Onondaga","T_T_SH_NAT","Share of population  in metropolitan area over the national value","2015","2015","RATIO","Ratio","0","Units",,,0.2,,
"USA70","Onondaga","T_T_SH_NAT","Share of population  in metropolitan area over the national value","2016","2016","RATIO","Ratio","0","Units",,,0.2,,
"NL507","Leiden","POP_DEN","Population density (pop. per km2)","2000","2000","PER","Persons","0","Units",,,1667,,
"NL507","Leiden","POP_DEN","Population density (pop. per km2)","2001","2001","PER","Persons","0","Units",,,1672,,
"NL507","Leiden","POP_DEN","Population density (pop. per km2)","2002","2002","PER","Persons","0","Units",,,1677,,
"NL507","Leiden","POP_DEN","Population density (pop. per km2)","2003","2003","PER","Persons","0","Units",,,1682,,
"NL507","Leiden","POP_DEN","Population density (pop. per km2)","2004","2004","PER","Persons","0","Units",,,1687,,
"NL507","Leiden","POP_DEN","Population density (pop. per km2)","2005","2005","PER","Persons","0","Units",,,1692,,
"NL507","Leiden","POP_DEN","Population density (pop. per km2)","2006","2006","PER","Persons","0","Units",,,1697,,
"NL507","Leiden","POP_DEN","Population density (pop. per km2)","2007","2007","PER","Persons","0","Units",,,1702,,
"NL507","Leiden","POP_DEN","Population density (pop. per km2)","2008","2008","PER","Persons","0","Units",,,1707,,
"NL507","Leiden","POP_DEN","Population density (pop. per km2)","2009","2009","PER","Persons","0","Units",,,1712,,
"NL507","Leiden","POP_DEN","Population density (pop. per km2)","2010","2010","PER","Persons","0","Units",,,1721,,
"NL507","Leiden","POP_DEN","Population density (pop. per km2)","2011","2011","PER","Persons","0","Units",,,1731,,
"NL507","Leiden","POP_DEN","Population density (pop. per km2)","2012","2012","PER","Persons","0","Units",,,1740,,
"NL507","Leiden","POP_DEN","Population density (pop. per km2)","2013","2013","PER","Persons","0","Units",,,1752,,
"NL507","Leiden","POP_DEN","Population density (pop. per km2)","2014","2014","PER","Persons","0","Units",,,1761,,
"NL507","Leiden","POP_DEN","Population density (pop. per km2)","2015","2015","PER","Persons","0","Units",,,1769,,
"NL507","Leiden","POP_DEN","Population density (pop. per km2)","2016","2016","PER","Persons","0","Units",,,1782,,
"JPN19","Kagoshima","T_T","Population, All ages. Administrative data","2000","2000","PER","Persons","0","Units",,,728658,,
"JPN19","Kagoshima","T_T","Population, All ages. Administrative data","2001","2001","PER","Persons","0","Units",,,729235,,
"JPN19","Kagoshima","T_T","Population, All ages. Administrative data","2002","2002","PER","Persons","0","Units",,,729811,,
"JPN19","Kagoshima","T_T","Population, All ages. Administrative data","2003","2003","PER","Persons","0","Units",,,730389,,
"JPN19","Kagoshima","T_T","Population, All ages. Administrative data","2004","2004","PER","Persons","0","Units",,,730965,,
"JPN19","Kagoshima","T_T","Population, All ages. Administrative data","2005","2005","PER","Persons","0","Units",,,731542,,
"JPN19","Kagoshima","T_T","Population, All ages. Administrative data","2006","2006","PER","Persons","0","Units",,,730457,,
"JPN19","Kagoshima","T_T","Population, All ages. Administrative data","2007","2007","PER","Persons","0","Units",,,729374,,
"JPN19","Kagoshima","T_T","Population, All ages. Administrative data","2008","2008","PER","Persons","0","Units",,,728288,,
"JPN19","Kagoshima","T_T","Population, All ages. Administrative data","2009","2009","PER","Persons","0","Units",,,727205,,
"JPN19","Kagoshima","T_T","Population, All ages. Administrative data","2010","2010","PER","Persons","0","Units",,,726120,,
"JPN19","Kagoshima","T_T","Population, All ages. Administrative data","2011","2011","PER","Persons","0","Units",,,722671,,
"JPN19","Kagoshima","T_T","Population, All ages. Administrative data","2012","2012","PER","Persons","0","Units",,,719223,,
"JPN19","Kagoshima","T_T","Population, All ages. Administrative data","2013","2013","PER","Persons","0","Units",,,715775,,
"JPN19","Kagoshima","T_T","Population, All ages. Administrative data","2014","2014","PER","Persons","0","Units",,,712327,,
"JPN19","Kagoshima","T_T","Population, All ages. Administrative data","2015","2015","PER","Persons","0","Units",,,708878,,
"MEX59","Puerto Vallarta","POP_DEN","Population density (pop. per km2)","2000","2000","PER","Persons","0","Units",,,296,,
"MEX59","Puerto Vallarta","POP_DEN","Population density (pop. per km2)","2005","2005","PER","Persons","0","Units",,,309,,
"MEX59","Puerto Vallarta","POP_DEN","Population density (pop. per km2)","2010","2010","PER","Persons","0","Units",,,364,,
"MEX59","Puerto Vallarta","POP_DEN","Population density (pop. per km2)","2015","2015","PER","Persons","0","Units",,,443,,
"JPN52","Shimonoseki","T_T","Population, All ages. Administrative data","2000","2000","PER","Persons","0","Units",,,301059,,
"JPN52","Shimonoseki","T_T","Population, All ages. Administrative data","2001","2001","PER","Persons","0","Units",,,298690,,
"JPN52","Shimonoseki","T_T","Population, All ages. Administrative data","2002","2002","PER","Persons","0","Units",,,296319,,
"JPN52","Shimonoseki","T_T","Population, All ages. Administrative data","2003","2003","PER","Persons","0","Units",,,293950,,
"JPN52","Shimonoseki","T_T","Population, All ages. Administrative data","2004","2004","PER","Persons","0","Units",,,291579,,
"JPN52","Shimonoseki","T_T","Population, All ages. Administrative data","2005","2005","PER","Persons","0","Units",,,289210,,
"JPN52","Shimonoseki","T_T","Population, All ages. Administrative data","2006","2006","PER","Persons","0","Units",,,287238,,
"JPN52","Shimonoseki","T_T","Population, All ages. Administrative data","2007","2007","PER","Persons","0","Units",,,285266,,
"JPN52","Shimonoseki","T_T","Population, All ages. Administrative data","2008","2008","PER","Persons","0","Units",,,283293,,
"JPN52","Shimonoseki","T_T","Population, All ages. Administrative data","2009","2009","PER","Persons","0","Units",,,281321,,
"JPN52","Shimonoseki","T_T","Population, All ages. Administrative data","2010","2010","PER","Persons","0","Units",,,279349,,
"JPN52","Shimonoseki","T_T","Population, All ages. Administrative data","2011","2011","PER","Persons","0","Units",,,276908,,
"JPN52","Shimonoseki","T_T","Population, All ages. Administrative data","2012","2012","PER","Persons","0","Units",,,274467,,
"JPN52","Shimonoseki","T_T","Population, All ages. Administrative data","2013","2013","PER","Persons","0","Units",,,272025,,
"JPN52","Shimonoseki","T_T","Population, All ages. Administrative data","2014","2014","PER","Persons","0","Units",,,269584,,
"JPN52","Shimonoseki","T_T","Population, All ages. Administrative data","2015","2015","PER","Persons","0","Units",,,267143,,
"IT029","Brescia","POP_DEN","Population density (pop. per km2)","2000","2000","PER","Persons","0","Units",,,682,,
"IT029","Brescia","POP_DEN","Population density (pop. per km2)","2001","2001","PER","Persons","0","Units",,,690,,
"IT029","Brescia","POP_DEN","Population density (pop. per km2)","2002","2002","PER","Persons","0","Units",,,697,,
"IT029","Brescia","POP_DEN","Population density (pop. per km2)","2003","2003","PER","Persons","0","Units",,,705,,
"IT029","Brescia","POP_DEN","Population density (pop. per km2)","2004","2004","PER","Persons","0","Units",,,712,,
"IT029","Brescia","POP_DEN","Population density (pop. per km2)","2005","2005","PER","Persons","0","Units",,,720,,
"IT029","Brescia","POP_DEN","Population density (pop. per km2)","2006","2006","PER","Persons","0","Units",,,727,,
"IT029","Brescia","POP_DEN","Population density (pop. per km2)","2007","2007","PER","Persons","0","Units",,,735,,
"IT029","Brescia","POP_DEN","Population density (pop. per km2)","2008","2008","PER","Persons","0","Units",,,742,,
"IT029","Brescia","POP_DEN","Population density (pop. per km2)","2009","2009","PER","Persons","0","Units",,,750,,
"IT029","Brescia","POP_DEN","Population density (pop. per km2)","2010","2010","PER","Persons","0","Units",,,757,,
"IT029","Brescia","POP_DEN","Population density (pop. per km2)","2011","2011","PER","Persons","0","Units",,,765,,
"IT029","Brescia","POP_DEN","Population density (pop. per km2)","2012","2012","PER","Persons","0","Units",,,772,,
"IT029","Brescia","POP_DEN","Population density (pop. per km2)","2013","2013","PER","Persons","0","Units",,,776,,
"IT029","Brescia","POP_DEN","Population density (pop. per km2)","2014","2014","PER","Persons","0","Units",,,790,,
"IT029","Brescia","POP_DEN","Population density (pop. per km2)","2015","2015","PER","Persons","0","Units",,,796,,
"IT029","Brescia","POP_DEN","Population density (pop. per km2)","2016","2016","PER","Persons","0","Units",,,796,,
"UK013","Newcastle upon Tyne","T_T","Population, All ages. Administrative data","2001","2001","PER","Persons","0","Units",,,1109578,,
"UK013","Newcastle upon Tyne","T_T","Population, All ages. Administrative data","2002","2002","PER","Persons","0","Units",,,1112008,,
"UK013","Newcastle upon Tyne","T_T","Population, All ages. Administrative data","2003","2003","PER","Persons","0","Units",,,1112643,,
"UK013","Newcastle upon Tyne","T_T","Population, All ages. Administrative data","2004","2004","PER","Persons","0","Units",,,1112801,,
"UK013","Newcastle upon Tyne","T_T","Population, All ages. Administrative data","2005","2005","PER","Persons","0","Units",,,1116922,,
"UK013","Newcastle upon Tyne","T_T","Population, All ages. Administrative data","2006","2006","PER","Persons","0","Units",,,1119500,,
"UK013","Newcastle upon Tyne","T_T","Population, All ages. Administrative data","2007","2007","PER","Persons","0","Units",,,1124583,,
"UK013","Newcastle upon Tyne","T_T","Population, All ages. Administrative data","2008","2008","PER","Persons","0","Units",,,1128374,,
"UK013","Newcastle upon Tyne","T_T","Population, All ages. Administrative data","2009","2009","PER","Persons","0","Units",,,1132918,,
"UK013","Newcastle upon Tyne","T_T","Population, All ages. Administrative data","2010","2010","PER","Persons","0","Units",,,1139507,,
"UK013","Newcastle upon Tyne","T_T","Population, All ages. Administrative data","2011","2011","PER","Persons","0","Units",,,1145089,,
"UK013","Newcastle upon Tyne","T_T","Population, All ages. Administrative data","2012","2012","PER","Persons","0","Units",,,1148409,,
"UK013","Newcastle upon Tyne","T_T","Population, All ages. Administrative data","2013","2013","PER","Persons","0","Units",,,1152859,,
"UK013","Newcastle upon Tyne","T_T","Population, All ages. Administrative data","2014","2014","PER","Persons","0","Units",,,1157382,,
"UK013","Newcastle upon Tyne","T_T","Population, All ages. Administrative data","2015","2015","PER","Persons","0","Units",,,1160161,,
"UK013","Newcastle upon Tyne","T_T","Population, All ages. Administrative data","2016","2016","PER","Persons","0","Units",,,1166554,,
"USA23","Orange","POP_DEN","Population density (pop. per km2)","2000","2000","PER","Persons","0","Units",,,159,,
"USA23","Orange","POP_DEN","Population density (pop. per km2)","2001","2001","PER","Persons","0","Units",,,164,,
"USA23","Orange","POP_DEN","Population density (pop. per km2)","2002","2002","PER","Persons","0","Units",,,169,,
"USA23","Orange","POP_DEN","Population density (pop. per km2)","2003","2003","PER","Persons","0","Units",,,174,,
"USA23","Orange","POP_DEN","Population density (pop. per km2)","2004","2004","PER","Persons","0","Units",,,180,,
"USA23","Orange","POP_DEN","Population density (pop. per km2)","2005","2005","PER","Persons","0","Units",,,188,,
"USA23","Orange","POP_DEN","Population density (pop. per km2)","2006","2006","PER","Persons","0","Units",,,194,,
"USA23","Orange","POP_DEN","Population density (pop. per km2)","2007","2007","PER","Persons","0","Units",,,197,,
"USA23","Orange","POP_DEN","Population density (pop. per km2)","2008","2008","PER","Persons","0","Units",,,200,,
"USA23","Orange","POP_DEN","Population density (pop. per km2)","2009","2009","PER","Persons","0","Units",,,203,,
"USA23","Orange","POP_DEN","Population density (pop. per km2)","2010","2010","PER","Persons","0","Units",,,205,,
"USA23","Orange","POP_DEN","Population density (pop. per km2)","2011","2011","PER","Persons","0","Units",,,209,,
"USA23","Orange","POP_DEN","Population density (pop. per km2)","2012","2012","PER","Persons","0","Units",,,214,,
"USA23","Orange","POP_DEN","Population density (pop. per km2)","2013","2013","PER","Persons","0","Units",,,218,,
"USA23","Orange","POP_DEN","Population density (pop. per km2)","2014","2014","PER","Persons","0","Units",,,223,,
"USA23","Orange","POP_DEN","Population density (pop. per km2)","2015","2015","PER","Persons","0","Units",,,229,,
"USA23","Orange","POP_DEN","Population density (pop. per km2)","2016","2016","PER","Persons","0","Units",,,235,,
"USA46","Richmond (Greater)","T_T","Population, All ages. Administrative data","2000","2000","PER","Persons","0","Units",,,935082,,
"USA46","Richmond (Greater)","T_T","Population, All ages. Administrative data","2001","2001","PER","Persons","0","Units",,,947207,,
"USA46","Richmond (Greater)","T_T","Population, All ages. Administrative data","2002","2002","PER","Persons","0","Units",,,959959,,
"USA46","Richmond (Greater)","T_T","Population, All ages. Administrative data","2003","2003","PER","Persons","0","Units",,,973816,,
"USA46","Richmond (Greater)","T_T","Population, All ages. Administrative data","2004","2004","PER","Persons","0","Units",,,990053,,
"USA46","Richmond (Greater)","T_T","Population, All ages. Administrative data","2005","2005","PER","Persons","0","Units",,,1008413,,
"USA46","Richmond (Greater)","T_T","Population, All ages. Administrative data","2006","2006","PER","Persons","0","Units",,,1028760,,
"USA46","Richmond (Greater)","T_T","Population, All ages. Administrative data","2007","2007","PER","Persons","0","Units",,,1044874,,
"USA46","Richmond (Greater)","T_T","Population, All ages. Administrative data","2008","2008","PER","Persons","0","Units",,,1058354,,
"USA46","Richmond (Greater)","T_T","Population, All ages. Administrative data","2009","2009","PER","Persons","0","Units",,,1069568,,
"USA46","Richmond (Greater)","T_T","Population, All ages. Administrative data","2010","2010","PER","Persons","0","Units",,,1078453,,
"USA46","Richmond (Greater)","T_T","Population, All ages. Administrative data","2011","2011","PER","Persons","0","Units",,,1087135,,
"USA46","Richmond (Greater)","T_T","Population, All ages. Administrative data","2012","2012","PER","Persons","0","Units",,,1100496,,
"USA46","Richmond (Greater)","T_T","Population, All ages. Administrative data","2013","2013","PER","Persons","0","Units",,,1112531,,
"USA46","Richmond (Greater)","T_T","Population, All ages. Administrative data","2014","2014","PER","Persons","0","Units",,,1124813,,
"USA46","Richmond (Greater)","T_T","Population, All ages. Administrative data","2015","2015","PER","Persons","0","Units",,,1135588,,
"USA46","Richmond (Greater)","T_T","Population, All ages. Administrative data","2016","2016","PER","Persons","0","Units",,,1147730,,
"USA02","Los Angeles (Greater)","POP_DEN","Population density (pop. per km2)","2000","2000","PER","Persons","0","Units",,,187,,
"USA02","Los Angeles (Greater)","POP_DEN","Population density (pop. per km2)","2001","2001","PER","Persons","0","Units",,,189,,
"USA02","Los Angeles (Greater)","POP_DEN","Population density (pop. per km2)","2002","2002","PER","Persons","0","Units",,,192,,
"USA02","Los Angeles (Greater)","POP_DEN","Population density (pop. per km2)","2003","2003","PER","Persons","0","Units",,,194,,
"USA02","Los Angeles (Greater)","POP_DEN","Population density (pop. per km2)","2004","2004","PER","Persons","0","Units",,,197,,
"USA02","Los Angeles (Greater)","POP_DEN","Population density (pop. per km2)","2005","2005","PER","Persons","0","Units",,,198,,
"USA02","Los Angeles (Greater)","POP_DEN","Population density (pop. per km2)","2006","2006","PER","Persons","0","Units",,,199,,
"USA02","Los Angeles (Greater)","POP_DEN","Population density (pop. per km2)","2007","2007","PER","Persons","0","Units",,,199,,
"USA02","Los Angeles (Greater)","POP_DEN","Population density (pop. per km2)","2008","2008","PER","Persons","0","Units",,,200,,
"USA02","Los Angeles (Greater)","POP_DEN","Population density (pop. per km2)","2009","2009","PER","Persons","0","Units",,,202,,
"USA02","Los Angeles (Greater)","POP_DEN","Population density (pop. per km2)","2010","2010","PER","Persons","0","Units",,,204,,
"USA02","Los Angeles (Greater)","POP_DEN","Population density (pop. per km2)","2011","2011","PER","Persons","0","Units",,,205,,
"USA02","Los Angeles (Greater)","POP_DEN","Population density (pop. per km2)","2012","2012","PER","Persons","0","Units",,,207,,
"USA02","Los Angeles (Greater)","POP_DEN","Population density (pop. per km2)","2013","2013","PER","Persons","0","Units",,,209,,
"USA02","Los Angeles (Greater)","POP_DEN","Population density (pop. per km2)","2014","2014","PER","Persons","0","Units",,,210,,
"USA02","Los Angeles (Greater)","POP_DEN","Population density (pop. per km2)","2015","2015","PER","Persons","0","Units",,,212,,
"USA02","Los Angeles (Greater)","POP_DEN","Population density (pop. per km2)","2016","2016","PER","Persons","0","Units",,,213,,
"USA102","Tulare","T_T_SH_NAT","Share of population  in metropolitan area over the national value","2001","2001","RATIO","Ratio","0","Units",,,0.1,,
"USA102","Tulare","T_T_SH_NAT","Share of population  in metropolitan area over the national value","2002","2002","RATIO","Ratio","0","Units",,,0.1,,
"USA102","Tulare","T_T_SH_NAT","Share of population  in metropolitan area over the national value","2003","2003","RATIO","Ratio","0","Units",,,0.1,,
"USA102","Tulare","T_T_SH_NAT","Share of population  in metropolitan area over the national value","2004","2004","RATIO","Ratio","0","Units",,,0.1,,
"USA102","Tulare","T_T_SH_NAT","Share of population  in metropolitan area over the national value","2005","2005","RATIO","Ratio","0","Units",,,0.1,,
"USA102","Tulare","T_T_SH_NAT","Share of population  in metropolitan area over the national value","2006","2006","RATIO","Ratio","0","Units",,,0.1,,
"USA102","Tulare","T_T_SH_NAT","Share of population  in metropolitan area over the national value","2007","2007","RATIO","Ratio","0","Units",,,0.1,,
"USA102","Tulare","T_T_SH_NAT","Share of population  in metropolitan area over the national value","2008","2008","RATIO","Ratio","0","Units",,,0.1,,
"USA102","Tulare","T_T_SH_NAT","Share of population  in metropolitan area over the national value","2009","2009","RATIO","Ratio","0","Units",,,0.1,,
"USA102","Tulare","T_T_SH_NAT","Share of population  in metropolitan area over the national value","2010","2010","RATIO","Ratio","0","Units",,,0.1,,
"USA102","Tulare","T_T_SH_NAT","Share of population  in metropolitan area over the national value","2011","2011","RATIO","Ratio","0","Units",,,0.1,,
"USA102","Tulare","T_T_SH_NAT","Share of population  in metropolitan area over the national value","2012","2012","RATIO","Ratio","0","Units",,,0.1,,
"USA102","Tulare","T_T_SH_NAT","Share of population  in metropolitan area over the national value","2013","2013","RATIO","Ratio","0","Units",,,0.1,,
"USA102","Tulare","T_T_SH_NAT","Share of population  in metropolitan area over the national value","2014","2014","RATIO","Ratio","0","Units",,,0.1,,
"USA102","Tulare","T_T_SH_NAT","Share of population  in metropolitan area over the national value","2015","2015","RATIO","Ratio","0","Units",,,0.1,,
"USA102","Tulare","T_T_SH_NAT","Share of population  in metropolitan area over the national value","2016","2016","RATIO","Ratio","0","Units",,,0.1,,
"NL007","Groningen","T_T","Population, All ages. Administrative data","2000","2000","PER","Persons","0","Units",,,509294,,
"NL007","Groningen","T_T","Population, All ages. Administrative data","2001","2001","PER","Persons","0","Units",,,497838,,
"NL007","Groningen","T_T","Population, All ages. Administrative data","2002","2002","PER","Persons","0","Units",,,486382,,
"NL007","Groningen","T_T","Population, All ages. Administrative data","2003","2003","PER","Persons","0","Units",,,474927,,
"NL007","Groningen","T_T","Population, All ages. Administrative data","2004","2004","PER","Persons","0","Units",,,463471,,
"NL007","Groningen","T_T","Population, All ages. Administrative data","2005","2005","PER","Persons","0","Units",,,464139,,
"NL007","Groningen","T_T","Population, All ages. Administrative data","2006","2006","PER","Persons","0","Units",,,462024,,
"NL007","Groningen","T_T","Population, All ages. Administrative data","2007","2007","PER","Persons","0","Units",,,461863,,
"NL007","Groningen","T_T","Population, All ages. Administrative data","2008","2008","PER","Persons","0","Units",,,461700,,
"NL007","Groningen","T_T","Population, All ages. Administrative data","2009","2009","PER","Persons","0","Units",,,463078,,
"NL007","Groningen","T_T","Population, All ages. Administrative data","2010","2010","PER","Persons","0","Units",,,465595,,
"NL007","Groningen","T_T","Population, All ages. Administrative data","2011","2011","PER","Persons","0","Units",,,468371,,
"NL007","Groningen","T_T","Population, All ages. Administrative data","2012","2012","PER","Persons","0","Units",,,471011,,
"NL007","Groningen","T_T","Population, All ages. Administrative data","2013","2013","PER","Persons","0","Units",,,473116,,
"NL007","Groningen","T_T","Population, All ages. Administrative data","2014","2014","PER","Persons","0","Units",,,475304,,
"NL007","Groningen","T_T","Population, All ages. Administrative data","2015","2015","PER","Persons","0","Units",,,476461,,
"NL007","Groningen","T_T","Population, All ages. Administrative data","2016","2016","PER","Persons","0","Units",,,476573,,
"USA113","Bell","T_T","Population, All ages. Administrative data","2000","2000","PER","Persons","0","Units",,,332989,,
"USA113","Bell","T_T","Population, All ages. Administrative data","2001","2001","PER","Persons","0","Units",,,336409,,
"USA113","Bell","T_T","Population, All ages. Administrative data","2002","2002","PER","Persons","0","Units",,,341231,,
"USA113","Bell","T_T","Population, All ages. Administrative data","2003","2003","PER","Persons","0","Units",,,342865,,
"USA113","Bell","T_T","Population, All ages. Administrative data","2004","2004","PER","Persons","0","Units",,,349745,,
"USA113","Bell","T_T","Population, All ages. Administrative data","2005","2005","PER","Persons","0","Units",,,357533,,
"USA113","Bell","T_T","Population, All ages. Administrative data","2006","2006","PER","Persons","0","Units",,,365460,,
"USA113","Bell","T_T","Population, All ages. Administrative data","2007","2007","PER","Persons","0","Units",,,380804,,
"USA113","Bell","T_T","Population, All ages. Administrative data","2008","2008","PER","Persons","0","Units",,,392237,,
"USA113","Bell","T_T","Population, All ages. Administrative data","2009","2009","PER","Persons","0","Units",,,395375,,
"USA113","Bell","T_T","Population, All ages. Administrative data","2010","2010","PER","Persons","0","Units",,,408277,,
"USA113","Bell","T_T","Population, All ages. Administrative data","2011","2011","PER","Persons","0","Units",,,412376,,
"USA113","Bell","T_T","Population, All ages. Administrative data","2012","2012","PER","Persons","0","Units",,,423529,,
"USA113","Bell","T_T","Population, All ages. Administrative data","2013","2013","PER","Persons","0","Units",,,424069,,
"USA113","Bell","T_T","Population, All ages. Administrative data","2014","2014","PER","Persons","0","Units",,,426600,,
"USA113","Bell","T_T","Population, All ages. Administrative data","2015","2015","PER","Persons","0","Units",,,432741,,
"USA113","Bell","T_T","Population, All ages. Administrative data","2016","2016","PER","Persons","0","Units",,,436803,,
"USA15","Minneapolis","T_T_SH_NAT","Share of population  in metropolitan area over the national value","2001","2001","RATIO","Ratio","0","Units",,,1.1,,
"USA15","Minneapolis","T_T_SH_NAT","Share of population  in metropolitan area over the national value","2002","2002","RATIO","Ratio","0","Units",,,1.1,,
"USA15","Minneapolis","T_T_SH_NAT","Share of population  in metropolitan area over the national value","2003","2003","RATIO","Ratio","0","Units",,,1.1,,
"USA15","Minneapolis","T_T_SH_NAT","Share of population  in metropolitan area over the national value","2004","2004","RATIO","Ratio","0","Units",,,1.1,,
"USA15","Minneapolis","T_T_SH_NAT","Share of population  in metropolitan area over the national value","2005","2005","RATIO","Ratio","0","Units",,,1.1,,
"USA15","Minneapolis","T_T_SH_NAT","Share of population  in metropolitan area over the national value","2006","2006","RATIO","Ratio","0","Units",,,1.1,,
"USA15","Minneapolis","T_T_SH_NAT","Share of population  in metropolitan area over the national value","2007","2007","RATIO","Ratio","0","Units",,,1.1,,
"USA15","Minneapolis","T_T_SH_NAT","Share of population  in metropolitan area over the national value","2008","2008","RATIO","Ratio","0","Units",,,1.1,,
"USA15","Minneapolis","T_T_SH_NAT","Share of population  in metropolitan area over the national value","2009","2009","RATIO","Ratio","0","Units",,,1.1,,
"USA15","Minneapolis","T_T_SH_NAT","Share of population  in metropolitan area over the national value","2010","2010","RATIO","Ratio","0","Units",,,1.1,,
"USA15","Minneapolis","T_T_SH_NAT","Share of population  in metropolitan area over the national value","2011","2011","RATIO","Ratio","0","Units",,,1.1,,
"USA15","Minneapolis","T_T_SH_NAT","Share of population  in metropolitan area over the national value","2012","2012","RATIO","Ratio","0","Units",,,1.1,,
"USA15","Minneapolis","T_T_SH_NAT","Share of population  in metropolitan area over the national value","2013","2013","RATIO","Ratio","0","Units",,,1.1,,
"USA15","Minneapolis","T_T_SH_NAT","Share of population  in metropolitan area over the national value","2014","2014","RATIO","Ratio","0","Units",,,1.1,,
"USA15","Minneapolis","T_T_SH_NAT","Share of population  in metropolitan area over the national value","2015","2015","RATIO","Ratio","0","Units",,,1.1,,
"USA15","Minneapolis","T_T_SH_NAT","Share of population  in metropolitan area over the national value","2016","2016","RATIO","Ratio","0","Units",,,1.1,,
"ES025","Santa Cruz de Tenerife","POP_DEN","Population density (pop. per km2)","2000","2000","PER","Persons","0","Units",,,690,,
"ES025","Santa Cruz de Tenerife","POP_DEN","Population density (pop. per km2)","2001","2001","PER","Persons","0","Units",,,695,,
"ES025","Santa Cruz de Tenerife","POP_DEN","Population density (pop. per km2)","2002","2002","PER","Persons","0","Units",,,700,,
"ES025","Santa Cruz de Tenerife","POP_DEN","Population density (pop. per km2)","2003","2003","PER","Persons","0","Units",,,704,,
"ES025","Santa Cruz de Tenerife","POP_DEN","Population density (pop. per km2)","2004","2004","PER","Persons","0","Units",,,709,,
"ES025","Santa Cruz de Tenerife","POP_DEN","Population density (pop. per km2)","2005","2005","PER","Persons","0","Units",,,714,,
"ES025","Santa Cruz de Tenerife","POP_DEN","Population density (pop. per km2)","2006","2006","PER","Persons","0","Units",,,719,,
"ES025","Santa Cruz de Tenerife","POP_DEN","Population density (pop. per km2)","2007","2007","PER","Persons","0","Units",,,723,,
"ES025","Santa Cruz de Tenerife","POP_DEN","Population density (pop. per km2)","2008","2008","PER","Persons","0","Units",,,728,,
"ES025","Santa Cruz de Tenerife","POP_DEN","Population density (pop. per km2)","2009","2009","PER","Persons","0","Units",,,733,,
"ES025","Santa Cruz de Tenerife","POP_DEN","Population density (pop. per km2)","2010","2010","PER","Persons","0","Units",,,737,,
"ES025","Santa Cruz de Tenerife","POP_DEN","Population density (pop. per km2)","2011","2011","PER","Persons","0","Units",,,742,,
"ES025","Santa Cruz de Tenerife","POP_DEN","Population density (pop. per km2)","2012","2012","PER","Persons","0","Units",,,747,,
"ES025","Santa Cruz de Tenerife","POP_DEN","Population density (pop. per km2)","2013","2013","PER","Persons","0","Units",,,752,,
"ES025","Santa Cruz de Tenerife","POP_DEN","Population density (pop. per km2)","2014","2014","PER","Persons","0","Units",,,756,,
"ES025","Santa Cruz de Tenerife","POP_DEN","Population density (pop. per km2)","2015","2015","PER","Persons","0","Units",,,761,,
"ES025","Santa Cruz de Tenerife","POP_DEN","Population density (pop. per km2)","2016","2016","PER","Persons","0","Units",,,766,,
"FR035","Tours","T_T","Population, All ages. Administrative data","2000","2000","PER","Persons","0","Units",,,422227,,
"FR035","Tours","T_T","Population, All ages. Administrative data","2001","2001","PER","Persons","0","Units",,,425202,,
"FR035","Tours","T_T","Population, All ages. Administrative data","2002","2002","PER","Persons","0","Units",,,428180,,
"FR035","Tours","T_T","Population, All ages. Administrative data","2003","2003","PER","Persons","0","Units",,,431157,,
"FR035","Tours","T_T","Population, All ages. Administrative data","2004","2004","PER","Persons","0","Units",,,434134,,
"FR035","Tours","T_T","Population, All ages. Administrative data","2005","2005","PER","Persons","0","Units",,,437109,,
"FR035","Tours","T_T","Population, All ages. Administrative data","2006","2006","PER","Persons","0","Units",,,440086,,
"FR035","Tours","T_T","Population, All ages. Administrative data","2007","2007","PER","Persons","0","Units",,,443064,,
"FR035","Tours","T_T","Population, All ages. Administrative data","2008","2008","PER","Persons","0","Units",,,446039,,
"FR035","Tours","T_T","Population, All ages. Administrative data","2009","2009","PER","Persons","0","Units",,,449016,,
"FR035","Tours","T_T","Population, All ages. Administrative data","2010","2010","PER","Persons","0","Units",,,451785,,
"FR035","Tours","T_T","Population, All ages. Administrative data","2011","2011","PER","Persons","0","Units",,,454555,,
"FR035","Tours","T_T","Population, All ages. Administrative data","2012","2012","PER","Persons","0","Units",,,457323,,
"FR035","Tours","T_T","Population, All ages. Administrative data","2013","2013","PER","Persons","0","Units",,,460093,,
"FR035","Tours","T_T","Population, All ages. Administrative data","2014","2014","PER","Persons","0","Units",,,462862,,
"FR035","Tours","T_T","Population, All ages. Administrative data","2015","2015","PER","Persons","0","Units",,,461325,,
"USA06","Philadelphia (Greater)","T_T","Population, All ages. Administrative data","2000","2000","PER","Persons","0","Units",,,6043433,,
"USA06","Philadelphia (Greater)","T_T","Population, All ages. Administrative data","2001","2001","PER","Persons","0","Units",,,6067770,,
"USA06","Philadelphia (Greater)","T_T","Population, All ages. Administrative data","2002","2002","PER","Persons","0","Units",,,6099318,,
"USA06","Philadelphia (Greater)","T_T","Population, All ages. Administrative data","2003","2003","PER","Persons","0","Units",,,6132588,,
"USA06","Philadelphia (Greater)","T_T","Population, All ages. Administrative data","2004","2004","PER","Persons","0","Units",,,6165783,,
"USA06","Philadelphia (Greater)","T_T","Population, All ages. Administrative data","2005","2005","PER","Persons","0","Units",,,6191154,,
"USA06","Philadelphia (Greater)","T_T","Population, All ages. Administrative data","2006","2006","PER","Persons","0","Units",,,6218965,,
"USA06","Philadelphia (Greater)","T_T","Population, All ages. Administrative data","2007","2007","PER","Persons","0","Units",,,6245214,,
"USA06","Philadelphia (Greater)","T_T","Population, All ages. Administrative data","2008","2008","PER","Persons","0","Units",,,6271036,,
"USA06","Philadelphia (Greater)","T_T","Population, All ages. Administrative data","2009","2009","PER","Persons","0","Units",,,6306927,,
"USA06","Philadelphia (Greater)","T_T","Population, All ages. Administrative data","2010","2010","PER","Persons","0","Units",,,6339119,,
"USA06","Philadelphia (Greater)","T_T","Population, All ages. Administrative data","2011","2011","PER","Persons","0","Units",,,6364607,,
"USA06","Philadelphia (Greater)","T_T","Population, All ages. Administrative data","2012","2012","PER","Persons","0","Units",,,6391240,,
"USA06","Philadelphia (Greater)","T_T","Population, All ages. Administrative data","2013","2013","PER","Persons","0","Units",,,6407666,,
"USA06","Philadelphia (Greater)","T_T","Population, All ages. Administrative data","2014","2014","PER","Persons","0","Units",,,6426002,,
"USA06","Philadelphia (Greater)","T_T","Population, All ages. Administrative data","2015","2015","PER","Persons","0","Units",,,6439693,,
"USA06","Philadelphia (Greater)","T_T","Population, All ages. Administrative data","2016","2016","PER","Persons","0","Units",,,6450812,,
"KOR07","Ulsan","POP_DEN","Population density (pop. per km2)","2000","2000","PER","Persons","0","Units",,,2697,,
"KOR07","Ulsan","POP_DEN","Population density (pop. per km2)","2001","2001","PER","Persons","0","Units",,,2724,,
"KOR07","Ulsan","POP_DEN","Population density (pop. per km2)","2002","2002","PER","Persons","0","Units",,,2752,,
"KOR07","Ulsan","POP_DEN","Population density (pop. per km2)","2003","2003","PER","Persons","0","Units",,,2780,,
"KOR07","Ulsan","POP_DEN","Population density (pop. per km2)","2004","2004","PER","Persons","0","Units",,,2807,,
"KOR07","Ulsan","POP_DEN","Population density (pop. per km2)","2005","2005","PER","Persons","0","Units",,,2835,,
"KOR07","Ulsan","POP_DEN","Population density (pop. per km2)","2006","2006","PER","Persons","0","Units",,,2863,,
"KOR07","Ulsan","POP_DEN","Population density (pop. per km2)","2007","2007","PER","Persons","0","Units",,,2890,,
"KOR07","Ulsan","POP_DEN","Population density (pop. per km2)","2008","2008","PER","Persons","0","Units",,,2918,,
"KOR07","Ulsan","POP_DEN","Population density (pop. per km2)","2009","2009","PER","Persons","0","Units",,,2946,,
"KOR07","Ulsan","POP_DEN","Population density (pop. per km2)","2010","2010","PER","Persons","0","Units",,,2973,,
"KOR07","Ulsan","POP_DEN","Population density (pop. per km2)","2011","2011","PER","Persons","0","Units",,,3001,,
"KOR07","Ulsan","POP_DEN","Population density (pop. per km2)","2012","2012","PER","Persons","0","Units",,,3029,,
"KOR07","Ulsan","POP_DEN","Population density (pop. per km2)","2013","2013","PER","Persons","0","Units",,,3056,,
"KOR07","Ulsan","POP_DEN","Population density (pop. per km2)","2014","2014","PER","Persons","0","Units",,,3069,,
"KOR07","Ulsan","POP_DEN","Population density (pop. per km2)","2015","2015","PER","Persons","0","Units",,,3076,,
"KOR07","Ulsan","POP_DEN","Population density (pop. per km2)","2016","2016","PER","Persons","0","Units",,,3073,,
"JPN30","Tokushima","POP_DEN","Population density (pop. per km2)","2000","2000","PER","Persons","0","Units",,,529,,
"JPN30","Tokushima","POP_DEN","Population density (pop. per km2)","2001","2001","PER","Persons","0","Units",,,529,,
"JPN30","Tokushima","POP_DEN","Population density (pop. per km2)","2002","2002","PER","Persons","0","Units",,,528,,
"JPN30","Tokushima","POP_DEN","Population density (pop. per km2)","2003","2003","PER","Persons","0","Units",,,528,,
"JPN30","Tokushima","POP_DEN","Population density (pop. per km2)","2004","2004","PER","Persons","0","Units",,,527,,
"JPN30","Tokushima","POP_DEN","Population density (pop. per km2)","2005","2005","PER","Persons","0","Units",,,527,,
"JPN30","Tokushima","POP_DEN","Population density (pop. per km2)","2006","2006","PER","Persons","0","Units",,,524,,
"JPN30","Tokushima","POP_DEN","Population density (pop. per km2)","2007","2007","PER","Persons","0","Units",,,521,,
"JPN30","Tokushima","POP_DEN","Population density (pop. per km2)","2008","2008","PER","Persons","0","Units",,,518,,
"JPN30","Tokushima","POP_DEN","Population density (pop. per km2)","2009","2009","PER","Persons","0","Units",,,515,,
"JPN30","Tokushima","POP_DEN","Population density (pop. per km2)","2010","2010","PER","Persons","0","Units",,,512,,
"JPN30","Tokushima","POP_DEN","Population density (pop. per km2)","2011","2011","PER","Persons","0","Units",,,508,,
"JPN30","Tokushima","POP_DEN","Population density (pop. per km2)","2012","2012","PER","Persons","0","Units",,,505,,
"JPN30","Tokushima","POP_DEN","Population density (pop. per km2)","2013","2013","PER","Persons","0","Units",,,502,,
"JPN30","Tokushima","POP_DEN","Population density (pop. per km2)","2014","2014","PER","Persons","0","Units",,,499,,
"JPN30","Tokushima","POP_DEN","Population density (pop. per km2)","2015","2015","PER","Persons","0","Units",,,495,,
"KOR06","Seongsan","T_T_SH_NAT","Share of population  in metropolitan area over the national value","2001","2001","RATIO","Ratio","0","Units",,,2.3,,
"KOR06","Seongsan","T_T_SH_NAT","Share of population  in metropolitan area over the national value","2002","2002","RATIO","Ratio","0","Units",,,2.3,,
"KOR06","Seongsan","T_T_SH_NAT","Share of population  in metropolitan area over the national value","2003","2003","RATIO","Ratio","0","Units",,,2.3,,
"KOR06","Seongsan","T_T_SH_NAT","Share of population  in metropolitan area over the national value","2004","2004","RATIO","Ratio","0","Units",,,2.3,,
"KOR06","Seongsan","T_T_SH_NAT","Share of population  in metropolitan area over the national value","2005","2005","RATIO","Ratio","0","Units",,,2.3,,
"KOR06","Seongsan","T_T_SH_NAT","Share of population  in metropolitan area over the national value","2006","2006","RATIO","Ratio","0","Units",,,2.3,,
"KOR06","Seongsan","T_T_SH_NAT","Share of population  in metropolitan area over the national value","2007","2007","RATIO","Ratio","0","Units",,,2.3,,
"KOR06","Seongsan","T_T_SH_NAT","Share of population  in metropolitan area over the national value","2008","2008","RATIO","Ratio","0","Units",,,2.3,,
"KOR06","Seongsan","T_T_SH_NAT","Share of population  in metropolitan area over the national value","2009","2009","RATIO","Ratio","0","Units",,,2.3,,
"KOR06","Seongsan","T_T_SH_NAT","Share of population  in metropolitan area over the national value","2010","2010","RATIO","Ratio","0","Units",,,2.3,,
"KOR06","Seongsan","T_T_SH_NAT","Share of population  in metropolitan area over the national value","2011","2011","RATIO","Ratio","0","Units",,,2.3,,
"KOR06","Seongsan","T_T_SH_NAT","Share of population  in metropolitan area over the national value","2012","2012","RATIO","Ratio","0","Units",,,2.3,,
"KOR06","Seongsan","T_T_SH_NAT","Share of population  in metropolitan area over the national value","2013","2013","RATIO","Ratio","0","Units",,,2.3,,
"KOR06","Seongsan","T_T_SH_NAT","Share of population  in metropolitan area over the national value","2014","2014","RATIO","Ratio","0","Units",,,2.3,,
"KOR06","Seongsan","T_T_SH_NAT","Share of population  in metropolitan area over the national value","2015","2015","RATIO","Ratio","0","Units",,,2.2,,
"KOR06","Seongsan","T_T_SH_NAT","Share of population  in metropolitan area over the national value","2016","2016","RATIO","Ratio","0","Units",,,2.2,,
"MEX14","Cuernavaca","T_T","Population, All ages. Administrative data","2000","2000","PER","Persons","0","Units",,,831240,,
"MEX14","Cuernavaca","T_T","Population, All ages. Administrative data","2005","2005","PER","Persons","0","Units",,,802717,,
"MEX14","Cuernavaca","T_T","Population, All ages. Administrative data","2010","2010","PER","Persons","0","Units",,,904036,,
"MEX14","Cuernavaca","T_T","Population, All ages. Administrative data","2015","2015","PER","Persons","0","Units",,,1034763,,
"UK515","Brighton and Hove","POP_DEN","Population density (pop. per km2)","2001","2001","PER","Persons","0","Units",,,961,,
"UK515","Brighton and Hove","POP_DEN","Population density (pop. per km2)","2002","2002","PER","Persons","0","Units",,,963,,
"UK515","Brighton and Hove","POP_DEN","Population density (pop. per km2)","2003","2003","PER","Persons","0","Units",,,964,,
"UK515","Brighton and Hove","POP_DEN","Population density (pop. per km2)","2004","2004","PER","Persons","0","Units",,,965,,
"UK515","Brighton and Hove","POP_DEN","Population density (pop. per km2)","2005","2005","PER","Persons","0","Units",,,972,,
"UK515","Brighton and Hove","POP_DEN","Population density (pop. per km2)","2006","2006","PER","Persons","0","Units",,,981,,
"UK515","Brighton and Hove","POP_DEN","Population density (pop. per km2)","2007","2007","PER","Persons","0","Units",,,989,,
"UK515","Brighton and Hove","POP_DEN","Population density (pop. per km2)","2008","2008","PER","Persons","0","Units",,,1000,,
"UK515","Brighton and Hove","POP_DEN","Population density (pop. per km2)","2009","2009","PER","Persons","0","Units",,,1011,,
"UK515","Brighton and Hove","POP_DEN","Population density (pop. per km2)","2010","2010","PER","Persons","0","Units",,,1023,,
"UK515","Brighton and Hove","POP_DEN","Population density (pop. per km2)","2011","2011","PER","Persons","0","Units",,,1033,,
"UK515","Brighton and Hove","POP_DEN","Population density (pop. per km2)","2012","2012","PER","Persons","0","Units",,,1044,,
"UK515","Brighton and Hove","POP_DEN","Population density (pop. per km2)","2013","2013","PER","Persons","0","Units",,,1053,,
"UK515","Brighton and Hove","POP_DEN","Population density (pop. per km2)","2014","2014","PER","Persons","0","Units",,,1063,,
"UK515","Brighton and Hove","POP_DEN","Population density (pop. per km2)","2015","2015","PER","Persons","0","Units",,,1073,,
"UK515","Brighton and Hove","POP_DEN","Population density (pop. per km2)","2016","2016","PER","Persons","0","Units",,,1082,,
"UK033","Guildford","T_T_SH_NAT","Share of population  in metropolitan area over the national value","2001","2001","RATIO","Ratio","0","Units",,,0.4,,
"UK033","Guildford","T_T_SH_NAT","Share of population  in metropolitan area over the national value","2002","2002","RATIO","Ratio","0","Units",,,0.4,,
"UK033","Guildford","T_T_SH_NAT","Share of population  in metropolitan area over the national value","2003","2003","RATIO","Ratio","0","Units",,,0.4,,
"UK033","Guildford","T_T_SH_NAT","Share of population  in metropolitan area over the national value","2004","2004","RATIO","Ratio","0","Units",,,0.4,,
"UK033","Guildford","T_T_SH_NAT","Share of population  in metropolitan area over the national value","2005","2005","RATIO","Ratio","0","Units",,,0.4,,
"UK033","Guildford","T_T_SH_NAT","Share of population  in metropolitan area over the national value","2006","2006","RATIO","Ratio","0","Units",,,0.4,,
"UK033","Guildford","T_T_SH_NAT","Share of population  in metropolitan area over the national value","2007","2007","RATIO","Ratio","0","Units",,,0.4,,
"UK033","Guildford","T_T_SH_NAT","Share of population  in metropolitan area over the national value","2008","2008","RATIO","Ratio","0","Units",,,0.4,,
"UK033","Guildford","T_T_SH_NAT","Share of population  in metropolitan area over the national value","2009","2009","RATIO","Ratio","0","Units",,,0.4,,
"UK033","Guildford","T_T_SH_NAT","Share of population  in metropolitan area over the national value","2010","2010","RATIO","Ratio","0","Units",,,0.4,,
"UK033","Guildford","T_T_SH_NAT","Share of population  in metropolitan area over the national value","2011","2011","RATIO","Ratio","0","Units",,,0.4,,
"UK033","Guildford","T_T_SH_NAT","Share of population  in metropolitan area over the national value","2012","2012","RATIO","Ratio","0","Units",,,0.4,,
"UK033","Guildford","T_T_SH_NAT","Share of population  in metropolitan area over the national value","2013","2013","RATIO","Ratio","0","Units",,,0.4,,
"UK033","Guildford","T_T_SH_NAT","Share of population  in metropolitan area over the national value","2014","2014","RATIO","Ratio","0","Units",,,0.4,,
"UK033","Guildford","T_T_SH_NAT","Share of population  in metropolitan area over the national value","2015","2015","RATIO","Ratio","0","Units",,,0.4,,
"UK033","Guildford","T_T_SH_NAT","Share of population  in metropolitan area over the national value","2016","2016","RATIO","Ratio","0","Units",,,0.4,,
"MEX46","Victoria","T_T","Population, All ages. Administrative data","2000","2000","PER","Persons","0","Units",,,286324,,
"MEX46","Victoria","T_T","Population, All ages. Administrative data","2005","2005","PER","Persons","0","Units",,,289239,,
"MEX46","Victoria","T_T","Population, All ages. Administrative data","2010","2010","PER","Persons","0","Units",,,317743,,
"MEX46","Victoria","T_T","Population, All ages. Administrative data","2015","2015","PER","Persons","0","Units",,,362996,,
"CL004","Antofagasta","T_T","Population, All ages. Administrative data","2000","2000","PER","Persons","0","Units",,,282893,,
"CL004","Antofagasta","T_T","Population, All ages. Administrative data","2002","2002","PER","Persons","0","Units",,,307809,,
"CL004","Antofagasta","T_T","Population, All ages. Administrative data","2003","2003","PER","Persons","0","Units",,,312798,,
"CL004","Antofagasta","T_T","Population, All ages. Administrative data","2004","2004","PER","Persons","0","Units",,,317652,,
"CL004","Antofagasta","T_T","Population, All ages. Administrative data","2005","2005","PER","Persons","0","Units",,,322413,,
"CL004","Antofagasta","T_T","Population, All ages. Administrative data","2006","2006","PER","Persons","0","Units",,,327263,,
"CL004","Antofagasta","T_T","Population, All ages. Administrative data","2007","2007","PER","Persons","0","Units",,,332305,,
"CL004","Antofagasta","T_T","Population, All ages. Administrative data","2008","2008","PER","Persons","0","Units",,,337577,,
"CL004","Antofagasta","T_T","Population, All ages. Administrative data","2009","2009","PER","Persons","0","Units",,,343147,,
"CL004","Antofagasta","T_T","Population, All ages. Administrative data","2010","2010","PER","Persons","0","Units",,,348840,,
"CL004","Antofagasta","T_T","Population, All ages. Administrative data","2011","2011","PER","Persons","0","Units",,,354659,,
"CL004","Antofagasta","T_T","Population, All ages. Administrative data","2012","2012","PER","Persons","0","Units",,,360573,,
"CL004","Antofagasta","T_T","Population, All ages. Administrative data","2013","2013","PER","Persons","0","Units",,,366438,,
"CL004","Antofagasta","T_T","Population, All ages. Administrative data","2014","2014","PER","Persons","0","Units",,,372325,,
"CL004","Antofagasta","T_T","Population, All ages. Administrative data","2015","2015","PER","Persons","0","Units",,,378244,,
"CL004","Antofagasta","T_T","Population, All ages. Administrative data","2016","2016","PER","Persons","0","Units",,,384065,,
"NL514","Alkmaar","POP_DEN","Population density (pop. per km2)","2000","2000","PER","Persons","0","Units",,,570,,
"DE548","Duren, Stadt","POP_DEN","Population density (pop. per km2)","2001","2001","PER","Persons","0","Units",,,284,,
"DE548","Duren, Stadt","POP_DEN","Population density (pop. per km2)","2002","2002","PER","Persons","0","Units",,,287,,
"DE548","Duren, Stadt","POP_DEN","Population density (pop. per km2)","2003","2003","PER","Persons","0","Units",,,289,,
"DE548","Duren, Stadt","POP_DEN","Population density (pop. per km2)","2004","2004","PER","Persons","0","Units",,,289,,
"DE548","Duren, Stadt","POP_DEN","Population density (pop. per km2)","2005","2005","PER","Persons","0","Units",,,289,,
"DE548","Duren, Stadt","POP_DEN","Population density (pop. per km2)","2006","2006","PER","Persons","0","Units",,,289,,
"DE548","Duren, Stadt","POP_DEN","Population density (pop. per km2)","2007","2007","PER","Persons","0","Units",,,287,,
"DE548","Duren, Stadt","POP_DEN","Population density (pop. per km2)","2008","2008","PER","Persons","0","Units",,,287,,
"DE548","Duren, Stadt","POP_DEN","Population density (pop. per km2)","2009","2009","PER","Persons","0","Units",,,286,,
"DE548","Duren, Stadt","POP_DEN","Population density (pop. per km2)","2010","2010","PER","Persons","0","Units",,,284,,
"DE548","Duren, Stadt","POP_DEN","Population density (pop. per km2)","2011","2011","PER","Persons","0","Units",,,274,,
"DE548","Duren, Stadt","POP_DEN","Population density (pop. per km2)","2012","2012","PER","Persons","0","Units",,,274,,
"DE548","Duren, Stadt","POP_DEN","Population density (pop. per km2)","2013","2013","PER","Persons","0","Units",,,274,,
"DE548","Duren, Stadt","POP_DEN","Population density (pop. per km2)","2014","2014","PER","Persons","0","Units",,,274,,
"DE548","Duren, Stadt","POP_DEN","Population density (pop. per km2)","2015","2015","PER","Persons","0","Units",,,274,,
"DE548","Duren, Stadt","POP_DEN","Population density (pop. per km2)","2016","2016","PER","Persons","0","Units",,,278,,
"DE537","Reutlingen","POP_DEN","Population density (pop. per km2)","2001","2001","PER","Persons","0","Units",,,254,,
"DE537","Reutlingen","POP_DEN","Population density (pop. per km2)","2002","2002","PER","Persons","0","Units",,,255,,
"DE537","Reutlingen","POP_DEN","Population density (pop. per km2)","2003","2003","PER","Persons","0","Units",,,256,,
"DE537","Reutlingen","POP_DEN","Population density (pop. per km2)","2004","2004","PER","Persons","0","Units",,,257,,
"DE537","Reutlingen","POP_DEN","Population density (pop. per km2)","2005","2005","PER","Persons","0","Units",,,257,,
"DE537","Reutlingen","POP_DEN","Population density (pop. per km2)","2006","2006","PER","Persons","0","Units",,,257,,
"DE537","Reutlingen","POP_DEN","Population density (pop. per km2)","2007","2007","PER","Persons","0","Units",,,257,,
"DE537","Reutlingen","POP_DEN","Population density (pop. per km2)","2008","2008","PER","Persons","0","Units",,,257,,
"DE537","Reutlingen","POP_DEN","Population density (pop. per km2)","2009","2009","PER","Persons","0","Units",,,256,,
"DE537","Reutlingen","POP_DEN","Population density (pop. per km2)","2010","2010","PER","Persons","0","Units",,,256,,
"DE537","Reutlingen","POP_DEN","Population density (pop. per km2)","2011","2011","PER","Persons","0","Units",,,249,,
"DE537","Reutlingen","POP_DEN","Population density (pop. per km2)","2012","2012","PER","Persons","0","Units",,,250,,
"DE537","Reutlingen","POP_DEN","Population density (pop. per km2)","2013","2013","PER","Persons","0","Units",,,251,,
"DE537","Reutlingen","POP_DEN","Population density (pop. per km2)","2014","2014","PER","Persons","0","Units",,,252,,
"DE537","Reutlingen","POP_DEN","Population density (pop. per km2)","2015","2015","PER","Persons","0","Units",,,254,,
"DE537","Reutlingen","POP_DEN","Population density (pop. per km2)","2016","2016","PER","Persons","0","Units",,,257,,
"ES022","Vigo","T_T","Population, All ages. Administrative data","2000","2000","PER","Persons","0","Units",,,507647,,
"ES022","Vigo","T_T","Population, All ages. Administrative data","2001","2001","PER","Persons","0","Units",,,509650,,
"ES022","Vigo","T_T","Population, All ages. Administrative data","2002","2002","PER","Persons","0","Units",,,511652,,
"ES022","Vigo","T_T","Population, All ages. Administrative data","2003","2003","PER","Persons","0","Units",,,513654,,
"ES022","Vigo","T_T","Population, All ages. Administrative data","2004","2004","PER","Persons","0","Units",,,515657,,
"ES022","Vigo","T_T","Population, All ages. Administrative data","2005","2005","PER","Persons","0","Units",,,517658,,
"ES022","Vigo","T_T","Population, All ages. Administrative data","2006","2006","PER","Persons","0","Units",,,519661,,
"ES022","Vigo","T_T","Population, All ages. Administrative data","2007","2007","PER","Persons","0","Units",,,521663,,
"ES022","Vigo","T_T","Population, All ages. Administrative data","2008","2008","PER","Persons","0","Units",,,523665,,
"ES022","Vigo","T_T","Population, All ages. Administrative data","2009","2009","PER","Persons","0","Units",,,525668,,
"ES022","Vigo","T_T","Population, All ages. Administrative data","2010","2010","PER","Persons","0","Units",,,527670,,
"ES022","Vigo","T_T","Population, All ages. Administrative data","2011","2011","PER","Persons","0","Units",,,529672,,
"ES022","Vigo","T_T","Population, All ages. Administrative data","2012","2012","PER","Persons","0","Units",,,531675,,
"ES022","Vigo","T_T","Population, All ages. Administrative data","2013","2013","PER","Persons","0","Units",,,533676,,
"ES022","Vigo","T_T","Population, All ages. Administrative data","2014","2014","PER","Persons","0","Units",,,535679,,
"ES022","Vigo","T_T","Population, All ages. Administrative data","2015","2015","PER","Persons","0","Units",,,537681,,
"ES022","Vigo","T_T","Population, All ages. Administrative data","2016","2016","PER","Persons","0","Units",,,539683,,
"UK029","Nottingham","T_T","Population, All ages. Administrative data","2001","2001","PER","Persons","0","Units",,,815615,,
"UK029","Nottingham","T_T","Population, All ages. Administrative data","2002","2002","PER","Persons","0","Units",,,820828,,
"UK029","Nottingham","T_T","Population, All ages. Administrative data","2003","2003","PER","Persons","0","Units",,,825168,,
"UK029","Nottingham","T_T","Population, All ages. Administrative data","2004","2004","PER","Persons","0","Units",,,831159,,
"UK029","Nottingham","T_T","Population, All ages. Administrative data","2005","2005","PER","Persons","0","Units",,,837997,,
"UK029","Nottingham","T_T","Population, All ages. Administrative data","2006","2006","PER","Persons","0","Units",,,840508,,
"UK029","Nottingham","T_T","Population, All ages. Administrative data","2007","2007","PER","Persons","0","Units",,,843754,,
"UK029","Nottingham","T_T","Population, All ages. Administrative data","2008","2008","PER","Persons","0","Units",,,848979,,
"UK029","Nottingham","T_T","Population, All ages. Administrative data","2009","2009","PER","Persons","0","Units",,,856008,,
"UK029","Nottingham","T_T","Population, All ages. Administrative data","2010","2010","PER","Persons","0","Units",,,863497,,
"UK029","Nottingham","T_T","Population, All ages. Administrative data","2011","2011","PER","Persons","0","Units",,,870408,,
"UK029","Nottingham","T_T","Population, All ages. Administrative data","2012","2012","PER","Persons","0","Units",,,877565,,
"UK029","Nottingham","T_T","Population, All ages. Administrative data","2013","2013","PER","Persons","0","Units",,,884410,,
"UK029","Nottingham","T_T","Population, All ages. Administrative data","2014","2014","PER","Persons","0","Units",,,892069,,
"UK029","Nottingham","T_T","Population, All ages. Administrative data","2015","2015","PER","Persons","0","Units",,,899673,,
"UK029","Nottingham","T_T","Population, All ages. Administrative data","2016","2016","PER","Persons","0","Units",,,908434,,
"JPN37","Morioka","POP_DEN","Population density (pop. per km2)","2000","2000","PER","Persons","0","Units",,,134,,
"JPN37","Morioka","POP_DEN","Population density (pop. per km2)","2001","2001","PER","Persons","0","Units",,,134,,
"JPN37","Morioka","POP_DEN","Population density (pop. per km2)","2002","2002","PER","Persons","0","Units",,,133,,
"JPN37","Morioka","POP_DEN","Population density (pop. per km2)","2003","2003","PER","Persons","0","Units",,,133,,
"JPN37","Morioka","POP_DEN","Population density (pop. per km2)","2004","2004","PER","Persons","0","Units",,,133,,
"JPN37","Morioka","POP_DEN","Population density (pop. per km2)","2005","2005","PER","Persons","0","Units",,,132,,
"JPN37","Morioka","POP_DEN","Population density (pop. per km2)","2006","2006","PER","Persons","0","Units",,,132,,
"JPN37","Morioka","POP_DEN","Population density (pop. per km2)","2007","2007","PER","Persons","0","Units",,,131,,
"JPN37","Morioka","POP_DEN","Population density (pop. per km2)","2008","2008","PER","Persons","0","Units",,,131,,
"JPN37","Morioka","POP_DEN","Population density (pop. per km2)","2009","2009","PER","Persons","0","Units",,,130,,
"JPN37","Morioka","POP_DEN","Population density (pop. per km2)","2010","2010","PER","Persons","0","Units",,,130,,
"JPN37","Morioka","POP_DEN","Population density (pop. per km2)","2011","2011","PER","Persons","0","Units",,,130,,
"JPN37","Morioka","POP_DEN","Population density (pop. per km2)","2012","2012","PER","Persons","0","Units",,,129,,
"JPN37","Morioka","POP_DEN","Population density (pop. per km2)","2013","2013","PER","Persons","0","Units",,,129,,
"JPN37","Morioka","POP_DEN","Population density (pop. per km2)","2014","2014","PER","Persons","0","Units",,,128,,
"JPN37","Morioka","POP_DEN","Population density (pop. per km2)","2015","2015","PER","Persons","0","Units",,,128,,
"USA78","Lucas","T_T_SH_NAT","Share of population  in metropolitan area over the national value","2001","2001","RATIO","Ratio","0","Units",,,0.2,,
"USA78","Lucas","T_T_SH_NAT","Share of population  in metropolitan area over the national value","2002","2002","RATIO","Ratio","0","Units",,,0.2,,
"USA78","Lucas","T_T_SH_NAT","Share of population  in metropolitan area over the national value","2003","2003","RATIO","Ratio","0","Units",,,0.2,,
"USA78","Lucas","T_T_SH_NAT","Share of population  in metropolitan area over the national value","2004","2004","RATIO","Ratio","0","Units",,,0.2,,
"USA78","Lucas","T_T_SH_NAT","Share of population  in metropolitan area over the national value","2005","2005","RATIO","Ratio","0","Units",,,0.2,,
"USA78","Lucas","T_T_SH_NAT","Share of population  in metropolitan area over the national value","2006","2006","RATIO","Ratio","0","Units",,,0.2,,
"USA78","Lucas","T_T_SH_NAT","Share of population  in metropolitan area over the national value","2007","2007","RATIO","Ratio","0","Units",,,0.2,,
"USA78","Lucas","T_T_SH_NAT","Share of population  in metropolitan area over the national value","2008","2008","RATIO","Ratio","0","Units",,,0.2,,
"USA78","Lucas","T_T_SH_NAT","Share of population  in metropolitan area over the national value","2009","2009","RATIO","Ratio","0","Units",,,0.2,,
"USA78","Lucas","T_T_SH_NAT","Share of population  in metropolitan area over the national value","2010","2010","RATIO","Ratio","0","Units",,,0.2,,
"USA78","Lucas","T_T_SH_NAT","Share of population  in metropolitan area over the national value","2011","2011","RATIO","Ratio","0","Units",,,0.2,,
"USA78","Lucas","T_T_SH_NAT","Share of population  in metropolitan area over the national value","2012","2012","RATIO","Ratio","0","Units",,,0.2,,
"USA78","Lucas","T_T_SH_NAT","Share of population  in metropolitan area over the national value","2013","2013","RATIO","Ratio","0","Units",,,0.2,,
"USA78","Lucas","T_T_SH_NAT","Share of population  in metropolitan area over the national value","2014","2014","RATIO","Ratio","0","Units",,,0.2,,
"USA78","Lucas","T_T_SH_NAT","Share of population  in metropolitan area over the national value","2015","2015","RATIO","Ratio","0","Units",,,0.2,,
"USA78","Lucas","T_T_SH_NAT","Share of population  in metropolitan area over the national value","2016","2016","RATIO","Ratio","0","Units",,,0.2,,
"JPN27","Kofu","T_T","Population, All ages. Administrative data","2000","2000","PER","Persons","0","Units",,,606960,,
"JPN27","Kofu","T_T","Population, All ages. Administrative data","2001","2001","PER","Persons","0","Units",,,607357,,
"JPN27","Kofu","T_T","Population, All ages. Administrative data","2002","2002","PER","Persons","0","Units",,,607754,,
"JPN27","Kofu","T_T","Population, All ages. Administrative data","2003","2003","PER","Persons","0","Units",,,608152,,
"JPN27","Kofu","T_T","Population, All ages. Administrative data","2004","2004","PER","Persons","0","Units",,,608549,,
"JPN27","Kofu","T_T","Population, All ages. Administrative data","2005","2005","PER","Persons","0","Units",,,608946,,
"JPN27","Kofu","T_T","Population, All ages. Administrative data","2006","2006","PER","Persons","0","Units",,,606666,,
"JPN27","Kofu","T_T","Population, All ages. Administrative data","2007","2007","PER","Persons","0","Units",,,604387,,
"JPN27","Kofu","T_T","Population, All ages. Administrative data","2008","2008","PER","Persons","0","Units",,,602106,,
"JPN27","Kofu","T_T","Population, All ages. Administrative data","2009","2009","PER","Persons","0","Units",,,599827,,
"JPN27","Kofu","T_T","Population, All ages. Administrative data","2010","2010","PER","Persons","0","Units",,,597547,,
"JPN27","Kofu","T_T","Population, All ages. Administrative data","2011","2011","PER","Persons","0","Units",,,593903,,
"JPN27","Kofu","T_T","Population, All ages. Administrative data","2012","2012","PER","Persons","0","Units",,,590258,,
"JPN27","Kofu","T_T","Population, All ages. Administrative data","2013","2013","PER","Persons","0","Units",,,586614,,
"JPN27","Kofu","T_T","Population, All ages. Administrative data","2014","2014","PER","Persons","0","Units",,,582969,,
"JPN27","Kofu","T_T","Population, All ages. Administrative data","2015","2015","PER","Persons","0","Units",,,579325,,
"FR042","Dunkerque","T_T","Population, All ages. Administrative data","2000","2000","PER","Persons","0","Units",,,255702,,
"FR042","Dunkerque","T_T","Population, All ages. Administrative data","2001","2001","PER","Persons","0","Units",,,257706,,
"FR042","Dunkerque","T_T","Population, All ages. Administrative data","2002","2002","PER","Persons","0","Units",,,259710,,
"FR042","Dunkerque","T_T","Population, All ages. Administrative data","2003","2003","PER","Persons","0","Units",,,261715,,
"FR042","Dunkerque","T_T","Population, All ages. Administrative data","2004","2004","PER","Persons","0","Units",,,263719,,
"FR042","Dunkerque","T_T","Population, All ages. Administrative data","2005","2005","PER","Persons","0","Units",,,265721,,
"FR042","Dunkerque","T_T","Population, All ages. Administrative data","2006","2006","PER","Persons","0","Units",,,267726,,
"FR042","Dunkerque","T_T","Population, All ages. Administrative data","2007","2007","PER","Persons","0","Units",,,269730,,
"FR042","Dunkerque","T_T","Population, All ages. Administrative data","2008","2008","PER","Persons","0","Units",,,271734,,
"FR042","Dunkerque","T_T","Population, All ages. Administrative data","2009","2009","PER","Persons","0","Units",,,273738,,
"FR042","Dunkerque","T_T","Population, All ages. Administrative data","2010","2010","PER","Persons","0","Units",,,273682,,
"FR042","Dunkerque","T_T","Population, All ages. Administrative data","2011","2011","PER","Persons","0","Units",,,273626,,
"FR042","Dunkerque","T_T","Population, All ages. Administrative data","2012","2012","PER","Persons","0","Units",,,273569,,
"FR042","Dunkerque","T_T","Population, All ages. Administrative data","2013","2013","PER","Persons","0","Units",,,273513,,
"FR042","Dunkerque","T_T","Population, All ages. Administrative data","2014","2014","PER","Persons","0","Units",,,273457,,
"FR042","Dunkerque","T_T","Population, All ages. Administrative data","2015","2015","PER","Persons","0","Units",,,261263,,
"IT511","Bergamo","POP_DEN","Population density (pop. per km2)","2000","2000","PER","Persons","0","Units",,,1424,,
"IT511","Bergamo","POP_DEN","Population density (pop. per km2)","2001","2001","PER","Persons","0","Units",,,1442,,
"IT511","Bergamo","POP_DEN","Population density (pop. per km2)","2002","2002","PER","Persons","0","Units",,,1459,,
"IT511","Bergamo","POP_DEN","Population density (pop. per km2)","2003","2003","PER","Persons","0","Units",,,1477,,
"IT511","Bergamo","POP_DEN","Population density (pop. per km2)","2004","2004","PER","Persons","0","Units",,,1494,,
"IT511","Bergamo","POP_DEN","Population density (pop. per km2)","2005","2005","PER","Persons","0","Units",,,1512,,
"IT511","Bergamo","POP_DEN","Population density (pop. per km2)","2006","2006","PER","Persons","0","Units",,,1530,,
"IT511","Bergamo","POP_DEN","Population density (pop. per km2)","2007","2007","PER","Persons","0","Units",,,1547,,
"IT511","Bergamo","POP_DEN","Population density (pop. per km2)","2008","2008","PER","Persons","0","Units",,,1565,,
"IT511","Bergamo","POP_DEN","Population density (pop. per km2)","2009","2009","PER","Persons","0","Units",,,1582,,
"IT511","Bergamo","POP_DEN","Population density (pop. per km2)","2010","2010","PER","Persons","0","Units",,,1600,,
"IT511","Bergamo","POP_DEN","Population density (pop. per km2)","2011","2011","PER","Persons","0","Units",,,1618,,
"IT511","Bergamo","POP_DEN","Population density (pop. per km2)","2012","2012","PER","Persons","0","Units",,,1635,,
"IT511","Bergamo","POP_DEN","Population density (pop. per km2)","2013","2013","PER","Persons","0","Units",,,1641,,
"IT511","Bergamo","POP_DEN","Population density (pop. per km2)","2014","2014","PER","Persons","0","Units",,,1673,,
"IT511","Bergamo","POP_DEN","Population density (pop. per km2)","2015","2015","PER","Persons","0","Units",,,1677,,
"IT511","Bergamo","POP_DEN","Population density (pop. per km2)","2016","2016","PER","Persons","0","Units",,,1676,,
"PL011","Bialystok","POP_DEN","Population density (pop. per km2)","2000","2000","PER","Persons","0","Units",,,185,,
"PL011","Bialystok","POP_DEN","Population density (pop. per km2)","2001","2001","PER","Persons","0","Units",,,186,,
"PL011","Bialystok","POP_DEN","Population density (pop. per km2)","2002","2002","PER","Persons","0","Units",,,186,,
"PL011","Bialystok","POP_DEN","Population density (pop. per km2)","2003","2003","PER","Persons","0","Units",,,186,,
"PL011","Bialystok","POP_DEN","Population density (pop. per km2)","2004","2004","PER","Persons","0","Units",,,187,,
"PL011","Bialystok","POP_DEN","Population density (pop. per km2)","2005","2005","PER","Persons","0","Units",,,187,,
"PL011","Bialystok","POP_DEN","Population density (pop. per km2)","2006","2006","PER","Persons","0","Units",,,187,,
"PL011","Bialystok","POP_DEN","Population density (pop. per km2)","2007","2007","PER","Persons","0","Units",,,187,,
"PL011","Bialystok","POP_DEN","Population density (pop. per km2)","2008","2008","PER","Persons","0","Units",,,188,,
"PL011","Bialystok","POP_DEN","Population density (pop. per km2)","2009","2009","PER","Persons","0","Units",,,188,,
"PL011","Bialystok","POP_DEN","Population density (pop. per km2)","2010","2010","PER","Persons","0","Units",,,189,,
"PL011","Bialystok","POP_DEN","Population density (pop. per km2)","2011","2011","PER","Persons","0","Units",,,190,,
"PL011","Bialystok","POP_DEN","Population density (pop. per km2)","2012","2012","PER","Persons","0","Units",,,191,,
"PL011","Bialystok","POP_DEN","Population density (pop. per km2)","2013","2013","PER","Persons","0","Units",,,191,,
"PL011","Bialystok","POP_DEN","Population density (pop. per km2)","2014","2014","PER","Persons","0","Units",,,192,,
"PL011","Bialystok","POP_DEN","Population density (pop. per km2)","2015","2015","PER","Persons","0","Units",,,192,,
"PL011","Bialystok","POP_DEN","Population density (pop. per km2)","2016","2016","PER","Persons","0","Units",,,193,,
"KOR05","Seo","T_T","Population, All ages. Administrative data","2000","2000","PER","Persons","0","Units",,,1385119,,
"KOR05","Seo","T_T","Population, All ages. Administrative data","2001","2001","PER","Persons","0","Units",,,1396981,,
"KOR05","Seo","T_T","Population, All ages. Administrative data","2002","2002","PER","Persons","0","Units",,,1408843,,
"KOR05","Seo","T_T","Population, All ages. Administrative data","2003","2003","PER","Persons","0","Units",,,1420706,,
"KOR05","Seo","T_T","Population, All ages. Administrative data","2004","2004","PER","Persons","0","Units",,,1432568,,
"KOR05","Seo","T_T","Population, All ages. Administrative data","2005","2005","PER","Persons","0","Units",,,1444430,,
"KOR05","Seo","T_T","Population, All ages. Administrative data","2006","2006","PER","Persons","0","Units",,,1456292,,
"KOR05","Seo","T_T","Population, All ages. Administrative data","2007","2007","PER","Persons","0","Units",,,1468154,,
"KOR05","Seo","T_T","Population, All ages. Administrative data","2008","2008","PER","Persons","0","Units",,,1480016,,
"KOR05","Seo","T_T","Population, All ages. Administrative data","2009","2009","PER","Persons","0","Units",,,1491879,,
"KOR05","Seo","T_T","Population, All ages. Administrative data","2010","2010","PER","Persons","0","Units",,,1503741,,
"KOR05","Seo","T_T","Population, All ages. Administrative data","2011","2011","PER","Persons","0","Units",,,1515603,,
"KOR05","Seo","T_T","Population, All ages. Administrative data","2012","2012","PER","Persons","0","Units",,,1524583,,
"KOR05","Seo","T_T","Population, All ages. Administrative data","2013","2013","PER","Persons","0","Units",,,1532811,,
"KOR05","Seo","T_T","Population, All ages. Administrative data","2014","2014","PER","Persons","0","Units",,,1531809,,
"KOR05","Seo","T_T","Population, All ages. Administrative data","2015","2015","PER","Persons","0","Units",,,1518775,,
"KOR05","Seo","T_T","Population, All ages. Administrative data","2016","2016","PER","Persons","0","Units",,,1514370,,
"UK510","Sunderland","T_T_SH_NAT","Share of population  in metropolitan area over the national value","2001","2001","RATIO","Ratio","0","Units",,,0.5,,
"UK510","Sunderland","T_T_SH_NAT","Share of population  in metropolitan area over the national value","2002","2002","RATIO","Ratio","0","Units",,,0.5,,
"UK510","Sunderland","T_T_SH_NAT","Share of population  in metropolitan area over the national value","2003","2003","RATIO","Ratio","0","Units",,,0.5,,
"UK510","Sunderland","T_T_SH_NAT","Share of population  in metropolitan area over the national value","2004","2004","RATIO","Ratio","0","Units",,,0.5,,
"UK510","Sunderland","T_T_SH_NAT","Share of population  in metropolitan area over the national value","2005","2005","RATIO","Ratio","0","Units",,,0.5,,
"UK510","Sunderland","T_T_SH_NAT","Share of population  in metropolitan area over the national value","2006","2006","RATIO","Ratio","0","Units",,,0.5,,
"UK510","Sunderland","T_T_SH_NAT","Share of population  in metropolitan area over the national value","2007","2007","RATIO","Ratio","0","Units",,,0.5,,
"UK510","Sunderland","T_T_SH_NAT","Share of population  in metropolitan area over the national value","2008","2008","RATIO","Ratio","0","Units",,,0.5,,
"UK510","Sunderland","T_T_SH_NAT","Share of population  in metropolitan area over the national value","2009","2009","RATIO","Ratio","0","Units",,,0.5,,
"UK510","Sunderland","T_T_SH_NAT","Share of population  in metropolitan area over the national value","2010","2010","RATIO","Ratio","0","Units",,,0.4,,
"UK510","Sunderland","T_T_SH_NAT","Share of population  in metropolitan area over the national value","2011","2011","RATIO","Ratio","0","Units",,,0.4,,
"UK510","Sunderland","T_T_SH_NAT","Share of population  in metropolitan area over the national value","2012","2012","RATIO","Ratio","0","Units",,,0.4,,
"UK510","Sunderland","T_T_SH_NAT","Share of population  in metropolitan area over the national value","2013","2013","RATIO","Ratio","0","Units",,,0.4,,
"UK510","Sunderland","T_T_SH_NAT","Share of population  in metropolitan area over the national value","2014","2014","RATIO","Ratio","0","Units",,,0.4,,
"UK510","Sunderland","T_T_SH_NAT","Share of population  in metropolitan area over the national value","2015","2015","RATIO","Ratio","0","Units",,,0.4,,
"UK510","Sunderland","T_T_SH_NAT","Share of population  in metropolitan area over the national value","2016","2016","RATIO","Ratio","0","Units",,,0.4,,
"DE005","Frankfurt am Main","POP_DEN","Population density (pop. per km2)","2001","2001","PER","Persons","0","Units",,,580,,
"DE005","Frankfurt am Main","POP_DEN","Population density (pop. per km2)","2002","2002","PER","Persons","0","Units",,,581,,
"DE005","Frankfurt am Main","POP_DEN","Population density (pop. per km2)","2003","2003","PER","Persons","0","Units",,,583,,
"DE005","Frankfurt am Main","POP_DEN","Population density (pop. per km2)","2004","2004","PER","Persons","0","Units",,,583,,
"DE005","Frankfurt am Main","POP_DEN","Population density (pop. per km2)","2005","2005","PER","Persons","0","Units",,,585,,
"DE005","Frankfurt am Main","POP_DEN","Population density (pop. per km2)","2006","2006","PER","Persons","0","Units",,,586,,
"DE005","Frankfurt am Main","POP_DEN","Population density (pop. per km2)","2007","2007","PER","Persons","0","Units",,,585,,
"DE005","Frankfurt am Main","POP_DEN","Population density (pop. per km2)","2008","2008","PER","Persons","0","Units",,,587,,
"DE005","Frankfurt am Main","POP_DEN","Population density (pop. per km2)","2009","2009","PER","Persons","0","Units",,,588,,
"DE005","Frankfurt am Main","POP_DEN","Population density (pop. per km2)","2010","2010","PER","Persons","0","Units",,,590,,
"DE005","Frankfurt am Main","POP_DEN","Population density (pop. per km2)","2011","2011","PER","Persons","0","Units",,,582,,
"DE005","Frankfurt am Main","POP_DEN","Population density (pop. per km2)","2012","2012","PER","Persons","0","Units",,,587,,
"DE005","Frankfurt am Main","POP_DEN","Population density (pop. per km2)","2013","2013","PER","Persons","0","Units",,,592,,
"DE005","Frankfurt am Main","POP_DEN","Population density (pop. per km2)","2014","2014","PER","Persons","0","Units",,,598,,
"DE005","Frankfurt am Main","POP_DEN","Population density (pop. per km2)","2015","2015","PER","Persons","0","Units",,,606,,
"DE005","Frankfurt am Main","POP_DEN","Population density (pop. per km2)","2016","2016","PER","Persons","0","Units",,,616,,
"DE074","Gorlitz","POP_DEN","Population density (pop. per km2)","2001","2001","PER","Persons","0","Units",,,153,,
"DE074","Gorlitz","POP_DEN","Population density (pop. per km2)","2002","2002","PER","Persons","0","Units",,,150,,
"DE074","Gorlitz","POP_DEN","Population density (pop. per km2)","2003","2003","PER","Persons","0","Units",,,147,,
"DE074","Gorlitz","POP_DEN","Population density (pop. per km2)","2004","2004","PER","Persons","0","Units",,,145,,
"DE074","Gorlitz","POP_DEN","Population density (pop. per km2)","2005","2005","PER","Persons","0","Units",,,143,,
"DE074","Gorlitz","POP_DEN","Population density (pop. per km2)","2006","2006","PER","Persons","0","Units",,,141,,
"DE074","Gorlitz","POP_DEN","Population density (pop. per km2)","2007","2007","PER","Persons","0","Units",,,139,,
"DE074","Gorlitz","POP_DEN","Population density (pop. per km2)","2008","2008","PER","Persons","0","Units",,,137,,
"DE074","Gorlitz","POP_DEN","Population density (pop. per km2)","2009","2009","PER","Persons","0","Units",,,135,,
"DE074","Gorlitz","POP_DEN","Population density (pop. per km2)","2010","2010","PER","Persons","0","Units",,,133,,
"DE074","Gorlitz","POP_DEN","Population density (pop. per km2)","2011","2011","PER","Persons","0","Units",,,129,,
"DE074","Gorlitz","POP_DEN","Population density (pop. per km2)","2012","2012","PER","Persons","0","Units",,,127,,
"DE074","Gorlitz","POP_DEN","Population density (pop. per km2)","2013","2013","PER","Persons","0","Units",,,125,,
"DE074","Gorlitz","POP_DEN","Population density (pop. per km2)","2014","2014","PER","Persons","0","Units",,,124,,
"DE074","Gorlitz","POP_DEN","Population density (pop. per km2)","2015","2015","PER","Persons","0","Units",,,123,,
"DE074","Gorlitz","POP_DEN","Population density (pop. per km2)","2016","2016","PER","Persons","0","Units",,,123,,
"HU005","Debrecen","POP_DEN","Population density (pop. per km2)","2000","2000","PER","Persons","0","Units",,,171,,
"HU005","Debrecen","POP_DEN","Population density (pop. per km2)","2001","2001","PER","Persons","0","Units",,,170,,
"HU005","Debrecen","POP_DEN","Population density (pop. per km2)","2002","2002","PER","Persons","0","Units",,,170,,
"HU005","Debrecen","POP_DEN","Population density (pop. per km2)","2003","2003","PER","Persons","0","Units",,,170,,
"HU005","Debrecen","POP_DEN","Population density (pop. per km2)","2004","2004","PER","Persons","0","Units",,,170,,
"HU005","Debrecen","POP_DEN","Population density (pop. per km2)","2005","2005","PER","Persons","0","Units",,,169,,
"HU005","Debrecen","POP_DEN","Population density (pop. per km2)","2006","2006","PER","Persons","0","Units",,,169,,
"HU005","Debrecen","POP_DEN","Population density (pop. per km2)","2007","2007","PER","Persons","0","Units",,,168,,
"HU005","Debrecen","POP_DEN","Population density (pop. per km2)","2008","2008","PER","Persons","0","Units",,,168,,
"HU005","Debrecen","POP_DEN","Population density (pop. per km2)","2009","2009","PER","Persons","0","Units",,,167,,
"HU005","Debrecen","POP_DEN","Population density (pop. per km2)","2010","2010","PER","Persons","0","Units",,,167,,
"HU005","Debrecen","POP_DEN","Population density (pop. per km2)","2011","2011","PER","Persons","0","Units",,,166,,
"HU005","Debrecen","POP_DEN","Population density (pop. per km2)","2012","2012","PER","Persons","0","Units",,,167,,
"HU005","Debrecen","POP_DEN","Population density (pop. per km2)","2013","2013","PER","Persons","0","Units",,,167,,
"HU005","Debrecen","POP_DEN","Population density (pop. per km2)","2014","2014","PER","Persons","0","Units",,,166,,
"HU005","Debrecen","POP_DEN","Population density (pop. per km2)","2015","2015","PER","Persons","0","Units",,,166,,
"HU005","Debrecen","POP_DEN","Population density (pop. per km2)","2016","2016","PER","Persons","0","Units",,,165,,
"MEX35","Matamoros","POP_DEN","Population density (pop. per km2)","2000","2000","PER","Persons","0","Units",,,101,,
"MEX35","Matamoros","POP_DEN","Population density (pop. per km2)","2005","2005","PER","Persons","0","Units",,,97,,
"MEX35","Matamoros","POP_DEN","Population density (pop. per km2)","2010","2010","PER","Persons","0","Units",,,103,,
"MEX35","Matamoros","POP_DEN","Population density (pop. per km2)","2015","2015","PER","Persons","0","Units",,,114,,
"DE544","Zwickau","T_T","Population, All ages. Administrative data","2001","2001","PER","Persons","0","Units",,,378614,,
"DE544","Zwickau","T_T","Population, All ages. Administrative data","2002","2002","PER","Persons","0","Units",,,374498,,
"DE544","Zwickau","T_T","Population, All ages. Administrative data","2003","2003","PER","Persons","0","Units",,,370500,,
"DE544","Zwickau","T_T","Population, All ages. Administrative data","2004","2004","PER","Persons","0","Units",,,366965,,
"DE544","Zwickau","T_T","Population, All ages. Administrative data","2005","2005","PER","Persons","0","Units",,,363856,,
"DE544","Zwickau","T_T","Population, All ages. Administrative data","2006","2006","PER","Persons","0","Units",,,360247,,
"DE544","Zwickau","T_T","Population, All ages. Administrative data","2007","2007","PER","Persons","0","Units",,,356247,,
"DE544","Zwickau","T_T","Population, All ages. Administrative data","2008","2008","PER","Persons","0","Units",,,352209,,
"DE544","Zwickau","T_T","Population, All ages. Administrative data","2009","2009","PER","Persons","0","Units",,,348104,,
"DE544","Zwickau","T_T","Population, All ages. Administrative data","2010","2010","PER","Persons","0","Units",,,344396,,
"DE544","Zwickau","T_T","Population, All ages. Administrative data","2011","2011","PER","Persons","0","Units",,,336176,,
"DE544","Zwickau","T_T","Population, All ages. Administrative data","2012","2012","PER","Persons","0","Units",,,332594,,
"DE544","Zwickau","T_T","Population, All ages. Administrative data","2013","2013","PER","Persons","0","Units",,,329603,,
"DE544","Zwickau","T_T","Population, All ages. Administrative data","2014","2014","PER","Persons","0","Units",,,326377,,
"DE544","Zwickau","T_T","Population, All ages. Administrative data","2015","2015","PER","Persons","0","Units",,,324456,,
"DE544","Zwickau","T_T","Population, All ages. Administrative data","2016","2016","PER","Persons","0","Units",,,323854,,
"CH002","Geneva","T_T","Population, All ages. Administrative data","2000","2000","PER","Persons","0","Units",,,464354,,
"CH002","Geneva","T_T","Population, All ages. Administrative data","2001","2001","PER","Persons","0","Units",,,472395,,
"CH002","Geneva","T_T","Population, All ages. Administrative data","2002","2002","PER","Persons","0","Units",,,480437,,
"CH002","Geneva","T_T","Population, All ages. Administrative data","2003","2003","PER","Persons","0","Units",,,488479,,
"CH002","Geneva","T_T","Population, All ages. Administrative data","2004","2004","PER","Persons","0","Units",,,496522,,
"CH002","Geneva","T_T","Population, All ages. Administrative data","2005","2005","PER","Persons","0","Units",,,504563,,
"CH002","Geneva","T_T","Population, All ages. Administrative data","2006","2006","PER","Persons","0","Units",,,512605,,
"CH002","Geneva","T_T","Population, All ages. Administrative data","2007","2007","PER","Persons","0","Units",,,520646,,
"CH002","Geneva","T_T","Population, All ages. Administrative data","2008","2008","PER","Persons","0","Units",,,528688,,
"CH002","Geneva","T_T","Population, All ages. Administrative data","2009","2009","PER","Persons","0","Units",,,536730,,
"CH002","Geneva","T_T","Population, All ages. Administrative data","2010","2010","PER","Persons","0","Units",,,544772,,
"CH002","Geneva","T_T","Population, All ages. Administrative data","2011","2011","PER","Persons","0","Units",,,549411,,
"CH002","Geneva","T_T","Population, All ages. Administrative data","2012","2012","PER","Persons","0","Units",,,552305,,
"CH002","Geneva","T_T","Population, All ages. Administrative data","2013","2013","PER","Persons","0","Units",,,560285,,
"CH002","Geneva","T_T","Population, All ages. Administrative data","2014","2014","PER","Persons","0","Units",,,570222,,
"CH002","Geneva","T_T","Population, All ages. Administrative data","2015","2015","PER","Persons","0","Units",,,579227,,
"CH002","Geneva","T_T","Population, All ages. Administrative data","2016","2016","PER","Persons","0","Units",,,585400,,
"IT003","Naples","T_T_SH_NAT","Share of population  in metropolitan area over the national value","2001","2001","RATIO","Ratio","0","Units",,,5.9,,
"IT003","Naples","T_T_SH_NAT","Share of population  in metropolitan area over the national value","2002","2002","RATIO","Ratio","0","Units",,,5.9,,
"IT003","Naples","T_T_SH_NAT","Share of population  in metropolitan area over the national value","2003","2003","RATIO","Ratio","0","Units",,,5.9,,
"IT003","Naples","T_T_SH_NAT","Share of population  in metropolitan area over the national value","2004","2004","RATIO","Ratio","0","Units",,,5.8,,
"IT003","Naples","T_T_SH_NAT","Share of population  in metropolitan area over the national value","2005","2005","RATIO","Ratio","0","Units",,,5.8,,
"IT003","Naples","T_T_SH_NAT","Share of population  in metropolitan area over the national value","2006","2006","RATIO","Ratio","0","Units",,,5.8,,
"IT003","Naples","T_T_SH_NAT","Share of population  in metropolitan area over the national value","2007","2007","RATIO","Ratio","0","Units",,,5.7,,
"IT003","Naples","T_T_SH_NAT","Share of population  in metropolitan area over the national value","2008","2008","RATIO","Ratio","0","Units",,,5.7,,
"IT003","Naples","T_T_SH_NAT","Share of population  in metropolitan area over the national value","2009","2009","RATIO","Ratio","0","Units",,,5.7,,
"IT003","Naples","T_T_SH_NAT","Share of population  in metropolitan area over the national value","2010","2010","RATIO","Ratio","0","Units",,,5.7,,
"IT003","Naples","T_T_SH_NAT","Share of population  in metropolitan area over the national value","2011","2011","RATIO","Ratio","0","Units",,,5.6,,
"IT003","Naples","T_T_SH_NAT","Share of population  in metropolitan area over the national value","2012","2012","RATIO","Ratio","0","Units",,,5.6,,
"IT003","Naples","T_T_SH_NAT","Share of population  in metropolitan area over the national value","2013","2013","RATIO","Ratio","0","Units",,,5.6,,
"IT003","Naples","T_T_SH_NAT","Share of population  in metropolitan area over the national value","2014","2014","RATIO","Ratio","0","Units",,,5.6,,
"IT003","Naples","T_T_SH_NAT","Share of population  in metropolitan area over the national value","2015","2015","RATIO","Ratio","0","Units",,,5.6,,
"IT003","Naples","T_T_SH_NAT","Share of population  in metropolitan area over the national value","2016","2016","RATIO","Ratio","0","Units",,,5.6,,
"CAN09","Hamilton","T_T","Population, All ages. Administrative data","2000","2000","PER","Persons","0","Units",,,580789,,
"CAN09","Hamilton","T_T","Population, All ages. Administrative data","2001","2001","PER","Persons","0","Units",,,590709,,
"CAN09","Hamilton","T_T","Population, All ages. Administrative data","2002","2002","PER","Persons","0","Units",,,596083,,
"CAN09","Hamilton","T_T","Population, All ages. Administrative data","2003","2003","PER","Persons","0","Units",,,600478,,
"CAN09","Hamilton","T_T","Population, All ages. Administrative data","2004","2004","PER","Persons","0","Units",,,603352,,
"CAN09","Hamilton","T_T","Population, All ages. Administrative data","2005","2005","PER","Persons","0","Units",,,605288,,
"CAN09","Hamilton","T_T","Population, All ages. Administrative data","2006","2006","PER","Persons","0","Units",,,606861,,
"CAN09","Hamilton","T_T","Population, All ages. Administrative data","2007","2007","PER","Persons","0","Units",,,607030,,
"CAN09","Hamilton","T_T","Population, All ages. Administrative data","2008","2008","PER","Persons","0","Units",,,608673,,
"CAN09","Hamilton","T_T","Population, All ages. Administrative data","2009","2009","PER","Persons","0","Units",,,610687,,
"CAN09","Hamilton","T_T","Population, All ages. Administrative data","2010","2010","PER","Persons","0","Units",,,607336,,
"CAN09","Hamilton","T_T","Population, All ages. Administrative data","2011","2011","PER","Persons","0","Units",,,603985,,
"CAN09","Hamilton","T_T","Population, All ages. Administrative data","2012","2012","PER","Persons","0","Units",,,608057,,
"CAN09","Hamilton","T_T","Population, All ages. Administrative data","2013","2013","PER","Persons","0","Units",,,612129,,
"CAN09","Hamilton","T_T","Population, All ages. Administrative data","2014","2014","PER","Persons","0","Units",,,616201,,
"CAN09","Hamilton","T_T","Population, All ages. Administrative data","2015","2015","PER","Persons","0","Units",,,620273,,
"CAN09","Hamilton","T_T","Population, All ages. Administrative data","2016","2016","PER","Persons","0","Units",,,624345,,
"COL20","Popayan","T_T","Population, All ages. Administrative data","2000","2000","PER","Persons","0","Units",,,237938,,
"COL20","Popayan","T_T","Population, All ages. Administrative data","2001","2001","PER","Persons","0","Units",,,241656,,
"COL20","Popayan","T_T","Population, All ages. Administrative data","2002","2002","PER","Persons","0","Units",,,245374,,
"COL20","Popayan","T_T","Population, All ages. Administrative data","2003","2003","PER","Persons","0","Units",,,249093,,
"COL20","Popayan","T_T","Population, All ages. Administrative data","2004","2004","PER","Persons","0","Units",,,252811,,
"COL20","Popayan","T_T","Population, All ages. Administrative data","2005","2005","PER","Persons","0","Units",,,256529,,
"COL20","Popayan","T_T","Population, All ages. Administrative data","2006","2006","PER","Persons","0","Units",,,260248,,
"COL20","Popayan","T_T","Population, All ages. Administrative data","2007","2007","PER","Persons","0","Units",,,263966,,
"COL20","Popayan","T_T","Population, All ages. Administrative data","2008","2008","PER","Persons","0","Units",,,267684,,
"COL20","Popayan","T_T","Population, All ages. Administrative data","2009","2009","PER","Persons","0","Units",,,271403,,
"COL20","Popayan","T_T","Population, All ages. Administrative data","2010","2010","PER","Persons","0","Units",,,275121,,
"COL20","Popayan","T_T","Population, All ages. Administrative data","2011","2011","PER","Persons","0","Units",,,278839,,
"COL20","Popayan","T_T","Population, All ages. Administrative data","2012","2012","PER","Persons","0","Units",,,282558,,
"COL20","Popayan","T_T","Population, All ages. Administrative data","2013","2013","PER","Persons","0","Units",,,286276,,
"COL20","Popayan","T_T","Population, All ages. Administrative data","2014","2014","PER","Persons","0","Units",,,289994,,
"COL20","Popayan","T_T","Population, All ages. Administrative data","2015","2015","PER","Persons","0","Units",,,293712,,
"AUS04","Greater Perth","T_T_SH_NAT","Share of population  in metropolitan area over the national value","2001","2001","RATIO","Ratio","0","Units",,,7.6,,
"AUS04","Greater Perth","T_T_SH_NAT","Share of population  in metropolitan area over the national value","2002","2002","RATIO","Ratio","0","Units",,,7.6,,
"AUS04","Greater Perth","T_T_SH_NAT","Share of population  in metropolitan area over the national value","2003","2003","RATIO","Ratio","0","Units",,,7.6,,
"AUS04","Greater Perth","T_T_SH_NAT","Share of population  in metropolitan area over the national value","2004","2004","RATIO","Ratio","0","Units",,,7.6,,
"AUS04","Greater Perth","T_T_SH_NAT","Share of population  in metropolitan area over the national value","2005","2005","RATIO","Ratio","0","Units",,,7.7,,
"AUS04","Greater Perth","T_T_SH_NAT","Share of population  in metropolitan area over the national value","2006","2006","RATIO","Ratio","0","Units",,,7.7,,
"AUS04","Greater Perth","T_T_SH_NAT","Share of population  in metropolitan area over the national value","2007","2007","RATIO","Ratio","0","Units",,,7.8,,
"AUS04","Greater Perth","T_T_SH_NAT","Share of population  in metropolitan area over the national value","2008","2008","RATIO","Ratio","0","Units",,,7.9,,
"AUS04","Greater Perth","T_T_SH_NAT","Share of population  in metropolitan area over the national value","2009","2009","RATIO","Ratio","0","Units",,,8,,
"AUS04","Greater Perth","T_T_SH_NAT","Share of population  in metropolitan area over the national value","2010","2010","RATIO","Ratio","0","Units",,,8.1,,
"AUS04","Greater Perth","T_T_SH_NAT","Share of population  in metropolitan area over the national value","2011","2011","RATIO","Ratio","0","Units",,,8.2,,
"AUS04","Greater Perth","T_T_SH_NAT","Share of population  in metropolitan area over the national value","2012","2012","RATIO","Ratio","0","Units",,,8.3,,
"AUS04","Greater Perth","T_T_SH_NAT","Share of population  in metropolitan area over the national value","2013","2013","RATIO","Ratio","0","Units",,,8.4,,
"AUS04","Greater Perth","T_T_SH_NAT","Share of population  in metropolitan area over the national value","2014","2014","RATIO","Ratio","0","Units",,,8.4,,
"AUS04","Greater Perth","T_T_SH_NAT","Share of population  in metropolitan area over the national value","2015","2015","RATIO","Ratio","0","Units",,,8.4,,
"AUS04","Greater Perth","T_T_SH_NAT","Share of population  in metropolitan area over the national value","2016","2016","RATIO","Ratio","0","Units",,,8.4,,
"DE032","Erfurt","T_T_SH_NAT","Share of population  in metropolitan area over the national value","2001","2001","RATIO","Ratio","0","Units",,,0.7,,
"DE032","Erfurt","T_T_SH_NAT","Share of population  in metropolitan area over the national value","2002","2002","RATIO","Ratio","0","Units",,,0.7,,
"DE032","Erfurt","T_T_SH_NAT","Share of population  in metropolitan area over the national value","2003","2003","RATIO","Ratio","0","Units",,,0.7,,
"DE032","Erfurt","T_T_SH_NAT","Share of population  in metropolitan area over the national value","2004","2004","RATIO","Ratio","0","Units",,,0.7,,
"DE032","Erfurt","T_T_SH_NAT","Share of population  in metropolitan area over the national value","2005","2005","RATIO","Ratio","0","Units",,,0.7,,
"DE032","Erfurt","T_T_SH_NAT","Share of population  in metropolitan area over the national value","2006","2006","RATIO","Ratio","0","Units",,,0.7,,
"DE032","Erfurt","T_T_SH_NAT","Share of population  in metropolitan area over the national value","2007","2007","RATIO","Ratio","0","Units",,,0.7,,
"DE032","Erfurt","T_T_SH_NAT","Share of population  in metropolitan area over the national value","2008","2008","RATIO","Ratio","0","Units",,,0.7,,
"DE032","Erfurt","T_T_SH_NAT","Share of population  in metropolitan area over the national value","2009","2009","RATIO","Ratio","0","Units",,,0.7,,
"DE032","Erfurt","T_T_SH_NAT","Share of population  in metropolitan area over the national value","2010","2010","RATIO","Ratio","0","Units",,,0.7,,
"DE032","Erfurt","T_T_SH_NAT","Share of population  in metropolitan area over the national value","2011","2011","RATIO","Ratio","0","Units",,,0.7,,
"DE032","Erfurt","T_T_SH_NAT","Share of population  in metropolitan area over the national value","2012","2012","RATIO","Ratio","0","Units",,,0.7,,
"DE032","Erfurt","T_T_SH_NAT","Share of population  in metropolitan area over the national value","2013","2013","RATIO","Ratio","0","Units",,,0.7,,
"DE032","Erfurt","T_T_SH_NAT","Share of population  in metropolitan area over the national value","2014","2014","RATIO","Ratio","0","Units",,,0.6,,
"DE032","Erfurt","T_T_SH_NAT","Share of population  in metropolitan area over the national value","2015","2015","RATIO","Ratio","0","Units",,,0.6,,
"DE032","Erfurt","T_T_SH_NAT","Share of population  in metropolitan area over the national value","2016","2016","RATIO","Ratio","0","Units",,,0.6,,
"USA52","Albany","T_T","Population, All ages. Administrative data","2000","2000","PER","Persons","0","Units",,,924990,,
"USA52","Albany","T_T","Population, All ages. Administrative data","2001","2001","PER","Persons","0","Units",,,928482,,
"USA52","Albany","T_T","Population, All ages. Administrative data","2002","2002","PER","Persons","0","Units",,,934228,,
"USA52","Albany","T_T","Population, All ages. Administrative data","2003","2003","PER","Persons","0","Units",,,942484,,
"USA52","Albany","T_T","Population, All ages. Administrative data","2004","2004","PER","Persons","0","Units",,,948599,,
"USA52","Albany","T_T","Population, All ages. Administrative data","2005","2005","PER","Persons","0","Units",,,953251,,
"USA52","Albany","T_T","Population, All ages. Administrative data","2006","2006","PER","Persons","0","Units",,,959602,,
"USA52","Albany","T_T","Population, All ages. Administrative data","2007","2007","PER","Persons","0","Units",,,962403,,
"USA52","Albany","T_T","Population, All ages. Administrative data","2008","2008","PER","Persons","0","Units",,,965700,,
"USA52","Albany","T_T","Population, All ages. Administrative data","2009","2009","PER","Persons","0","Units",,,968734,,
"USA52","Albany","T_T","Population, All ages. Administrative data","2010","2010","PER","Persons","0","Units",,,970598,,
"USA52","Albany","T_T","Population, All ages. Administrative data","2011","2011","PER","Persons","0","Units",,,971969,,
"USA52","Albany","T_T","Population, All ages. Administrative data","2012","2012","PER","Persons","0","Units",,,974015,,
"USA52","Albany","T_T","Population, All ages. Administrative data","2013","2013","PER","Persons","0","Units",,,976721,,
"USA52","Albany","T_T","Population, All ages. Administrative data","2014","2014","PER","Persons","0","Units",,,977791,,
"USA52","Albany","T_T","Population, All ages. Administrative data","2015","2015","PER","Persons","0","Units",,,978756,,
"USA52","Albany","T_T","Population, All ages. Administrative data","2016","2016","PER","Persons","0","Units",,,979583,,
"FR021","Poitiers","T_T","Population, All ages. Administrative data","2000","2000","PER","Persons","0","Units",,,236953,,
"FR021","Poitiers","T_T","Population, All ages. Administrative data","2001","2001","PER","Persons","0","Units",,,239470,,
"FR021","Poitiers","T_T","Population, All ages. Administrative data","2002","2002","PER","Persons","0","Units",,,241986,,
"FR021","Poitiers","T_T","Population, All ages. Administrative data","2003","2003","PER","Persons","0","Units",,,244503,,
"FR021","Poitiers","T_T","Population, All ages. Administrative data","2004","2004","PER","Persons","0","Units",,,247019,,
"FR021","Poitiers","T_T","Population, All ages. Administrative data","2005","2005","PER","Persons","0","Units",,,249534,,
"FR021","Poitiers","T_T","Population, All ages. Administrative data","2006","2006","PER","Persons","0","Units",,,252051,,
"FR021","Poitiers","T_T","Population, All ages. Administrative data","2007","2007","PER","Persons","0","Units",,,254567,,
"FR021","Poitiers","T_T","Population, All ages. Administrative data","2008","2008","PER","Persons","0","Units",,,257084,,
"FR021","Poitiers","T_T","Population, All ages. Administrative data","2009","2009","PER","Persons","0","Units",,,259600,,
"FR021","Poitiers","T_T","Population, All ages. Administrative data","2010","2010","PER","Persons","0","Units",,,261269,,
"FR021","Poitiers","T_T","Population, All ages. Administrative data","2011","2011","PER","Persons","0","Units",,,262937,,
"FR021","Poitiers","T_T","Population, All ages. Administrative data","2012","2012","PER","Persons","0","Units",,,264607,,
"FR021","Poitiers","T_T","Population, All ages. Administrative data","2013","2013","PER","Persons","0","Units",,,266275,,
"FR021","Poitiers","T_T","Population, All ages. Administrative data","2014","2014","PER","Persons","0","Units",,,267944,,
"FR021","Poitiers","T_T","Population, All ages. Administrative data","2015","2015","PER","Persons","0","Units",,,272802,,
"NL003","Rotterdam","T_T","Population, All ages. Administrative data","2000","2000","PER","Persons","0","Units",,,1740860,,
"NL003","Rotterdam","T_T","Population, All ages. Administrative data","2004","2004","PER","Persons","0","Units",,,1440324,,
"NL003","Rotterdam","T_T","Population, All ages. Administrative data","2005","2005","PER","Persons","0","Units",,,1440378,,
"NL003","Rotterdam","T_T","Population, All ages. Administrative data","2006","2006","PER","Persons","0","Units",,,1433026,,
"NL003","Rotterdam","T_T","Population, All ages. Administrative data","2007","2007","PER","Persons","0","Units",,,1459672,,
"NL003","Rotterdam","T_T","Population, All ages. Administrative data","2008","2008","PER","Persons","0","Units",,,1486317,,
"NL003","Rotterdam","T_T","Population, All ages. Administrative data","2009","2009","PER","Persons","0","Units",,,1494798,,
"NL003","Rotterdam","T_T","Population, All ages. Administrative data","2010","2010","PER","Persons","0","Units",,,1546666,,
"NL003","Rotterdam","T_T","Population, All ages. Administrative data","2011","2011","PER","Persons","0","Units",,,1569840,,
"NL003","Rotterdam","T_T","Population, All ages. Administrative data","2012","2012","PER","Persons","0","Units",,,1579157,,
"NL003","Rotterdam","T_T","Population, All ages. Administrative data","2013","2013","PER","Persons","0","Units",,,1659007,,
"NL003","Rotterdam","T_T","Population, All ages. Administrative data","2014","2014","PER","Persons","0","Units",,,1662720,,
"NL003","Rotterdam","T_T","Population, All ages. Administrative data","2015","2015","PER","Persons","0","Units",,,1671769,,
"NL003","Rotterdam","T_T","Population, All ages. Administrative data","2016","2016","PER","Persons","0","Units",,,1680466,,
"ES025","Santa Cruz de Tenerife","T_T_SH_NAT","Share of population  in metropolitan area over the national value","2001","2001","RATIO","Ratio","0","Units",,,1.1,,
"ES025","Santa Cruz de Tenerife","T_T_SH_NAT","Share of population  in metropolitan area over the national value","2002","2002","RATIO","Ratio","0","Units",,,1.1,,
"ES025","Santa Cruz de Tenerife","T_T_SH_NAT","Share of population  in metropolitan area over the national value","2003","2003","RATIO","Ratio","0","Units",,,1.1,,
"ES025","Santa Cruz de Tenerife","T_T_SH_NAT","Share of population  in metropolitan area over the national value","2004","2004","RATIO","Ratio","0","Units",,,1.1,,
"ES025","Santa Cruz de Tenerife","T_T_SH_NAT","Share of population  in metropolitan area over the national value","2005","2005","RATIO","Ratio","0","Units",,,1.1,,
"ES025","Santa Cruz de Tenerife","T_T_SH_NAT","Share of population  in metropolitan area over the national value","2006","2006","RATIO","Ratio","0","Units",,,1.1,,
"ES025","Santa Cruz de Tenerife","T_T_SH_NAT","Share of population  in metropolitan area over the national value","2007","2007","RATIO","Ratio","0","Units",,,1.1,,
"ES025","Santa Cruz de Tenerife","T_T_SH_NAT","Share of population  in metropolitan area over the national value","2008","2008","RATIO","Ratio","0","Units",,,1.1,,
"ES025","Santa Cruz de Tenerife","T_T_SH_NAT","Share of population  in metropolitan area over the national value","2009","2009","RATIO","Ratio","0","Units",,,1,,
"ES025","Santa Cruz de Tenerife","T_T_SH_NAT","Share of population  in metropolitan area over the national value","2010","2010","RATIO","Ratio","0","Units",,,1,,
"ES025","Santa Cruz de Tenerife","T_T_SH_NAT","Share of population  in metropolitan area over the national value","2011","2011","RATIO","Ratio","0","Units",,,1,,
"ES025","Santa Cruz de Tenerife","T_T_SH_NAT","Share of population  in metropolitan area over the national value","2012","2012","RATIO","Ratio","0","Units",,,1.1,,
"ES025","Santa Cruz de Tenerife","T_T_SH_NAT","Share of population  in metropolitan area over the national value","2013","2013","RATIO","Ratio","0","Units",,,1.1,,
"ES025","Santa Cruz de Tenerife","T_T_SH_NAT","Share of population  in metropolitan area over the national value","2014","2014","RATIO","Ratio","0","Units",,,1.1,,
"ES025","Santa Cruz de Tenerife","T_T_SH_NAT","Share of population  in metropolitan area over the national value","2015","2015","RATIO","Ratio","0","Units",,,1.1,,
"ES025","Santa Cruz de Tenerife","T_T_SH_NAT","Share of population  in metropolitan area over the national value","2016","2016","RATIO","Ratio","0","Units",,,1.1,,
"USA156","Weld","POP_DEN","Population density (pop. per km2)","2000","2000","PER","Persons","0","Units",,,18,,
"USA156","Weld","POP_DEN","Population density (pop. per km2)","2001","2001","PER","Persons","0","Units",,,18,,
"USA156","Weld","POP_DEN","Population density (pop. per km2)","2002","2002","PER","Persons","0","Units",,,19,,
"USA156","Weld","POP_DEN","Population density (pop. per km2)","2003","2003","PER","Persons","0","Units",,,20,,
"USA156","Weld","POP_DEN","Population density (pop. per km2)","2004","2004","PER","Persons","0","Units",,,21,,
"USA156","Weld","POP_DEN","Population density (pop. per km2)","2005","2005","PER","Persons","0","Units",,,21,,
"USA156","Weld","POP_DEN","Population density (pop. per km2)","2006","2006","PER","Persons","0","Units",,,22,,
"USA156","Weld","POP_DEN","Population density (pop. per km2)","2007","2007","PER","Persons","0","Units",,,23,,
"USA156","Weld","POP_DEN","Population density (pop. per km2)","2008","2008","PER","Persons","0","Units",,,23,,
"USA156","Weld","POP_DEN","Population density (pop. per km2)","2009","2009","PER","Persons","0","Units",,,24,,
"USA156","Weld","POP_DEN","Population density (pop. per km2)","2010","2010","PER","Persons","0","Units",,,24,,
"USA156","Weld","POP_DEN","Population density (pop. per km2)","2011","2011","PER","Persons","0","Units",,,25,,
"USA156","Weld","POP_DEN","Population density (pop. per km2)","2012","2012","PER","Persons","0","Units",,,25,,
"USA156","Weld","POP_DEN","Population density (pop. per km2)","2013","2013","PER","Persons","0","Units",,,26,,
"USA156","Weld","POP_DEN","Population density (pop. per km2)","2014","2014","PER","Persons","0","Units",,,26,,
"USA156","Weld","POP_DEN","Population density (pop. per km2)","2015","2015","PER","Persons","0","Units",,,27,,
"USA156","Weld","POP_DEN","Population density (pop. per km2)","2016","2016","PER","Persons","0","Units",,,28,,
"ES006","Malaga","T_T_SH_NAT","Share of population  in metropolitan area over the national value","2001","2001","RATIO","Ratio","0","Units",,,1.7,,
"ES006","Malaga","T_T_SH_NAT","Share of population  in metropolitan area over the national value","2002","2002","RATIO","Ratio","0","Units",,,1.8,,
"ES006","Malaga","T_T_SH_NAT","Share of population  in metropolitan area over the national value","2003","2003","RATIO","Ratio","0","Units",,,1.7,,
"ES006","Malaga","T_T_SH_NAT","Share of population  in metropolitan area over the national value","2004","2004","RATIO","Ratio","0","Units",,,1.7,,
"ES006","Malaga","T_T_SH_NAT","Share of population  in metropolitan area over the national value","2005","2005","RATIO","Ratio","0","Units",,,1.7,,
"ES006","Malaga","T_T_SH_NAT","Share of population  in metropolitan area over the national value","2006","2006","RATIO","Ratio","0","Units",,,1.7,,
"ES006","Malaga","T_T_SH_NAT","Share of population  in metropolitan area over the national value","2007","2007","RATIO","Ratio","0","Units",,,1.7,,
"ES006","Malaga","T_T_SH_NAT","Share of population  in metropolitan area over the national value","2008","2008","RATIO","Ratio","0","Units",,,1.7,,
"ES006","Malaga","T_T_SH_NAT","Share of population  in metropolitan area over the national value","2009","2009","RATIO","Ratio","0","Units",,,1.7,,
"ES006","Malaga","T_T_SH_NAT","Share of population  in metropolitan area over the national value","2010","2010","RATIO","Ratio","0","Units",,,1.7,,
"ES006","Malaga","T_T_SH_NAT","Share of population  in metropolitan area over the national value","2011","2011","RATIO","Ratio","0","Units",,,1.7,,
"ES006","Malaga","T_T_SH_NAT","Share of population  in metropolitan area over the national value","2012","2012","RATIO","Ratio","0","Units",,,1.7,,
"ES006","Malaga","T_T_SH_NAT","Share of population  in metropolitan area over the national value","2013","2013","RATIO","Ratio","0","Units",,,1.8,,
"ES006","Malaga","T_T_SH_NAT","Share of population  in metropolitan area over the national value","2014","2014","RATIO","Ratio","0","Units",,,1.8,,
"ES006","Malaga","T_T_SH_NAT","Share of population  in metropolitan area over the national value","2015","2015","RATIO","Ratio","0","Units",,,1.8,,
"ES006","Malaga","T_T_SH_NAT","Share of population  in metropolitan area over the national value","2016","2016","RATIO","Ratio","0","Units",,,1.8,,
"USA101","Caddo","T_T","Population, All ages. Administrative data","2000","2000","PER","Persons","0","Units",,,427448,,
"USA101","Caddo","T_T","Population, All ages. Administrative data","2001","2001","PER","Persons","0","Units",,,427116,,
"USA101","Caddo","T_T","Population, All ages. Administrative data","2002","2002","PER","Persons","0","Units",,,427417,,
"USA101","Caddo","T_T","Population, All ages. Administrative data","2003","2003","PER","Persons","0","Units",,,427702,,
"USA101","Caddo","T_T","Population, All ages. Administrative data","2004","2004","PER","Persons","0","Units",,,431128,,
"USA101","Caddo","T_T","Population, All ages. Administrative data","2005","2005","PER","Persons","0","Units",,,433597,,
"USA101","Caddo","T_T","Population, All ages. Administrative data","2006","2006","PER","Persons","0","Units",,,440133,,
"USA101","Caddo","T_T","Population, All ages. Administrative data","2007","2007","PER","Persons","0","Units",,,440741,,
"USA101","Caddo","T_T","Population, All ages. Administrative data","2008","2008","PER","Persons","0","Units",,,442792,,
"USA101","Caddo","T_T","Population, All ages. Administrative data","2009","2009","PER","Persons","0","Units",,,445093,,
"USA101","Caddo","T_T","Population, All ages. Administrative data","2010","2010","PER","Persons","0","Units",,,450247,,
"USA101","Caddo","T_T","Population, All ages. Administrative data","2011","2011","PER","Persons","0","Units",,,454109,,
"USA101","Caddo","T_T","Population, All ages. Administrative data","2012","2012","PER","Persons","0","Units",,,457495,,
"USA101","Caddo","T_T","Population, All ages. Administrative data","2013","2013","PER","Persons","0","Units",,,455941,,
"USA101","Caddo","T_T","Population, All ages. Administrative data","2014","2014","PER","Persons","0","Units",,,453835,,
"USA101","Caddo","T_T","Population, All ages. Administrative data","2015","2015","PER","Persons","0","Units",,,453201,,
"USA101","Caddo","T_T","Population, All ages. Administrative data","2016","2016","PER","Persons","0","Units",,,451037,,
"CAN12","Halifax","T_T","Population, All ages. Administrative data","2000","2000","PER","Persons","0","Units",,,416219,,
"CAN12","Halifax","T_T","Population, All ages. Administrative data","2001","2001","PER","Persons","0","Units",,,419675,,
"CAN12","Halifax","T_T","Population, All ages. Administrative data","2002","2002","PER","Persons","0","Units",,,424799,,
"CAN12","Halifax","T_T","Population, All ages. Administrative data","2003","2003","PER","Persons","0","Units",,,428486,,
"CAN12","Halifax","T_T","Population, All ages. Administrative data","2004","2004","PER","Persons","0","Units",,,431255,,
"CAN12","Halifax","T_T","Population, All ages. Administrative data","2005","2005","PER","Persons","0","Units",,,432413,,
"CAN12","Halifax","T_T","Population, All ages. Administrative data","2006","2006","PER","Persons","0","Units",,,435439,,
"CAN12","Halifax","T_T","Population, All ages. Administrative data","2007","2007","PER","Persons","0","Units",,,437352,,
"CAN12","Halifax","T_T","Population, All ages. Administrative data","2008","2008","PER","Persons","0","Units",,,440893,,
"CAN12","Halifax","T_T","Population, All ages. Administrative data","2009","2009","PER","Persons","0","Units",,,444757,,
"CAN12","Halifax","T_T","Population, All ages. Administrative data","2010","2010","PER","Persons","0","Units",,,444721,,
"CAN12","Halifax","T_T","Population, All ages. Administrative data","2011","2011","PER","Persons","0","Units",,,444685,,
"CAN12","Halifax","T_T","Population, All ages. Administrative data","2012","2012","PER","Persons","0","Units",,,447286,,
"CAN12","Halifax","T_T","Population, All ages. Administrative data","2013","2013","PER","Persons","0","Units",,,449887,,
"CAN12","Halifax","T_T","Population, All ages. Administrative data","2014","2014","PER","Persons","0","Units",,,452488,,
"CAN12","Halifax","T_T","Population, All ages. Administrative data","2015","2015","PER","Persons","0","Units",,,455089,,
"CAN12","Halifax","T_T","Population, All ages. Administrative data","2016","2016","PER","Persons","0","Units",,,457690,,
"KOR07","Ulsan","T_T_SH_NAT","Share of population  in metropolitan area over the national value","2001","2001","RATIO","Ratio","0","Units",,,1.8,,
"KOR07","Ulsan","T_T_SH_NAT","Share of population  in metropolitan area over the national value","2002","2002","RATIO","Ratio","0","Units",,,1.8,,
"KOR07","Ulsan","T_T_SH_NAT","Share of population  in metropolitan area over the national value","2003","2003","RATIO","Ratio","0","Units",,,1.8,,
"KOR07","Ulsan","T_T_SH_NAT","Share of population  in metropolitan area over the national value","2004","2004","RATIO","Ratio","0","Units",,,1.8,,
"KOR07","Ulsan","T_T_SH_NAT","Share of population  in metropolitan area over the national value","2005","2005","RATIO","Ratio","0","Units",,,1.8,,
"KOR07","Ulsan","T_T_SH_NAT","Share of population  in metropolitan area over the national value","2006","2006","RATIO","Ratio","0","Units",,,1.8,,
"KOR07","Ulsan","T_T_SH_NAT","Share of population  in metropolitan area over the national value","2007","2007","RATIO","Ratio","0","Units",,,1.8,,
"KOR07","Ulsan","T_T_SH_NAT","Share of population  in metropolitan area over the national value","2008","2008","RATIO","Ratio","0","Units",,,1.8,,
"KOR07","Ulsan","T_T_SH_NAT","Share of population  in metropolitan area over the national value","2009","2009","RATIO","Ratio","0","Units",,,1.9,,
"KOR07","Ulsan","T_T_SH_NAT","Share of population  in metropolitan area over the national value","2010","2010","RATIO","Ratio","0","Units",,,1.9,,
"KOR07","Ulsan","T_T_SH_NAT","Share of population  in metropolitan area over the national value","2011","2011","RATIO","Ratio","0","Units",,,1.9,,
"KOR07","Ulsan","T_T_SH_NAT","Share of population  in metropolitan area over the national value","2012","2012","RATIO","Ratio","0","Units",,,1.9,,
"KOR07","Ulsan","T_T_SH_NAT","Share of population  in metropolitan area over the national value","2013","2013","RATIO","Ratio","0","Units",,,1.9,,
"KOR07","Ulsan","T_T_SH_NAT","Share of population  in metropolitan area over the national value","2014","2014","RATIO","Ratio","0","Units",,,1.9,,
"KOR07","Ulsan","T_T_SH_NAT","Share of population  in metropolitan area over the national value","2015","2015","RATIO","Ratio","0","Units",,,1.9,,
"KOR07","Ulsan","T_T_SH_NAT","Share of population  in metropolitan area over the national value","2016","2016","RATIO","Ratio","0","Units",,,1.9,,
"FR003","Lyon","POP_DEN","Population density (pop. per km2)","2000","2000","PER","Persons","0","Units",,,476,,
"FR003","Lyon","POP_DEN","Population density (pop. per km2)","2001","2001","PER","Persons","0","Units",,,480,,
"FR003","Lyon","POP_DEN","Population density (pop. per km2)","2002","2002","PER","Persons","0","Units",,,484,,
"FR003","Lyon","POP_DEN","Population density (pop. per km2)","2003","2003","PER","Persons","0","Units",,,488,,
"FR003","Lyon","POP_DEN","Population density (pop. per km2)","2004","2004","PER","Persons","0","Units",,,492,,
"FR003","Lyon","POP_DEN","Population density (pop. per km2)","2005","2005","PER","Persons","0","Units",,,496,,
"FR003","Lyon","POP_DEN","Population density (pop. per km2)","2006","2006","PER","Persons","0","Units",,,500,,
"FR003","Lyon","POP_DEN","Population density (pop. per km2)","2007","2007","PER","Persons","0","Units",,,504,,
"FR003","Lyon","POP_DEN","Population density (pop. per km2)","2008","2008","PER","Persons","0","Units",,,508,,
"FR003","Lyon","POP_DEN","Population density (pop. per km2)","2009","2009","PER","Persons","0","Units",,,512,,
"FR003","Lyon","POP_DEN","Population density (pop. per km2)","2010","2010","PER","Persons","0","Units",,,517,,
"FR003","Lyon","POP_DEN","Population density (pop. per km2)","2011","2011","PER","Persons","0","Units",,,523,,
"FR003","Lyon","POP_DEN","Population density (pop. per km2)","2012","2012","PER","Persons","0","Units",,,528,,
"FR003","Lyon","POP_DEN","Population density (pop. per km2)","2013","2013","PER","Persons","0","Units",,,534,,
"FR003","Lyon","POP_DEN","Population density (pop. per km2)","2014","2014","PER","Persons","0","Units",,,539,,
"FR003","Lyon","POP_DEN","Population density (pop. per km2)","2015","2015","PER","Persons","0","Units",,,532,,
"UK559","Middlesbrough","T_T_SH_NAT","Share of population  in metropolitan area over the national value","2001","2001","RATIO","Ratio","0","Units",,,0.8,,
"UK559","Middlesbrough","T_T_SH_NAT","Share of population  in metropolitan area over the national value","2002","2002","RATIO","Ratio","0","Units",,,0.8,,
"UK559","Middlesbrough","T_T_SH_NAT","Share of population  in metropolitan area over the national value","2003","2003","RATIO","Ratio","0","Units",,,0.8,,
"UK559","Middlesbrough","T_T_SH_NAT","Share of population  in metropolitan area over the national value","2004","2004","RATIO","Ratio","0","Units",,,0.8,,
"UK559","Middlesbrough","T_T_SH_NAT","Share of population  in metropolitan area over the national value","2005","2005","RATIO","Ratio","0","Units",,,0.8,,
"UK559","Middlesbrough","T_T_SH_NAT","Share of population  in metropolitan area over the national value","2006","2006","RATIO","Ratio","0","Units",,,0.8,,
"UK559","Middlesbrough","T_T_SH_NAT","Share of population  in metropolitan area over the national value","2007","2007","RATIO","Ratio","0","Units",,,0.8,,
"UK559","Middlesbrough","T_T_SH_NAT","Share of population  in metropolitan area over the national value","2008","2008","RATIO","Ratio","0","Units",,,0.8,,
"UK559","Middlesbrough","T_T_SH_NAT","Share of population  in metropolitan area over the national value","2009","2009","RATIO","Ratio","0","Units",,,0.8,,
"UK559","Middlesbrough","T_T_SH_NAT","Share of population  in metropolitan area over the national value","2010","2010","RATIO","Ratio","0","Units",,,0.7,,
"UK559","Middlesbrough","T_T_SH_NAT","Share of population  in metropolitan area over the national value","2011","2011","RATIO","Ratio","0","Units",,,0.7,,
"UK559","Middlesbrough","T_T_SH_NAT","Share of population  in metropolitan area over the national value","2012","2012","RATIO","Ratio","0","Units",,,0.7,,
"UK559","Middlesbrough","T_T_SH_NAT","Share of population  in metropolitan area over the national value","2013","2013","RATIO","Ratio","0","Units",,,0.7,,
"UK559","Middlesbrough","T_T_SH_NAT","Share of population  in metropolitan area over the national value","2014","2014","RATIO","Ratio","0","Units",,,0.7,,
"UK559","Middlesbrough","T_T_SH_NAT","Share of population  in metropolitan area over the national value","2015","2015","RATIO","Ratio","0","Units",,,0.7,,
"UK559","Middlesbrough","T_T_SH_NAT","Share of population  in metropolitan area over the national value","2016","2016","RATIO","Ratio","0","Units",,,0.7,,
"BE005","Liege","T_T_SH_NAT","Share of population  in metropolitan area over the national value","2001","2001","RATIO","Ratio","0","Units",,,6.8,,
"BE005","Liege","T_T_SH_NAT","Share of population  in metropolitan area over the national value","2002","2002","RATIO","Ratio","0","Units",,,6.8,,
"BE005","Liege","T_T_SH_NAT","Share of population  in metropolitan area over the national value","2003","2003","RATIO","Ratio","0","Units",,,6.8,,
"BE005","Liege","T_T_SH_NAT","Share of population  in metropolitan area over the national value","2004","2004","RATIO","Ratio","0","Units",,,6.7,,
"BE005","Liege","T_T_SH_NAT","Share of population  in metropolitan area over the national value","2005","2005","RATIO","Ratio","0","Units",,,6.7,,
"BE005","Liege","T_T_SH_NAT","Share of population  in metropolitan area over the national value","2006","2006","RATIO","Ratio","0","Units",,,6.7,,
"BE005","Liege","T_T_SH_NAT","Share of population  in metropolitan area over the national value","2007","2007","RATIO","Ratio","0","Units",,,6.7,,
"BE005","Liege","T_T_SH_NAT","Share of population  in metropolitan area over the national value","2008","2008","RATIO","Ratio","0","Units",,,6.7,,
"BE005","Liege","T_T_SH_NAT","Share of population  in metropolitan area over the national value","2009","2009","RATIO","Ratio","0","Units",,,6.7,,
"BE005","Liege","T_T_SH_NAT","Share of population  in metropolitan area over the national value","2010","2010","RATIO","Ratio","0","Units",,,6.7,,
"BE005","Liege","T_T_SH_NAT","Share of population  in metropolitan area over the national value","2011","2011","RATIO","Ratio","0","Units",,,6.6,,
"BE005","Liege","T_T_SH_NAT","Share of population  in metropolitan area over the national value","2012","2012","RATIO","Ratio","0","Units",,,6.6,,
"BE005","Liege","T_T_SH_NAT","Share of population  in metropolitan area over the national value","2013","2013","RATIO","Ratio","0","Units",,,6.6,,
"BE005","Liege","T_T_SH_NAT","Share of population  in metropolitan area over the national value","2014","2014","RATIO","Ratio","0","Units",,,6.6,,
"BE005","Liege","T_T_SH_NAT","Share of population  in metropolitan area over the national value","2015","2015","RATIO","Ratio","0","Units",,,6.6,,
"BE005","Liege","T_T_SH_NAT","Share of population  in metropolitan area over the national value","2016","2016","RATIO","Ratio","0","Units",,,6.6,,
"KOR17","Iksan","T_T","Population, All ages. Administrative data","2000","2000","PER","Persons","0","Units",,,343388,,
"KOR17","Iksan","T_T","Population, All ages. Administrative data","2001","2001","PER","Persons","0","Units",,,340335,,
"KOR17","Iksan","T_T","Population, All ages. Administrative data","2002","2002","PER","Persons","0","Units",,,337282,,
"KOR17","Iksan","T_T","Population, All ages. Administrative data","2003","2003","PER","Persons","0","Units",,,334229,,
"KOR17","Iksan","T_T","Population, All ages. Administrative data","2004","2004","PER","Persons","0","Units",,,331176,,
"KOR17","Iksan","T_T","Population, All ages. Administrative data","2005","2005","PER","Persons","0","Units",,,328123,,
"KOR17","Iksan","T_T","Population, All ages. Administrative data","2006","2006","PER","Persons","0","Units",,,325070,,
"KOR17","Iksan","T_T","Population, All ages. Administrative data","2007","2007","PER","Persons","0","Units",,,322017,,
"KOR17","Iksan","T_T","Population, All ages. Administrative data","2008","2008","PER","Persons","0","Units",,,318963,,
"KOR17","Iksan","T_T","Population, All ages. Administrative data","2009","2009","PER","Persons","0","Units",,,315910,,
"KOR17","Iksan","T_T","Population, All ages. Administrative data","2010","2010","PER","Persons","0","Units",,,312857,,
"KOR17","Iksan","T_T","Population, All ages. Administrative data","2011","2011","PER","Persons","0","Units",,,309804,,
"KOR17","Iksan","T_T","Population, All ages. Administrative data","2012","2012","PER","Persons","0","Units",,,306469,,
"KOR17","Iksan","T_T","Population, All ages. Administrative data","2013","2013","PER","Persons","0","Units",,,306539,,
"KOR17","Iksan","T_T","Population, All ages. Administrative data","2014","2014","PER","Persons","0","Units",,,304117,,
"KOR17","Iksan","T_T","Population, All ages. Administrative data","2015","2015","PER","Persons","0","Units",,,302061,,
"KOR17","Iksan","T_T","Population, All ages. Administrative data","2016","2016","PER","Persons","0","Units",,,300479,,
"PL002","Lodz","T_T","Population, All ages. Administrative data","2000","2000","PER","Persons","0","Units",,,987076,,
"PL002","Lodz","T_T","Population, All ages. Administrative data","2001","2001","PER","Persons","0","Units",,,980662,,
"PL002","Lodz","T_T","Population, All ages. Administrative data","2002","2002","PER","Persons","0","Units",,,979154,,
"PL002","Lodz","T_T","Population, All ages. Administrative data","2003","2003","PER","Persons","0","Units",,,973918,,
"PL002","Lodz","T_T","Population, All ages. Administrative data","2004","2004","PER","Persons","0","Units",,,969619,,
"PL002","Lodz","T_T","Population, All ages. Administrative data","2005","2005","PER","Persons","0","Units",,,964249,,
"PL002","Lodz","T_T","Population, All ages. Administrative data","2006","2006","PER","Persons","0","Units",,,966933,,
"PL002","Lodz","T_T","Population, All ages. Administrative data","2007","2007","PER","Persons","0","Units",,,961013,,
"PL002","Lodz","T_T","Population, All ages. Administrative data","2008","2008","PER","Persons","0","Units",,,956156,,
"PL002","Lodz","T_T","Population, All ages. Administrative data","2009","2009","PER","Persons","0","Units",,,952810,,
"PL002","Lodz","T_T","Population, All ages. Administrative data","2010","2010","PER","Persons","0","Units",,,944520,,
"PL002","Lodz","T_T","Population, All ages. Administrative data","2011","2011","PER","Persons","0","Units",,,940188,,
"PL002","Lodz","T_T","Population, All ages. Administrative data","2012","2012","PER","Persons","0","Units",,,935124,,
"PL002","Lodz","T_T","Population, All ages. Administrative data","2013","2013","PER","Persons","0","Units",,,928346,,
"PL002","Lodz","T_T","Population, All ages. Administrative data","2014","2014","PER","Persons","0","Units",,,923985,,
"PL002","Lodz","T_T","Population, All ages. Administrative data","2015","2015","PER","Persons","0","Units",,,919822,,
"PL002","Lodz","T_T","Population, All ages. Administrative data","2016","2016","PER","Persons","0","Units",,,915942,,
"JPN16","Utsunomiya","POP_DEN","Population density (pop. per km2)","2000","2000","PER","Persons","0","Units",,,485,,
"JPN16","Utsunomiya","POP_DEN","Population density (pop. per km2)","2001","2001","PER","Persons","0","Units",,,487,,
"JPN16","Utsunomiya","POP_DEN","Population density (pop. per km2)","2002","2002","PER","Persons","0","Units",,,489,,
"JPN16","Utsunomiya","POP_DEN","Population density (pop. per km2)","2003","2003","PER","Persons","0","Units",,,490,,
"JPN16","Utsunomiya","POP_DEN","Population density (pop. per km2)","2004","2004","PER","Persons","0","Units",,,492,,
"JPN16","Utsunomiya","POP_DEN","Population density (pop. per km2)","2005","2005","PER","Persons","0","Units",,,494,,
"JPN16","Utsunomiya","POP_DEN","Population density (pop. per km2)","2006","2006","PER","Persons","0","Units",,,493,,
"JPN16","Utsunomiya","POP_DEN","Population density (pop. per km2)","2007","2007","PER","Persons","0","Units",,,493,,
"JPN16","Utsunomiya","POP_DEN","Population density (pop. per km2)","2008","2008","PER","Persons","0","Units",,,493,,
"JPN16","Utsunomiya","POP_DEN","Population density (pop. per km2)","2009","2009","PER","Persons","0","Units",,,493,,
"JPN16","Utsunomiya","POP_DEN","Population density (pop. per km2)","2010","2010","PER","Persons","0","Units",,,492,,
"JPN16","Utsunomiya","POP_DEN","Population density (pop. per km2)","2011","2011","PER","Persons","0","Units",,,493,,
"JPN16","Utsunomiya","POP_DEN","Population density (pop. per km2)","2012","2012","PER","Persons","0","Units",,,494,,
"JPN16","Utsunomiya","POP_DEN","Population density (pop. per km2)","2013","2013","PER","Persons","0","Units",,,495,,
"JPN16","Utsunomiya","POP_DEN","Population density (pop. per km2)","2014","2014","PER","Persons","0","Units",,,496,,
"JPN16","Utsunomiya","POP_DEN","Population density (pop. per km2)","2015","2015","PER","Persons","0","Units",,,497,,
"FR012","Le Havre","T_T","Population, All ages. Administrative data","2000","2000","PER","Persons","0","Units",,,307274,,
"FR012","Le Havre","T_T","Population, All ages. Administrative data","2001","2001","PER","Persons","0","Units",,,306456,,
"FR012","Le Havre","T_T","Population, All ages. Administrative data","2002","2002","PER","Persons","0","Units",,,305640,,
"FR012","Le Havre","T_T","Population, All ages. Administrative data","2003","2003","PER","Persons","0","Units",,,304822,,
"FR012","Le Havre","T_T","Population, All ages. Administrative data","2004","2004","PER","Persons","0","Units",,,304006,,
"FR012","Le Havre","T_T","Population, All ages. Administrative data","2005","2005","PER","Persons","0","Units",,,303189,,
"FR012","Le Havre","T_T","Population, All ages. Administrative data","2006","2006","PER","Persons","0","Units",,,302372,,
"FR012","Le Havre","T_T","Population, All ages. Administrative data","2007","2007","PER","Persons","0","Units",,,301555,,
"FR012","Le Havre","T_T","Population, All ages. Administrative data","2008","2008","PER","Persons","0","Units",,,300738,,
"FR012","Le Havre","T_T","Population, All ages. Administrative data","2009","2009","PER","Persons","0","Units",,,299921,,
"FR012","Le Havre","T_T","Population, All ages. Administrative data","2010","2010","PER","Persons","0","Units",,,299419,,
"FR012","Le Havre","T_T","Population, All ages. Administrative data","2011","2011","PER","Persons","0","Units",,,298918,,
"FR012","Le Havre","T_T","Population, All ages. Administrative data","2012","2012","PER","Persons","0","Units",,,298417,,
"FR012","Le Havre","T_T","Population, All ages. Administrative data","2013","2013","PER","Persons","0","Units",,,297916,,
"FR012","Le Havre","T_T","Population, All ages. Administrative data","2014","2014","PER","Persons","0","Units",,,297414,,
"FR012","Le Havre","T_T","Population, All ages. Administrative data","2015","2015","PER","Persons","0","Units",,,288475,,
"USA47","Wake","T_T_SH_NAT","Share of population  in metropolitan area over the national value","2001","2001","RATIO","Ratio","0","Units",,,0.3,,
"USA47","Wake","T_T_SH_NAT","Share of population  in metropolitan area over the national value","2002","2002","RATIO","Ratio","0","Units",,,0.3,,
"USA47","Wake","T_T_SH_NAT","Share of population  in metropolitan area over the national value","2003","2003","RATIO","Ratio","0","Units",,,0.3,,
"USA47","Wake","T_T_SH_NAT","Share of population  in metropolitan area over the national value","2004","2004","RATIO","Ratio","0","Units",,,0.3,,
"USA47","Wake","T_T_SH_NAT","Share of population  in metropolitan area over the national value","2005","2005","RATIO","Ratio","0","Units",,,0.3,,
"USA47","Wake","T_T_SH_NAT","Share of population  in metropolitan area over the national value","2006","2006","RATIO","Ratio","0","Units",,,0.3,,
"USA47","Wake","T_T_SH_NAT","Share of population  in metropolitan area over the national value","2007","2007","RATIO","Ratio","0","Units",,,0.3,,
"USA47","Wake","T_T_SH_NAT","Share of population  in metropolitan area over the national value","2008","2008","RATIO","Ratio","0","Units",,,0.3,,
"USA47","Wake","T_T_SH_NAT","Share of population  in metropolitan area over the national value","2009","2009","RATIO","Ratio","0","Units",,,0.3,,
"USA47","Wake","T_T_SH_NAT","Share of population  in metropolitan area over the national value","2010","2010","RATIO","Ratio","0","Units",,,0.4,,
"USA47","Wake","T_T_SH_NAT","Share of population  in metropolitan area over the national value","2011","2011","RATIO","Ratio","0","Units",,,0.4,,
"USA47","Wake","T_T_SH_NAT","Share of population  in metropolitan area over the national value","2012","2012","RATIO","Ratio","0","Units",,,0.4,,
"USA47","Wake","T_T_SH_NAT","Share of population  in metropolitan area over the national value","2013","2013","RATIO","Ratio","0","Units",,,0.4,,
"USA47","Wake","T_T_SH_NAT","Share of population  in metropolitan area over the national value","2014","2014","RATIO","Ratio","0","Units",,,0.4,,
"USA47","Wake","T_T_SH_NAT","Share of population  in metropolitan area over the national value","2015","2015","RATIO","Ratio","0","Units",,,0.4,,
"USA47","Wake","T_T_SH_NAT","Share of population  in metropolitan area over the national value","2016","2016","RATIO","Ratio","0","Units",,,0.4,,
"FR011","Saint-Etienne","POP_DEN","Population density (pop. per km2)","2000","2000","PER","Persons","0","Units",,,284,,
"FR011","Saint-Etienne","POP_DEN","Population density (pop. per km2)","2001","2001","PER","Persons","0","Units",,,284,,
"FR011","Saint-Etienne","POP_DEN","Population density (pop. per km2)","2002","2002","PER","Persons","0","Units",,,284,,
"FR011","Saint-Etienne","POP_DEN","Population density (pop. per km2)","2003","2003","PER","Persons","0","Units",,,285,,
"FR011","Saint-Etienne","POP_DEN","Population density (pop. per km2)","2004","2004","PER","Persons","0","Units",,,285,,
"FR011","Saint-Etienne","POP_DEN","Population density (pop. per km2)","2005","2005","PER","Persons","0","Units",,,286,,
"FR011","Saint-Etienne","POP_DEN","Population density (pop. per km2)","2006","2006","PER","Persons","0","Units",,,286,,
"FR011","Saint-Etienne","POP_DEN","Population density (pop. per km2)","2007","2007","PER","Persons","0","Units",,,286,,
"FR011","Saint-Etienne","POP_DEN","Population density (pop. per km2)","2008","2008","PER","Persons","0","Units",,,287,,
"FR011","Saint-Etienne","POP_DEN","Population density (pop. per km2)","2009","2009","PER","Persons","0","Units",,,287,,
"FR011","Saint-Etienne","POP_DEN","Population density (pop. per km2)","2010","2010","PER","Persons","0","Units",,,288,,
"FR011","Saint-Etienne","POP_DEN","Population density (pop. per km2)","2011","2011","PER","Persons","0","Units",,,289,,
"FR011","Saint-Etienne","POP_DEN","Population density (pop. per km2)","2012","2012","PER","Persons","0","Units",,,290,,
"FR011","Saint-Etienne","POP_DEN","Population density (pop. per km2)","2013","2013","PER","Persons","0","Units",,,291,,
"FR011","Saint-Etienne","POP_DEN","Population density (pop. per km2)","2014","2014","PER","Persons","0","Units",,,292,,
"FR011","Saint-Etienne","POP_DEN","Population density (pop. per km2)","2015","2015","PER","Persons","0","Units",,,288,,
"USA15","Minneapolis","POP_DEN","Population density (pop. per km2)","2000","2000","PER","Persons","0","Units",,,168,,
"USA15","Minneapolis","POP_DEN","Population density (pop. per km2)","2001","2001","PER","Persons","0","Units",,,170,,
"USA15","Minneapolis","POP_DEN","Population density (pop. per km2)","2002","2002","PER","Persons","0","Units",,,172,,
"USA15","Minneapolis","POP_DEN","Population density (pop. per km2)","2003","2003","PER","Persons","0","Units",,,173,,
"USA15","Minneapolis","POP_DEN","Population density (pop. per km2)","2004","2004","PER","Persons","0","Units",,,175,,
"USA15","Minneapolis","POP_DEN","Population density (pop. per km2)","2005","2005","PER","Persons","0","Units",,,176,,
"USA15","Minneapolis","POP_DEN","Population density (pop. per km2)","2006","2006","PER","Persons","0","Units",,,178,,
"USA15","Minneapolis","POP_DEN","Population density (pop. per km2)","2007","2007","PER","Persons","0","Units",,,180,,
"USA15","Minneapolis","POP_DEN","Population density (pop. per km2)","2008","2008","PER","Persons","0","Units",,,182,,
"USA15","Minneapolis","POP_DEN","Population density (pop. per km2)","2009","2009","PER","Persons","0","Units",,,183,,
"USA15","Minneapolis","POP_DEN","Population density (pop. per km2)","2010","2010","PER","Persons","0","Units",,,185,,
"USA15","Minneapolis","POP_DEN","Population density (pop. per km2)","2011","2011","PER","Persons","0","Units",,,187,,
"USA15","Minneapolis","POP_DEN","Population density (pop. per km2)","2012","2012","PER","Persons","0","Units",,,189,,
"USA15","Minneapolis","POP_DEN","Population density (pop. per km2)","2013","2013","PER","Persons","0","Units",,,191,,
"USA15","Minneapolis","POP_DEN","Population density (pop. per km2)","2014","2014","PER","Persons","0","Units",,,193,,
"USA15","Minneapolis","POP_DEN","Population density (pop. per km2)","2015","2015","PER","Persons","0","Units",,,194,,
"USA15","Minneapolis","POP_DEN","Population density (pop. per km2)","2016","2016","PER","Persons","0","Units",,,196,,
"NL507","Leiden","T_T_SH_NAT","Share of population  in metropolitan area over the national value","2001","2001","RATIO","Ratio","0","Units",,,2,,
"NL507","Leiden","T_T_SH_NAT","Share of population  in metropolitan area over the national value","2002","2002","RATIO","Ratio","0","Units",,,2,,
"NL507","Leiden","T_T_SH_NAT","Share of population  in metropolitan area over the national value","2003","2003","RATIO","Ratio","0","Units",,,2,,
"NL507","Leiden","T_T_SH_NAT","Share of population  in metropolitan area over the national value","2004","2004","RATIO","Ratio","0","Units",,,2,,
"NL507","Leiden","T_T_SH_NAT","Share of population  in metropolitan area over the national value","2005","2005","RATIO","Ratio","0","Units",,,2,,
"NL507","Leiden","T_T_SH_NAT","Share of population  in metropolitan area over the national value","2006","2006","RATIO","Ratio","0","Units",,,2,,
"NL507","Leiden","T_T_SH_NAT","Share of population  in metropolitan area over the national value","2007","2007","RATIO","Ratio","0","Units",,,2,,
"NL507","Leiden","T_T_SH_NAT","Share of population  in metropolitan area over the national value","2008","2008","RATIO","Ratio","0","Units",,,2,,
"NL507","Leiden","T_T_SH_NAT","Share of population  in metropolitan area over the national value","2009","2009","RATIO","Ratio","0","Units",,,2,,
"NL507","Leiden","T_T_SH_NAT","Share of population  in metropolitan area over the national value","2010","2010","RATIO","Ratio","0","Units",,,2,,
"NL507","Leiden","T_T_SH_NAT","Share of population  in metropolitan area over the national value","2011","2011","RATIO","Ratio","0","Units",,,2,,
"NL507","Leiden","T_T_SH_NAT","Share of population  in metropolitan area over the national value","2012","2012","RATIO","Ratio","0","Units",,,2,,
"NL507","Leiden","T_T_SH_NAT","Share of population  in metropolitan area over the national value","2013","2013","RATIO","Ratio","0","Units",,,2,,
"NL507","Leiden","T_T_SH_NAT","Share of population  in metropolitan area over the national value","2014","2014","RATIO","Ratio","0","Units",,,2,,
"NL507","Leiden","T_T_SH_NAT","Share of population  in metropolitan area over the national value","2015","2015","RATIO","Ratio","0","Units",,,2,,
"NL507","Leiden","T_T_SH_NAT","Share of population  in metropolitan area over the national value","2016","2016","RATIO","Ratio","0","Units",,,2,,
"COL19","Palmira","POP_DEN","Population density (pop. per km2)","2000","2000","PER","Persons","0","Units",,,284,,
"COL19","Palmira","POP_DEN","Population density (pop. per km2)","2001","2001","PER","Persons","0","Units",,,285,,
"COL19","Palmira","POP_DEN","Population density (pop. per km2)","2002","2002","PER","Persons","0","Units",,,287,,
"COL19","Palmira","POP_DEN","Population density (pop. per km2)","2003","2003","PER","Persons","0","Units",,,288,,
"COL19","Palmira","POP_DEN","Population density (pop. per km2)","2004","2004","PER","Persons","0","Units",,,289,,
"COL19","Palmira","POP_DEN","Population density (pop. per km2)","2005","2005","PER","Persons","0","Units",,,290,,
"COL19","Palmira","POP_DEN","Population density (pop. per km2)","2006","2006","PER","Persons","0","Units",,,291,,
"COL19","Palmira","POP_DEN","Population density (pop. per km2)","2007","2007","PER","Persons","0","Units",,,292,,
"COL19","Palmira","POP_DEN","Population density (pop. per km2)","2008","2008","PER","Persons","0","Units",,,293,,
"COL19","Palmira","POP_DEN","Population density (pop. per km2)","2009","2009","PER","Persons","0","Units",,,294,,
"COL19","Palmira","POP_DEN","Population density (pop. per km2)","2010","2010","PER","Persons","0","Units",,,295,,
"COL19","Palmira","POP_DEN","Population density (pop. per km2)","2011","2011","PER","Persons","0","Units",,,296,,
"COL19","Palmira","POP_DEN","Population density (pop. per km2)","2012","2012","PER","Persons","0","Units",,,297,,
"COL19","Palmira","POP_DEN","Population density (pop. per km2)","2013","2013","PER","Persons","0","Units",,,298,,
"COL19","Palmira","POP_DEN","Population density (pop. per km2)","2014","2014","PER","Persons","0","Units",,,299,,
"COL19","Palmira","POP_DEN","Population density (pop. per km2)","2015","2015","PER","Persons","0","Units",,,300,,
"AUS05","Greater Adelaide","POP_DEN","Population density (pop. per km2)","2001","2001","PER","Persons","0","Units",,,352,,
"AUS05","Greater Adelaide","POP_DEN","Population density (pop. per km2)","2002","2002","PER","Persons","0","Units",,,354,,
"AUS05","Greater Adelaide","POP_DEN","Population density (pop. per km2)","2003","2003","PER","Persons","0","Units",,,356,,
"AUS05","Greater Adelaide","POP_DEN","Population density (pop. per km2)","2004","2004","PER","Persons","0","Units",,,358,,
"AUS05","Greater Adelaide","POP_DEN","Population density (pop. per km2)","2005","2005","PER","Persons","0","Units",,,361,,
"AUS05","Greater Adelaide","POP_DEN","Population density (pop. per km2)","2006","2006","PER","Persons","0","Units",,,364,,
"AUS05","Greater Adelaide","POP_DEN","Population density (pop. per km2)","2007","2007","PER","Persons","0","Units",,,369,,
"AUS05","Greater Adelaide","POP_DEN","Population density (pop. per km2)","2008","2008","PER","Persons","0","Units",,,373,,
"AUS05","Greater Adelaide","POP_DEN","Population density (pop. per km2)","2009","2009","PER","Persons","0","Units",,,379,,
"AUS05","Greater Adelaide","POP_DEN","Population density (pop. per km2)","2010","2010","PER","Persons","0","Units",,,384,,
"AUS05","Greater Adelaide","POP_DEN","Population density (pop. per km2)","2011","2011","PER","Persons","0","Units",,,387,,
"AUS05","Greater Adelaide","POP_DEN","Population density (pop. per km2)","2012","2012","PER","Persons","0","Units",,,391,,
"AUS05","Greater Adelaide","POP_DEN","Population density (pop. per km2)","2013","2013","PER","Persons","0","Units",,,395,,
"AUS05","Greater Adelaide","POP_DEN","Population density (pop. per km2)","2014","2014","PER","Persons","0","Units",,,399,,
"AUS05","Greater Adelaide","POP_DEN","Population density (pop. per km2)","2015","2015","PER","Persons","0","Units",,,403,,
"AUS05","Greater Adelaide","POP_DEN","Population density (pop. per km2)","2016","2016","PER","Persons","0","Units",,,406,,
"IT029","Brescia","T_T_SH_NAT","Share of population  in metropolitan area over the national value","2001","2001","RATIO","Ratio","0","Units",,,0.7,,
"IT029","Brescia","T_T_SH_NAT","Share of population  in metropolitan area over the national value","2002","2002","RATIO","Ratio","0","Units",,,0.7,,
"IT029","Brescia","T_T_SH_NAT","Share of population  in metropolitan area over the national value","2003","2003","RATIO","Ratio","0","Units",,,0.7,,
"IT029","Brescia","T_T_SH_NAT","Share of population  in metropolitan area over the national value","2004","2004","RATIO","Ratio","0","Units",,,0.8,,
"IT029","Brescia","T_T_SH_NAT","Share of population  in metropolitan area over the national value","2005","2005","RATIO","Ratio","0","Units",,,0.8,,
"IT029","Brescia","T_T_SH_NAT","Share of population  in metropolitan area over the national value","2006","2006","RATIO","Ratio","0","Units",,,0.8,,
"IT029","Brescia","T_T_SH_NAT","Share of population  in metropolitan area over the national value","2007","2007","RATIO","Ratio","0","Units",,,0.8,,
"IT029","Brescia","T_T_SH_NAT","Share of population  in metropolitan area over the national value","2008","2008","RATIO","Ratio","0","Units",,,0.8,,
"IT029","Brescia","T_T_SH_NAT","Share of population  in metropolitan area over the national value","2009","2009","RATIO","Ratio","0","Units",,,0.8,,
"IT029","Brescia","T_T_SH_NAT","Share of population  in metropolitan area over the national value","2010","2010","RATIO","Ratio","0","Units",,,0.8,,
"IT029","Brescia","T_T_SH_NAT","Share of population  in metropolitan area over the national value","2011","2011","RATIO","Ratio","0","Units",,,0.8,,
"IT029","Brescia","T_T_SH_NAT","Share of population  in metropolitan area over the national value","2012","2012","RATIO","Ratio","0","Units",,,0.8,,
"IT029","Brescia","T_T_SH_NAT","Share of population  in metropolitan area over the national value","2013","2013","RATIO","Ratio","0","Units",,,0.8,,
"IT029","Brescia","T_T_SH_NAT","Share of population  in metropolitan area over the national value","2014","2014","RATIO","Ratio","0","Units",,,0.8,,
"IT029","Brescia","T_T_SH_NAT","Share of population  in metropolitan area over the national value","2015","2015","RATIO","Ratio","0","Units",,,0.8,,
"IT029","Brescia","T_T_SH_NAT","Share of population  in metropolitan area over the national value","2016","2016","RATIO","Ratio","0","Units",,,0.8,,
"COL06","Bucaramanga","T_T","Population, All ages. Administrative data","2000","2000","PER","Persons","0","Units",,,947372,,
"COL06","Bucaramanga","T_T","Population, All ages. Administrative data","2001","2001","PER","Persons","0","Units",,,961467,,
"COL06","Bucaramanga","T_T","Population, All ages. Administrative data","2002","2002","PER","Persons","0","Units",,,975563,,
"COL06","Bucaramanga","T_T","Population, All ages. Administrative data","2003","2003","PER","Persons","0","Units",,,989658,,
"COL06","Bucaramanga","T_T","Population, All ages. Administrative data","2004","2004","PER","Persons","0","Units",,,1003753,,
"COL06","Bucaramanga","T_T","Population, All ages. Administrative data","2005","2005","PER","Persons","0","Units",,,1017848,,
"COL06","Bucaramanga","T_T","Population, All ages. Administrative data","2006","2006","PER","Persons","0","Units",,,1031944,,
"COL06","Bucaramanga","T_T","Population, All ages. Administrative data","2007","2007","PER","Persons","0","Units",,,1046039,,
"COL06","Bucaramanga","T_T","Population, All ages. Administrative data","2008","2008","PER","Persons","0","Units",,,1060134,,
"COL06","Bucaramanga","T_T","Population, All ages. Administrative data","2009","2009","PER","Persons","0","Units",,,1074229,,
"COL06","Bucaramanga","T_T","Population, All ages. Administrative data","2010","2010","PER","Persons","0","Units",,,1088325,,
"COL06","Bucaramanga","T_T","Population, All ages. Administrative data","2011","2011","PER","Persons","0","Units",,,1102420,,
"COL06","Bucaramanga","T_T","Population, All ages. Administrative data","2012","2012","PER","Persons","0","Units",,,1116515,,
"COL06","Bucaramanga","T_T","Population, All ages. Administrative data","2013","2013","PER","Persons","0","Units",,,1130611,,
"COL06","Bucaramanga","T_T","Population, All ages. Administrative data","2014","2014","PER","Persons","0","Units",,,1144706,,
"COL06","Bucaramanga","T_T","Population, All ages. Administrative data","2015","2015","PER","Persons","0","Units",,,1158801,,
"PL015","Rzeszow","T_T","Population, All ages. Administrative data","2000","2000","PER","Persons","0","Units",,,460062,,
"PL015","Rzeszow","T_T","Population, All ages. Administrative data","2001","2001","PER","Persons","0","Units",,,460781,,
"PL015","Rzeszow","T_T","Population, All ages. Administrative data","2002","2002","PER","Persons","0","Units",,,461349,,
"PL015","Rzeszow","T_T","Population, All ages. Administrative data","2003","2003","PER","Persons","0","Units",,,461854,,
"PL015","Rzeszow","T_T","Population, All ages. Administrative data","2004","2004","PER","Persons","0","Units",,,462766,,
"PL015","Rzeszow","T_T","Population, All ages. Administrative data","2005","2005","PER","Persons","0","Units",,,463706,,
"PL015","Rzeszow","T_T","Population, All ages. Administrative data","2006","2006","PER","Persons","0","Units",,,464799,,
"PL015","Rzeszow","T_T","Population, All ages. Administrative data","2007","2007","PER","Persons","0","Units",,,465634,,
"PL015","Rzeszow","T_T","Population, All ages. Administrative data","2008","2008","PER","Persons","0","Units",,,488884,,
"PL015","Rzeszow","T_T","Population, All ages. Administrative data","2009","2009","PER","Persons","0","Units",,,490376,,
"PL015","Rzeszow","T_T","Population, All ages. Administrative data","2010","2010","PER","Persons","0","Units",,,496464,,
"PL015","Rzeszow","T_T","Population, All ages. Administrative data","2011","2011","PER","Persons","0","Units",,,498629,,
"PL015","Rzeszow","T_T","Population, All ages. Administrative data","2012","2012","PER","Persons","0","Units",,,501715,,
"PL015","Rzeszow","T_T","Population, All ages. Administrative data","2013","2013","PER","Persons","0","Units",,,504106,,
"PL015","Rzeszow","T_T","Population, All ages. Administrative data","2014","2014","PER","Persons","0","Units",,,506965,,
"PL015","Rzeszow","T_T","Population, All ages. Administrative data","2015","2015","PER","Persons","0","Units",,,508397,,
"PL015","Rzeszow","T_T","Population, All ages. Administrative data","2016","2016","PER","Persons","0","Units",,,510949,,
"DE523","Paderborn","POP_DEN","Population density (pop. per km2)","2001","2001","PER","Persons","0","Units",,,235,,
"DE523","Paderborn","POP_DEN","Population density (pop. per km2)","2002","2002","PER","Persons","0","Units",,,238,,
"DE523","Paderborn","POP_DEN","Population density (pop. per km2)","2003","2003","PER","Persons","0","Units",,,239,,
"DE523","Paderborn","POP_DEN","Population density (pop. per km2)","2004","2004","PER","Persons","0","Units",,,240,,
"DE523","Paderborn","POP_DEN","Population density (pop. per km2)","2005","2005","PER","Persons","0","Units",,,241,,
"DE523","Paderborn","POP_DEN","Population density (pop. per km2)","2006","2006","PER","Persons","0","Units",,,242,,
"DE523","Paderborn","POP_DEN","Population density (pop. per km2)","2007","2007","PER","Persons","0","Units",,,243,,
"DE523","Paderborn","POP_DEN","Population density (pop. per km2)","2008","2008","PER","Persons","0","Units",,,242,,
"DE523","Paderborn","POP_DEN","Population density (pop. per km2)","2009","2009","PER","Persons","0","Units",,,242,,
"DE523","Paderborn","POP_DEN","Population density (pop. per km2)","2010","2010","PER","Persons","0","Units",,,242,,
"DE523","Paderborn","POP_DEN","Population density (pop. per km2)","2011","2011","PER","Persons","0","Units",,,239,,
"DE523","Paderborn","POP_DEN","Population density (pop. per km2)","2012","2012","PER","Persons","0","Units",,,240,,
"DE523","Paderborn","POP_DEN","Population density (pop. per km2)","2013","2013","PER","Persons","0","Units",,,240,,
"DE523","Paderborn","POP_DEN","Population density (pop. per km2)","2014","2014","PER","Persons","0","Units",,,240,,
"DE523","Paderborn","POP_DEN","Population density (pop. per km2)","2015","2015","PER","Persons","0","Units",,,242,,
"DE523","Paderborn","POP_DEN","Population density (pop. per km2)","2016","2016","PER","Persons","0","Units",,,247,,
"IT004","Turin","POP_DEN","Population density (pop. per km2)","2000","2000","PER","Persons","0","Units",,,987,,
"IT004","Turin","POP_DEN","Population density (pop. per km2)","2001","2001","PER","Persons","0","Units",,,989,,
"IT004","Turin","POP_DEN","Population density (pop. per km2)","2002","2002","PER","Persons","0","Units",,,992,,
"IT004","Turin","POP_DEN","Population density (pop. per km2)","2003","2003","PER","Persons","0","Units",,,994,,
"IT004","Turin","POP_DEN","Population density (pop. per km2)","2004","2004","PER","Persons","0","Units",,,997,,
"IT004","Turin","POP_DEN","Population density (pop. per km2)","2005","2005","PER","Persons","0","Units",,,999,,
"IT004","Turin","POP_DEN","Population density (pop. per km2)","2006","2006","PER","Persons","0","Units",,,1002,,
"IT004","Turin","POP_DEN","Population density (pop. per km2)","2007","2007","PER","Persons","0","Units",,,1005,,
"IT004","Turin","POP_DEN","Population density (pop. per km2)","2008","2008","PER","Persons","0","Units",,,1007,,
"IT004","Turin","POP_DEN","Population density (pop. per km2)","2009","2009","PER","Persons","0","Units",,,1010,,
"IT004","Turin","POP_DEN","Population density (pop. per km2)","2010","2010","PER","Persons","0","Units",,,1012,,
"IT004","Turin","POP_DEN","Population density (pop. per km2)","2011","2011","PER","Persons","0","Units",,,1015,,
"IT004","Turin","POP_DEN","Population density (pop. per km2)","2012","2012","PER","Persons","0","Units",,,1017,,
"IT004","Turin","POP_DEN","Population density (pop. per km2)","2013","2013","PER","Persons","0","Units",,,1023,,
"IT004","Turin","POP_DEN","Population density (pop. per km2)","2014","2014","PER","Persons","0","Units",,,1046,,
"IT004","Turin","POP_DEN","Population density (pop. per km2)","2015","2015","PER","Persons","0","Units",,,1044,,
"IT004","Turin","POP_DEN","Population density (pop. per km2)","2016","2016","PER","Persons","0","Units",,,1040,,
"USA05","San Francisco (Greater)","T_T","Population, All ages. Administrative data","2000","2000","PER","Persons","0","Units",,,5874603,,
"USA05","San Francisco (Greater)","T_T","Population, All ages. Administrative data","2001","2001","PER","Persons","0","Units",,,5917514,,
"USA05","San Francisco (Greater)","T_T","Population, All ages. Administrative data","2002","2002","PER","Persons","0","Units",,,5882948,,
"USA05","San Francisco (Greater)","T_T","Population, All ages. Administrative data","2003","2003","PER","Persons","0","Units",,,5864755,,
"USA05","San Francisco (Greater)","T_T","Population, All ages. Administrative data","2004","2004","PER","Persons","0","Units",,,5851416,,
"USA05","San Francisco (Greater)","T_T","Population, All ages. Administrative data","2005","2005","PER","Persons","0","Units",,,5867817,,
"USA05","San Francisco (Greater)","T_T","Population, All ages. Administrative data","2006","2006","PER","Persons","0","Units",,,5894007,,
"USA05","San Francisco (Greater)","T_T","Population, All ages. Administrative data","2007","2007","PER","Persons","0","Units",,,5949735,,
"USA05","San Francisco (Greater)","T_T","Population, All ages. Administrative data","2008","2008","PER","Persons","0","Units",,,6039163,,
"USA05","San Francisco (Greater)","T_T","Population, All ages. Administrative data","2009","2009","PER","Persons","0","Units",,,6122403,,
"USA05","San Francisco (Greater)","T_T","Population, All ages. Administrative data","2010","2010","PER","Persons","0","Units",,,6186884,,
"USA05","San Francisco (Greater)","T_T","Population, All ages. Administrative data","2011","2011","PER","Persons","0","Units",,,6269064,,
"USA05","San Francisco (Greater)","T_T","Population, All ages. Administrative data","2012","2012","PER","Persons","0","Units",,,6361741,,
"USA05","San Francisco (Greater)","T_T","Population, All ages. Administrative data","2013","2013","PER","Persons","0","Units",,,6457022,,
"USA05","San Francisco (Greater)","T_T","Population, All ages. Administrative data","2014","2014","PER","Persons","0","Units",,,6550184,,
"USA05","San Francisco (Greater)","T_T","Population, All ages. Administrative data","2015","2015","PER","Persons","0","Units",,,6635569,,
"USA05","San Francisco (Greater)","T_T","Population, All ages. Administrative data","2016","2016","PER","Persons","0","Units",,,6689987,,
"USA131","Luzerne","T_T_SH_NAT","Share of population  in metropolitan area over the national value","2001","2001","RATIO","Ratio","0","Units",,,0.1,,
"USA131","Luzerne","T_T_SH_NAT","Share of population  in metropolitan area over the national value","2002","2002","RATIO","Ratio","0","Units",,,0.1,,
"USA131","Luzerne","T_T_SH_NAT","Share of population  in metropolitan area over the national value","2003","2003","RATIO","Ratio","0","Units",,,0.1,,
"USA131","Luzerne","T_T_SH_NAT","Share of population  in metropolitan area over the national value","2004","2004","RATIO","Ratio","0","Units",,,0.1,,
"USA131","Luzerne","T_T_SH_NAT","Share of population  in metropolitan area over the national value","2005","2005","RATIO","Ratio","0","Units",,,0.1,,
"USA131","Luzerne","T_T_SH_NAT","Share of population  in metropolitan area over the national value","2006","2006","RATIO","Ratio","0","Units",,,0.1,,
"USA131","Luzerne","T_T_SH_NAT","Share of population  in metropolitan area over the national value","2007","2007","RATIO","Ratio","0","Units",,,0.1,,
"USA131","Luzerne","T_T_SH_NAT","Share of population  in metropolitan area over the national value","2008","2008","RATIO","Ratio","0","Units",,,0.1,,
"USA131","Luzerne","T_T_SH_NAT","Share of population  in metropolitan area over the national value","2009","2009","RATIO","Ratio","0","Units",,,0.1,,
"USA131","Luzerne","T_T_SH_NAT","Share of population  in metropolitan area over the national value","2010","2010","RATIO","Ratio","0","Units",,,0.1,,
"USA131","Luzerne","T_T_SH_NAT","Share of population  in metropolitan area over the national value","2011","2011","RATIO","Ratio","0","Units",,,0.1,,
"USA131","Luzerne","T_T_SH_NAT","Share of population  in metropolitan area over the national value","2012","2012","RATIO","Ratio","0","Units",,,0.1,,
"USA131","Luzerne","T_T_SH_NAT","Share of population  in metropolitan area over the national value","2013","2013","RATIO","Ratio","0","Units",,,0.1,,
"USA131","Luzerne","T_T_SH_NAT","Share of population  in metropolitan area over the national value","2014","2014","RATIO","Ratio","0","Units",,,0.1,,
"USA131","Luzerne","T_T_SH_NAT","Share of population  in metropolitan area over the national value","2015","2015","RATIO","Ratio","0","Units",,,0.1,,
"USA131","Luzerne","T_T_SH_NAT","Share of population  in metropolitan area over the national value","2016","2016","RATIO","Ratio","0","Units",,,0.1,,
"DE504","Muenster","T_T_SH_NAT","Share of population  in metropolitan area over the national value","2001","2001","RATIO","Ratio","0","Units",,,0.6,,
"DE504","Muenster","T_T_SH_NAT","Share of population  in metropolitan area over the national value","2002","2002","RATIO","Ratio","0","Units",,,0.6,,
"DE504","Muenster","T_T_SH_NAT","Share of population  in metropolitan area over the national value","2003","2003","RATIO","Ratio","0","Units",,,0.6,,
"DE504","Muenster","T_T_SH_NAT","Share of population  in metropolitan area over the national value","2004","2004","RATIO","Ratio","0","Units",,,0.6,,
"DE504","Muenster","T_T_SH_NAT","Share of population  in metropolitan area over the national value","2005","2005","RATIO","Ratio","0","Units",,,0.6,,
"DE504","Muenster","T_T_SH_NAT","Share of population  in metropolitan area over the national value","2006","2006","RATIO","Ratio","0","Units",,,0.6,,
"DE504","Muenster","T_T_SH_NAT","Share of population  in metropolitan area over the national value","2007","2007","RATIO","Ratio","0","Units",,,0.6,,
"DE504","Muenster","T_T_SH_NAT","Share of population  in metropolitan area over the national value","2008","2008","RATIO","Ratio","0","Units",,,0.6,,
"DE504","Muenster","T_T_SH_NAT","Share of population  in metropolitan area over the national value","2009","2009","RATIO","Ratio","0","Units",,,0.6,,
"DE504","Muenster","T_T_SH_NAT","Share of population  in metropolitan area over the national value","2010","2010","RATIO","Ratio","0","Units",,,0.6,,
"DE504","Muenster","T_T_SH_NAT","Share of population  in metropolitan area over the national value","2011","2011","RATIO","Ratio","0","Units",,,0.6,,
"DE504","Muenster","T_T_SH_NAT","Share of population  in metropolitan area over the national value","2012","2012","RATIO","Ratio","0","Units",,,0.6,,
"DE504","Muenster","T_T_SH_NAT","Share of population  in metropolitan area over the national value","2013","2013","RATIO","Ratio","0","Units",,,0.6,,
"DE504","Muenster","T_T_SH_NAT","Share of population  in metropolitan area over the national value","2014","2014","RATIO","Ratio","0","Units",,,0.6,,
"DE504","Muenster","T_T_SH_NAT","Share of population  in metropolitan area over the national value","2015","2015","RATIO","Ratio","0","Units",,,0.6,,
"DE504","Muenster","T_T_SH_NAT","Share of population  in metropolitan area over the national value","2016","2016","RATIO","Ratio","0","Units",,,0.6,,
"MEX11","San Luis Potosi","POP_DEN","Population density (pop. per km2)","2000","2000","PER","Persons","0","Units",,,146,,
"MEX11","San Luis Potosi","POP_DEN","Population density (pop. per km2)","2005","2005","PER","Persons","0","Units",,,145,,
"MEX11","San Luis Potosi","POP_DEN","Population density (pop. per km2)","2010","2010","PER","Persons","0","Units",,,158,,
"MEX11","San Luis Potosi","POP_DEN","Population density (pop. per km2)","2015","2015","PER","Persons","0","Units",,,180,,
"DE507","Aachen","POP_DEN","Population density (pop. per km2)","2001","2001","PER","Persons","0","Units",,,776,,
"DE507","Aachen","POP_DEN","Population density (pop. per km2)","2002","2002","PER","Persons","0","Units",,,779,,
"DE507","Aachen","POP_DEN","Population density (pop. per km2)","2003","2003","PER","Persons","0","Units",,,784,,
"DE507","Aachen","POP_DEN","Population density (pop. per km2)","2004","2004","PER","Persons","0","Units",,,797,,
"DE507","Aachen","POP_DEN","Population density (pop. per km2)","2005","2005","PER","Persons","0","Units",,,800,,
"DE507","Aachen","POP_DEN","Population density (pop. per km2)","2006","2006","PER","Persons","0","Units",,,800,,
"DE507","Aachen","POP_DEN","Population density (pop. per km2)","2007","2007","PER","Persons","0","Units",,,801,,
"DE507","Aachen","POP_DEN","Population density (pop. per km2)","2008","2008","PER","Persons","0","Units",,,801,,
"DE507","Aachen","POP_DEN","Population density (pop. per km2)","2009","2009","PER","Persons","0","Units",,,800,,
"DE507","Aachen","POP_DEN","Population density (pop. per km2)","2010","2010","PER","Persons","0","Units",,,797,,
"DE507","Aachen","POP_DEN","Population density (pop. per km2)","2011","2011","PER","Persons","0","Units",,,761,,
"DE507","Aachen","POP_DEN","Population density (pop. per km2)","2012","2012","PER","Persons","0","Units",,,762,,
"DE507","Aachen","POP_DEN","Population density (pop. per km2)","2013","2013","PER","Persons","0","Units",,,764,,
"DE507","Aachen","POP_DEN","Population density (pop. per km2)","2014","2014","PER","Persons","0","Units",,,767,,
"DE507","Aachen","POP_DEN","Population density (pop. per km2)","2015","2015","PER","Persons","0","Units",,,771,,
"DE507","Aachen","POP_DEN","Population density (pop. per km2)","2016","2016","PER","Persons","0","Units",,,780,,
"NL005","Eindhoven","T_T_SH_NAT","Share of population  in metropolitan area over the national value","2001","2001","RATIO","Ratio","0","Units",,,4.5,,
"NL005","Eindhoven","T_T_SH_NAT","Share of population  in metropolitan area over the national value","2002","2002","RATIO","Ratio","0","Units",,,4.4,,
"NL005","Eindhoven","T_T_SH_NAT","Share of population  in metropolitan area over the national value","2003","2003","RATIO","Ratio","0","Units",,,4.4,,
"NL005","Eindhoven","T_T_SH_NAT","Share of population  in metropolitan area over the national value","2004","2004","RATIO","Ratio","0","Units",,,4.4,,
"NL005","Eindhoven","T_T_SH_NAT","Share of population  in metropolitan area over the national value","2005","2005","RATIO","Ratio","0","Units",,,4.4,,
"NL005","Eindhoven","T_T_SH_NAT","Share of population  in metropolitan area over the national value","2006","2006","RATIO","Ratio","0","Units",,,4.4,,
"NL005","Eindhoven","T_T_SH_NAT","Share of population  in metropolitan area over the national value","2007","2007","RATIO","Ratio","0","Units",,,4.4,,
"NL005","Eindhoven","T_T_SH_NAT","Share of population  in metropolitan area over the national value","2008","2008","RATIO","Ratio","0","Units",,,4.4,,
"NL005","Eindhoven","T_T_SH_NAT","Share of population  in metropolitan area over the national value","2009","2009","RATIO","Ratio","0","Units",,,4.4,,
"NL005","Eindhoven","T_T_SH_NAT","Share of population  in metropolitan area over the national value","2010","2010","RATIO","Ratio","0","Units",,,4.4,,
"NL005","Eindhoven","T_T_SH_NAT","Share of population  in metropolitan area over the national value","2011","2011","RATIO","Ratio","0","Units",,,4.4,,
"NL005","Eindhoven","T_T_SH_NAT","Share of population  in metropolitan area over the national value","2012","2012","RATIO","Ratio","0","Units",,,4.4,,
"NL005","Eindhoven","T_T_SH_NAT","Share of population  in metropolitan area over the national value","2013","2013","RATIO","Ratio","0","Units",,,4.4,,
"NL005","Eindhoven","T_T_SH_NAT","Share of population  in metropolitan area over the national value","2014","2014","RATIO","Ratio","0","Units",,,4.4,,
"NL005","Eindhoven","T_T_SH_NAT","Share of population  in metropolitan area over the national value","2015","2015","RATIO","Ratio","0","Units",,,4.4,,
"NL005","Eindhoven","T_T_SH_NAT","Share of population  in metropolitan area over the national value","2016","2016","RATIO","Ratio","0","Units",,,4.4,,
"FR023","Caen","T_T_SH_NAT","Share of population  in metropolitan area over the national value","2001","2001","RATIO","Ratio","0","Units",,,0.7,,
"FR023","Caen","T_T_SH_NAT","Share of population  in metropolitan area over the national value","2002","2002","RATIO","Ratio","0","Units",,,0.7,,
"FR023","Caen","T_T_SH_NAT","Share of population  in metropolitan area over the national value","2003","2003","RATIO","Ratio","0","Units",,,0.7,,
"FR023","Caen","T_T_SH_NAT","Share of population  in metropolitan area over the national value","2004","2004","RATIO","Ratio","0","Units",,,0.7,,
"FR023","Caen","T_T_SH_NAT","Share of population  in metropolitan area over the national value","2005","2005","RATIO","Ratio","0","Units",,,0.7,,
"FR023","Caen","T_T_SH_NAT","Share of population  in metropolitan area over the national value","2006","2006","RATIO","Ratio","0","Units",,,0.7,,
"FR023","Caen","T_T_SH_NAT","Share of population  in metropolitan area over the national value","2007","2007","RATIO","Ratio","0","Units",,,0.7,,
"FR023","Caen","T_T_SH_NAT","Share of population  in metropolitan area over the national value","2008","2008","RATIO","Ratio","0","Units",,,0.7,,
"FR023","Caen","T_T_SH_NAT","Share of population  in metropolitan area over the national value","2009","2009","RATIO","Ratio","0","Units",,,0.7,,
"FR023","Caen","T_T_SH_NAT","Share of population  in metropolitan area over the national value","2010","2010","RATIO","Ratio","0","Units",,,0.7,,
"FR023","Caen","T_T_SH_NAT","Share of population  in metropolitan area over the national value","2011","2011","RATIO","Ratio","0","Units",,,0.7,,
"FR023","Caen","T_T_SH_NAT","Share of population  in metropolitan area over the national value","2012","2012","RATIO","Ratio","0","Units",,,0.7,,
"FR023","Caen","T_T_SH_NAT","Share of population  in metropolitan area over the national value","2013","2013","RATIO","Ratio","0","Units",,,0.7,,
"FR023","Caen","T_T_SH_NAT","Share of population  in metropolitan area over the national value","2014","2014","RATIO","Ratio","0","Units",,,0.7,,
"FR023","Caen","T_T_SH_NAT","Share of population  in metropolitan area over the national value","2015","2015","RATIO","Ratio","0","Units",,,0.7,,
"USA98","Greenville","POP_DEN","Population density (pop. per km2)","2000","2000","PER","Persons","0","Units",,,185,,
"USA98","Greenville","POP_DEN","Population density (pop. per km2)","2001","2001","PER","Persons","0","Units",,,187,,
"USA98","Greenville","POP_DEN","Population density (pop. per km2)","2002","2002","PER","Persons","0","Units",,,189,,
"USA98","Greenville","POP_DEN","Population density (pop. per km2)","2003","2003","PER","Persons","0","Units",,,191,,
"USA98","Greenville","POP_DEN","Population density (pop. per km2)","2004","2004","PER","Persons","0","Units",,,194,,
"USA98","Greenville","POP_DEN","Population density (pop. per km2)","2005","2005","PER","Persons","0","Units",,,197,,
"USA98","Greenville","POP_DEN","Population density (pop. per km2)","2006","2006","PER","Persons","0","Units",,,202,,
"USA98","Greenville","POP_DEN","Population density (pop. per km2)","2007","2007","PER","Persons","0","Units",,,207,,
"USA98","Greenville","POP_DEN","Population density (pop. per km2)","2008","2008","PER","Persons","0","Units",,,213,,
"USA98","Greenville","POP_DEN","Population density (pop. per km2)","2009","2009","PER","Persons","0","Units",,,216,,
"USA98","Greenville","POP_DEN","Population density (pop. per km2)","2010","2010","PER","Persons","0","Units",,,219,,
"USA98","Greenville","POP_DEN","Population density (pop. per km2)","2011","2011","PER","Persons","0","Units",,,223,,
"USA98","Greenville","POP_DEN","Population density (pop. per km2)","2012","2012","PER","Persons","0","Units",,,226,,
"USA98","Greenville","POP_DEN","Population density (pop. per km2)","2013","2013","PER","Persons","0","Units",,,229,,
"USA98","Greenville","POP_DEN","Population density (pop. per km2)","2014","2014","PER","Persons","0","Units",,,233,,
"USA98","Greenville","POP_DEN","Population density (pop. per km2)","2015","2015","PER","Persons","0","Units",,,238,,
"USA98","Greenville","POP_DEN","Population density (pop. per km2)","2016","2016","PER","Persons","0","Units",,,242,,
"SI001","Ljubljana","POP_DEN","Population density (pop. per km2)","2000","2000","PER","Persons","0","Units",,,201,,
"SI001","Ljubljana","POP_DEN","Population density (pop. per km2)","2001","2001","PER","Persons","0","Units",,,202,,
"SI001","Ljubljana","POP_DEN","Population density (pop. per km2)","2002","2002","PER","Persons","0","Units",,,203,,
"SI001","Ljubljana","POP_DEN","Population density (pop. per km2)","2003","2003","PER","Persons","0","Units",,,205,,
"SI001","Ljubljana","POP_DEN","Population density (pop. per km2)","2004","2004","PER","Persons","0","Units",,,206,,
"SI001","Ljubljana","POP_DEN","Population density (pop. per km2)","2005","2005","PER","Persons","0","Units",,,207,,
"SI001","Ljubljana","POP_DEN","Population density (pop. per km2)","2006","2006","PER","Persons","0","Units",,,208,,
"SI001","Ljubljana","POP_DEN","Population density (pop. per km2)","2007","2007","PER","Persons","0","Units",,,210,,
"SI001","Ljubljana","POP_DEN","Population density (pop. per km2)","2008","2008","PER","Persons","0","Units",,,212,,
"SI001","Ljubljana","POP_DEN","Population density (pop. per km2)","2009","2009","PER","Persons","0","Units",,,217,,
"SI001","Ljubljana","POP_DEN","Population density (pop. per km2)","2010","2010","PER","Persons","0","Units",,,221,,
"SI001","Ljubljana","POP_DEN","Population density (pop. per km2)","2011","2011","PER","Persons","0","Units",,,222,,
"SI001","Ljubljana","POP_DEN","Population density (pop. per km2)","2012","2012","PER","Persons","0","Units",,,223,,
"SI001","Ljubljana","POP_DEN","Population density (pop. per km2)","2013","2013","PER","Persons","0","Units",,,226,,
"SI001","Ljubljana","POP_DEN","Population density (pop. per km2)","2014","2014","PER","Persons","0","Units",,,228,,
"SI001","Ljubljana","POP_DEN","Population density (pop. per km2)","2015","2015","PER","Persons","0","Units",,,229,,
"SI001","Ljubljana","POP_DEN","Population density (pop. per km2)","2016","2016","PER","Persons","0","Units",,,230,,
"MEX09","Merida","T_T","Population, All ages. Administrative data","2000","2000","PER","Persons","0","Units",,,1236070,,
"MEX09","Merida","T_T","Population, All ages. Administrative data","2005","2005","PER","Persons","0","Units",,,1204565,,
"MEX09","Merida","T_T","Population, All ages. Administrative data","2010","2010","PER","Persons","0","Units",,,1319007,,
"MEX09","Merida","T_T","Population, All ages. Administrative data","2015","2015","PER","Persons","0","Units",,,1484048,,
"JPN36","Miyazaki","T_T_SH_NAT","Share of population  in metropolitan area over the national value","2001","2001","RATIO","Ratio","0","Units",,,0.4,,
"JPN36","Miyazaki","T_T_SH_NAT","Share of population  in metropolitan area over the national value","2002","2002","RATIO","Ratio","0","Units",,,0.4,,
"JPN36","Miyazaki","T_T_SH_NAT","Share of population  in metropolitan area over the national value","2003","2003","RATIO","Ratio","0","Units",,,0.4,,
"JPN36","Miyazaki","T_T_SH_NAT","Share of population  in metropolitan area over the national value","2004","2004","RATIO","Ratio","0","Units",,,0.4,,
"JPN36","Miyazaki","T_T_SH_NAT","Share of population  in metropolitan area over the national value","2005","2005","RATIO","Ratio","0","Units",,,0.4,,
"JPN36","Miyazaki","T_T_SH_NAT","Share of population  in metropolitan area over the national value","2006","2006","RATIO","Ratio","0","Units",,,0.4,,
"JPN36","Miyazaki","T_T_SH_NAT","Share of population  in metropolitan area over the national value","2007","2007","RATIO","Ratio","0","Units",,,0.4,,
"JPN36","Miyazaki","T_T_SH_NAT","Share of population  in metropolitan area over the national value","2008","2008","RATIO","Ratio","0","Units",,,0.4,,
"JPN36","Miyazaki","T_T_SH_NAT","Share of population  in metropolitan area over the national value","2009","2009","RATIO","Ratio","0","Units",,,0.4,,
"JPN36","Miyazaki","T_T_SH_NAT","Share of population  in metropolitan area over the national value","2010","2010","RATIO","Ratio","0","Units",,,0.4,,
"JPN36","Miyazaki","T_T_SH_NAT","Share of population  in metropolitan area over the national value","2011","2011","RATIO","Ratio","0","Units",,,0.4,,
"JPN36","Miyazaki","T_T_SH_NAT","Share of population  in metropolitan area over the national value","2012","2012","RATIO","Ratio","0","Units",,,0.4,,
"JPN36","Miyazaki","T_T_SH_NAT","Share of population  in metropolitan area over the national value","2013","2013","RATIO","Ratio","0","Units",,,0.4,,
"JPN36","Miyazaki","T_T_SH_NAT","Share of population  in metropolitan area over the national value","2014","2014","RATIO","Ratio","0","Units",,,0.4,,
"JPN36","Miyazaki","T_T_SH_NAT","Share of population  in metropolitan area over the national value","2015","2015","RATIO","Ratio","0","Units",,,0.4,,
"FR001","Paris","T_T_SH_NAT","Share of population  in metropolitan area over the national value","2001","2001","RATIO","Ratio","0","Units",,,18,,
"FR001","Paris","T_T_SH_NAT","Share of population  in metropolitan area over the national value","2002","2002","RATIO","Ratio","0","Units",,,18,,
"FR001","Paris","T_T_SH_NAT","Share of population  in metropolitan area over the national value","2003","2003","RATIO","Ratio","0","Units",,,18,,
"FR001","Paris","T_T_SH_NAT","Share of population  in metropolitan area over the national value","2004","2004","RATIO","Ratio","0","Units",,,18,,
"FR001","Paris","T_T_SH_NAT","Share of population  in metropolitan area over the national value","2005","2005","RATIO","Ratio","0","Units",,,18,,
"FR001","Paris","T_T_SH_NAT","Share of population  in metropolitan area over the national value","2006","2006","RATIO","Ratio","0","Units",,,18,,
"FR001","Paris","T_T_SH_NAT","Share of population  in metropolitan area over the national value","2007","2007","RATIO","Ratio","0","Units",,,18,,
"FR001","Paris","T_T_SH_NAT","Share of population  in metropolitan area over the national value","2008","2008","RATIO","Ratio","0","Units",,,18.1,,
"FR001","Paris","T_T_SH_NAT","Share of population  in metropolitan area over the national value","2009","2009","RATIO","Ratio","0","Units",,,18.1,,
"FR001","Paris","T_T_SH_NAT","Share of population  in metropolitan area over the national value","2010","2010","RATIO","Ratio","0","Units",,,18.1,,
"FR001","Paris","T_T_SH_NAT","Share of population  in metropolitan area over the national value","2011","2011","RATIO","Ratio","0","Units",,,18.1,,
"FR001","Paris","T_T_SH_NAT","Share of population  in metropolitan area over the national value","2012","2012","RATIO","Ratio","0","Units",,,18.1,,
"FR001","Paris","T_T_SH_NAT","Share of population  in metropolitan area over the national value","2013","2013","RATIO","Ratio","0","Units",,,18.1,,
"FR001","Paris","T_T_SH_NAT","Share of population  in metropolitan area over the national value","2014","2014","RATIO","Ratio","0","Units",,,18.1,,
"FR001","Paris","T_T_SH_NAT","Share of population  in metropolitan area over the national value","2015","2015","RATIO","Ratio","0","Units",,,18.1,,
"DE073","Offenburg","T_T_SH_NAT","Share of population  in metropolitan area over the national value","2001","2001","RATIO","Ratio","0","Units",,,0.5,,
"DE073","Offenburg","T_T_SH_NAT","Share of population  in metropolitan area over the national value","2002","2002","RATIO","Ratio","0","Units",,,0.5,,
"DE073","Offenburg","T_T_SH_NAT","Share of population  in metropolitan area over the national value","2003","2003","RATIO","Ratio","0","Units",,,0.5,,
"DE073","Offenburg","T_T_SH_NAT","Share of population  in metropolitan area over the national value","2004","2004","RATIO","Ratio","0","Units",,,0.5,,
"DE073","Offenburg","T_T_SH_NAT","Share of population  in metropolitan area over the national value","2005","2005","RATIO","Ratio","0","Units",,,0.5,,
"DE073","Offenburg","T_T_SH_NAT","Share of population  in metropolitan area over the national value","2006","2006","RATIO","Ratio","0","Units",,,0.5,,
"DE073","Offenburg","T_T_SH_NAT","Share of population  in metropolitan area over the national value","2007","2007","RATIO","Ratio","0","Units",,,0.5,,
"DE073","Offenburg","T_T_SH_NAT","Share of population  in metropolitan area over the national value","2008","2008","RATIO","Ratio","0","Units",,,0.5,,
"DE073","Offenburg","T_T_SH_NAT","Share of population  in metropolitan area over the national value","2009","2009","RATIO","Ratio","0","Units",,,0.5,,
"DE073","Offenburg","T_T_SH_NAT","Share of population  in metropolitan area over the national value","2010","2010","RATIO","Ratio","0","Units",,,0.5,,
"DE073","Offenburg","T_T_SH_NAT","Share of population  in metropolitan area over the national value","2011","2011","RATIO","Ratio","0","Units",,,0.5,,
"DE073","Offenburg","T_T_SH_NAT","Share of population  in metropolitan area over the national value","2012","2012","RATIO","Ratio","0","Units",,,0.5,,
"DE073","Offenburg","T_T_SH_NAT","Share of population  in metropolitan area over the national value","2013","2013","RATIO","Ratio","0","Units",,,0.5,,
"DE073","Offenburg","T_T_SH_NAT","Share of population  in metropolitan area over the national value","2014","2014","RATIO","Ratio","0","Units",,,0.5,,
"DE073","Offenburg","T_T_SH_NAT","Share of population  in metropolitan area over the national value","2015","2015","RATIO","Ratio","0","Units",,,0.5,,
"DE073","Offenburg","T_T_SH_NAT","Share of population  in metropolitan area over the national value","2016","2016","RATIO","Ratio","0","Units",,,0.5,,
"MEX63","Tulancingo de Bravo","T_T_SH_NAT","Share of population  in metropolitan area over the national value","2005","2005","RATIO","Ratio","0","Units",,,0.2,,
"MEX63","Tulancingo de Bravo","T_T_SH_NAT","Share of population  in metropolitan area over the national value","2010","2010","RATIO","Ratio","0","Units",,,0.2,,
"MEX63","Tulancingo de Bravo","T_T_SH_NAT","Share of population  in metropolitan area over the national value","2015","2015","RATIO","Ratio","0","Units",,,0.2,,
"USA71","El Paso (CO)","T_T","Population, All ages. Administrative data","2000","2000","PER","Persons","0","Units",,,540593,,
"USA71","El Paso (CO)","T_T","Population, All ages. Administrative data","2001","2001","PER","Persons","0","Units",,,557057,,
"USA71","El Paso (CO)","T_T","Population, All ages. Administrative data","2002","2002","PER","Persons","0","Units",,,565688,,
"USA71","El Paso (CO)","T_T","Population, All ages. Administrative data","2003","2003","PER","Persons","0","Units",,,569231,,
"USA71","El Paso (CO)","T_T","Population, All ages. Administrative data","2004","2004","PER","Persons","0","Units",,,578345,,
"USA71","El Paso (CO)","T_T","Population, All ages. Administrative data","2005","2005","PER","Persons","0","Units",,,587778,,
"USA71","El Paso (CO)","T_T","Population, All ages. Administrative data","2006","2006","PER","Persons","0","Units",,,602532,,
"USA71","El Paso (CO)","T_T","Population, All ages. Administrative data","2007","2007","PER","Persons","0","Units",,,609490,,
"USA71","El Paso (CO)","T_T","Population, All ages. Administrative data","2008","2008","PER","Persons","0","Units",,,620644,,
"USA71","El Paso (CO)","T_T","Population, All ages. Administrative data","2009","2009","PER","Persons","0","Units",,,630998,,
"USA71","El Paso (CO)","T_T","Population, All ages. Administrative data","2010","2010","PER","Persons","0","Units",,,650299,,
"USA71","El Paso (CO)","T_T","Population, All ages. Administrative data","2011","2011","PER","Persons","0","Units",,,659959,,
"USA71","El Paso (CO)","T_T","Population, All ages. Administrative data","2012","2012","PER","Persons","0","Units",,,668271,,
"USA71","El Paso (CO)","T_T","Population, All ages. Administrative data","2013","2013","PER","Persons","0","Units",,,677296,,
"USA71","El Paso (CO)","T_T","Population, All ages. Administrative data","2014","2014","PER","Persons","0","Units",,,685223,,
"USA71","El Paso (CO)","T_T","Population, All ages. Administrative data","2015","2015","PER","Persons","0","Units",,,695830,,
"USA71","El Paso (CO)","T_T","Population, All ages. Administrative data","2016","2016","PER","Persons","0","Units",,,710746,,
"HU004","Pecs","T_T_SH_NAT","Share of population  in metropolitan area over the national value","2001","2001","RATIO","Ratio","0","Units",,,2.8,,
"HU004","Pecs","T_T_SH_NAT","Share of population  in metropolitan area over the national value","2002","2002","RATIO","Ratio","0","Units",,,2.8,,
"HU004","Pecs","T_T_SH_NAT","Share of population  in metropolitan area over the national value","2003","2003","RATIO","Ratio","0","Units",,,2.8,,
"HU004","Pecs","T_T_SH_NAT","Share of population  in metropolitan area over the national value","2004","2004","RATIO","Ratio","0","Units",,,2.8,,
"HU004","Pecs","T_T_SH_NAT","Share of population  in metropolitan area over the national value","2005","2005","RATIO","Ratio","0","Units",,,2.8,,
"HU004","Pecs","T_T_SH_NAT","Share of population  in metropolitan area over the national value","2006","2006","RATIO","Ratio","0","Units",,,2.8,,
"HU004","Pecs","T_T_SH_NAT","Share of population  in metropolitan area over the national value","2007","2007","RATIO","Ratio","0","Units",,,2.8,,
"HU004","Pecs","T_T_SH_NAT","Share of population  in metropolitan area over the national value","2008","2008","RATIO","Ratio","0","Units",,,2.8,,
"HU004","Pecs","T_T_SH_NAT","Share of population  in metropolitan area over the national value","2009","2009","RATIO","Ratio","0","Units",,,2.7,,
"HU004","Pecs","T_T_SH_NAT","Share of population  in metropolitan area over the national value","2010","2010","RATIO","Ratio","0","Units",,,2.7,,
"HU004","Pecs","T_T_SH_NAT","Share of population  in metropolitan area over the national value","2011","2011","RATIO","Ratio","0","Units",,,2.7,,
"HU004","Pecs","T_T_SH_NAT","Share of population  in metropolitan area over the national value","2012","2012","RATIO","Ratio","0","Units",,,2.7,,
"HU004","Pecs","T_T_SH_NAT","Share of population  in metropolitan area over the national value","2013","2013","RATIO","Ratio","0","Units",,,2.6,,
"HU004","Pecs","T_T_SH_NAT","Share of population  in metropolitan area over the national value","2014","2014","RATIO","Ratio","0","Units",,,2.6,,
"HU004","Pecs","T_T_SH_NAT","Share of population  in metropolitan area over the national value","2015","2015","RATIO","Ratio","0","Units",,,2.6,,
"HU004","Pecs","T_T_SH_NAT","Share of population  in metropolitan area over the national value","2016","2016","RATIO","Ratio","0","Units",,,2.6,,
"USA115","Marion (OR)","POP_DEN","Population density (pop. per km2)","2000","2000","PER","Persons","0","Units",,,69,,
"USA115","Marion (OR)","POP_DEN","Population density (pop. per km2)","2001","2001","PER","Persons","0","Units",,,70,,
"USA115","Marion (OR)","POP_DEN","Population density (pop. per km2)","2002","2002","PER","Persons","0","Units",,,71,,
"USA115","Marion (OR)","POP_DEN","Population density (pop. per km2)","2003","2003","PER","Persons","0","Units",,,72,,
"USA115","Marion (OR)","POP_DEN","Population density (pop. per km2)","2004","2004","PER","Persons","0","Units",,,73,,
"USA115","Marion (OR)","POP_DEN","Population density (pop. per km2)","2005","2005","PER","Persons","0","Units",,,73,,
"USA115","Marion (OR)","POP_DEN","Population density (pop. per km2)","2006","2006","PER","Persons","0","Units",,,75,,
"USA115","Marion (OR)","POP_DEN","Population density (pop. per km2)","2007","2007","PER","Persons","0","Units",,,76,,
"USA115","Marion (OR)","POP_DEN","Population density (pop. per km2)","2008","2008","PER","Persons","0","Units",,,77,,
"USA115","Marion (OR)","POP_DEN","Population density (pop. per km2)","2009","2009","PER","Persons","0","Units",,,77,,
"USA115","Marion (OR)","POP_DEN","Population density (pop. per km2)","2010","2010","PER","Persons","0","Units",,,78,,
"USA115","Marion (OR)","POP_DEN","Population density (pop. per km2)","2011","2011","PER","Persons","0","Units",,,78,,
"USA115","Marion (OR)","POP_DEN","Population density (pop. per km2)","2012","2012","PER","Persons","0","Units",,,79,,
"USA115","Marion (OR)","POP_DEN","Population density (pop. per km2)","2013","2013","PER","Persons","0","Units",,,79,,
"USA115","Marion (OR)","POP_DEN","Population density (pop. per km2)","2014","2014","PER","Persons","0","Units",,,80,,
"USA115","Marion (OR)","POP_DEN","Population density (pop. per km2)","2015","2015","PER","Persons","0","Units",,,81,,
"USA115","Marion (OR)","POP_DEN","Population density (pop. per km2)","2016","2016","PER","Persons","0","Units",,,83,,
"PL514","Tarnow","T_T","Population, All ages. Administrative data","2001","2001","PER","Persons","0","Units",,,278649,,
"PL514","Tarnow","T_T","Population, All ages. Administrative data","2002","2002","PER","Persons","0","Units",,,279164,,
"PL514","Tarnow","T_T","Population, All ages. Administrative data","2003","2003","PER","Persons","0","Units",,,279156,,
"PL514","Tarnow","T_T","Population, All ages. Administrative data","2004","2004","PER","Persons","0","Units",,,279767,,
"PL514","Tarnow","T_T","Population, All ages. Administrative data","2005","2005","PER","Persons","0","Units",,,279746,,
"PL514","Tarnow","T_T","Population, All ages. Administrative data","2006","2006","PER","Persons","0","Units",,,279660,,
"PL514","Tarnow","T_T","Population, All ages. Administrative data","2007","2007","PER","Persons","0","Units",,,292584,,
"PL514","Tarnow","T_T","Population, All ages. Administrative data","2008","2008","PER","Persons","0","Units",,,292786,,
"PL514","Tarnow","T_T","Population, All ages. Administrative data","2009","2009","PER","Persons","0","Units",,,293450,,
"PL514","Tarnow","T_T","Population, All ages. Administrative data","2010","2010","PER","Persons","0","Units",,,304547,,
"PL514","Tarnow","T_T","Population, All ages. Administrative data","2011","2011","PER","Persons","0","Units",,,304697,,
"PL514","Tarnow","T_T","Population, All ages. Administrative data","2012","2012","PER","Persons","0","Units",,,304996,,
"PL514","Tarnow","T_T","Population, All ages. Administrative data","2013","2013","PER","Persons","0","Units",,,304827,,
"PL514","Tarnow","T_T","Population, All ages. Administrative data","2014","2014","PER","Persons","0","Units",,,304574,,
"PL514","Tarnow","T_T","Population, All ages. Administrative data","2015","2015","PER","Persons","0","Units",,,304570,,
"PL514","Tarnow","T_T","Population, All ages. Administrative data","2016","2016","PER","Persons","0","Units",,,304402,,
"DE004","Cologne","T_T_SH_NAT","Share of population  in metropolitan area over the national value","2001","2001","RATIO","Ratio","0","Units",,,2.3,,
"DE004","Cologne","T_T_SH_NAT","Share of population  in metropolitan area over the national value","2002","2002","RATIO","Ratio","0","Units",,,2.3,,
"DE004","Cologne","T_T_SH_NAT","Share of population  in metropolitan area over the national value","2003","2003","RATIO","Ratio","0","Units",,,2.3,,
"DE004","Cologne","T_T_SH_NAT","Share of population  in metropolitan area over the national value","2004","2004","RATIO","Ratio","0","Units",,,2.3,,
"DE004","Cologne","T_T_SH_NAT","Share of population  in metropolitan area over the national value","2005","2005","RATIO","Ratio","0","Units",,,2.3,,
"DE004","Cologne","T_T_SH_NAT","Share of population  in metropolitan area over the national value","2006","2006","RATIO","Ratio","0","Units",,,2.3,,
"DE004","Cologne","T_T_SH_NAT","Share of population  in metropolitan area over the national value","2007","2007","RATIO","Ratio","0","Units",,,2.3,,
"DE004","Cologne","T_T_SH_NAT","Share of population  in metropolitan area over the national value","2008","2008","RATIO","Ratio","0","Units",,,2.3,,
"DE004","Cologne","T_T_SH_NAT","Share of population  in metropolitan area over the national value","2009","2009","RATIO","Ratio","0","Units",,,2.3,,
"DE004","Cologne","T_T_SH_NAT","Share of population  in metropolitan area over the national value","2010","2010","RATIO","Ratio","0","Units",,,2.3,,
"DE004","Cologne","T_T_SH_NAT","Share of population  in metropolitan area over the national value","2011","2011","RATIO","Ratio","0","Units",,,2.4,,
"DE004","Cologne","T_T_SH_NAT","Share of population  in metropolitan area over the national value","2012","2012","RATIO","Ratio","0","Units",,,2.4,,
"DE004","Cologne","T_T_SH_NAT","Share of population  in metropolitan area over the national value","2013","2013","RATIO","Ratio","0","Units",,,2.4,,
"DE004","Cologne","T_T_SH_NAT","Share of population  in metropolitan area over the national value","2014","2014","RATIO","Ratio","0","Units",,,2.4,,
"DE004","Cologne","T_T_SH_NAT","Share of population  in metropolitan area over the national value","2015","2015","RATIO","Ratio","0","Units",,,2.4,,
"DE004","Cologne","T_T_SH_NAT","Share of population  in metropolitan area over the national value","2016","2016","RATIO","Ratio","0","Units",,,2.4,,
"UK506","Doncaster","POP_DEN","Population density (pop. per km2)","2001","2001","PER","Persons","0","Units",,,505,,
"UK506","Doncaster","POP_DEN","Population density (pop. per km2)","2002","2002","PER","Persons","0","Units",,,508,,
"UK506","Doncaster","POP_DEN","Population density (pop. per km2)","2003","2003","PER","Persons","0","Units",,,511,,
"UK506","Doncaster","POP_DEN","Population density (pop. per km2)","2004","2004","PER","Persons","0","Units",,,512,,
"UK506","Doncaster","POP_DEN","Population density (pop. per km2)","2005","2005","PER","Persons","0","Units",,,515,,
"UK506","Doncaster","POP_DEN","Population density (pop. per km2)","2006","2006","PER","Persons","0","Units",,,518,,
"UK506","Doncaster","POP_DEN","Population density (pop. per km2)","2007","2007","PER","Persons","0","Units",,,522,,
"UK506","Doncaster","POP_DEN","Population density (pop. per km2)","2008","2008","PER","Persons","0","Units",,,526,,
"UK506","Doncaster","POP_DEN","Population density (pop. per km2)","2009","2009","PER","Persons","0","Units",,,529,,
"UK506","Doncaster","POP_DEN","Population density (pop. per km2)","2010","2010","PER","Persons","0","Units",,,531,,
"UK506","Doncaster","POP_DEN","Population density (pop. per km2)","2011","2011","PER","Persons","0","Units",,,533,,
"UK506","Doncaster","POP_DEN","Population density (pop. per km2)","2012","2012","PER","Persons","0","Units",,,534,,
"UK506","Doncaster","POP_DEN","Population density (pop. per km2)","2013","2013","PER","Persons","0","Units",,,535,,
"UK506","Doncaster","POP_DEN","Population density (pop. per km2)","2014","2014","PER","Persons","0","Units",,,536,,
"UK506","Doncaster","POP_DEN","Population density (pop. per km2)","2015","2015","PER","Persons","0","Units",,,538,,
"UK506","Doncaster","POP_DEN","Population density (pop. per km2)","2016","2016","PER","Persons","0","Units",,,541,,
"EL001","Athens","T_T_SH_NAT","Share of population  in metropolitan area over the national value","2002","2002","RATIO","Ratio","0","Units",,,33.9,,
"EL001","Athens","T_T_SH_NAT","Share of population  in metropolitan area over the national value","2003","2003","RATIO","Ratio","0","Units",,,34,,
"EL001","Athens","T_T_SH_NAT","Share of population  in metropolitan area over the national value","2004","2004","RATIO","Ratio","0","Units",,,34.1,,
"EL001","Athens","T_T_SH_NAT","Share of population  in metropolitan area over the national value","2005","2005","RATIO","Ratio","0","Units",,,34.1,,
"EL001","Athens","T_T_SH_NAT","Share of population  in metropolitan area over the national value","2006","2006","RATIO","Ratio","0","Units",,,34.2,,
"EL001","Athens","T_T_SH_NAT","Share of population  in metropolitan area over the national value","2007","2007","RATIO","Ratio","0","Units",,,34.2,,
"EL001","Athens","T_T_SH_NAT","Share of population  in metropolitan area over the national value","2008","2008","RATIO","Ratio","0","Units",,,34.1,,
"EL001","Athens","T_T_SH_NAT","Share of population  in metropolitan area over the national value","2009","2009","RATIO","Ratio","0","Units",,,34.1,,
"EL001","Athens","T_T_SH_NAT","Share of population  in metropolitan area over the national value","2010","2010","RATIO","Ratio","0","Units",,,34,,
"EL001","Athens","T_T_SH_NAT","Share of population  in metropolitan area over the national value","2011","2011","RATIO","Ratio","0","Units",,,33.9,,
"EL001","Athens","T_T_SH_NAT","Share of population  in metropolitan area over the national value","2012","2012","RATIO","Ratio","0","Units",,,33.8,,
"EL001","Athens","T_T_SH_NAT","Share of population  in metropolitan area over the national value","2013","2013","RATIO","Ratio","0","Units",,,33.6,,
"EL001","Athens","T_T_SH_NAT","Share of population  in metropolitan area over the national value","2014","2014","RATIO","Ratio","0","Units",,,33.4,,
"EL001","Athens","T_T_SH_NAT","Share of population  in metropolitan area over the national value","2015","2015","RATIO","Ratio","0","Units",,,33.2,,
"EL001","Athens","T_T_SH_NAT","Share of population  in metropolitan area over the national value","2016","2016","RATIO","Ratio","0","Units",,,33,,
"JPN13","Takasaki","T_T_SH_NAT","Share of population  in metropolitan area over the national value","2001","2001","RATIO","Ratio","0","Units",,,0.9,,
"JPN13","Takasaki","T_T_SH_NAT","Share of population  in metropolitan area over the national value","2002","2002","RATIO","Ratio","0","Units",,,0.9,,
"JPN13","Takasaki","T_T_SH_NAT","Share of population  in metropolitan area over the national value","2003","2003","RATIO","Ratio","0","Units",,,0.8,,
"JPN13","Takasaki","T_T_SH_NAT","Share of population  in metropolitan area over the national value","2004","2004","RATIO","Ratio","0","Units",,,0.8,,
"JPN13","Takasaki","T_T_SH_NAT","Share of population  in metropolitan area over the national value","2005","2005","RATIO","Ratio","0","Units",,,0.8,,
"JPN13","Takasaki","T_T_SH_NAT","Share of population  in metropolitan area over the national value","2006","2006","RATIO","Ratio","0","Units",,,0.8,,
"JPN13","Takasaki","T_T_SH_NAT","Share of population  in metropolitan area over the national value","2007","2007","RATIO","Ratio","0","Units",,,0.8,,
"JPN13","Takasaki","T_T_SH_NAT","Share of population  in metropolitan area over the national value","2008","2008","RATIO","Ratio","0","Units",,,0.8,,
"JPN13","Takasaki","T_T_SH_NAT","Share of population  in metropolitan area over the national value","2009","2009","RATIO","Ratio","0","Units",,,0.8,,
"JPN13","Takasaki","T_T_SH_NAT","Share of population  in metropolitan area over the national value","2010","2010","RATIO","Ratio","0","Units",,,0.8,,
"JPN13","Takasaki","T_T_SH_NAT","Share of population  in metropolitan area over the national value","2011","2011","RATIO","Ratio","0","Units",,,0.8,,
"JPN13","Takasaki","T_T_SH_NAT","Share of population  in metropolitan area over the national value","2012","2012","RATIO","Ratio","0","Units",,,0.8,,
"JPN13","Takasaki","T_T_SH_NAT","Share of population  in metropolitan area over the national value","2013","2013","RATIO","Ratio","0","Units",,,0.8,,
"JPN13","Takasaki","T_T_SH_NAT","Share of population  in metropolitan area over the national value","2014","2014","RATIO","Ratio","0","Units",,,0.8,,
"JPN13","Takasaki","T_T_SH_NAT","Share of population  in metropolitan area over the national value","2015","2015","RATIO","Ratio","0","Units",,,0.8,,
"USA136","Muscogee","T_T","Population, All ages. Administrative data","2000","2000","PER","Persons","0","Units",,,294278,,
"USA136","Muscogee","T_T","Population, All ages. Administrative data","2001","2001","PER","Persons","0","Units",,,295679,,
"USA136","Muscogee","T_T","Population, All ages. Administrative data","2002","2002","PER","Persons","0","Units",,,297571,,
"USA136","Muscogee","T_T","Population, All ages. Administrative data","2003","2003","PER","Persons","0","Units",,,291137,,
"USA136","Muscogee","T_T","Population, All ages. Administrative data","2004","2004","PER","Persons","0","Units",,,297196,,
"USA136","Muscogee","T_T","Population, All ages. Administrative data","2005","2005","PER","Persons","0","Units",,,298859,,
"USA136","Muscogee","T_T","Population, All ages. Administrative data","2006","2006","PER","Persons","0","Units",,,301715,,
"USA136","Muscogee","T_T","Population, All ages. Administrative data","2007","2007","PER","Persons","0","Units",,,298991,,
"USA136","Muscogee","T_T","Population, All ages. Administrative data","2008","2008","PER","Persons","0","Units",,,299698,,
"USA136","Muscogee","T_T","Population, All ages. Administrative data","2009","2009","PER","Persons","0","Units",,,305809,,
"USA136","Muscogee","T_T","Population, All ages. Administrative data","2010","2010","PER","Persons","0","Units",,,309458,,
"USA136","Muscogee","T_T","Population, All ages. Administrative data","2011","2011","PER","Persons","0","Units",,,315348,,
"USA136","Muscogee","T_T","Population, All ages. Administrative data","2012","2012","PER","Persons","0","Units",,,322805,,
"USA136","Muscogee","T_T","Population, All ages. Administrative data","2013","2013","PER","Persons","0","Units",,,327875,,
"USA136","Muscogee","T_T","Population, All ages. Administrative data","2014","2014","PER","Persons","0","Units",,,325417,,
"USA136","Muscogee","T_T","Population, All ages. Administrative data","2015","2015","PER","Persons","0","Units",,,322886,,
"USA136","Muscogee","T_T","Population, All ages. Administrative data","2016","2016","PER","Persons","0","Units",,,318940,,
"USA48","Jefferson (AL)","POP_DEN","Population density (pop. per km2)","2000","2000","PER","Persons","0","Units",,,95,,
"USA48","Jefferson (AL)","POP_DEN","Population density (pop. per km2)","2001","2001","PER","Persons","0","Units",,,95,,
"USA48","Jefferson (AL)","POP_DEN","Population density (pop. per km2)","2002","2002","PER","Persons","0","Units",,,95,,
"USA48","Jefferson (AL)","POP_DEN","Population density (pop. per km2)","2003","2003","PER","Persons","0","Units",,,96,,
"USA48","Jefferson (AL)","POP_DEN","Population density (pop. per km2)","2004","2004","PER","Persons","0","Units",,,97,,
"USA48","Jefferson (AL)","POP_DEN","Population density (pop. per km2)","2005","2005","PER","Persons","0","Units",,,97,,
"USA48","Jefferson (AL)","POP_DEN","Population density (pop. per km2)","2006","2006","PER","Persons","0","Units",,,99,,
"USA48","Jefferson (AL)","POP_DEN","Population density (pop. per km2)","2007","2007","PER","Persons","0","Units",,,99,,
"USA48","Jefferson (AL)","POP_DEN","Population density (pop. per km2)","2008","2008","PER","Persons","0","Units",,,100,,
"USA48","Jefferson (AL)","POP_DEN","Population density (pop. per km2)","2009","2009","PER","Persons","0","Units",,,101,,
"USA48","Jefferson (AL)","POP_DEN","Population density (pop. per km2)","2010","2010","PER","Persons","0","Units",,,101,,
"USA48","Jefferson (AL)","POP_DEN","Population density (pop. per km2)","2011","2011","PER","Persons","0","Units",,,101,,
"USA48","Jefferson (AL)","POP_DEN","Population density (pop. per km2)","2012","2012","PER","Persons","0","Units",,,102,,
"USA48","Jefferson (AL)","POP_DEN","Population density (pop. per km2)","2013","2013","PER","Persons","0","Units",,,102,,
"USA48","Jefferson (AL)","POP_DEN","Population density (pop. per km2)","2014","2014","PER","Persons","0","Units",,,102,,
"USA48","Jefferson (AL)","POP_DEN","Population density (pop. per km2)","2015","2015","PER","Persons","0","Units",,,103,,
"USA48","Jefferson (AL)","POP_DEN","Population density (pop. per km2)","2016","2016","PER","Persons","0","Units",,,103,,
"COL05","Cartagena","T_T","Population, All ages. Administrative data","2000","2000","PER","Persons","0","Units",,,943521,,
"COL05","Cartagena","T_T","Population, All ages. Administrative data","2001","2001","PER","Persons","0","Units",,,959378,,
"COL05","Cartagena","T_T","Population, All ages. Administrative data","2002","2002","PER","Persons","0","Units",,,975236,,
"COL05","Cartagena","T_T","Population, All ages. Administrative data","2003","2003","PER","Persons","0","Units",,,991094,,
"COL05","Cartagena","T_T","Population, All ages. Administrative data","2004","2004","PER","Persons","0","Units",,,1006952,,
"COL05","Cartagena","T_T","Population, All ages. Administrative data","2005","2005","PER","Persons","0","Units",,,1022810,,
"COL05","Cartagena","T_T","Population, All ages. Administrative data","2006","2006","PER","Persons","0","Units",,,1038667,,
"COL05","Cartagena","T_T","Population, All ages. Administrative data","2007","2007","PER","Persons","0","Units",,,1054525,,
"COL05","Cartagena","T_T","Population, All ages. Administrative data","2008","2008","PER","Persons","0","Units",,,1070383,,
"COL05","Cartagena","T_T","Population, All ages. Administrative data","2009","2009","PER","Persons","0","Units",,,1086241,,
"COL05","Cartagena","T_T","Population, All ages. Administrative data","2010","2010","PER","Persons","0","Units",,,1102099,,
"COL05","Cartagena","T_T","Population, All ages. Administrative data","2011","2011","PER","Persons","0","Units",,,1117957,,
"COL05","Cartagena","T_T","Population, All ages. Administrative data","2012","2012","PER","Persons","0","Units",,,1133814,,
"COL05","Cartagena","T_T","Population, All ages. Administrative data","2013","2013","PER","Persons","0","Units",,,1149672,,
"COL05","Cartagena","T_T","Population, All ages. Administrative data","2014","2014","PER","Persons","0","Units",,,1165530,,
"COL05","Cartagena","T_T","Population, All ages. Administrative data","2015","2015","PER","Persons","0","Units",,,1181388,,
"NL003","Rotterdam","T_T_SH_NAT","Share of population  in metropolitan area over the national value","2004","2004","RATIO","Ratio","0","Units",,,8.9,,
"NL003","Rotterdam","T_T_SH_NAT","Share of population  in metropolitan area over the national value","2005","2005","RATIO","Ratio","0","Units",,,8.8,,
"NL003","Rotterdam","T_T_SH_NAT","Share of population  in metropolitan area over the national value","2006","2006","RATIO","Ratio","0","Units",,,8.8,,
"NL003","Rotterdam","T_T_SH_NAT","Share of population  in metropolitan area over the national value","2007","2007","RATIO","Ratio","0","Units",,,8.9,,
"NL003","Rotterdam","T_T_SH_NAT","Share of population  in metropolitan area over the national value","2008","2008","RATIO","Ratio","0","Units",,,9.1,,
"NL003","Rotterdam","T_T_SH_NAT","Share of population  in metropolitan area over the national value","2009","2009","RATIO","Ratio","0","Units",,,9.1,,
"NL003","Rotterdam","T_T_SH_NAT","Share of population  in metropolitan area over the national value","2010","2010","RATIO","Ratio","0","Units",,,9.3,,
"NL003","Rotterdam","T_T_SH_NAT","Share of population  in metropolitan area over the national value","2011","2011","RATIO","Ratio","0","Units",,,9.4,,
"NL003","Rotterdam","T_T_SH_NAT","Share of population  in metropolitan area over the national value","2012","2012","RATIO","Ratio","0","Units",,,9.4,,
"NL003","Rotterdam","T_T_SH_NAT","Share of population  in metropolitan area over the national value","2013","2013","RATIO","Ratio","0","Units",,,9.9,,
"NL003","Rotterdam","T_T_SH_NAT","Share of population  in metropolitan area over the national value","2014","2014","RATIO","Ratio","0","Units",,,9.9,,
"NL003","Rotterdam","T_T_SH_NAT","Share of population  in metropolitan area over the national value","2015","2015","RATIO","Ratio","0","Units",,,9.9,,
"NL003","Rotterdam","T_T_SH_NAT","Share of population  in metropolitan area over the national value","2016","2016","RATIO","Ratio","0","Units",,,9.9,,
"DE038","Ruhr","POP_DEN","Population density (pop. per km2)","2001","2001","PER","Persons","0","Units",,,1207,,
"DE038","Ruhr","POP_DEN","Population density (pop. per km2)","2002","2002","PER","Persons","0","Units",,,1205,,
"DE038","Ruhr","POP_DEN","Population density (pop. per km2)","2003","2003","PER","Persons","0","Units",,,1201,,
"DE038","Ruhr","POP_DEN","Population density (pop. per km2)","2004","2004","PER","Persons","0","Units",,,1198,,
"DE038","Ruhr","POP_DEN","Population density (pop. per km2)","2005","2005","PER","Persons","0","Units",,,1194,,
"DE038","Ruhr","POP_DEN","Population density (pop. per km2)","2006","2006","PER","Persons","0","Units",,,1189,,
"DE038","Ruhr","POP_DEN","Population density (pop. per km2)","2007","2007","PER","Persons","0","Units",,,1184,,
"DE038","Ruhr","POP_DEN","Population density (pop. per km2)","2008","2008","PER","Persons","0","Units",,,1179,,
"DE038","Ruhr","POP_DEN","Population density (pop. per km2)","2009","2009","PER","Persons","0","Units",,,1172,,
"DE038","Ruhr","POP_DEN","Population density (pop. per km2)","2010","2010","PER","Persons","0","Units",,,1165,,
"DE038","Ruhr","POP_DEN","Population density (pop. per km2)","2011","2011","PER","Persons","0","Units",,,1142,,
"DE038","Ruhr","POP_DEN","Population density (pop. per km2)","2012","2012","PER","Persons","0","Units",,,1139,,
"DE038","Ruhr","POP_DEN","Population density (pop. per km2)","2013","2013","PER","Persons","0","Units",,,1137,,
"DE038","Ruhr","POP_DEN","Population density (pop. per km2)","2014","2014","PER","Persons","0","Units",,,1137,,
"DE038","Ruhr","POP_DEN","Population density (pop. per km2)","2015","2015","PER","Persons","0","Units",,,1139,,
"DE038","Ruhr","POP_DEN","Population density (pop. per km2)","2016","2016","PER","Persons","0","Units",,,1151,,
"CAN04","Ottawa","T_T","Population, All ages. Administrative data","2000","2000","PER","Persons","0","Units",,,1223674,,
"CAN04","Ottawa","T_T","Population, All ages. Administrative data","2001","2001","PER","Persons","0","Units",,,1250235,,
"CAN04","Ottawa","T_T","Population, All ages. Administrative data","2002","2002","PER","Persons","0","Units",,,1266866,,
"CAN04","Ottawa","T_T","Population, All ages. Administrative data","2003","2003","PER","Persons","0","Units",,,1281453,,
"CAN04","Ottawa","T_T","Population, All ages. Administrative data","2004","2004","PER","Persons","0","Units",,,1291834,,
"CAN04","Ottawa","T_T","Population, All ages. Administrative data","2005","2005","PER","Persons","0","Units",,,1302276,,
"CAN04","Ottawa","T_T","Population, All ages. Administrative data","2006","2006","PER","Persons","0","Units",,,1313723,,
"CAN04","Ottawa","T_T","Population, All ages. Administrative data","2007","2007","PER","Persons","0","Units",,,1328705,,
"CAN04","Ottawa","T_T","Population, All ages. Administrative data","2008","2008","PER","Persons","0","Units",,,1348331,,
"CAN04","Ottawa","T_T","Population, All ages. Administrative data","2009","2009","PER","Persons","0","Units",,,1369671,,
"CAN04","Ottawa","T_T","Population, All ages. Administrative data","2010","2010","PER","Persons","0","Units",,,1372480,,
"CAN04","Ottawa","T_T","Population, All ages. Administrative data","2011","2011","PER","Persons","0","Units",,,1375290,,
"CAN04","Ottawa","T_T","Population, All ages. Administrative data","2012","2012","PER","Persons","0","Units",,,1390040,,
"CAN04","Ottawa","T_T","Population, All ages. Administrative data","2013","2013","PER","Persons","0","Units",,,1404790,,
"CAN04","Ottawa","T_T","Population, All ages. Administrative data","2014","2014","PER","Persons","0","Units",,,1419540,,
"CAN04","Ottawa","T_T","Population, All ages. Administrative data","2015","2015","PER","Persons","0","Units",,,1434290,,
"CAN04","Ottawa","T_T","Population, All ages. Administrative data","2016","2016","PER","Persons","0","Units",,,1449040,,
"MEX50","Tehuacan","T_T_SH_NAT","Share of population  in metropolitan area over the national value","2005","2005","RATIO","Ratio","0","Units",,,0.3,,
"MEX50","Tehuacan","T_T_SH_NAT","Share of population  in metropolitan area over the national value","2010","2010","RATIO","Ratio","0","Units",,,0.3,,
"MEX50","Tehuacan","T_T_SH_NAT","Share of population  in metropolitan area over the national value","2015","2015","RATIO","Ratio","0","Units",,,0.3,,
"EE001","Tallinn","T_T","Population, All ages. Administrative data","2000","2000","PER","Persons","0","Units",,,535460,,
"EE001","Tallinn","T_T","Population, All ages. Administrative data","2001","2001","PER","Persons","0","Units",,,532740,,
"EE001","Tallinn","T_T","Population, All ages. Administrative data","2002","2002","PER","Persons","0","Units",,,531810,,
"EE001","Tallinn","T_T","Population, All ages. Administrative data","2003","2003","PER","Persons","0","Units",,,532890,,
"EE001","Tallinn","T_T","Population, All ages. Administrative data","2004","2004","PER","Persons","0","Units",,,535900,,
"EE001","Tallinn","T_T","Population, All ages. Administrative data","2005","2005","PER","Persons","0","Units",,,539840,,
"EE001","Tallinn","T_T","Population, All ages. Administrative data","2006","2006","PER","Persons","0","Units",,,541130,,
"EE001","Tallinn","T_T","Population, All ages. Administrative data","2007","2007","PER","Persons","0","Units",,,543310,,
"EE001","Tallinn","T_T","Population, All ages. Administrative data","2008","2008","PER","Persons","0","Units",,,546980,,
"EE001","Tallinn","T_T","Population, All ages. Administrative data","2009","2009","PER","Persons","0","Units",,,551260,,
"EE001","Tallinn","T_T","Population, All ages. Administrative data","2010","2010","PER","Persons","0","Units",,,555880,,
"EE001","Tallinn","T_T","Population, All ages. Administrative data","2011","2011","PER","Persons","0","Units",,,561460,,
"EE001","Tallinn","T_T","Population, All ages. Administrative data","2012","2012","PER","Persons","0","Units",,,566741,,
"EE001","Tallinn","T_T","Population, All ages. Administrative data","2013","2013","PER","Persons","0","Units",,,567967,,
"EE001","Tallinn","T_T","Population, All ages. Administrative data","2014","2014","PER","Persons","0","Units",,,572103,,
"EE001","Tallinn","T_T","Population, All ages. Administrative data","2015","2015","PER","Persons","0","Units",,,575601,,
"EE001","Tallinn","T_T","Population, All ages. Administrative data","2016","2016","PER","Persons","0","Units",,,576265,,
"SE003","Malmo","POP_DEN","Population density (pop. per km2)","2000","2000","PER","Persons","0","Units",,,290,,
"SE003","Malmo","POP_DEN","Population density (pop. per km2)","2001","2001","PER","Persons","0","Units",,,293,,
"SE003","Malmo","POP_DEN","Population density (pop. per km2)","2002","2002","PER","Persons","0","Units",,,296,,
"SE003","Malmo","POP_DEN","Population density (pop. per km2)","2003","2003","PER","Persons","0","Units",,,298,,
"SE003","Malmo","POP_DEN","Population density (pop. per km2)","2004","2004","PER","Persons","0","Units",,,300,,
"SE003","Malmo","POP_DEN","Population density (pop. per km2)","2005","2005","PER","Persons","0","Units",,,303,,
"SE003","Malmo","POP_DEN","Population density (pop. per km2)","2006","2006","PER","Persons","0","Units",,,308,,
"SE003","Malmo","POP_DEN","Population density (pop. per km2)","2007","2007","PER","Persons","0","Units",,,313,,
"SE003","Malmo","POP_DEN","Population density (pop. per km2)","2008","2008","PER","Persons","0","Units",,,319,,
"SE003","Malmo","POP_DEN","Population density (pop. per km2)","2009","2009","PER","Persons","0","Units",,,325,,
"SE003","Malmo","POP_DEN","Population density (pop. per km2)","2010","2010","PER","Persons","0","Units",,,330,,
"SE003","Malmo","POP_DEN","Population density (pop. per km2)","2011","2011","PER","Persons","0","Units",,,333,,
"SE003","Malmo","POP_DEN","Population density (pop. per km2)","2012","2012","PER","Persons","0","Units",,,337,,
"SE003","Malmo","POP_DEN","Population density (pop. per km2)","2013","2013","PER","Persons","0","Units",,,341,,
"SE003","Malmo","POP_DEN","Population density (pop. per km2)","2014","2014","PER","Persons","0","Units",,,346,,
"SE003","Malmo","POP_DEN","Population density (pop. per km2)","2015","2015","PER","Persons","0","Units",,,350,,
"SE003","Malmo","POP_DEN","Population density (pop. per km2)","2016","2016","PER","Persons","0","Units",,,356,,
"USA145","Nashville ","POP_DEN","Population density (pop. per km2)","2000","2000","PER","Persons","0","Units",,,85,,
"USA145","Nashville ","POP_DEN","Population density (pop. per km2)","2001","2001","PER","Persons","0","Units",,,88,,
"USA145","Nashville ","POP_DEN","Population density (pop. per km2)","2002","2002","PER","Persons","0","Units",,,91,,
"USA145","Nashville ","POP_DEN","Population density (pop. per km2)","2003","2003","PER","Persons","0","Units",,,94,,
"USA145","Nashville ","POP_DEN","Population density (pop. per km2)","2004","2004","PER","Persons","0","Units",,,97,,
"USA145","Nashville ","POP_DEN","Population density (pop. per km2)","2005","2005","PER","Persons","0","Units",,,102,,
"USA145","Nashville ","POP_DEN","Population density (pop. per km2)","2006","2006","PER","Persons","0","Units",,,107,,
"USA145","Nashville ","POP_DEN","Population density (pop. per km2)","2007","2007","PER","Persons","0","Units",,,111,,
"USA145","Nashville ","POP_DEN","Population density (pop. per km2)","2008","2008","PER","Persons","0","Units",,,115,,
"USA145","Nashville ","POP_DEN","Population density (pop. per km2)","2009","2009","PER","Persons","0","Units",,,118,,
"USA145","Nashville ","POP_DEN","Population density (pop. per km2)","2010","2010","PER","Persons","0","Units",,,120,,
"USA145","Nashville ","POP_DEN","Population density (pop. per km2)","2011","2011","PER","Persons","0","Units",,,122,,
"USA145","Nashville ","POP_DEN","Population density (pop. per km2)","2012","2012","PER","Persons","0","Units",,,125,,
"USA145","Nashville ","POP_DEN","Population density (pop. per km2)","2013","2013","PER","Persons","0","Units",,,128,,
"USA145","Nashville ","POP_DEN","Population density (pop. per km2)","2014","2014","PER","Persons","0","Units",,,131,,
"USA145","Nashville ","POP_DEN","Population density (pop. per km2)","2015","2015","PER","Persons","0","Units",,,135,,
"USA145","Nashville ","POP_DEN","Population density (pop. per km2)","2016","2016","PER","Persons","0","Units",,,139,,
"USA21","Cincinnati","T_T","Population, All ages. Administrative data","2000","2000","PER","Persons","0","Units",,,1949645,,
"USA21","Cincinnati","T_T","Population, All ages. Administrative data","2001","2001","PER","Persons","0","Units",,,1962066,,
"USA21","Cincinnati","T_T","Population, All ages. Administrative data","2002","2002","PER","Persons","0","Units",,,1969662,,
"USA21","Cincinnati","T_T","Population, All ages. Administrative data","2003","2003","PER","Persons","0","Units",,,1980442,,
"USA21","Cincinnati","T_T","Population, All ages. Administrative data","2004","2004","PER","Persons","0","Units",,,1991467,,
"USA21","Cincinnati","T_T","Population, All ages. Administrative data","2005","2005","PER","Persons","0","Units",,,2003340,,
"USA21","Cincinnati","T_T","Population, All ages. Administrative data","2006","2006","PER","Persons","0","Units",,,2018194,,
"USA21","Cincinnati","T_T","Population, All ages. Administrative data","2007","2007","PER","Persons","0","Units",,,2032085,,
"USA21","Cincinnati","T_T","Population, All ages. Administrative data","2008","2008","PER","Persons","0","Units",,,2042944,,
"USA21","Cincinnati","T_T","Population, All ages. Administrative data","2009","2009","PER","Persons","0","Units",,,2055443,,
"USA21","Cincinnati","T_T","Population, All ages. Administrative data","2010","2010","PER","Persons","0","Units",,,2065312,,
"USA21","Cincinnati","T_T","Population, All ages. Administrative data","2011","2011","PER","Persons","0","Units",,,2070410,,
"USA21","Cincinnati","T_T","Population, All ages. Administrative data","2012","2012","PER","Persons","0","Units",,,2076461,,
"USA21","Cincinnati","T_T","Population, All ages. Administrative data","2013","2013","PER","Persons","0","Units",,,2084836,,
"USA21","Cincinnati","T_T","Population, All ages. Administrative data","2014","2014","PER","Persons","0","Units",,,2095369,,
"USA21","Cincinnati","T_T","Population, All ages. Administrative data","2015","2015","PER","Persons","0","Units",,,2104771,,
"USA21","Cincinnati","T_T","Population, All ages. Administrative data","2016","2016","PER","Persons","0","Units",,,2115217,,
"USA80","Dane","T_T_SH_NAT","Share of population  in metropolitan area over the national value","2001","2001","RATIO","Ratio","0","Units",,,0.2,,
"USA80","Dane","T_T_SH_NAT","Share of population  in metropolitan area over the national value","2002","2002","RATIO","Ratio","0","Units",,,0.2,,
"USA80","Dane","T_T_SH_NAT","Share of population  in metropolitan area over the national value","2003","2003","RATIO","Ratio","0","Units",,,0.2,,
"USA80","Dane","T_T_SH_NAT","Share of population  in metropolitan area over the national value","2004","2004","RATIO","Ratio","0","Units",,,0.2,,
"USA80","Dane","T_T_SH_NAT","Share of population  in metropolitan area over the national value","2005","2005","RATIO","Ratio","0","Units",,,0.2,,
"USA80","Dane","T_T_SH_NAT","Share of population  in metropolitan area over the national value","2006","2006","RATIO","Ratio","0","Units",,,0.2,,
"USA80","Dane","T_T_SH_NAT","Share of population  in metropolitan area over the national value","2007","2007","RATIO","Ratio","0","Units",,,0.2,,
"USA80","Dane","T_T_SH_NAT","Share of population  in metropolitan area over the national value","2008","2008","RATIO","Ratio","0","Units",,,0.2,,
"USA80","Dane","T_T_SH_NAT","Share of population  in metropolitan area over the national value","2009","2009","RATIO","Ratio","0","Units",,,0.2,,
"USA80","Dane","T_T_SH_NAT","Share of population  in metropolitan area over the national value","2010","2010","RATIO","Ratio","0","Units",,,0.2,,
"USA80","Dane","T_T_SH_NAT","Share of population  in metropolitan area over the national value","2011","2011","RATIO","Ratio","0","Units",,,0.2,,
"USA80","Dane","T_T_SH_NAT","Share of population  in metropolitan area over the national value","2012","2012","RATIO","Ratio","0","Units",,,0.2,,
"USA80","Dane","T_T_SH_NAT","Share of population  in metropolitan area over the national value","2013","2013","RATIO","Ratio","0","Units",,,0.2,,
"USA80","Dane","T_T_SH_NAT","Share of population  in metropolitan area over the national value","2014","2014","RATIO","Ratio","0","Units",,,0.2,,
"USA80","Dane","T_T_SH_NAT","Share of population  in metropolitan area over the national value","2015","2015","RATIO","Ratio","0","Units",,,0.2,,
"USA80","Dane","T_T_SH_NAT","Share of population  in metropolitan area over the national value","2016","2016","RATIO","Ratio","0","Units",,,0.2,,
"SE002","Gothenburg","T_T_SH_NAT","Share of population  in metropolitan area over the national value","2001","2001","RATIO","Ratio","0","Units",,,9.7,,
"SE002","Gothenburg","T_T_SH_NAT","Share of population  in metropolitan area over the national value","2002","2002","RATIO","Ratio","0","Units",,,9.7,,
"SE002","Gothenburg","T_T_SH_NAT","Share of population  in metropolitan area over the national value","2003","2003","RATIO","Ratio","0","Units",,,9.8,,
"SE002","Gothenburg","T_T_SH_NAT","Share of population  in metropolitan area over the national value","2004","2004","RATIO","Ratio","0","Units",,,9.8,,
"SE002","Gothenburg","T_T_SH_NAT","Share of population  in metropolitan area over the national value","2005","2005","RATIO","Ratio","0","Units",,,9.8,,
"SE002","Gothenburg","T_T_SH_NAT","Share of population  in metropolitan area over the national value","2006","2006","RATIO","Ratio","0","Units",,,9.9,,
"SE002","Gothenburg","T_T_SH_NAT","Share of population  in metropolitan area over the national value","2007","2007","RATIO","Ratio","0","Units",,,9.9,,
"SE002","Gothenburg","T_T_SH_NAT","Share of population  in metropolitan area over the national value","2008","2008","RATIO","Ratio","0","Units",,,10,,
"SE002","Gothenburg","T_T_SH_NAT","Share of population  in metropolitan area over the national value","2009","2009","RATIO","Ratio","0","Units",,,10,,
"SE002","Gothenburg","T_T_SH_NAT","Share of population  in metropolitan area over the national value","2010","2010","RATIO","Ratio","0","Units",,,10,,
"SE002","Gothenburg","T_T_SH_NAT","Share of population  in metropolitan area over the national value","2011","2011","RATIO","Ratio","0","Units",,,10.1,,
"SE002","Gothenburg","T_T_SH_NAT","Share of population  in metropolitan area over the national value","2012","2012","RATIO","Ratio","0","Units",,,10.1,,
"SE002","Gothenburg","T_T_SH_NAT","Share of population  in metropolitan area over the national value","2013","2013","RATIO","Ratio","0","Units",,,10.1,,
"SE002","Gothenburg","T_T_SH_NAT","Share of population  in metropolitan area over the national value","2014","2014","RATIO","Ratio","0","Units",,,10.2,,
"SE002","Gothenburg","T_T_SH_NAT","Share of population  in metropolitan area over the national value","2015","2015","RATIO","Ratio","0","Units",,,10.2,,
"SE002","Gothenburg","T_T_SH_NAT","Share of population  in metropolitan area over the national value","2016","2016","RATIO","Ratio","0","Units",,,10.2,,
"ES005","Saragossa","POP_DEN","Population density (pop. per km2)","2000","2000","PER","Persons","0","Units",,,235,,
"ES005","Saragossa","POP_DEN","Population density (pop. per km2)","2001","2001","PER","Persons","0","Units",,,237,,
"ES005","Saragossa","POP_DEN","Population density (pop. per km2)","2002","2002","PER","Persons","0","Units",,,239,,
"ES005","Saragossa","POP_DEN","Population density (pop. per km2)","2003","2003","PER","Persons","0","Units",,,241,,
"ES005","Saragossa","POP_DEN","Population density (pop. per km2)","2004","2004","PER","Persons","0","Units",,,244,,
"ES005","Saragossa","POP_DEN","Population density (pop. per km2)","2005","2005","PER","Persons","0","Units",,,246,,
"ES005","Saragossa","POP_DEN","Population density (pop. per km2)","2006","2006","PER","Persons","0","Units",,,248,,
"ES005","Saragossa","POP_DEN","Population density (pop. per km2)","2007","2007","PER","Persons","0","Units",,,251,,
"ES005","Saragossa","POP_DEN","Population density (pop. per km2)","2008","2008","PER","Persons","0","Units",,,253,,
"ES005","Saragossa","POP_DEN","Population density (pop. per km2)","2009","2009","PER","Persons","0","Units",,,255,,
"ES005","Saragossa","POP_DEN","Population density (pop. per km2)","2010","2010","PER","Persons","0","Units",,,258,,
"ES005","Saragossa","POP_DEN","Population density (pop. per km2)","2011","2011","PER","Persons","0","Units",,,260,,
"ES005","Saragossa","POP_DEN","Population density (pop. per km2)","2012","2012","PER","Persons","0","Units",,,262,,
"ES005","Saragossa","POP_DEN","Population density (pop. per km2)","2013","2013","PER","Persons","0","Units",,,264,,
"ES005","Saragossa","POP_DEN","Population density (pop. per km2)","2014","2014","PER","Persons","0","Units",,,267,,
"ES005","Saragossa","POP_DEN","Population density (pop. per km2)","2015","2015","PER","Persons","0","Units",,,269,,
"ES005","Saragossa","POP_DEN","Population density (pop. per km2)","2016","2016","PER","Persons","0","Units",,,271,,
"CH004","Bern","T_T_SH_NAT","Share of population  in metropolitan area over the national value","2001","2001","RATIO","Ratio","0","Units",,,5.2,,
"CH004","Bern","T_T_SH_NAT","Share of population  in metropolitan area over the national value","2002","2002","RATIO","Ratio","0","Units",,,5.2,,
"CH004","Bern","T_T_SH_NAT","Share of population  in metropolitan area over the national value","2003","2003","RATIO","Ratio","0","Units",,,5.2,,
"CH004","Bern","T_T_SH_NAT","Share of population  in metropolitan area over the national value","2004","2004","RATIO","Ratio","0","Units",,,5.2,,
"CH004","Bern","T_T_SH_NAT","Share of population  in metropolitan area over the national value","2005","2005","RATIO","Ratio","0","Units",,,5.2,,
"CH004","Bern","T_T_SH_NAT","Share of population  in metropolitan area over the national value","2006","2006","RATIO","Ratio","0","Units",,,5.2,,
"CH004","Bern","T_T_SH_NAT","Share of population  in metropolitan area over the national value","2007","2007","RATIO","Ratio","0","Units",,,5.2,,
"CH004","Bern","T_T_SH_NAT","Share of population  in metropolitan area over the national value","2008","2008","RATIO","Ratio","0","Units",,,5.1,,
"CH004","Bern","T_T_SH_NAT","Share of population  in metropolitan area over the national value","2009","2009","RATIO","Ratio","0","Units",,,5.1,,
"CH004","Bern","T_T_SH_NAT","Share of population  in metropolitan area over the national value","2010","2010","RATIO","Ratio","0","Units",,,5,,
"CH004","Bern","T_T_SH_NAT","Share of population  in metropolitan area over the national value","2011","2011","RATIO","Ratio","0","Units",,,5,,
"CH004","Bern","T_T_SH_NAT","Share of population  in metropolitan area over the national value","2012","2012","RATIO","Ratio","0","Units",,,5,,
"CH004","Bern","T_T_SH_NAT","Share of population  in metropolitan area over the national value","2013","2013","RATIO","Ratio","0","Units",,,5,,
"CH004","Bern","T_T_SH_NAT","Share of population  in metropolitan area over the national value","2014","2014","RATIO","Ratio","0","Units",,,5,,
"CH004","Bern","T_T_SH_NAT","Share of population  in metropolitan area over the national value","2015","2015","RATIO","Ratio","0","Units",,,5,,
"CH004","Bern","T_T_SH_NAT","Share of population  in metropolitan area over the national value","2016","2016","RATIO","Ratio","0","Units",,,5,,
"MEX03","Monterrey","T_T","Population, All ages. Administrative data","2000","2000","PER","Persons","0","Units",,,3774857,,
"MEX03","Monterrey","T_T","Population, All ages. Administrative data","2005","2005","PER","Persons","0","Units",,,3651505,,
"MEX03","Monterrey","T_T","Population, All ages. Administrative data","2010","2010","PER","Persons","0","Units",,,4088353,,
"MEX03","Monterrey","T_T","Population, All ages. Administrative data","2015","2015","PER","Persons","0","Units",,,5356509,,
"USA102","Tulare","T_T","Population, All ages. Administrative data","2000","2000","PER","Persons","0","Units",,,368627,,
"USA102","Tulare","T_T","Population, All ages. Administrative data","2001","2001","PER","Persons","0","Units",,,373171,,
"USA102","Tulare","T_T","Population, All ages. Administrative data","2002","2002","PER","Persons","0","Units",,,379568,,
"USA102","Tulare","T_T","Population, All ages. Administrative data","2003","2003","PER","Persons","0","Units",,,388743,,
"USA102","Tulare","T_T","Population, All ages. Administrative data","2004","2004","PER","Persons","0","Units",,,398226,,
"USA102","Tulare","T_T","Population, All ages. Administrative data","2005","2005","PER","Persons","0","Units",,,407970,,
"USA102","Tulare","T_T","Population, All ages. Administrative data","2006","2006","PER","Persons","0","Units",,,414921,,
"USA102","Tulare","T_T","Population, All ages. Administrative data","2007","2007","PER","Persons","0","Units",,,422140,,
"USA102","Tulare","T_T","Population, All ages. Administrative data","2008","2008","PER","Persons","0","Units",,,429283,,
"USA102","Tulare","T_T","Population, All ages. Administrative data","2009","2009","PER","Persons","0","Units",,,436987,,
"USA102","Tulare","T_T","Population, All ages. Administrative data","2010","2010","PER","Persons","0","Units",,,443060,,
"USA102","Tulare","T_T","Population, All ages. Administrative data","2011","2011","PER","Persons","0","Units",,,447358,,
"USA102","Tulare","T_T","Population, All ages. Administrative data","2012","2012","PER","Persons","0","Units",,,450779,,
"USA102","Tulare","T_T","Population, All ages. Administrative data","2013","2013","PER","Persons","0","Units",,,453663,,
"USA102","Tulare","T_T","Population, All ages. Administrative data","2014","2014","PER","Persons","0","Units",,,456452,,
"USA102","Tulare","T_T","Population, All ages. Administrative data","2015","2015","PER","Persons","0","Units",,,458601,,
"USA102","Tulare","T_T","Population, All ages. Administrative data","2016","2016","PER","Persons","0","Units",,,460835,,
"FR001","Paris","POP_DEN","Population density (pop. per km2)","2000","2000","PER","Persons","0","Units",,,904,,
"FR001","Paris","POP_DEN","Population density (pop. per km2)","2001","2001","PER","Persons","0","Units",,,911,,
"FR001","Paris","POP_DEN","Population density (pop. per km2)","2002","2002","PER","Persons","0","Units",,,917,,
"FR001","Paris","POP_DEN","Population density (pop. per km2)","2003","2003","PER","Persons","0","Units",,,924,,
"FR001","Paris","POP_DEN","Population density (pop. per km2)","2004","2004","PER","Persons","0","Units",,,930,,
"FR001","Paris","POP_DEN","Population density (pop. per km2)","2005","2005","PER","Persons","0","Units",,,937,,
"FR001","Paris","POP_DEN","Population density (pop. per km2)","2006","2006","PER","Persons","0","Units",,,943,,
"FR001","Paris","POP_DEN","Population density (pop. per km2)","2007","2007","PER","Persons","0","Units",,,950,,
"FR001","Paris","POP_DEN","Population density (pop. per km2)","2008","2008","PER","Persons","0","Units",,,956,,
"FR001","Paris","POP_DEN","Population density (pop. per km2)","2009","2009","PER","Persons","0","Units",,,963,,
"FR001","Paris","POP_DEN","Population density (pop. per km2)","2010","2010","PER","Persons","0","Units",,,968,,
"FR001","Paris","POP_DEN","Population density (pop. per km2)","2011","2011","PER","Persons","0","Units",,,973,,
"FR001","Paris","POP_DEN","Population density (pop. per km2)","2012","2012","PER","Persons","0","Units",,,978,,
"FR001","Paris","POP_DEN","Population density (pop. per km2)","2013","2013","PER","Persons","0","Units",,,982,,
"FR001","Paris","POP_DEN","Population density (pop. per km2)","2014","2014","PER","Persons","0","Units",,,987,,
"FR001","Paris","POP_DEN","Population density (pop. per km2)","2015","2015","PER","Persons","0","Units",,,994,,
"KOR08","Heungdeok","T_T_SH_NAT","Share of population  in metropolitan area over the national value","2001","2001","RATIO","Ratio","0","Units",,,1.5,,
"KOR08","Heungdeok","T_T_SH_NAT","Share of population  in metropolitan area over the national value","2002","2002","RATIO","Ratio","0","Units",,,1.5,,
"KOR08","Heungdeok","T_T_SH_NAT","Share of population  in metropolitan area over the national value","2003","2003","RATIO","Ratio","0","Units",,,1.5,,
"KOR08","Heungdeok","T_T_SH_NAT","Share of population  in metropolitan area over the national value","2004","2004","RATIO","Ratio","0","Units",,,1.5,,
"KOR08","Heungdeok","T_T_SH_NAT","Share of population  in metropolitan area over the national value","2005","2005","RATIO","Ratio","0","Units",,,1.6,,
"KOR08","Heungdeok","T_T_SH_NAT","Share of population  in metropolitan area over the national value","2006","2006","RATIO","Ratio","0","Units",,,1.6,,
"KOR08","Heungdeok","T_T_SH_NAT","Share of population  in metropolitan area over the national value","2007","2007","RATIO","Ratio","0","Units",,,1.6,,
"KOR08","Heungdeok","T_T_SH_NAT","Share of population  in metropolitan area over the national value","2008","2008","RATIO","Ratio","0","Units",,,1.6,,
"KOR08","Heungdeok","T_T_SH_NAT","Share of population  in metropolitan area over the national value","2009","2009","RATIO","Ratio","0","Units",,,1.6,,
"KOR08","Heungdeok","T_T_SH_NAT","Share of population  in metropolitan area over the national value","2010","2010","RATIO","Ratio","0","Units",,,1.7,,
"KOR08","Heungdeok","T_T_SH_NAT","Share of population  in metropolitan area over the national value","2011","2011","RATIO","Ratio","0","Units",,,1.7,,
"KOR08","Heungdeok","T_T_SH_NAT","Share of population  in metropolitan area over the national value","2012","2012","RATIO","Ratio","0","Units",,,1.7,,
"KOR08","Heungdeok","T_T_SH_NAT","Share of population  in metropolitan area over the national value","2013","2013","RATIO","Ratio","0","Units",,,1.7,,
"KOR08","Heungdeok","T_T_SH_NAT","Share of population  in metropolitan area over the national value","2014","2014","RATIO","Ratio","0","Units",,,1.7,,
"KOR08","Heungdeok","T_T_SH_NAT","Share of population  in metropolitan area over the national value","2015","2015","RATIO","Ratio","0","Units",,,1.7,,
"KOR08","Heungdeok","T_T_SH_NAT","Share of population  in metropolitan area over the national value","2016","2016","RATIO","Ratio","0","Units",,,1.7,,
"NL002","Amsterdam","T_T","Population, All ages. Administrative data","2000","2000","PER","Persons","0","Units",,,2473968,,
"NL002","Amsterdam","T_T","Population, All ages. Administrative data","2001","2001","PER","Persons","0","Units",,,2437705,,
"NL002","Amsterdam","T_T","Population, All ages. Administrative data","2002","2002","PER","Persons","0","Units",,,2401441,,
"NL002","Amsterdam","T_T","Population, All ages. Administrative data","2003","2003","PER","Persons","0","Units",,,2365178,,
"NL002","Amsterdam","T_T","Population, All ages. Administrative data","2004","2004","PER","Persons","0","Units",,,2328914,,
"NL002","Amsterdam","T_T","Population, All ages. Administrative data","2005","2005","PER","Persons","0","Units",,,2342582,,
"NL002","Amsterdam","T_T","Population, All ages. Administrative data","2006","2006","PER","Persons","0","Units",,,2359733,,
"NL002","Amsterdam","T_T","Population, All ages. Administrative data","2007","2007","PER","Persons","0","Units",,,2399626,,
"NL002","Amsterdam","T_T","Population, All ages. Administrative data","2008","2008","PER","Persons","0","Units",,,2439517,,
"NL002","Amsterdam","T_T","Population, All ages. Administrative data","2009","2009","PER","Persons","0","Units",,,2492143,,
"NL002","Amsterdam","T_T","Population, All ages. Administrative data","2010","2010","PER","Persons","0","Units",,,2516051,,
"NL002","Amsterdam","T_T","Population, All ages. Administrative data","2011","2011","PER","Persons","0","Units",,,2564334,,
"NL002","Amsterdam","T_T","Population, All ages. Administrative data","2012","2012","PER","Persons","0","Units",,,2632145,,
"NL002","Amsterdam","T_T","Population, All ages. Administrative data","2013","2013","PER","Persons","0","Units",,,2648638,,
"NL002","Amsterdam","T_T","Population, All ages. Administrative data","2014","2014","PER","Persons","0","Units",,,2666530,,
"NL002","Amsterdam","T_T","Population, All ages. Administrative data","2015","2015","PER","Persons","0","Units",,,2687514,,
"NL002","Amsterdam","T_T","Population, All ages. Administrative data","2016","2016","PER","Persons","0","Units",,,2717363,,
"SI002","Maribor","T_T","Population, All ages. Administrative data","2000","2000","PER","Persons","0","Units",,,319605,,
"SI002","Maribor","T_T","Population, All ages. Administrative data","2001","2001","PER","Persons","0","Units",,,319717,,
"SI002","Maribor","T_T","Population, All ages. Administrative data","2002","2002","PER","Persons","0","Units",,,320078,,
"SI002","Maribor","T_T","Population, All ages. Administrative data","2003","2003","PER","Persons","0","Units",,,319804,,
"SI002","Maribor","T_T","Population, All ages. Administrative data","2004","2004","PER","Persons","0","Units",,,319426,,
"SI002","Maribor","T_T","Population, All ages. Administrative data","2005","2005","PER","Persons","0","Units",,,319114,,
"SI002","Maribor","T_T","Population, All ages. Administrative data","2006","2006","PER","Persons","0","Units",,,319235,,
"SI002","Maribor","T_T","Population, All ages. Administrative data","2007","2007","PER","Persons","0","Units",,,319706,,
"SI002","Maribor","T_T","Population, All ages. Administrative data","2008","2008","PER","Persons","0","Units",,,321781,,
"SI002","Maribor","T_T","Population, All ages. Administrative data","2009","2009","PER","Persons","0","Units",,,322900,,
"SI002","Maribor","T_T","Population, All ages. Administrative data","2010","2010","PER","Persons","0","Units",,,323343,,
"SI002","Maribor","T_T","Population, All ages. Administrative data","2011","2011","PER","Persons","0","Units",,,323119,,
"SI002","Maribor","T_T","Population, All ages. Administrative data","2012","2012","PER","Persons","0","Units",,,323534,,
"SI002","Maribor","T_T","Population, All ages. Administrative data","2013","2013","PER","Persons","0","Units",,,323238,,
"SI002","Maribor","T_T","Population, All ages. Administrative data","2014","2014","PER","Persons","0","Units",,,323328,,
"SI002","Maribor","T_T","Population, All ages. Administrative data","2015","2015","PER","Persons","0","Units",,,323356,,
"SI002","Maribor","T_T","Population, All ages. Administrative data","2016","2016","PER","Persons","0","Units",,,322553,,
"USA157","Kalamazoo","POP_DEN","Population density (pop. per km2)","2000","2000","PER","Persons","0","Units",,,159,,
"USA157","Kalamazoo","POP_DEN","Population density (pop. per km2)","2001","2001","PER","Persons","0","Units",,,160,,
"USA157","Kalamazoo","POP_DEN","Population density (pop. per km2)","2002","2002","PER","Persons","0","Units",,,161,,
"USA157","Kalamazoo","POP_DEN","Population density (pop. per km2)","2003","2003","PER","Persons","0","Units",,,162,,
"USA157","Kalamazoo","POP_DEN","Population density (pop. per km2)","2004","2004","PER","Persons","0","Units",,,161,,
"USA157","Kalamazoo","POP_DEN","Population density (pop. per km2)","2005","2005","PER","Persons","0","Units",,,162,,
"USA157","Kalamazoo","POP_DEN","Population density (pop. per km2)","2006","2006","PER","Persons","0","Units",,,162,,
"USA157","Kalamazoo","POP_DEN","Population density (pop. per km2)","2007","2007","PER","Persons","0","Units",,,163,,
"USA157","Kalamazoo","POP_DEN","Population density (pop. per km2)","2008","2008","PER","Persons","0","Units",,,164,,
"USA157","Kalamazoo","POP_DEN","Population density (pop. per km2)","2009","2009","PER","Persons","0","Units",,,166,,
"USA157","Kalamazoo","POP_DEN","Population density (pop. per km2)","2010","2010","PER","Persons","0","Units",,,167,,
"USA157","Kalamazoo","POP_DEN","Population density (pop. per km2)","2011","2011","PER","Persons","0","Units",,,168,,
"USA157","Kalamazoo","POP_DEN","Population density (pop. per km2)","2012","2012","PER","Persons","0","Units",,,170,,
"USA157","Kalamazoo","POP_DEN","Population density (pop. per km2)","2013","2013","PER","Persons","0","Units",,,171,,
"USA157","Kalamazoo","POP_DEN","Population density (pop. per km2)","2014","2014","PER","Persons","0","Units",,,172,,
"USA157","Kalamazoo","POP_DEN","Population density (pop. per km2)","2015","2015","PER","Persons","0","Units",,,173,,
"USA157","Kalamazoo","POP_DEN","Population density (pop. per km2)","2016","2016","PER","Persons","0","Units",,,174,,
"UK007","Edinburgh","T_T_SH_NAT","Share of population  in metropolitan area over the national value","2001","2001","RATIO","Ratio","0","Units",,,1.3,,
"UK007","Edinburgh","T_T_SH_NAT","Share of population  in metropolitan area over the national value","2002","2002","RATIO","Ratio","0","Units",,,1.3,,
"UK007","Edinburgh","T_T_SH_NAT","Share of population  in metropolitan area over the national value","2003","2003","RATIO","Ratio","0","Units",,,1.3,,
"UK007","Edinburgh","T_T_SH_NAT","Share of population  in metropolitan area over the national value","2004","2004","RATIO","Ratio","0","Units",,,1.3,,
"UK007","Edinburgh","T_T_SH_NAT","Share of population  in metropolitan area over the national value","2005","2005","RATIO","Ratio","0","Units",,,1.3,,
"UK007","Edinburgh","T_T_SH_NAT","Share of population  in metropolitan area over the national value","2006","2006","RATIO","Ratio","0","Units",,,1.3,,
"UK007","Edinburgh","T_T_SH_NAT","Share of population  in metropolitan area over the national value","2007","2007","RATIO","Ratio","0","Units",,,1.3,,
"UK007","Edinburgh","T_T_SH_NAT","Share of population  in metropolitan area over the national value","2008","2008","RATIO","Ratio","0","Units",,,1.3,,
"UK007","Edinburgh","T_T_SH_NAT","Share of population  in metropolitan area over the national value","2009","2009","RATIO","Ratio","0","Units",,,1.3,,
"UK007","Edinburgh","T_T_SH_NAT","Share of population  in metropolitan area over the national value","2010","2010","RATIO","Ratio","0","Units",,,1.3,,
"UK007","Edinburgh","T_T_SH_NAT","Share of population  in metropolitan area over the national value","2011","2011","RATIO","Ratio","0","Units",,,1.3,,
"UK007","Edinburgh","T_T_SH_NAT","Share of population  in metropolitan area over the national value","2012","2012","RATIO","Ratio","0","Units",,,1.3,,
"UK007","Edinburgh","T_T_SH_NAT","Share of population  in metropolitan area over the national value","2013","2013","RATIO","Ratio","0","Units",,,1.3,,
"UK007","Edinburgh","T_T_SH_NAT","Share of population  in metropolitan area over the national value","2014","2014","RATIO","Ratio","0","Units",,,1.3,,
"UK007","Edinburgh","T_T_SH_NAT","Share of population  in metropolitan area over the national value","2015","2015","RATIO","Ratio","0","Units",,,1.3,,
"UK007","Edinburgh","T_T_SH_NAT","Share of population  in metropolitan area over the national value","2016","2016","RATIO","Ratio","0","Units",,,1.4,,
"DK004","Aalborg","POP_DEN","Population density (pop. per km2)","2000","2000","PER","Persons","0","Units",,,89,,
"DK004","Aalborg","POP_DEN","Population density (pop. per km2)","2001","2001","PER","Persons","0","Units",,,89,,
"DK004","Aalborg","POP_DEN","Population density (pop. per km2)","2002","2002","PER","Persons","0","Units",,,90,,
"DK004","Aalborg","POP_DEN","Population density (pop. per km2)","2003","2003","PER","Persons","0","Units",,,90,,
"DK004","Aalborg","POP_DEN","Population density (pop. per km2)","2004","2004","PER","Persons","0","Units",,,90,,
"DK004","Aalborg","POP_DEN","Population density (pop. per km2)","2005","2005","PER","Persons","0","Units",,,90,,
"DK004","Aalborg","POP_DEN","Population density (pop. per km2)","2006","2006","PER","Persons","0","Units",,,91,,
"DK004","Aalborg","POP_DEN","Population density (pop. per km2)","2007","2007","PER","Persons","0","Units",,,91,,
"DK004","Aalborg","POP_DEN","Population density (pop. per km2)","2008","2008","PER","Persons","0","Units",,,91,,
"DK004","Aalborg","POP_DEN","Population density (pop. per km2)","2009","2009","PER","Persons","0","Units",,,92,,
"DK004","Aalborg","POP_DEN","Population density (pop. per km2)","2010","2010","PER","Persons","0","Units",,,92,,
"DK004","Aalborg","POP_DEN","Population density (pop. per km2)","2011","2011","PER","Persons","0","Units",,,93,,
"DK004","Aalborg","POP_DEN","Population density (pop. per km2)","2012","2012","PER","Persons","0","Units",,,93,,
"DK004","Aalborg","POP_DEN","Population density (pop. per km2)","2013","2013","PER","Persons","0","Units",,,94,,
"DK004","Aalborg","POP_DEN","Population density (pop. per km2)","2014","2014","PER","Persons","0","Units",,,94,,
"DK004","Aalborg","POP_DEN","Population density (pop. per km2)","2015","2015","PER","Persons","0","Units",,,95,,
"DK004","Aalborg","POP_DEN","Population density (pop. per km2)","2016","2016","PER","Persons","0","Units",,,96,,
"USA20","Portland","POP_DEN","Population density (pop. per km2)","2000","2000","PER","Persons","0","Units",,,117,,
"USA20","Portland","POP_DEN","Population density (pop. per km2)","2001","2001","PER","Persons","0","Units",,,119,,
"USA20","Portland","POP_DEN","Population density (pop. per km2)","2002","2002","PER","Persons","0","Units",,,121,,
"USA20","Portland","POP_DEN","Population density (pop. per km2)","2003","2003","PER","Persons","0","Units",,,122,,
"USA20","Portland","POP_DEN","Population density (pop. per km2)","2004","2004","PER","Persons","0","Units",,,123,,
"USA20","Portland","POP_DEN","Population density (pop. per km2)","2005","2005","PER","Persons","0","Units",,,125,,
"USA20","Portland","POP_DEN","Population density (pop. per km2)","2006","2006","PER","Persons","0","Units",,,127,,
"USA20","Portland","POP_DEN","Population density (pop. per km2)","2007","2007","PER","Persons","0","Units",,,129,,
"USA20","Portland","POP_DEN","Population density (pop. per km2)","2008","2008","PER","Persons","0","Units",,,131,,
"USA20","Portland","POP_DEN","Population density (pop. per km2)","2009","2009","PER","Persons","0","Units",,,133,,
"USA20","Portland","POP_DEN","Population density (pop. per km2)","2010","2010","PER","Persons","0","Units",,,135,,
"USA20","Portland","POP_DEN","Population density (pop. per km2)","2011","2011","PER","Persons","0","Units",,,137,,
"USA20","Portland","POP_DEN","Population density (pop. per km2)","2012","2012","PER","Persons","0","Units",,,138,,
"USA20","Portland","POP_DEN","Population density (pop. per km2)","2013","2013","PER","Persons","0","Units",,,140,,
"USA20","Portland","POP_DEN","Population density (pop. per km2)","2014","2014","PER","Persons","0","Units",,,142,,
"USA20","Portland","POP_DEN","Population density (pop. per km2)","2015","2015","PER","Persons","0","Units",,,144,,
"USA20","Portland","POP_DEN","Population density (pop. per km2)","2016","2016","PER","Persons","0","Units",,,147,,
"USA10","Atlanta","T_T_SH_NAT","Share of population  in metropolitan area over the national value","2001","2001","RATIO","Ratio","0","Units",,,1.4,,
"USA10","Atlanta","T_T_SH_NAT","Share of population  in metropolitan area over the national value","2002","2002","RATIO","Ratio","0","Units",,,1.5,,
"USA10","Atlanta","T_T_SH_NAT","Share of population  in metropolitan area over the national value","2003","2003","RATIO","Ratio","0","Units",,,1.5,,
"USA10","Atlanta","T_T_SH_NAT","Share of population  in metropolitan area over the national value","2004","2004","RATIO","Ratio","0","Units",,,1.5,,
"USA10","Atlanta","T_T_SH_NAT","Share of population  in metropolitan area over the national value","2005","2005","RATIO","Ratio","0","Units",,,1.5,,
"USA10","Atlanta","T_T_SH_NAT","Share of population  in metropolitan area over the national value","2006","2006","RATIO","Ratio","0","Units",,,1.5,,
"USA10","Atlanta","T_T_SH_NAT","Share of population  in metropolitan area over the national value","2007","2007","RATIO","Ratio","0","Units",,,1.6,,
"USA10","Atlanta","T_T_SH_NAT","Share of population  in metropolitan area over the national value","2008","2008","RATIO","Ratio","0","Units",,,1.6,,
"USA10","Atlanta","T_T_SH_NAT","Share of population  in metropolitan area over the national value","2009","2009","RATIO","Ratio","0","Units",,,1.6,,
"USA10","Atlanta","T_T_SH_NAT","Share of population  in metropolitan area over the national value","2010","2010","RATIO","Ratio","0","Units",,,1.6,,
"USA10","Atlanta","T_T_SH_NAT","Share of population  in metropolitan area over the national value","2011","2011","RATIO","Ratio","0","Units",,,1.6,,
"USA10","Atlanta","T_T_SH_NAT","Share of population  in metropolitan area over the national value","2012","2012","RATIO","Ratio","0","Units",,,1.6,,
"USA10","Atlanta","T_T_SH_NAT","Share of population  in metropolitan area over the national value","2013","2013","RATIO","Ratio","0","Units",,,1.6,,
"USA10","Atlanta","T_T_SH_NAT","Share of population  in metropolitan area over the national value","2014","2014","RATIO","Ratio","0","Units",,,1.7,,
"USA10","Atlanta","T_T_SH_NAT","Share of population  in metropolitan area over the national value","2015","2015","RATIO","Ratio","0","Units",,,1.7,,
"USA10","Atlanta","T_T_SH_NAT","Share of population  in metropolitan area over the national value","2016","2016","RATIO","Ratio","0","Units",,,1.7,,
"UK513","Medway","POP_DEN","Population density (pop. per km2)","2001","2001","PER","Persons","0","Units",,,1298,,
"UK513","Medway","POP_DEN","Population density (pop. per km2)","2002","2002","PER","Persons","0","Units",,,1301,,
"UK513","Medway","POP_DEN","Population density (pop. per km2)","2003","2003","PER","Persons","0","Units",,,1306,,
"UK513","Medway","POP_DEN","Population density (pop. per km2)","2004","2004","PER","Persons","0","Units",,,1307,,
"UK513","Medway","POP_DEN","Population density (pop. per km2)","2005","2005","PER","Persons","0","Units",,,1311,,
"UK513","Medway","POP_DEN","Population density (pop. per km2)","2006","2006","PER","Persons","0","Units",,,1318,,
"UK513","Medway","POP_DEN","Population density (pop. per km2)","2007","2007","PER","Persons","0","Units",,,1330,,
"UK513","Medway","POP_DEN","Population density (pop. per km2)","2008","2008","PER","Persons","0","Units",,,1343,,
"UK513","Medway","POP_DEN","Population density (pop. per km2)","2009","2009","PER","Persons","0","Units",,,1353,,
"UK513","Medway","POP_DEN","Population density (pop. per km2)","2010","2010","PER","Persons","0","Units",,,1366,,
"UK513","Medway","POP_DEN","Population density (pop. per km2)","2011","2011","PER","Persons","0","Units",,,1377,,
"UK513","Medway","POP_DEN","Population density (pop. per km2)","2012","2012","PER","Persons","0","Units",,,1394,,
"UK513","Medway","POP_DEN","Population density (pop. per km2)","2013","2013","PER","Persons","0","Units",,,1407,,
"UK513","Medway","POP_DEN","Population density (pop. per km2)","2014","2014","PER","Persons","0","Units",,,1421,,
"UK513","Medway","POP_DEN","Population density (pop. per km2)","2015","2015","PER","Persons","0","Units",,,1431,,
"UK513","Medway","POP_DEN","Population density (pop. per km2)","2016","2016","PER","Persons","0","Units",,,1440,,
"EE001","Tallinn","T_T_SH_NAT","Share of population  in metropolitan area over the national value","2001","2001","RATIO","Ratio","0","Units",,,38.3,,
"EE001","Tallinn","T_T_SH_NAT","Share of population  in metropolitan area over the national value","2002","2002","RATIO","Ratio","0","Units",,,38.4,,
"EE001","Tallinn","T_T_SH_NAT","Share of population  in metropolitan area over the national value","2003","2003","RATIO","Ratio","0","Units",,,38.8,,
"EE001","Tallinn","T_T_SH_NAT","Share of population  in metropolitan area over the national value","2004","2004","RATIO","Ratio","0","Units",,,39.2,,
"EE001","Tallinn","T_T_SH_NAT","Share of population  in metropolitan area over the national value","2005","2005","RATIO","Ratio","0","Units",,,39.7,,
"EE001","Tallinn","T_T_SH_NAT","Share of population  in metropolitan area over the national value","2006","2006","RATIO","Ratio","0","Units",,,40.1,,
"EE001","Tallinn","T_T_SH_NAT","Share of population  in metropolitan area over the national value","2007","2007","RATIO","Ratio","0","Units",,,40.5,,
"EE001","Tallinn","T_T_SH_NAT","Share of population  in metropolitan area over the national value","2008","2008","RATIO","Ratio","0","Units",,,40.9,,
"EE001","Tallinn","T_T_SH_NAT","Share of population  in metropolitan area over the national value","2009","2009","RATIO","Ratio","0","Units",,,41.3,,
"EE001","Tallinn","T_T_SH_NAT","Share of population  in metropolitan area over the national value","2010","2010","RATIO","Ratio","0","Units",,,41.7,,
"EE001","Tallinn","T_T_SH_NAT","Share of population  in metropolitan area over the national value","2011","2011","RATIO","Ratio","0","Units",,,42.2,,
"EE001","Tallinn","T_T_SH_NAT","Share of population  in metropolitan area over the national value","2012","2012","RATIO","Ratio","0","Units",,,42.8,,
"EE001","Tallinn","T_T_SH_NAT","Share of population  in metropolitan area over the national value","2013","2013","RATIO","Ratio","0","Units",,,43,,
"EE001","Tallinn","T_T_SH_NAT","Share of population  in metropolitan area over the national value","2014","2014","RATIO","Ratio","0","Units",,,43.5,,
"EE001","Tallinn","T_T_SH_NAT","Share of population  in metropolitan area over the national value","2015","2015","RATIO","Ratio","0","Units",,,43.8,,
"EE001","Tallinn","T_T_SH_NAT","Share of population  in metropolitan area over the national value","2016","2016","RATIO","Ratio","0","Units",,,43.8,,
"MEX35","Matamoros","T_T","Population, All ages. Administrative data","2000","2000","PER","Persons","0","Units",,,469652,,
"MEX35","Matamoros","T_T","Population, All ages. Administrative data","2005","2005","PER","Persons","0","Units",,,449629,,
"MEX35","Matamoros","T_T","Population, All ages. Administrative data","2010","2010","PER","Persons","0","Units",,,480138,,
"MEX35","Matamoros","T_T","Population, All ages. Administrative data","2015","2015","PER","Persons","0","Units",,,532195,,
"USA110","Mobile","T_T","Population, All ages. Administrative data","2000","2000","PER","Persons","0","Units",,,400073,,
"USA110","Mobile","T_T","Population, All ages. Administrative data","2001","2001","PER","Persons","0","Units",,,400129,,
"USA110","Mobile","T_T","Population, All ages. Administrative data","2002","2002","PER","Persons","0","Units",,,398549,,
"USA110","Mobile","T_T","Population, All ages. Administrative data","2003","2003","PER","Persons","0","Units",,,398082,,
"USA110","Mobile","T_T","Population, All ages. Administrative data","2004","2004","PER","Persons","0","Units",,,397959,,
"USA110","Mobile","T_T","Population, All ages. Administrative data","2005","2005","PER","Persons","0","Units",,,398942,,
"USA110","Mobile","T_T","Population, All ages. Administrative data","2006","2006","PER","Persons","0","Units",,,402916,,
"USA110","Mobile","T_T","Population, All ages. Administrative data","2007","2007","PER","Persons","0","Units",,,405715,,
"USA110","Mobile","T_T","Population, All ages. Administrative data","2008","2008","PER","Persons","0","Units",,,409196,,
"USA110","Mobile","T_T","Population, All ages. Administrative data","2009","2009","PER","Persons","0","Units",,,411994,,
"USA110","Mobile","T_T","Population, All ages. Administrative data","2010","2010","PER","Persons","0","Units",,,413320,,
"USA110","Mobile","T_T","Population, All ages. Administrative data","2011","2011","PER","Persons","0","Units",,,413232,,
"USA110","Mobile","T_T","Population, All ages. Administrative data","2012","2012","PER","Persons","0","Units",,,413737,,
"USA110","Mobile","T_T","Population, All ages. Administrative data","2013","2013","PER","Persons","0","Units",,,413929,,
"USA110","Mobile","T_T","Population, All ages. Administrative data","2014","2014","PER","Persons","0","Units",,,414314,,
"USA110","Mobile","T_T","Population, All ages. Administrative data","2015","2015","PER","Persons","0","Units",,,414588,,
"USA110","Mobile","T_T","Population, All ages. Administrative data","2016","2016","PER","Persons","0","Units",,,414852,,
"FR011","Saint-Etienne","T_T","Population, All ages. Administrative data","2000","2000","PER","Persons","0","Units",,,513423,,
"FR011","Saint-Etienne","T_T","Population, All ages. Administrative data","2001","2001","PER","Persons","0","Units",,,514158,,
"FR011","Saint-Etienne","T_T","Population, All ages. Administrative data","2002","2002","PER","Persons","0","Units",,,514890,,
"FR011","Saint-Etienne","T_T","Population, All ages. Administrative data","2003","2003","PER","Persons","0","Units",,,515624,,
"FR011","Saint-Etienne","T_T","Population, All ages. Administrative data","2004","2004","PER","Persons","0","Units",,,516358,,
"FR011","Saint-Etienne","T_T","Population, All ages. Administrative data","2005","2005","PER","Persons","0","Units",,,517091,,
"FR011","Saint-Etienne","T_T","Population, All ages. Administrative data","2006","2006","PER","Persons","0","Units",,,517825,,
"FR011","Saint-Etienne","T_T","Population, All ages. Administrative data","2007","2007","PER","Persons","0","Units",,,518557,,
"FR011","Saint-Etienne","T_T","Population, All ages. Administrative data","2008","2008","PER","Persons","0","Units",,,519292,,
"FR011","Saint-Etienne","T_T","Population, All ages. Administrative data","2009","2009","PER","Persons","0","Units",,,520025,,
"FR011","Saint-Etienne","T_T","Population, All ages. Administrative data","2010","2010","PER","Persons","0","Units",,,521610,,
"FR011","Saint-Etienne","T_T","Population, All ages. Administrative data","2011","2011","PER","Persons","0","Units",,,523196,,
"FR011","Saint-Etienne","T_T","Population, All ages. Administrative data","2012","2012","PER","Persons","0","Units",,,524783,,
"FR011","Saint-Etienne","T_T","Population, All ages. Administrative data","2013","2013","PER","Persons","0","Units",,,526369,,
"FR011","Saint-Etienne","T_T","Population, All ages. Administrative data","2014","2014","PER","Persons","0","Units",,,527954,,
"FR011","Saint-Etienne","T_T","Population, All ages. Administrative data","2015","2015","PER","Persons","0","Units",,,521429,,
"CL022","Temuco","T_T","Population, All ages. Administrative data","2000","2000","PER","Persons","0","Units",,,352140,,
"CL022","Temuco","T_T","Population, All ages. Administrative data","2001","2001","PER","Persons","0","Units",,,362031,,
"CL022","Temuco","T_T","Population, All ages. Administrative data","2002","2002","PER","Persons","0","Units",,,371922,,
"CL022","Temuco","T_T","Population, All ages. Administrative data","2003","2003","PER","Persons","0","Units",,,377385,,
"CL022","Temuco","T_T","Population, All ages. Administrative data","2004","2004","PER","Persons","0","Units",,,382588,,
"CL022","Temuco","T_T","Population, All ages. Administrative data","2005","2005","PER","Persons","0","Units",,,387754,,
"CL022","Temuco","T_T","Population, All ages. Administrative data","2006","2006","PER","Persons","0","Units",,,392731,,
"CL022","Temuco","T_T","Population, All ages. Administrative data","2007","2007","PER","Persons","0","Units",,,397842,,
"CL022","Temuco","T_T","Population, All ages. Administrative data","2008","2008","PER","Persons","0","Units",,,402977,,
"CL022","Temuco","T_T","Population, All ages. Administrative data","2009","2009","PER","Persons","0","Units",,,408231,,
"CL022","Temuco","T_T","Population, All ages. Administrative data","2010","2010","PER","Persons","0","Units",,,413425,,
"CL022","Temuco","T_T","Population, All ages. Administrative data","2011","2011","PER","Persons","0","Units",,,418598,,
"CL022","Temuco","T_T","Population, All ages. Administrative data","2012","2012","PER","Persons","0","Units",,,423812,,
"CL022","Temuco","T_T","Population, All ages. Administrative data","2013","2013","PER","Persons","0","Units",,,429005,,
"CL022","Temuco","T_T","Population, All ages. Administrative data","2014","2014","PER","Persons","0","Units",,,434168,,
"CL022","Temuco","T_T","Population, All ages. Administrative data","2015","2015","PER","Persons","0","Units",,,439322,,
"CL022","Temuco","T_T","Population, All ages. Administrative data","2016","2016","PER","Persons","0","Units",,,444512,,
"DE517","Osnabruck","T_T_SH_NAT","Share of population  in metropolitan area over the national value","2001","2001","RATIO","Ratio","0","Units",,,0.6,,
"DE517","Osnabruck","T_T_SH_NAT","Share of population  in metropolitan area over the national value","2002","2002","RATIO","Ratio","0","Units",,,0.6,,
"DE517","Osnabruck","T_T_SH_NAT","Share of population  in metropolitan area over the national value","2003","2003","RATIO","Ratio","0","Units",,,0.6,,
"DE517","Osnabruck","T_T_SH_NAT","Share of population  in metropolitan area over the national value","2004","2004","RATIO","Ratio","0","Units",,,0.6,,
"DE517","Osnabruck","T_T_SH_NAT","Share of population  in metropolitan area over the national value","2005","2005","RATIO","Ratio","0","Units",,,0.6,,
"DE517","Osnabruck","T_T_SH_NAT","Share of population  in metropolitan area over the national value","2006","2006","RATIO","Ratio","0","Units",,,0.6,,
"DE517","Osnabruck","T_T_SH_NAT","Share of population  in metropolitan area over the national value","2007","2007","RATIO","Ratio","0","Units",,,0.6,,
"DE517","Osnabruck","T_T_SH_NAT","Share of population  in metropolitan area over the national value","2008","2008","RATIO","Ratio","0","Units",,,0.6,,
"DE517","Osnabruck","T_T_SH_NAT","Share of population  in metropolitan area over the national value","2009","2009","RATIO","Ratio","0","Units",,,0.6,,
"DE517","Osnabruck","T_T_SH_NAT","Share of population  in metropolitan area over the national value","2010","2010","RATIO","Ratio","0","Units",,,0.6,,
"DE517","Osnabruck","T_T_SH_NAT","Share of population  in metropolitan area over the national value","2011","2011","RATIO","Ratio","0","Units",,,0.6,,
"DE517","Osnabruck","T_T_SH_NAT","Share of population  in metropolitan area over the national value","2012","2012","RATIO","Ratio","0","Units",,,0.6,,
"DE517","Osnabruck","T_T_SH_NAT","Share of population  in metropolitan area over the national value","2013","2013","RATIO","Ratio","0","Units",,,0.6,,
"DE517","Osnabruck","T_T_SH_NAT","Share of population  in metropolitan area over the national value","2014","2014","RATIO","Ratio","0","Units",,,0.6,,
"DE517","Osnabruck","T_T_SH_NAT","Share of population  in metropolitan area over the national value","2015","2015","RATIO","Ratio","0","Units",,,0.6,,
"DE517","Osnabruck","T_T_SH_NAT","Share of population  in metropolitan area over the national value","2016","2016","RATIO","Ratio","0","Units",,,0.6,,
"UK027","Stoke-on-Trent","POP_DEN","Population density (pop. per km2)","2001","2001","PER","Persons","0","Units",,,520,,
"UK027","Stoke-on-Trent","POP_DEN","Population density (pop. per km2)","2002","2002","PER","Persons","0","Units",,,520,,
"UK027","Stoke-on-Trent","POP_DEN","Population density (pop. per km2)","2003","2003","PER","Persons","0","Units",,,521,,
"UK027","Stoke-on-Trent","POP_DEN","Population density (pop. per km2)","2004","2004","PER","Persons","0","Units",,,522,,
"UK027","Stoke-on-Trent","POP_DEN","Population density (pop. per km2)","2005","2005","PER","Persons","0","Units",,,523,,
"UK027","Stoke-on-Trent","POP_DEN","Population density (pop. per km2)","2006","2006","PER","Persons","0","Units",,,526,,
"UK027","Stoke-on-Trent","POP_DEN","Population density (pop. per km2)","2007","2007","PER","Persons","0","Units",,,527,,
"UK027","Stoke-on-Trent","POP_DEN","Population density (pop. per km2)","2008","2008","PER","Persons","0","Units",,,529,,
"UK027","Stoke-on-Trent","POP_DEN","Population density (pop. per km2)","2009","2009","PER","Persons","0","Units",,,530,,
"UK027","Stoke-on-Trent","POP_DEN","Population density (pop. per km2)","2010","2010","PER","Persons","0","Units",,,532,,
"UK027","Stoke-on-Trent","POP_DEN","Population density (pop. per km2)","2011","2011","PER","Persons","0","Units",,,534,,
"UK027","Stoke-on-Trent","POP_DEN","Population density (pop. per km2)","2012","2012","PER","Persons","0","Units",,,536,,
"UK027","Stoke-on-Trent","POP_DEN","Population density (pop. per km2)","2013","2013","PER","Persons","0","Units",,,538,,
"UK027","Stoke-on-Trent","POP_DEN","Population density (pop. per km2)","2014","2014","PER","Persons","0","Units",,,540,,
"UK027","Stoke-on-Trent","POP_DEN","Population density (pop. per km2)","2015","2015","PER","Persons","0","Units",,,542,,
"UK027","Stoke-on-Trent","POP_DEN","Population density (pop. per km2)","2016","2016","PER","Persons","0","Units",,,546,,
"MEX11","San Luis Potosi","T_T","Population, All ages. Administrative data","2000","2000","PER","Persons","0","Units",,,1112269,,
"MEX11","San Luis Potosi","T_T","Population, All ages. Administrative data","2005","2005","PER","Persons","0","Units",,,1103288,,
"MEX11","San Luis Potosi","T_T","Population, All ages. Administrative data","2010","2010","PER","Persons","0","Units",,,1203217,,
"MEX11","San Luis Potosi","T_T","Population, All ages. Administrative data","2015","2015","PER","Persons","0","Units",,,1368377,,
"MEX37","Poza Rica de Hidalgo","T_T","Population, All ages. Administrative data","2000","2000","PER","Persons","0","Units",,,461968,,
"MEX37","Poza Rica de Hidalgo","T_T","Population, All ages. Administrative data","2005","2005","PER","Persons","0","Units",,,451517,,
"MEX37","Poza Rica de Hidalgo","T_T","Population, All ages. Administrative data","2010","2010","PER","Persons","0","Units",,,481577,,
"MEX37","Poza Rica de Hidalgo","T_T","Population, All ages. Administrative data","2015","2015","PER","Persons","0","Units",,,539328,,
"USA147","McLennan","T_T_SH_NAT","Share of population  in metropolitan area over the national value","2001","2001","RATIO","Ratio","0","Units",,,0.1,,
"USA147","McLennan","T_T_SH_NAT","Share of population  in metropolitan area over the national value","2002","2002","RATIO","Ratio","0","Units",,,0.1,,
"USA147","McLennan","T_T_SH_NAT","Share of population  in metropolitan area over the national value","2003","2003","RATIO","Ratio","0","Units",,,0.1,,
"USA147","McLennan","T_T_SH_NAT","Share of population  in metropolitan area over the national value","2004","2004","RATIO","Ratio","0","Units",,,0.1,,
"USA147","McLennan","T_T_SH_NAT","Share of population  in metropolitan area over the national value","2005","2005","RATIO","Ratio","0","Units",,,0.1,,
"USA147","McLennan","T_T_SH_NAT","Share of population  in metropolitan area over the national value","2006","2006","RATIO","Ratio","0","Units",,,0.1,,
"USA147","McLennan","T_T_SH_NAT","Share of population  in metropolitan area over the national value","2007","2007","RATIO","Ratio","0","Units",,,0.1,,
"USA147","McLennan","T_T_SH_NAT","Share of population  in metropolitan area over the national value","2008","2008","RATIO","Ratio","0","Units",,,0.1,,
"USA147","McLennan","T_T_SH_NAT","Share of population  in metropolitan area over the national value","2009","2009","RATIO","Ratio","0","Units",,,0.1,,
"USA147","McLennan","T_T_SH_NAT","Share of population  in metropolitan area over the national value","2010","2010","RATIO","Ratio","0","Units",,,0.1,,
"USA147","McLennan","T_T_SH_NAT","Share of population  in metropolitan area over the national value","2011","2011","RATIO","Ratio","0","Units",,,0.1,,
"USA147","McLennan","T_T_SH_NAT","Share of population  in metropolitan area over the national value","2012","2012","RATIO","Ratio","0","Units",,,0.1,,
"USA147","McLennan","T_T_SH_NAT","Share of population  in metropolitan area over the national value","2013","2013","RATIO","Ratio","0","Units",,,0.1,,
"USA147","McLennan","T_T_SH_NAT","Share of population  in metropolitan area over the national value","2014","2014","RATIO","Ratio","0","Units",,,0.1,,
"USA147","McLennan","T_T_SH_NAT","Share of population  in metropolitan area over the national value","2015","2015","RATIO","Ratio","0","Units",,,0.1,,
"USA147","McLennan","T_T_SH_NAT","Share of population  in metropolitan area over the national value","2016","2016","RATIO","Ratio","0","Units",,,0.1,,
"DE001","Berlin","POP_DEN","Population density (pop. per km2)","2001","2001","PER","Persons","0","Units",,,283,,
"DE001","Berlin","POP_DEN","Population density (pop. per km2)","2002","2002","PER","Persons","0","Units",,,284,,
"DE001","Berlin","POP_DEN","Population density (pop. per km2)","2003","2003","PER","Persons","0","Units",,,284,,
"DE001","Berlin","POP_DEN","Population density (pop. per km2)","2004","2004","PER","Persons","0","Units",,,284,,
"DE001","Berlin","POP_DEN","Population density (pop. per km2)","2005","2005","PER","Persons","0","Units",,,285,,
"DE001","Berlin","POP_DEN","Population density (pop. per km2)","2006","2006","PER","Persons","0","Units",,,286,,
"DE001","Berlin","POP_DEN","Population density (pop. per km2)","2007","2007","PER","Persons","0","Units",,,286,,
"DE001","Berlin","POP_DEN","Population density (pop. per km2)","2008","2008","PER","Persons","0","Units",,,287,,
"DE001","Berlin","POP_DEN","Population density (pop. per km2)","2009","2009","PER","Persons","0","Units",,,288,,
"DE001","Berlin","POP_DEN","Population density (pop. per km2)","2010","2010","PER","Persons","0","Units",,,289,,
"DE001","Berlin","POP_DEN","Population density (pop. per km2)","2011","2011","PER","Persons","0","Units",,,278,,
"DE001","Berlin","POP_DEN","Population density (pop. per km2)","2012","2012","PER","Persons","0","Units",,,281,,
"DE001","Berlin","POP_DEN","Population density (pop. per km2)","2013","2013","PER","Persons","0","Units",,,284,,
"DE001","Berlin","POP_DEN","Population density (pop. per km2)","2014","2014","PER","Persons","0","Units",,,287,,
"DE001","Berlin","POP_DEN","Population density (pop. per km2)","2015","2015","PER","Persons","0","Units",,,290,,
"DE001","Berlin","POP_DEN","Population density (pop. per km2)","2016","2016","PER","Persons","0","Units",,,295,,
"MEX46","Victoria","POP_DEN","Population density (pop. per km2)","2000","2000","PER","Persons","0","Units",,,195,,
"MEX46","Victoria","POP_DEN","Population density (pop. per km2)","2005","2005","PER","Persons","0","Units",,,197,,
"MEX46","Victoria","POP_DEN","Population density (pop. per km2)","2010","2010","PER","Persons","0","Units",,,216,,
"MEX46","Victoria","POP_DEN","Population density (pop. per km2)","2015","2015","PER","Persons","0","Units",,,247,,
"CAN15","Saskatoon","T_T","Population, All ages. Administrative data","2000","2000","PER","Persons","0","Units",,,227672,,
"CAN15","Saskatoon","T_T","Population, All ages. Administrative data","2001","2001","PER","Persons","0","Units",,,228055,,
"CAN15","Saskatoon","T_T","Population, All ages. Administrative data","2002","2002","PER","Persons","0","Units",,,229476,,
"CAN15","Saskatoon","T_T","Population, All ages. Administrative data","2003","2003","PER","Persons","0","Units",,,230682,,
"CAN15","Saskatoon","T_T","Population, All ages. Administrative data","2004","2004","PER","Persons","0","Units",,,232612,,
"CAN15","Saskatoon","T_T","Population, All ages. Administrative data","2005","2005","PER","Persons","0","Units",,,233747,,
"CAN15","Saskatoon","T_T","Population, All ages. Administrative data","2006","2006","PER","Persons","0","Units",,,235680,,
"CAN15","Saskatoon","T_T","Population, All ages. Administrative data","2007","2007","PER","Persons","0","Units",,,239111,,
"CAN15","Saskatoon","T_T","Population, All ages. Administrative data","2008","2008","PER","Persons","0","Units",,,244252,,
"CAN15","Saskatoon","T_T","Population, All ages. Administrative data","2009","2009","PER","Persons","0","Units",,,250522,,
"CAN15","Saskatoon","T_T","Population, All ages. Administrative data","2010","2010","PER","Persons","0","Units",,,252349,,
"CAN15","Saskatoon","T_T","Population, All ages. Administrative data","2011","2011","PER","Persons","0","Units",,,254175,,
"CAN15","Saskatoon","T_T","Population, All ages. Administrative data","2012","2012","PER","Persons","0","Units",,,260417,,
"CAN15","Saskatoon","T_T","Population, All ages. Administrative data","2013","2013","PER","Persons","0","Units",,,266659,,
"CAN15","Saskatoon","T_T","Population, All ages. Administrative data","2014","2014","PER","Persons","0","Units",,,272901,,
"CAN15","Saskatoon","T_T","Population, All ages. Administrative data","2015","2015","PER","Persons","0","Units",,,279143,,
"CAN15","Saskatoon","T_T","Population, All ages. Administrative data","2016","2016","PER","Persons","0","Units",,,285385,,
"KOR10","Sebuk","T_T_SH_NAT","Share of population  in metropolitan area over the national value","2001","2001","RATIO","Ratio","0","Units",,,0.9,,
"KOR10","Sebuk","T_T_SH_NAT","Share of population  in metropolitan area over the national value","2002","2002","RATIO","Ratio","0","Units",,,0.9,,
"KOR10","Sebuk","T_T_SH_NAT","Share of population  in metropolitan area over the national value","2003","2003","RATIO","Ratio","0","Units",,,1,,
"KOR10","Sebuk","T_T_SH_NAT","Share of population  in metropolitan area over the national value","2004","2004","RATIO","Ratio","0","Units",,,1,,
"KOR10","Sebuk","T_T_SH_NAT","Share of population  in metropolitan area over the national value","2005","2005","RATIO","Ratio","0","Units",,,1,,
"KOR10","Sebuk","T_T_SH_NAT","Share of population  in metropolitan area over the national value","2006","2006","RATIO","Ratio","0","Units",,,1,,
"KOR10","Sebuk","T_T_SH_NAT","Share of population  in metropolitan area over the national value","2007","2007","RATIO","Ratio","0","Units",,,1.1,,
"KOR10","Sebuk","T_T_SH_NAT","Share of population  in metropolitan area over the national value","2008","2008","RATIO","Ratio","0","Units",,,1.1,,
"KOR10","Sebuk","T_T_SH_NAT","Share of population  in metropolitan area over the national value","2009","2009","RATIO","Ratio","0","Units",,,1.1,,
"KOR10","Sebuk","T_T_SH_NAT","Share of population  in metropolitan area over the national value","2010","2010","RATIO","Ratio","0","Units",,,1.1,,
"KOR10","Sebuk","T_T_SH_NAT","Share of population  in metropolitan area over the national value","2011","2011","RATIO","Ratio","0","Units",,,1.1,,
"KOR10","Sebuk","T_T_SH_NAT","Share of population  in metropolitan area over the national value","2012","2012","RATIO","Ratio","0","Units",,,1.2,,
"KOR10","Sebuk","T_T_SH_NAT","Share of population  in metropolitan area over the national value","2013","2013","RATIO","Ratio","0","Units",,,1.2,,
"KOR10","Sebuk","T_T_SH_NAT","Share of population  in metropolitan area over the national value","2014","2014","RATIO","Ratio","0","Units",,,1.2,,
"KOR10","Sebuk","T_T_SH_NAT","Share of population  in metropolitan area over the national value","2015","2015","RATIO","Ratio","0","Units",,,1.2,,
"KOR10","Sebuk","T_T_SH_NAT","Share of population  in metropolitan area over the national value","2016","2016","RATIO","Ratio","0","Units",,,1.2,,
"COL07","Cucuta","POP_DEN","Population density (pop. per km2)","2000","2000","PER","Persons","0","Units",,,468,,
"COL07","Cucuta","POP_DEN","Population density (pop. per km2)","2001","2001","PER","Persons","0","Units",,,472,,
"COL07","Cucuta","POP_DEN","Population density (pop. per km2)","2002","2002","PER","Persons","0","Units",,,476,,
"COL07","Cucuta","POP_DEN","Population density (pop. per km2)","2003","2003","PER","Persons","0","Units",,,479,,
"COL07","Cucuta","POP_DEN","Population density (pop. per km2)","2004","2004","PER","Persons","0","Units",,,483,,
"COL07","Cucuta","POP_DEN","Population density (pop. per km2)","2005","2005","PER","Persons","0","Units",,,487,,
"COL07","Cucuta","POP_DEN","Population density (pop. per km2)","2006","2006","PER","Persons","0","Units",,,491,,
"COL07","Cucuta","POP_DEN","Population density (pop. per km2)","2007","2007","PER","Persons","0","Units",,,495,,
"COL07","Cucuta","POP_DEN","Population density (pop. per km2)","2008","2008","PER","Persons","0","Units",,,499,,
"COL07","Cucuta","POP_DEN","Population density (pop. per km2)","2009","2009","PER","Persons","0","Units",,,503,,
"COL07","Cucuta","POP_DEN","Population density (pop. per km2)","2010","2010","PER","Persons","0","Units",,,507,,
"COL07","Cucuta","POP_DEN","Population density (pop. per km2)","2011","2011","PER","Persons","0","Units",,,511,,
"COL07","Cucuta","POP_DEN","Population density (pop. per km2)","2012","2012","PER","Persons","0","Units",,,515,,
"COL07","Cucuta","POP_DEN","Population density (pop. per km2)","2013","2013","PER","Persons","0","Units",,,519,,
"COL07","Cucuta","POP_DEN","Population density (pop. per km2)","2014","2014","PER","Persons","0","Units",,,523,,
"COL07","Cucuta","POP_DEN","Population density (pop. per km2)","2015","2015","PER","Persons","0","Units",,,527,,
"COL09","Ibague","T_T","Population, All ages. Administrative data","2000","2000","PER","Persons","0","Units",,,462730,,
"COL09","Ibague","T_T","Population, All ages. Administrative data","2001","2001","PER","Persons","0","Units",,,469770,,
"COL09","Ibague","T_T","Population, All ages. Administrative data","2002","2002","PER","Persons","0","Units",,,476810,,
"COL09","Ibague","T_T","Population, All ages. Administrative data","2003","2003","PER","Persons","0","Units",,,483851,,
"COL09","Ibague","T_T","Population, All ages. Administrative data","2004","2004","PER","Persons","0","Units",,,490891,,
"COL09","Ibague","T_T","Population, All ages. Administrative data","2005","2005","PER","Persons","0","Units",,,497932,,
"COL09","Ibague","T_T","Population, All ages. Administrative data","2006","2006","PER","Persons","0","Units",,,504972,,
"COL09","Ibague","T_T","Population, All ages. Administrative data","2007","2007","PER","Persons","0","Units",,,512012,,
"COL09","Ibague","T_T","Population, All ages. Administrative data","2008","2008","PER","Persons","0","Units",,,519053,,
"COL09","Ibague","T_T","Population, All ages. Administrative data","2009","2009","PER","Persons","0","Units",,,526093,,
"COL09","Ibague","T_T","Population, All ages. Administrative data","2010","2010","PER","Persons","0","Units",,,533134,,
"COL09","Ibague","T_T","Population, All ages. Administrative data","2011","2011","PER","Persons","0","Units",,,540174,,
"COL09","Ibague","T_T","Population, All ages. Administrative data","2012","2012","PER","Persons","0","Units",,,547214,,
"COL09","Ibague","T_T","Population, All ages. Administrative data","2013","2013","PER","Persons","0","Units",,,554255,,
"COL09","Ibague","T_T","Population, All ages. Administrative data","2014","2014","PER","Persons","0","Units",,,561295,,
"COL09","Ibague","T_T","Population, All ages. Administrative data","2015","2015","PER","Persons","0","Units",,,568335,,
"DE057","Giessen","T_T_SH_NAT","Share of population  in metropolitan area over the national value","2001","2001","RATIO","Ratio","0","Units",,,0.3,,
"DE057","Giessen","T_T_SH_NAT","Share of population  in metropolitan area over the national value","2002","2002","RATIO","Ratio","0","Units",,,0.3,,
"DE057","Giessen","T_T_SH_NAT","Share of population  in metropolitan area over the national value","2003","2003","RATIO","Ratio","0","Units",,,0.3,,
"DE057","Giessen","T_T_SH_NAT","Share of population  in metropolitan area over the national value","2004","2004","RATIO","Ratio","0","Units",,,0.3,,
"DE057","Giessen","T_T_SH_NAT","Share of population  in metropolitan area over the national value","2005","2005","RATIO","Ratio","0","Units",,,0.3,,
"DE057","Giessen","T_T_SH_NAT","Share of population  in metropolitan area over the national value","2006","2006","RATIO","Ratio","0","Units",,,0.3,,
"DE057","Giessen","T_T_SH_NAT","Share of population  in metropolitan area over the national value","2007","2007","RATIO","Ratio","0","Units",,,0.3,,
"DE057","Giessen","T_T_SH_NAT","Share of population  in metropolitan area over the national value","2008","2008","RATIO","Ratio","0","Units",,,0.3,,
"DE057","Giessen","T_T_SH_NAT","Share of population  in metropolitan area over the national value","2009","2009","RATIO","Ratio","0","Units",,,0.3,,
"DE057","Giessen","T_T_SH_NAT","Share of population  in metropolitan area over the national value","2010","2010","RATIO","Ratio","0","Units",,,0.3,,
"DE057","Giessen","T_T_SH_NAT","Share of population  in metropolitan area over the national value","2011","2011","RATIO","Ratio","0","Units",,,0.3,,
"DE057","Giessen","T_T_SH_NAT","Share of population  in metropolitan area over the national value","2012","2012","RATIO","Ratio","0","Units",,,0.3,,
"DE057","Giessen","T_T_SH_NAT","Share of population  in metropolitan area over the national value","2013","2013","RATIO","Ratio","0","Units",,,0.3,,
"DE057","Giessen","T_T_SH_NAT","Share of population  in metropolitan area over the national value","2014","2014","RATIO","Ratio","0","Units",,,0.3,,
"DE057","Giessen","T_T_SH_NAT","Share of population  in metropolitan area over the national value","2015","2015","RATIO","Ratio","0","Units",,,0.3,,
"DE057","Giessen","T_T_SH_NAT","Share of population  in metropolitan area over the national value","2016","2016","RATIO","Ratio","0","Units",,,0.3,,
"JPN20","Himeji","T_T","Population, All ages. Administrative data","2000","2000","PER","Persons","0","Units",,,732318,,
"JPN20","Himeji","T_T","Population, All ages. Administrative data","2001","2001","PER","Persons","0","Units",,,731883,,
"JPN20","Himeji","T_T","Population, All ages. Administrative data","2002","2002","PER","Persons","0","Units",,,731447,,
"JPN20","Himeji","T_T","Population, All ages. Administrative data","2003","2003","PER","Persons","0","Units",,,731011,,
"JPN20","Himeji","T_T","Population, All ages. Administrative data","2004","2004","PER","Persons","0","Units",,,730575,,
"JPN20","Himeji","T_T","Population, All ages. Administrative data","2005","2005","PER","Persons","0","Units",,,730140,,
"JPN20","Himeji","T_T","Population, All ages. Administrative data","2006","2006","PER","Persons","0","Units",,,729103,,
"JPN20","Himeji","T_T","Population, All ages. Administrative data","2007","2007","PER","Persons","0","Units",,,728064,,
"JPN20","Himeji","T_T","Population, All ages. Administrative data","2008","2008","PER","Persons","0","Units",,,727028,,
"JPN20","Himeji","T_T","Population, All ages. Administrative data","2009","2009","PER","Persons","0","Units",,,725989,,
"JPN20","Himeji","T_T","Population, All ages. Administrative data","2010","2010","PER","Persons","0","Units",,,724952,,
"JPN20","Himeji","T_T","Population, All ages. Administrative data","2011","2011","PER","Persons","0","Units",,,723598,,
"JPN20","Himeji","T_T","Population, All ages. Administrative data","2012","2012","PER","Persons","0","Units",,,722244,,
"JPN20","Himeji","T_T","Population, All ages. Administrative data","2013","2013","PER","Persons","0","Units",,,720892,,
"JPN20","Himeji","T_T","Population, All ages. Administrative data","2014","2014","PER","Persons","0","Units",,,719538,,
"JPN20","Himeji","T_T","Population, All ages. Administrative data","2015","2015","PER","Persons","0","Units",,,718184,,
"USA97","Knox","T_T_SH_NAT","Share of population  in metropolitan area over the national value","2001","2001","RATIO","Ratio","0","Units",,,0.1,,
"USA97","Knox","T_T_SH_NAT","Share of population  in metropolitan area over the national value","2002","2002","RATIO","Ratio","0","Units",,,0.1,,
"USA97","Knox","T_T_SH_NAT","Share of population  in metropolitan area over the national value","2003","2003","RATIO","Ratio","0","Units",,,0.1,,
"USA97","Knox","T_T_SH_NAT","Share of population  in metropolitan area over the national value","2004","2004","RATIO","Ratio","0","Units",,,0.1,,
"USA97","Knox","T_T_SH_NAT","Share of population  in metropolitan area over the national value","2005","2005","RATIO","Ratio","0","Units",,,0.1,,
"USA97","Knox","T_T_SH_NAT","Share of population  in metropolitan area over the national value","2006","2006","RATIO","Ratio","0","Units",,,0.1,,
"USA97","Knox","T_T_SH_NAT","Share of population  in metropolitan area over the national value","2007","2007","RATIO","Ratio","0","Units",,,0.1,,
"USA97","Knox","T_T_SH_NAT","Share of population  in metropolitan area over the national value","2008","2008","RATIO","Ratio","0","Units",,,0.1,,
"USA97","Knox","T_T_SH_NAT","Share of population  in metropolitan area over the national value","2009","2009","RATIO","Ratio","0","Units",,,0.1,,
"USA97","Knox","T_T_SH_NAT","Share of population  in metropolitan area over the national value","2010","2010","RATIO","Ratio","0","Units",,,0.1,,
"USA97","Knox","T_T_SH_NAT","Share of population  in metropolitan area over the national value","2011","2011","RATIO","Ratio","0","Units",,,0.1,,
"USA97","Knox","T_T_SH_NAT","Share of population  in metropolitan area over the national value","2012","2012","RATIO","Ratio","0","Units",,,0.1,,
"USA97","Knox","T_T_SH_NAT","Share of population  in metropolitan area over the national value","2013","2013","RATIO","Ratio","0","Units",,,0.1,,
"USA97","Knox","T_T_SH_NAT","Share of population  in metropolitan area over the national value","2014","2014","RATIO","Ratio","0","Units",,,0.1,,
"USA97","Knox","T_T_SH_NAT","Share of population  in metropolitan area over the national value","2015","2015","RATIO","Ratio","0","Units",,,0.1,,
"USA97","Knox","T_T_SH_NAT","Share of population  in metropolitan area over the national value","2016","2016","RATIO","Ratio","0","Units",,,0.1,,
"DE083","Braunschweig-Salzgitter Wolfsburg","T_T","Population, All ages. Administrative data","2001","2001","PER","Persons","0","Units",,,1010343,,
"DE083","Braunschweig-Salzgitter Wolfsburg","T_T","Population, All ages. Administrative data","2002","2002","PER","Persons","0","Units",,,1011290,,
"DE083","Braunschweig-Salzgitter Wolfsburg","T_T","Population, All ages. Administrative data","2003","2003","PER","Persons","0","Units",,,1012378,,
"DE083","Braunschweig-Salzgitter Wolfsburg","T_T","Population, All ages. Administrative data","2004","2004","PER","Persons","0","Units",,,1012601,,
"DE083","Braunschweig-Salzgitter Wolfsburg","T_T","Population, All ages. Administrative data","2005","2005","PER","Persons","0","Units",,,1012011,,
"DE083","Braunschweig-Salzgitter Wolfsburg","T_T","Population, All ages. Administrative data","2006","2006","PER","Persons","0","Units",,,1008225,,
"DE083","Braunschweig-Salzgitter Wolfsburg","T_T","Population, All ages. Administrative data","2007","2007","PER","Persons","0","Units",,,1004100,,
"DE083","Braunschweig-Salzgitter Wolfsburg","T_T","Population, All ages. Administrative data","2008","2008","PER","Persons","0","Units",,,999562,,
"DE083","Braunschweig-Salzgitter Wolfsburg","T_T","Population, All ages. Administrative data","2009","2009","PER","Persons","0","Units",,,995823,,
"DE083","Braunschweig-Salzgitter Wolfsburg","T_T","Population, All ages. Administrative data","2010","2010","PER","Persons","0","Units",,,993891,,
"DE083","Braunschweig-Salzgitter Wolfsburg","T_T","Population, All ages. Administrative data","2011","2011","PER","Persons","0","Units",,,975795,,
"DE083","Braunschweig-Salzgitter Wolfsburg","T_T","Population, All ages. Administrative data","2012","2012","PER","Persons","0","Units",,,975618,,
"DE083","Braunschweig-Salzgitter Wolfsburg","T_T","Population, All ages. Administrative data","2013","2013","PER","Persons","0","Units",,,977157,,
"DE083","Braunschweig-Salzgitter Wolfsburg","T_T","Population, All ages. Administrative data","2014","2014","PER","Persons","0","Units",,,979762,,
"DE083","Braunschweig-Salzgitter Wolfsburg","T_T","Population, All ages. Administrative data","2015","2015","PER","Persons","0","Units",,,984515,,
"DE083","Braunschweig-Salzgitter Wolfsburg","T_T","Population, All ages. Administrative data","2016","2016","PER","Persons","0","Units",,,995428,,
"FR024","Limoges","POP_DEN","Population density (pop. per km2)","2000","2000","PER","Persons","0","Units",,,90,,
"FR024","Limoges","POP_DEN","Population density (pop. per km2)","2001","2001","PER","Persons","0","Units",,,91,,
"FR024","Limoges","POP_DEN","Population density (pop. per km2)","2002","2002","PER","Persons","0","Units",,,92,,
"FR024","Limoges","POP_DEN","Population density (pop. per km2)","2003","2003","PER","Persons","0","Units",,,92,,
"FR024","Limoges","POP_DEN","Population density (pop. per km2)","2004","2004","PER","Persons","0","Units",,,93,,
"FR024","Limoges","POP_DEN","Population density (pop. per km2)","2005","2005","PER","Persons","0","Units",,,94,,
"FR024","Limoges","POP_DEN","Population density (pop. per km2)","2006","2006","PER","Persons","0","Units",,,94,,
"FR024","Limoges","POP_DEN","Population density (pop. per km2)","2007","2007","PER","Persons","0","Units",,,95,,
"FR024","Limoges","POP_DEN","Population density (pop. per km2)","2008","2008","PER","Persons","0","Units",,,96,,
"FR024","Limoges","POP_DEN","Population density (pop. per km2)","2009","2009","PER","Persons","0","Units",,,96,,
"FR024","Limoges","POP_DEN","Population density (pop. per km2)","2010","2010","PER","Persons","0","Units",,,96,,
"FR024","Limoges","POP_DEN","Population density (pop. per km2)","2011","2011","PER","Persons","0","Units",,,97,,
"FR024","Limoges","POP_DEN","Population density (pop. per km2)","2012","2012","PER","Persons","0","Units",,,97,,
"FR024","Limoges","POP_DEN","Population density (pop. per km2)","2013","2013","PER","Persons","0","Units",,,97,,
"FR024","Limoges","POP_DEN","Population density (pop. per km2)","2014","2014","PER","Persons","0","Units",,,97,,
"FR024","Limoges","POP_DEN","Population density (pop. per km2)","2015","2015","PER","Persons","0","Units",,,99,,
"USA104","York","POP_DEN","Population density (pop. per km2)","2000","2000","PER","Persons","0","Units",,,162,,
"USA104","York","POP_DEN","Population density (pop. per km2)","2001","2001","PER","Persons","0","Units",,,163,,
"USA104","York","POP_DEN","Population density (pop. per km2)","2002","2002","PER","Persons","0","Units",,,165,,
"USA104","York","POP_DEN","Population density (pop. per km2)","2003","2003","PER","Persons","0","Units",,,167,,
"USA104","York","POP_DEN","Population density (pop. per km2)","2004","2004","PER","Persons","0","Units",,,170,,
"USA104","York","POP_DEN","Population density (pop. per km2)","2005","2005","PER","Persons","0","Units",,,173,,
"USA104","York","POP_DEN","Population density (pop. per km2)","2006","2006","PER","Persons","0","Units",,,177,,
"USA104","York","POP_DEN","Population density (pop. per km2)","2007","2007","PER","Persons","0","Units",,,180,,
"USA104","York","POP_DEN","Population density (pop. per km2)","2008","2008","PER","Persons","0","Units",,,182,,
"USA104","York","POP_DEN","Population density (pop. per km2)","2009","2009","PER","Persons","0","Units",,,183,,
"USA104","York","POP_DEN","Population density (pop. per km2)","2010","2010","PER","Persons","0","Units",,,184,,
"USA104","York","POP_DEN","Population density (pop. per km2)","2011","2011","PER","Persons","0","Units",,,185,,
"USA104","York","POP_DEN","Population density (pop. per km2)","2012","2012","PER","Persons","0","Units",,,185,,
"USA104","York","POP_DEN","Population density (pop. per km2)","2013","2013","PER","Persons","0","Units",,,186,,
"USA104","York","POP_DEN","Population density (pop. per km2)","2014","2014","PER","Persons","0","Units",,,187,,
"USA104","York","POP_DEN","Population density (pop. per km2)","2015","2015","PER","Persons","0","Units",,,187,,
"USA104","York","POP_DEN","Population density (pop. per km2)","2016","2016","PER","Persons","0","Units",,,188,,
"IT011","Venice","POP_DEN","Population density (pop. per km2)","2000","2000","PER","Persons","0","Units",,,765,,
"IT011","Venice","POP_DEN","Population density (pop. per km2)","2001","2001","PER","Persons","0","Units",,,771,,
"IT011","Venice","POP_DEN","Population density (pop. per km2)","2002","2002","PER","Persons","0","Units",,,778,,
"IT011","Venice","POP_DEN","Population density (pop. per km2)","2003","2003","PER","Persons","0","Units",,,784,,
"IT011","Venice","POP_DEN","Population density (pop. per km2)","2004","2004","PER","Persons","0","Units",,,790,,
"IT011","Venice","POP_DEN","Population density (pop. per km2)","2005","2005","PER","Persons","0","Units",,,796,,
"IT011","Venice","POP_DEN","Population density (pop. per km2)","2006","2006","PER","Persons","0","Units",,,802,,
"IT011","Venice","POP_DEN","Population density (pop. per km2)","2007","2007","PER","Persons","0","Units",,,809,,
"IT011","Venice","POP_DEN","Population density (pop. per km2)","2008","2008","PER","Persons","0","Units",,,815,,
"IT011","Venice","POP_DEN","Population density (pop. per km2)","2009","2009","PER","Persons","0","Units",,,821,,
"IT011","Venice","POP_DEN","Population density (pop. per km2)","2010","2010","PER","Persons","0","Units",,,827,,
"IT011","Venice","POP_DEN","Population density (pop. per km2)","2011","2011","PER","Persons","0","Units",,,833,,
"IT011","Venice","POP_DEN","Population density (pop. per km2)","2012","2012","PER","Persons","0","Units",,,840,,
"IT011","Venice","POP_DEN","Population density (pop. per km2)","2013","2013","PER","Persons","0","Units",,,840,,
"IT011","Venice","POP_DEN","Population density (pop. per km2)","2014","2014","PER","Persons","0","Units",,,851,,
"IT011","Venice","POP_DEN","Population density (pop. per km2)","2015","2015","PER","Persons","0","Units",,,852,,
"IT011","Venice","POP_DEN","Population density (pop. per km2)","2016","2016","PER","Persons","0","Units",,,850,,
"USA67","San Joaquin","POP_DEN","Population density (pop. per km2)","2000","2000","PER","Persons","0","Units",,,153,,
"USA67","San Joaquin","POP_DEN","Population density (pop. per km2)","2001","2001","PER","Persons","0","Units",,,160,,
"USA67","San Joaquin","POP_DEN","Population density (pop. per km2)","2002","2002","PER","Persons","0","Units",,,165,,
"USA67","San Joaquin","POP_DEN","Population density (pop. per km2)","2003","2003","PER","Persons","0","Units",,,169,,
"USA67","San Joaquin","POP_DEN","Population density (pop. per km2)","2004","2004","PER","Persons","0","Units",,,174,,
"USA67","San Joaquin","POP_DEN","Population density (pop. per km2)","2005","2005","PER","Persons","0","Units",,,178,,
"USA67","San Joaquin","POP_DEN","Population density (pop. per km2)","2006","2006","PER","Persons","0","Units",,,179,,
"USA67","San Joaquin","POP_DEN","Population density (pop. per km2)","2007","2007","PER","Persons","0","Units",,,181,,
"USA67","San Joaquin","POP_DEN","Population density (pop. per km2)","2008","2008","PER","Persons","0","Units",,,182,,
"USA67","San Joaquin","POP_DEN","Population density (pop. per km2)","2009","2009","PER","Persons","0","Units",,,183,,
"USA67","San Joaquin","POP_DEN","Population density (pop. per km2)","2010","2010","PER","Persons","0","Units",,,186,,
"USA67","San Joaquin","POP_DEN","Population density (pop. per km2)","2011","2011","PER","Persons","0","Units",,,188,,
"USA67","San Joaquin","POP_DEN","Population density (pop. per km2)","2012","2012","PER","Persons","0","Units",,,189,,
"USA67","San Joaquin","POP_DEN","Population density (pop. per km2)","2013","2013","PER","Persons","0","Units",,,190,,
"USA67","San Joaquin","POP_DEN","Population density (pop. per km2)","2014","2014","PER","Persons","0","Units",,,193,,
"USA67","San Joaquin","POP_DEN","Population density (pop. per km2)","2015","2015","PER","Persons","0","Units",,,196,,
"USA67","San Joaquin","POP_DEN","Population density (pop. per km2)","2016","2016","PER","Persons","0","Units",,,198,,
"USA153","Minnehaha","T_T","Population, All ages. Administrative data","2000","2000","PER","Persons","0","Units",,,216332,,
"USA153","Minnehaha","T_T","Population, All ages. Administrative data","2001","2001","PER","Persons","0","Units",,,219654,,
"USA153","Minnehaha","T_T","Population, All ages. Administrative data","2002","2002","PER","Persons","0","Units",,,222315,,
"USA153","Minnehaha","T_T","Population, All ages. Administrative data","2003","2003","PER","Persons","0","Units",,,225618,,
"USA153","Minnehaha","T_T","Population, All ages. Administrative data","2004","2004","PER","Persons","0","Units",,,230035,,
"USA153","Minnehaha","T_T","Population, All ages. Administrative data","2005","2005","PER","Persons","0","Units",,,234344,,
"USA153","Minnehaha","T_T","Population, All ages. Administrative data","2006","2006","PER","Persons","0","Units",,,239219,,
"USA153","Minnehaha","T_T","Population, All ages. Administrative data","2007","2007","PER","Persons","0","Units",,,244637,,
"USA153","Minnehaha","T_T","Population, All ages. Administrative data","2008","2008","PER","Persons","0","Units",,,249530,,
"USA153","Minnehaha","T_T","Population, All ages. Administrative data","2009","2009","PER","Persons","0","Units",,,253571,,
"USA153","Minnehaha","T_T","Population, All ages. Administrative data","2010","2010","PER","Persons","0","Units",,,256842,,
"USA153","Minnehaha","T_T","Population, All ages. Administrative data","2011","2011","PER","Persons","0","Units",,,260081,,
"USA153","Minnehaha","T_T","Population, All ages. Administrative data","2012","2012","PER","Persons","0","Units",,,264650,,
"USA153","Minnehaha","T_T","Population, All ages. Administrative data","2013","2013","PER","Persons","0","Units",,,269795,,
"USA153","Minnehaha","T_T","Population, All ages. Administrative data","2014","2014","PER","Persons","0","Units",,,274174,,
"USA153","Minnehaha","T_T","Population, All ages. Administrative data","2015","2015","PER","Persons","0","Units",,,278136,,
"USA153","Minnehaha","T_T","Population, All ages. Administrative data","2016","2016","PER","Persons","0","Units",,,282129,,
"FI001","Helsinki","T_T","Population, All ages. Administrative data","2000","2000","PER","Persons","0","Units",,,1233477,,
"FI001","Helsinki","T_T","Population, All ages. Administrative data","2001","2001","PER","Persons","0","Units",,,1247397,,
"FI001","Helsinki","T_T","Population, All ages. Administrative data","2002","2002","PER","Persons","0","Units",,,1258413,,
"FI001","Helsinki","T_T","Population, All ages. Administrative data","2003","2003","PER","Persons","0","Units",,,1267787,,
"FI001","Helsinki","T_T","Population, All ages. Administrative data","2004","2004","PER","Persons","0","Units",,,1276684,,
"FI001","Helsinki","T_T","Population, All ages. Administrative data","2005","2005","PER","Persons","0","Units",,,1288612,,
"FI001","Helsinki","T_T","Population, All ages. Administrative data","2006","2006","PER","Persons","0","Units",,,1302831,,
"FI001","Helsinki","T_T","Population, All ages. Administrative data","2007","2007","PER","Persons","0","Units",,,1317999,,
"FI001","Helsinki","T_T","Population, All ages. Administrative data","2008","2008","PER","Persons","0","Units",,,1334906,,
"FI001","Helsinki","T_T","Population, All ages. Administrative data","2009","2009","PER","Persons","0","Units",,,1350328,,
"FI001","Helsinki","T_T","Population, All ages. Administrative data","2010","2010","PER","Persons","0","Units",,,1364382,,
"FI001","Helsinki","T_T","Population, All ages. Administrative data","2011","2011","PER","Persons","0","Units",,,1381256,,
"FI001","Helsinki","T_T","Population, All ages. Administrative data","2012","2012","PER","Persons","0","Units",,,1399137,,
"FI001","Helsinki","T_T","Population, All ages. Administrative data","2013","2013","PER","Persons","0","Units",,,1417377,,
"FI001","Helsinki","T_T","Population, All ages. Administrative data","2014","2014","PER","Persons","0","Units",,,1435405,,
"FI001","Helsinki","T_T","Population, All ages. Administrative data","2015","2015","PER","Persons","0","Units",,,1453078,,
"FI001","Helsinki","T_T","Population, All ages. Administrative data","2016","2016","PER","Persons","0","Units",,,1471930,,
"USA92","Sonoma","T_T_SH_NAT","Share of population  in metropolitan area over the national value","2001","2001","RATIO","Ratio","0","Units",,,0.2,,
"USA92","Sonoma","T_T_SH_NAT","Share of population  in metropolitan area over the national value","2002","2002","RATIO","Ratio","0","Units",,,0.2,,
"USA92","Sonoma","T_T_SH_NAT","Share of population  in metropolitan area over the national value","2003","2003","RATIO","Ratio","0","Units",,,0.2,,
"USA92","Sonoma","T_T_SH_NAT","Share of population  in metropolitan area over the national value","2004","2004","RATIO","Ratio","0","Units",,,0.2,,
"USA92","Sonoma","T_T_SH_NAT","Share of population  in metropolitan area over the national value","2005","2005","RATIO","Ratio","0","Units",,,0.2,,
"USA92","Sonoma","T_T_SH_NAT","Share of population  in metropolitan area over the national value","2006","2006","RATIO","Ratio","0","Units",,,0.2,,
"USA92","Sonoma","T_T_SH_NAT","Share of population  in metropolitan area over the national value","2007","2007","RATIO","Ratio","0","Units",,,0.2,,
"USA92","Sonoma","T_T_SH_NAT","Share of population  in metropolitan area over the national value","2008","2008","RATIO","Ratio","0","Units",,,0.2,,
"USA92","Sonoma","T_T_SH_NAT","Share of population  in metropolitan area over the national value","2009","2009","RATIO","Ratio","0","Units",,,0.2,,
"USA92","Sonoma","T_T_SH_NAT","Share of population  in metropolitan area over the national value","2010","2010","RATIO","Ratio","0","Units",,,0.2,,
"USA92","Sonoma","T_T_SH_NAT","Share of population  in metropolitan area over the national value","2011","2011","RATIO","Ratio","0","Units",,,0.2,,
"USA92","Sonoma","T_T_SH_NAT","Share of population  in metropolitan area over the national value","2012","2012","RATIO","Ratio","0","Units",,,0.2,,
"USA92","Sonoma","T_T_SH_NAT","Share of population  in metropolitan area over the national value","2013","2013","RATIO","Ratio","0","Units",,,0.2,,
"USA92","Sonoma","T_T_SH_NAT","Share of population  in metropolitan area over the national value","2014","2014","RATIO","Ratio","0","Units",,,0.2,,
"USA92","Sonoma","T_T_SH_NAT","Share of population  in metropolitan area over the national value","2015","2015","RATIO","Ratio","0","Units",,,0.2,,
"USA92","Sonoma","T_T_SH_NAT","Share of population  in metropolitan area over the national value","2016","2016","RATIO","Ratio","0","Units",,,0.2,,
"NO004","Stavanger","T_T","Population, All ages. Administrative data","2000","2000","PER","Persons","0","Units",,,256558,,
"NO004","Stavanger","T_T","Population, All ages. Administrative data","2001","2001","PER","Persons","0","Units",,,258127,,
"NO004","Stavanger","T_T","Population, All ages. Administrative data","2002","2002","PER","Persons","0","Units",,,260973,,
"NO004","Stavanger","T_T","Population, All ages. Administrative data","2003","2003","PER","Persons","0","Units",,,264311,,
"NO004","Stavanger","T_T","Population, All ages. Administrative data","2004","2004","PER","Persons","0","Units",,,267527,,
"NO004","Stavanger","T_T","Population, All ages. Administrative data","2005","2005","PER","Persons","0","Units",,,271259,,
"NO004","Stavanger","T_T","Population, All ages. Administrative data","2006","2006","PER","Persons","0","Units",,,275293,,
"NO004","Stavanger","T_T","Population, All ages. Administrative data","2007","2007","PER","Persons","0","Units",,,280956,,
"NO004","Stavanger","T_T","Population, All ages. Administrative data","2008","2008","PER","Persons","0","Units",,,287638,,
"NO004","Stavanger","T_T","Population, All ages. Administrative data","2009","2009","PER","Persons","0","Units",,,293945,,
"NO004","Stavanger","T_T","Population, All ages. Administrative data","2010","2010","PER","Persons","0","Units",,,300108,,
"NO004","Stavanger","T_T","Population, All ages. Administrative data","2011","2011","PER","Persons","0","Units",,,306520,,
"NO004","Stavanger","T_T","Population, All ages. Administrative data","2012","2012","PER","Persons","0","Units",,,312065,,
"NO004","Stavanger","T_T","Population, All ages. Administrative data","2013","2013","PER","Persons","0","Units",,,319294,,
"NO004","Stavanger","T_T","Population, All ages. Administrative data","2014","2014","PER","Persons","0","Units",,,325161,,
"NO004","Stavanger","T_T","Population, All ages. Administrative data","2015","2015","PER","Persons","0","Units",,,330709,,
"NO004","Stavanger","T_T","Population, All ages. Administrative data","2016","2016","PER","Persons","0","Units",,,334062,,
"CAN15","Saskatoon","POP_DEN","Population density (pop. per km2)","2000","2000","PER","Persons","0","Units",,,59,,
"CAN15","Saskatoon","POP_DEN","Population density (pop. per km2)","2001","2001","PER","Persons","0","Units",,,59,,
"CAN15","Saskatoon","POP_DEN","Population density (pop. per km2)","2002","2002","PER","Persons","0","Units",,,60,,
"CAN15","Saskatoon","POP_DEN","Population density (pop. per km2)","2003","2003","PER","Persons","0","Units",,,60,,
"CAN15","Saskatoon","POP_DEN","Population density (pop. per km2)","2004","2004","PER","Persons","0","Units",,,61,,
"CAN15","Saskatoon","POP_DEN","Population density (pop. per km2)","2005","2005","PER","Persons","0","Units",,,61,,
"CAN15","Saskatoon","POP_DEN","Population density (pop. per km2)","2006","2006","PER","Persons","0","Units",,,61,,
"CAN15","Saskatoon","POP_DEN","Population density (pop. per km2)","2007","2007","PER","Persons","0","Units",,,62,,
"CAN15","Saskatoon","POP_DEN","Population density (pop. per km2)","2008","2008","PER","Persons","0","Units",,,64,,
"CAN15","Saskatoon","POP_DEN","Population density (pop. per km2)","2009","2009","PER","Persons","0","Units",,,65,,
"CAN15","Saskatoon","POP_DEN","Population density (pop. per km2)","2010","2010","PER","Persons","0","Units",,,66,,
"CAN15","Saskatoon","POP_DEN","Population density (pop. per km2)","2011","2011","PER","Persons","0","Units",,,66,,
"CAN15","Saskatoon","POP_DEN","Population density (pop. per km2)","2012","2012","PER","Persons","0","Units",,,68,,
"CAN15","Saskatoon","POP_DEN","Population density (pop. per km2)","2013","2013","PER","Persons","0","Units",,,69,,
"CAN15","Saskatoon","POP_DEN","Population density (pop. per km2)","2014","2014","PER","Persons","0","Units",,,71,,
"CAN15","Saskatoon","POP_DEN","Population density (pop. per km2)","2015","2015","PER","Persons","0","Units",,,73,,
"CAN15","Saskatoon","POP_DEN","Population density (pop. per km2)","2016","2016","PER","Persons","0","Units",,,74,,
"PL005","Poznan","POP_DEN","Population density (pop. per km2)","2000","2000","PER","Persons","0","Units",,,294,,
"PL005","Poznan","POP_DEN","Population density (pop. per km2)","2001","2001","PER","Persons","0","Units",,,294,,
"PL005","Poznan","POP_DEN","Population density (pop. per km2)","2002","2002","PER","Persons","0","Units",,,295,,
"PL005","Poznan","POP_DEN","Population density (pop. per km2)","2003","2003","PER","Persons","0","Units",,,296,,
"PL005","Poznan","POP_DEN","Population density (pop. per km2)","2004","2004","PER","Persons","0","Units",,,297,,
"PL005","Poznan","POP_DEN","Population density (pop. per km2)","2005","2005","PER","Persons","0","Units",,,298,,
"PL005","Poznan","POP_DEN","Population density (pop. per km2)","2006","2006","PER","Persons","0","Units",,,300,,
"PL005","Poznan","POP_DEN","Population density (pop. per km2)","2007","2007","PER","Persons","0","Units",,,301,,
"PL005","Poznan","POP_DEN","Population density (pop. per km2)","2008","2008","PER","Persons","0","Units",,,303,,
"PL005","Poznan","POP_DEN","Population density (pop. per km2)","2009","2009","PER","Persons","0","Units",,,304,,
"PL005","Poznan","POP_DEN","Population density (pop. per km2)","2010","2010","PER","Persons","0","Units",,,309,,
"PL005","Poznan","POP_DEN","Population density (pop. per km2)","2011","2011","PER","Persons","0","Units",,,311,,
"PL005","Poznan","POP_DEN","Population density (pop. per km2)","2012","2012","PER","Persons","0","Units",,,312,,
"PL005","Poznan","POP_DEN","Population density (pop. per km2)","2013","2013","PER","Persons","0","Units",,,314,,
"PL005","Poznan","POP_DEN","Population density (pop. per km2)","2014","2014","PER","Persons","0","Units",,,315,,
"PL005","Poznan","POP_DEN","Population density (pop. per km2)","2015","2015","PER","Persons","0","Units",,,317,,
"PL005","Poznan","POP_DEN","Population density (pop. per km2)","2016","2016","PER","Persons","0","Units",,,318,,
"CL020","Concepcion","T_T_SH_NAT","Share of population  in metropolitan area over the national value","2001","2001","RATIO","Ratio","0","Units",,,5.5,,
"CL020","Concepcion","T_T_SH_NAT","Share of population  in metropolitan area over the national value","2002","2002","RATIO","Ratio","0","Units",,,5.6,,
"CL020","Concepcion","T_T_SH_NAT","Share of population  in metropolitan area over the national value","2003","2003","RATIO","Ratio","0","Units",,,5.6,,
"CL020","Concepcion","T_T_SH_NAT","Share of population  in metropolitan area over the national value","2004","2004","RATIO","Ratio","0","Units",,,5.6,,
"CL020","Concepcion","T_T_SH_NAT","Share of population  in metropolitan area over the national value","2005","2005","RATIO","Ratio","0","Units",,,5.6,,
"CL020","Concepcion","T_T_SH_NAT","Share of population  in metropolitan area over the national value","2006","2006","RATIO","Ratio","0","Units",,,5.6,,
"CL020","Concepcion","T_T_SH_NAT","Share of population  in metropolitan area over the national value","2007","2007","RATIO","Ratio","0","Units",,,5.5,,
"CL020","Concepcion","T_T_SH_NAT","Share of population  in metropolitan area over the national value","2008","2008","RATIO","Ratio","0","Units",,,5.5,,
"CL020","Concepcion","T_T_SH_NAT","Share of population  in metropolitan area over the national value","2009","2009","RATIO","Ratio","0","Units",,,5.5,,
"CL020","Concepcion","T_T_SH_NAT","Share of population  in metropolitan area over the national value","2010","2010","RATIO","Ratio","0","Units",,,5.5,,
"CL020","Concepcion","T_T_SH_NAT","Share of population  in metropolitan area over the national value","2011","2011","RATIO","Ratio","0","Units",,,5.5,,
"CL020","Concepcion","T_T_SH_NAT","Share of population  in metropolitan area over the national value","2012","2012","RATIO","Ratio","0","Units",,,5.5,,
"CL020","Concepcion","T_T_SH_NAT","Share of population  in metropolitan area over the national value","2013","2013","RATIO","Ratio","0","Units",,,5.5,,
"CL020","Concepcion","T_T_SH_NAT","Share of population  in metropolitan area over the national value","2014","2014","RATIO","Ratio","0","Units",,,5.5,,
"CL020","Concepcion","T_T_SH_NAT","Share of population  in metropolitan area over the national value","2015","2015","RATIO","Ratio","0","Units",,,5.5,,
"CL020","Concepcion","T_T_SH_NAT","Share of population  in metropolitan area over the national value","2016","2016","RATIO","Ratio","0","Units",,,5.5,,
"DE027","Freiburg im Breisgau","T_T_SH_NAT","Share of population  in metropolitan area over the national value","2001","2001","RATIO","Ratio","0","Units",,,0.7,,
"DE027","Freiburg im Breisgau","T_T_SH_NAT","Share of population  in metropolitan area over the national value","2002","2002","RATIO","Ratio","0","Units",,,0.7,,
"DE027","Freiburg im Breisgau","T_T_SH_NAT","Share of population  in metropolitan area over the national value","2003","2003","RATIO","Ratio","0","Units",,,0.7,,
"DE027","Freiburg im Breisgau","T_T_SH_NAT","Share of population  in metropolitan area over the national value","2004","2004","RATIO","Ratio","0","Units",,,0.7,,
"DE027","Freiburg im Breisgau","T_T_SH_NAT","Share of population  in metropolitan area over the national value","2005","2005","RATIO","Ratio","0","Units",,,0.8,,
"DE027","Freiburg im Breisgau","T_T_SH_NAT","Share of population  in metropolitan area over the national value","2006","2006","RATIO","Ratio","0","Units",,,0.8,,
"DE027","Freiburg im Breisgau","T_T_SH_NAT","Share of population  in metropolitan area over the national value","2007","2007","RATIO","Ratio","0","Units",,,0.8,,
"DE027","Freiburg im Breisgau","T_T_SH_NAT","Share of population  in metropolitan area over the national value","2008","2008","RATIO","Ratio","0","Units",,,0.8,,
"DE027","Freiburg im Breisgau","T_T_SH_NAT","Share of population  in metropolitan area over the national value","2009","2009","RATIO","Ratio","0","Units",,,0.8,,
"DE027","Freiburg im Breisgau","T_T_SH_NAT","Share of population  in metropolitan area over the national value","2010","2010","RATIO","Ratio","0","Units",,,0.8,,
"DE027","Freiburg im Breisgau","T_T_SH_NAT","Share of population  in metropolitan area over the national value","2011","2011","RATIO","Ratio","0","Units",,,0.8,,
"DE027","Freiburg im Breisgau","T_T_SH_NAT","Share of population  in metropolitan area over the national value","2012","2012","RATIO","Ratio","0","Units",,,0.8,,
"DE027","Freiburg im Breisgau","T_T_SH_NAT","Share of population  in metropolitan area over the national value","2013","2013","RATIO","Ratio","0","Units",,,0.8,,
"DE027","Freiburg im Breisgau","T_T_SH_NAT","Share of population  in metropolitan area over the national value","2014","2014","RATIO","Ratio","0","Units",,,0.8,,
"DE027","Freiburg im Breisgau","T_T_SH_NAT","Share of population  in metropolitan area over the national value","2015","2015","RATIO","Ratio","0","Units",,,0.8,,
"DE027","Freiburg im Breisgau","T_T_SH_NAT","Share of population  in metropolitan area over the national value","2016","2016","RATIO","Ratio","0","Units",,,0.8,,
"USA108","Lafayette","T_T","Population, All ages. Administrative data","2000","2000","PER","Persons","0","Units",,,380613,,
"USA108","Lafayette","T_T","Population, All ages. Administrative data","2001","2001","PER","Persons","0","Units",,,381329,,
"USA108","Lafayette","T_T","Population, All ages. Administrative data","2002","2002","PER","Persons","0","Units",,,384144,,
"USA108","Lafayette","T_T","Population, All ages. Administrative data","2003","2003","PER","Persons","0","Units",,,385980,,
"USA108","Lafayette","T_T","Population, All ages. Administrative data","2004","2004","PER","Persons","0","Units",,,388692,,
"USA108","Lafayette","T_T","Population, All ages. Administrative data","2005","2005","PER","Persons","0","Units",,,391723,,
"USA108","Lafayette","T_T","Population, All ages. Administrative data","2006","2006","PER","Persons","0","Units",,,401984,,
"USA108","Lafayette","T_T","Population, All ages. Administrative data","2007","2007","PER","Persons","0","Units",,,404781,,
"USA108","Lafayette","T_T","Population, All ages. Administrative data","2008","2008","PER","Persons","0","Units",,,408901,,
"USA108","Lafayette","T_T","Population, All ages. Administrative data","2009","2009","PER","Persons","0","Units",,,413000,,
"USA108","Lafayette","T_T","Population, All ages. Administrative data","2010","2010","PER","Persons","0","Units",,,416024,,
"USA108","Lafayette","T_T","Population, All ages. Administrative data","2011","2011","PER","Persons","0","Units",,,418793,,
"USA108","Lafayette","T_T","Population, All ages. Administrative data","2012","2012","PER","Persons","0","Units",,,421990,,
"USA108","Lafayette","T_T","Population, All ages. Administrative data","2013","2013","PER","Persons","0","Units",,,427049,,
"USA108","Lafayette","T_T","Population, All ages. Administrative data","2014","2014","PER","Persons","0","Units",,,432347,,
"USA108","Lafayette","T_T","Population, All ages. Administrative data","2015","2015","PER","Persons","0","Units",,,437137,,
"USA108","Lafayette","T_T","Population, All ages. Administrative data","2016","2016","PER","Persons","0","Units",,,439472,,
"JPN10","Naha","T_T","Population, All ages. Administrative data","2000","2000","PER","Persons","0","Units",,,1075797,,
"JPN10","Naha","T_T","Population, All ages. Administrative data","2001","2001","PER","Persons","0","Units",,,1085324,,
"JPN10","Naha","T_T","Population, All ages. Administrative data","2002","2002","PER","Persons","0","Units",,,1094849,,
"JPN10","Naha","T_T","Population, All ages. Administrative data","2003","2003","PER","Persons","0","Units",,,1104376,,
"JPN10","Naha","T_T","Population, All ages. Administrative data","2004","2004","PER","Persons","0","Units",,,1113901,,
"JPN10","Naha","T_T","Population, All ages. Administrative data","2005","2005","PER","Persons","0","Units",,,1123428,,
"JPN10","Naha","T_T","Population, All ages. Administrative data","2006","2006","PER","Persons","0","Units",,,1128842,,
"JPN10","Naha","T_T","Population, All ages. Administrative data","2007","2007","PER","Persons","0","Units",,,1134255,,
"JPN10","Naha","T_T","Population, All ages. Administrative data","2008","2008","PER","Persons","0","Units",,,1139669,,
"JPN10","Naha","T_T","Population, All ages. Administrative data","2009","2009","PER","Persons","0","Units",,,1145082,,
"JPN10","Naha","T_T","Population, All ages. Administrative data","2010","2010","PER","Persons","0","Units",,,1150496,,
"JPN10","Naha","T_T","Population, All ages. Administrative data","2011","2011","PER","Persons","0","Units",,,1157105,,
"JPN10","Naha","T_T","Population, All ages. Administrative data","2012","2012","PER","Persons","0","Units",,,1163713,,
"JPN10","Naha","T_T","Population, All ages. Administrative data","2013","2013","PER","Persons","0","Units",,,1170320,,
"JPN10","Naha","T_T","Population, All ages. Administrative data","2014","2014","PER","Persons","0","Units",,,1176928,,
"JPN10","Naha","T_T","Population, All ages. Administrative data","2015","2015","PER","Persons","0","Units",,,1183537,,
"USA138","Alachua","T_T_SH_NAT","Share of population  in metropolitan area over the national value","2001","2001","RATIO","Ratio","0","Units",,,0.1,,
"USA138","Alachua","T_T_SH_NAT","Share of population  in metropolitan area over the national value","2002","2002","RATIO","Ratio","0","Units",,,0.1,,
"USA138","Alachua","T_T_SH_NAT","Share of population  in metropolitan area over the national value","2003","2003","RATIO","Ratio","0","Units",,,0.1,,
"USA138","Alachua","T_T_SH_NAT","Share of population  in metropolitan area over the national value","2004","2004","RATIO","Ratio","0","Units",,,0.1,,
"USA138","Alachua","T_T_SH_NAT","Share of population  in metropolitan area over the national value","2005","2005","RATIO","Ratio","0","Units",,,0.1,,
"USA138","Alachua","T_T_SH_NAT","Share of population  in metropolitan area over the national value","2006","2006","RATIO","Ratio","0","Units",,,0.1,,
"USA138","Alachua","T_T_SH_NAT","Share of population  in metropolitan area over the national value","2007","2007","RATIO","Ratio","0","Units",,,0.1,,
"USA138","Alachua","T_T_SH_NAT","Share of population  in metropolitan area over the national value","2008","2008","RATIO","Ratio","0","Units",,,0.1,,
"USA138","Alachua","T_T_SH_NAT","Share of population  in metropolitan area over the national value","2009","2009","RATIO","Ratio","0","Units",,,0.1,,
"USA138","Alachua","T_T_SH_NAT","Share of population  in metropolitan area over the national value","2010","2010","RATIO","Ratio","0","Units",,,0.1,,
"USA138","Alachua","T_T_SH_NAT","Share of population  in metropolitan area over the national value","2011","2011","RATIO","Ratio","0","Units",,,0.1,,
"USA138","Alachua","T_T_SH_NAT","Share of population  in metropolitan area over the national value","2012","2012","RATIO","Ratio","0","Units",,,0.1,,
"USA138","Alachua","T_T_SH_NAT","Share of population  in metropolitan area over the national value","2013","2013","RATIO","Ratio","0","Units",,,0.1,,
"USA138","Alachua","T_T_SH_NAT","Share of population  in metropolitan area over the national value","2014","2014","RATIO","Ratio","0","Units",,,0.1,,
"USA138","Alachua","T_T_SH_NAT","Share of population  in metropolitan area over the national value","2015","2015","RATIO","Ratio","0","Units",,,0.1,,
"USA138","Alachua","T_T_SH_NAT","Share of population  in metropolitan area over the national value","2016","2016","RATIO","Ratio","0","Units",,,0.1,,
"MEX16","Culiacan","POP_DEN","Population density (pop. per km2)","2000","2000","PER","Persons","0","Units",,,124,,
"MEX16","Culiacan","POP_DEN","Population density (pop. per km2)","2005","2005","PER","Persons","0","Units",,,120,,
"MEX16","Culiacan","POP_DEN","Population density (pop. per km2)","2010","2010","PER","Persons","0","Units",,,135,,
"MEX16","Culiacan","POP_DEN","Population density (pop. per km2)","2015","2015","PER","Persons","0","Units",,,151,,
"DE061","Aschaffenburg","T_T_SH_NAT","Share of population  in metropolitan area over the national value","2001","2001","RATIO","Ratio","0","Units",,,0.5,,
"DE061","Aschaffenburg","T_T_SH_NAT","Share of population  in metropolitan area over the national value","2002","2002","RATIO","Ratio","0","Units",,,0.5,,
"DE061","Aschaffenburg","T_T_SH_NAT","Share of population  in metropolitan area over the national value","2003","2003","RATIO","Ratio","0","Units",,,0.5,,
"DE061","Aschaffenburg","T_T_SH_NAT","Share of population  in metropolitan area over the national value","2004","2004","RATIO","Ratio","0","Units",,,0.5,,
"DE061","Aschaffenburg","T_T_SH_NAT","Share of population  in metropolitan area over the national value","2005","2005","RATIO","Ratio","0","Units",,,0.5,,
"DE061","Aschaffenburg","T_T_SH_NAT","Share of population  in metropolitan area over the national value","2006","2006","RATIO","Ratio","0","Units",,,0.5,,
"DE061","Aschaffenburg","T_T_SH_NAT","Share of population  in metropolitan area over the national value","2007","2007","RATIO","Ratio","0","Units",,,0.5,,
"DE061","Aschaffenburg","T_T_SH_NAT","Share of population  in metropolitan area over the national value","2008","2008","RATIO","Ratio","0","Units",,,0.5,,
"DE061","Aschaffenburg","T_T_SH_NAT","Share of population  in metropolitan area over the national value","2009","2009","RATIO","Ratio","0","Units",,,0.5,,
"DE061","Aschaffenburg","T_T_SH_NAT","Share of population  in metropolitan area over the national value","2010","2010","RATIO","Ratio","0","Units",,,0.5,,
"DE061","Aschaffenburg","T_T_SH_NAT","Share of population  in metropolitan area over the national value","2011","2011","RATIO","Ratio","0","Units",,,0.5,,
"DE061","Aschaffenburg","T_T_SH_NAT","Share of population  in metropolitan area over the national value","2012","2012","RATIO","Ratio","0","Units",,,0.5,,
"DE061","Aschaffenburg","T_T_SH_NAT","Share of population  in metropolitan area over the national value","2013","2013","RATIO","Ratio","0","Units",,,0.5,,
"DE061","Aschaffenburg","T_T_SH_NAT","Share of population  in metropolitan area over the national value","2014","2014","RATIO","Ratio","0","Units",,,0.5,,
"DE061","Aschaffenburg","T_T_SH_NAT","Share of population  in metropolitan area over the national value","2015","2015","RATIO","Ratio","0","Units",,,0.5,,
"DE061","Aschaffenburg","T_T_SH_NAT","Share of population  in metropolitan area over the national value","2016","2016","RATIO","Ratio","0","Units",,,0.5,,
"PL025","Radom","POP_DEN","Population density (pop. per km2)","2000","2000","PER","Persons","0","Units",,,427,,
"PL025","Radom","POP_DEN","Population density (pop. per km2)","2001","2001","PER","Persons","0","Units",,,427,,
"PL025","Radom","POP_DEN","Population density (pop. per km2)","2002","2002","PER","Persons","0","Units",,,426,,
"PL025","Radom","POP_DEN","Population density (pop. per km2)","2003","2003","PER","Persons","0","Units",,,426,,
"PL025","Radom","POP_DEN","Population density (pop. per km2)","2004","2004","PER","Persons","0","Units",,,426,,
"PL025","Radom","POP_DEN","Population density (pop. per km2)","2005","2005","PER","Persons","0","Units",,,426,,
"PL025","Radom","POP_DEN","Population density (pop. per km2)","2006","2006","PER","Persons","0","Units",,,425,,
"PL025","Radom","POP_DEN","Population density (pop. per km2)","2007","2007","PER","Persons","0","Units",,,425,,
"PL025","Radom","POP_DEN","Population density (pop. per km2)","2008","2008","PER","Persons","0","Units",,,425,,
"PL025","Radom","POP_DEN","Population density (pop. per km2)","2009","2009","PER","Persons","0","Units",,,425,,
"PL025","Radom","POP_DEN","Population density (pop. per km2)","2010","2010","PER","Persons","0","Units",,,424,,
"PL025","Radom","POP_DEN","Population density (pop. per km2)","2011","2011","PER","Persons","0","Units",,,423,,
"PL025","Radom","POP_DEN","Population density (pop. per km2)","2012","2012","PER","Persons","0","Units",,,423,,
"PL025","Radom","POP_DEN","Population density (pop. per km2)","2013","2013","PER","Persons","0","Units",,,422,,
"PL025","Radom","POP_DEN","Population density (pop. per km2)","2014","2014","PER","Persons","0","Units",,,421,,
"PL025","Radom","POP_DEN","Population density (pop. per km2)","2015","2015","PER","Persons","0","Units",,,420,,
"PL025","Radom","POP_DEN","Population density (pop. per km2)","2016","2016","PER","Persons","0","Units",,,419,,
"USA155","Benton (WA)","T_T","Population, All ages. Administrative data","2000","2000","PER","Persons","0","Units",,,192696,,
"USA155","Benton (WA)","T_T","Population, All ages. Administrative data","2001","2001","PER","Persons","0","Units",,,196420,,
"USA155","Benton (WA)","T_T","Population, All ages. Administrative data","2002","2002","PER","Persons","0","Units",,,202688,,
"USA155","Benton (WA)","T_T","Population, All ages. Administrative data","2003","2003","PER","Persons","0","Units",,,209043,,
"USA155","Benton (WA)","T_T","Population, All ages. Administrative data","2004","2004","PER","Persons","0","Units",,,213854,,
"USA155","Benton (WA)","T_T","Population, All ages. Administrative data","2005","2005","PER","Persons","0","Units",,,219086,,
"USA155","Benton (WA)","T_T","Population, All ages. Administrative data","2006","2006","PER","Persons","0","Units",,,224149,,
"USA155","Benton (WA)","T_T","Population, All ages. Administrative data","2007","2007","PER","Persons","0","Units",,,229255,,
"USA155","Benton (WA)","T_T","Population, All ages. Administrative data","2008","2008","PER","Persons","0","Units",,,237348,,
"USA155","Benton (WA)","T_T","Population, All ages. Administrative data","2009","2009","PER","Persons","0","Units",,,245600,,
"USA155","Benton (WA)","T_T","Population, All ages. Administrative data","2010","2010","PER","Persons","0","Units",,,255553,,
"USA155","Benton (WA)","T_T","Population, All ages. Administrative data","2011","2011","PER","Persons","0","Units",,,263522,,
"USA155","Benton (WA)","T_T","Population, All ages. Administrative data","2012","2012","PER","Persons","0","Units",,,268235,,
"USA155","Benton (WA)","T_T","Population, All ages. Administrative data","2013","2013","PER","Persons","0","Units",,,270980,,
"USA155","Benton (WA)","T_T","Population, All ages. Administrative data","2014","2014","PER","Persons","0","Units",,,274207,,
"USA155","Benton (WA)","T_T","Population, All ages. Administrative data","2015","2015","PER","Persons","0","Units",,,278980,,
"USA155","Benton (WA)","T_T","Population, All ages. Administrative data","2016","2016","PER","Persons","0","Units",,,283799,,
"USA170","Benton (AR)","POP_DEN","Population density (pop. per km2)","2000","2000","PER","Persons","0","Units",,,67,,
"USA170","Benton (AR)","POP_DEN","Population density (pop. per km2)","2001","2001","PER","Persons","0","Units",,,69,,
"USA170","Benton (AR)","POP_DEN","Population density (pop. per km2)","2002","2002","PER","Persons","0","Units",,,72,,
"USA170","Benton (AR)","POP_DEN","Population density (pop. per km2)","2003","2003","PER","Persons","0","Units",,,75,,
"USA170","Benton (AR)","POP_DEN","Population density (pop. per km2)","2004","2004","PER","Persons","0","Units",,,78,,
"USA170","Benton (AR)","POP_DEN","Population density (pop. per km2)","2005","2005","PER","Persons","0","Units",,,81,,
"USA170","Benton (AR)","POP_DEN","Population density (pop. per km2)","2006","2006","PER","Persons","0","Units",,,85,,
"USA170","Benton (AR)","POP_DEN","Population density (pop. per km2)","2007","2007","PER","Persons","0","Units",,,89,,
"USA170","Benton (AR)","POP_DEN","Population density (pop. per km2)","2008","2008","PER","Persons","0","Units",,,92,,
"USA170","Benton (AR)","POP_DEN","Population density (pop. per km2)","2009","2009","PER","Persons","0","Units",,,94,,
"USA170","Benton (AR)","POP_DEN","Population density (pop. per km2)","2010","2010","PER","Persons","0","Units",,,97,,
"USA170","Benton (AR)","POP_DEN","Population density (pop. per km2)","2011","2011","PER","Persons","0","Units",,,100,,
"USA170","Benton (AR)","POP_DEN","Population density (pop. per km2)","2012","2012","PER","Persons","0","Units",,,102,,
"USA170","Benton (AR)","POP_DEN","Population density (pop. per km2)","2013","2013","PER","Persons","0","Units",,,104,,
"USA170","Benton (AR)","POP_DEN","Population density (pop. per km2)","2014","2014","PER","Persons","0","Units",,,106,,
"USA170","Benton (AR)","POP_DEN","Population density (pop. per km2)","2015","2015","PER","Persons","0","Units",,,109,,
"USA170","Benton (AR)","POP_DEN","Population density (pop. per km2)","2016","2016","PER","Persons","0","Units",,,113,,
"USA99","Mahoning","T_T_SH_NAT","Share of population  in metropolitan area over the national value","2001","2001","RATIO","Ratio","0","Units",,,0.2,,
"USA99","Mahoning","T_T_SH_NAT","Share of population  in metropolitan area over the national value","2002","2002","RATIO","Ratio","0","Units",,,0.2,,
"USA99","Mahoning","T_T_SH_NAT","Share of population  in metropolitan area over the national value","2003","2003","RATIO","Ratio","0","Units",,,0.2,,
"USA99","Mahoning","T_T_SH_NAT","Share of population  in metropolitan area over the national value","2004","2004","RATIO","Ratio","0","Units",,,0.2,,
"USA99","Mahoning","T_T_SH_NAT","Share of population  in metropolitan area over the national value","2005","2005","RATIO","Ratio","0","Units",,,0.2,,
"USA99","Mahoning","T_T_SH_NAT","Share of population  in metropolitan area over the national value","2006","2006","RATIO","Ratio","0","Units",,,0.1,,
"USA99","Mahoning","T_T_SH_NAT","Share of population  in metropolitan area over the national value","2007","2007","RATIO","Ratio","0","Units",,,0.1,,
"USA99","Mahoning","T_T_SH_NAT","Share of population  in metropolitan area over the national value","2008","2008","RATIO","Ratio","0","Units",,,0.1,,
"USA99","Mahoning","T_T_SH_NAT","Share of population  in metropolitan area over the national value","2009","2009","RATIO","Ratio","0","Units",,,0.1,,
"USA99","Mahoning","T_T_SH_NAT","Share of population  in metropolitan area over the national value","2010","2010","RATIO","Ratio","0","Units",,,0.1,,
"USA99","Mahoning","T_T_SH_NAT","Share of population  in metropolitan area over the national value","2011","2011","RATIO","Ratio","0","Units",,,0.1,,
"USA99","Mahoning","T_T_SH_NAT","Share of population  in metropolitan area over the national value","2012","2012","RATIO","Ratio","0","Units",,,0.1,,
"USA99","Mahoning","T_T_SH_NAT","Share of population  in metropolitan area over the national value","2013","2013","RATIO","Ratio","0","Units",,,0.1,,
"USA99","Mahoning","T_T_SH_NAT","Share of population  in metropolitan area over the national value","2014","2014","RATIO","Ratio","0","Units",,,0.1,,
"USA99","Mahoning","T_T_SH_NAT","Share of population  in metropolitan area over the national value","2015","2015","RATIO","Ratio","0","Units",,,0.1,,
"USA99","Mahoning","T_T_SH_NAT","Share of population  in metropolitan area over the national value","2016","2016","RATIO","Ratio","0","Units",,,0.1,,
"USA69","Charleston","POP_DEN","Population density (pop. per km2)","2000","2000","PER","Persons","0","Units",,,75,,
"USA69","Charleston","POP_DEN","Population density (pop. per km2)","2001","2001","PER","Persons","0","Units",,,75,,
"USA69","Charleston","POP_DEN","Population density (pop. per km2)","2002","2002","PER","Persons","0","Units",,,77,,
"USA69","Charleston","POP_DEN","Population density (pop. per km2)","2003","2003","PER","Persons","0","Units",,,78,,
"USA69","Charleston","POP_DEN","Population density (pop. per km2)","2004","2004","PER","Persons","0","Units",,,79,,
"USA69","Charleston","POP_DEN","Population density (pop. per km2)","2005","2005","PER","Persons","0","Units",,,81,,
"USA69","Charleston","POP_DEN","Population density (pop. per km2)","2006","2006","PER","Persons","0","Units",,,83,,
"USA69","Charleston","POP_DEN","Population density (pop. per km2)","2007","2007","PER","Persons","0","Units",,,85,,
"USA69","Charleston","POP_DEN","Population density (pop. per km2)","2008","2008","PER","Persons","0","Units",,,87,,
"USA69","Charleston","POP_DEN","Population density (pop. per km2)","2009","2009","PER","Persons","0","Units",,,89,,
"USA69","Charleston","POP_DEN","Population density (pop. per km2)","2010","2010","PER","Persons","0","Units",,,90,,
"USA69","Charleston","POP_DEN","Population density (pop. per km2)","2011","2011","PER","Persons","0","Units",,,92,,
"USA69","Charleston","POP_DEN","Population density (pop. per km2)","2012","2012","PER","Persons","0","Units",,,94,,
"USA69","Charleston","POP_DEN","Population density (pop. per km2)","2013","2013","PER","Persons","0","Units",,,96,,
"USA69","Charleston","POP_DEN","Population density (pop. per km2)","2014","2014","PER","Persons","0","Units",,,98,,
"USA69","Charleston","POP_DEN","Population density (pop. per km2)","2015","2015","PER","Persons","0","Units",,,101,,
"USA69","Charleston","POP_DEN","Population density (pop. per km2)","2016","2016","PER","Persons","0","Units",,,103,,
"DE009","Dresden","T_T_SH_NAT","Share of population  in metropolitan area over the national value","2001","2001","RATIO","Ratio","0","Units",,,1.7,,
"DE009","Dresden","T_T_SH_NAT","Share of population  in metropolitan area over the national value","2002","2002","RATIO","Ratio","0","Units",,,1.7,,
"DE009","Dresden","T_T_SH_NAT","Share of population  in metropolitan area over the national value","2003","2003","RATIO","Ratio","0","Units",,,1.7,,
"DE009","Dresden","T_T_SH_NAT","Share of population  in metropolitan area over the national value","2004","2004","RATIO","Ratio","0","Units",,,1.7,,
"DE009","Dresden","T_T_SH_NAT","Share of population  in metropolitan area over the national value","2005","2005","RATIO","Ratio","0","Units",,,1.7,,
"DE009","Dresden","T_T_SH_NAT","Share of population  in metropolitan area over the national value","2006","2006","RATIO","Ratio","0","Units",,,1.7,,
"DE009","Dresden","T_T_SH_NAT","Share of population  in metropolitan area over the national value","2007","2007","RATIO","Ratio","0","Units",,,1.7,,
"DE009","Dresden","T_T_SH_NAT","Share of population  in metropolitan area over the national value","2008","2008","RATIO","Ratio","0","Units",,,1.7,,
"DE009","Dresden","T_T_SH_NAT","Share of population  in metropolitan area over the national value","2009","2009","RATIO","Ratio","0","Units",,,1.7,,
"DE009","Dresden","T_T_SH_NAT","Share of population  in metropolitan area over the national value","2010","2010","RATIO","Ratio","0","Units",,,1.7,,
"DE009","Dresden","T_T_SH_NAT","Share of population  in metropolitan area over the national value","2011","2011","RATIO","Ratio","0","Units",,,1.7,,
"DE009","Dresden","T_T_SH_NAT","Share of population  in metropolitan area over the national value","2012","2012","RATIO","Ratio","0","Units",,,1.7,,
"DE009","Dresden","T_T_SH_NAT","Share of population  in metropolitan area over the national value","2013","2013","RATIO","Ratio","0","Units",,,1.7,,
"DE009","Dresden","T_T_SH_NAT","Share of population  in metropolitan area over the national value","2014","2014","RATIO","Ratio","0","Units",,,1.7,,
"DE009","Dresden","T_T_SH_NAT","Share of population  in metropolitan area over the national value","2015","2015","RATIO","Ratio","0","Units",,,1.6,,
"DE009","Dresden","T_T_SH_NAT","Share of population  in metropolitan area over the national value","2016","2016","RATIO","Ratio","0","Units",,,1.6,,
"NL004","Utrecht","POP_DEN","Population density (pop. per km2)","2000","2000","PER","Persons","0","Units",,,780,,
"NL004","Utrecht","POP_DEN","Population density (pop. per km2)","2001","2001","PER","Persons","0","Units",,,787,,
"NL004","Utrecht","POP_DEN","Population density (pop. per km2)","2002","2002","PER","Persons","0","Units",,,795,,
"NL004","Utrecht","POP_DEN","Population density (pop. per km2)","2003","2003","PER","Persons","0","Units",,,803,,
"NL004","Utrecht","POP_DEN","Population density (pop. per km2)","2004","2004","PER","Persons","0","Units",,,811,,
"NL004","Utrecht","POP_DEN","Population density (pop. per km2)","2005","2005","PER","Persons","0","Units",,,819,,
"NL004","Utrecht","POP_DEN","Population density (pop. per km2)","2006","2006","PER","Persons","0","Units",,,826,,
"NL004","Utrecht","POP_DEN","Population density (pop. per km2)","2007","2007","PER","Persons","0","Units",,,834,,
"NL004","Utrecht","POP_DEN","Population density (pop. per km2)","2008","2008","PER","Persons","0","Units",,,842,,
"NL004","Utrecht","POP_DEN","Population density (pop. per km2)","2009","2009","PER","Persons","0","Units",,,850,,
"NL004","Utrecht","POP_DEN","Population density (pop. per km2)","2010","2010","PER","Persons","0","Units",,,857,,
"NL004","Utrecht","POP_DEN","Population density (pop. per km2)","2011","2011","PER","Persons","0","Units",,,865,,
"NL004","Utrecht","POP_DEN","Population density (pop. per km2)","2012","2012","PER","Persons","0","Units",,,871,,
"NL004","Utrecht","POP_DEN","Population density (pop. per km2)","2013","2013","PER","Persons","0","Units",,,878,,
"NL004","Utrecht","POP_DEN","Population density (pop. per km2)","2014","2014","PER","Persons","0","Units",,,884,,
"NL004","Utrecht","POP_DEN","Population density (pop. per km2)","2015","2015","PER","Persons","0","Units",,,892,,
"NL004","Utrecht","POP_DEN","Population density (pop. per km2)","2016","2016","PER","Persons","0","Units",,,900,,
"JPN06","Sendai","T_T_SH_NAT","Share of population  in metropolitan area over the national value","2001","2001","RATIO","Ratio","0","Units",,,1.1,,
"JPN06","Sendai","T_T_SH_NAT","Share of population  in metropolitan area over the national value","2002","2002","RATIO","Ratio","0","Units",,,1.1,,
"JPN06","Sendai","T_T_SH_NAT","Share of population  in metropolitan area over the national value","2003","2003","RATIO","Ratio","0","Units",,,1.1,,
"JPN06","Sendai","T_T_SH_NAT","Share of population  in metropolitan area over the national value","2004","2004","RATIO","Ratio","0","Units",,,1.1,,
"JPN06","Sendai","T_T_SH_NAT","Share of population  in metropolitan area over the national value","2005","2005","RATIO","Ratio","0","Units",,,1.1,,
"JPN06","Sendai","T_T_SH_NAT","Share of population  in metropolitan area over the national value","2006","2006","RATIO","Ratio","0","Units",,,1.1,,
"JPN06","Sendai","T_T_SH_NAT","Share of population  in metropolitan area over the national value","2007","2007","RATIO","Ratio","0","Units",,,1.1,,
"JPN06","Sendai","T_T_SH_NAT","Share of population  in metropolitan area over the national value","2008","2008","RATIO","Ratio","0","Units",,,1.1,,
"JPN06","Sendai","T_T_SH_NAT","Share of population  in metropolitan area over the national value","2009","2009","RATIO","Ratio","0","Units",,,1.1,,
"JPN06","Sendai","T_T_SH_NAT","Share of population  in metropolitan area over the national value","2010","2010","RATIO","Ratio","0","Units",,,1.1,,
"JPN06","Sendai","T_T_SH_NAT","Share of population  in metropolitan area over the national value","2011","2011","RATIO","Ratio","0","Units",,,1.1,,
"JPN06","Sendai","T_T_SH_NAT","Share of population  in metropolitan area over the national value","2012","2012","RATIO","Ratio","0","Units",,,1.2,,
"JPN06","Sendai","T_T_SH_NAT","Share of population  in metropolitan area over the national value","2013","2013","RATIO","Ratio","0","Units",,,1.2,,
"JPN06","Sendai","T_T_SH_NAT","Share of population  in metropolitan area over the national value","2014","2014","RATIO","Ratio","0","Units",,,1.2,,
"JPN06","Sendai","T_T_SH_NAT","Share of population  in metropolitan area over the national value","2015","2015","RATIO","Ratio","0","Units",,,1.2,,
"IT001","Rome","T_T","Population, All ages. Administrative data","2000","2000","PER","Persons","0","Units",,,3783563,,
"IT001","Rome","T_T","Population, All ages. Administrative data","2001","2001","PER","Persons","0","Units",,,3806897,,
"IT001","Rome","T_T","Population, All ages. Administrative data","2002","2002","PER","Persons","0","Units",,,3830231,,
"IT001","Rome","T_T","Population, All ages. Administrative data","2003","2003","PER","Persons","0","Units",,,3853566,,
"IT001","Rome","T_T","Population, All ages. Administrative data","2004","2004","PER","Persons","0","Units",,,3876900,,
"IT001","Rome","T_T","Population, All ages. Administrative data","2005","2005","PER","Persons","0","Units",,,3900236,,
"IT001","Rome","T_T","Population, All ages. Administrative data","2006","2006","PER","Persons","0","Units",,,3923569,,
"IT001","Rome","T_T","Population, All ages. Administrative data","2007","2007","PER","Persons","0","Units",,,3946905,,
"IT001","Rome","T_T","Population, All ages. Administrative data","2008","2008","PER","Persons","0","Units",,,3970239,,
"IT001","Rome","T_T","Population, All ages. Administrative data","2009","2009","PER","Persons","0","Units",,,3993574,,
"IT001","Rome","T_T","Population, All ages. Administrative data","2010","2010","PER","Persons","0","Units",,,4016908,,
"IT001","Rome","T_T","Population, All ages. Administrative data","2011","2011","PER","Persons","0","Units",,,4040243,,
"IT001","Rome","T_T","Population, All ages. Administrative data","2012","2012","PER","Persons","0","Units",,,4063577,,
"IT001","Rome","T_T","Population, All ages. Administrative data","2013","2013","PER","Persons","0","Units",,,4110252,,
"IT001","Rome","T_T","Population, All ages. Administrative data","2014","2014","PER","Persons","0","Units",,,4394362,,
"IT001","Rome","T_T","Population, All ages. Administrative data","2015","2015","PER","Persons","0","Units",,,4415586,,
"IT001","Rome","T_T","Population, All ages. Administrative data","2016","2016","PER","Persons","0","Units",,,4414288,,
"CH005","Lausanne","POP_DEN","Population density (pop. per km2)","2000","2000","PER","Persons","0","Units",,,412,,
"CH005","Lausanne","POP_DEN","Population density (pop. per km2)","2001","2001","PER","Persons","0","Units",,,419,,
"CH005","Lausanne","POP_DEN","Population density (pop. per km2)","2002","2002","PER","Persons","0","Units",,,427,,
"CH005","Lausanne","POP_DEN","Population density (pop. per km2)","2003","2003","PER","Persons","0","Units",,,434,,
"CH005","Lausanne","POP_DEN","Population density (pop. per km2)","2004","2004","PER","Persons","0","Units",,,442,,
"CH005","Lausanne","POP_DEN","Population density (pop. per km2)","2005","2005","PER","Persons","0","Units",,,449,,
"CH005","Lausanne","POP_DEN","Population density (pop. per km2)","2006","2006","PER","Persons","0","Units",,,457,,
"CH005","Lausanne","POP_DEN","Population density (pop. per km2)","2007","2007","PER","Persons","0","Units",,,464,,
"CH005","Lausanne","POP_DEN","Population density (pop. per km2)","2008","2008","PER","Persons","0","Units",,,472,,
"CH005","Lausanne","POP_DEN","Population density (pop. per km2)","2009","2009","PER","Persons","0","Units",,,479,,
"CH005","Lausanne","POP_DEN","Population density (pop. per km2)","2010","2010","PER","Persons","0","Units",,,487,,
"CH005","Lausanne","POP_DEN","Population density (pop. per km2)","2011","2011","PER","Persons","0","Units",,,495,,
"CH005","Lausanne","POP_DEN","Population density (pop. per km2)","2012","2012","PER","Persons","0","Units",,,500,,
"CH005","Lausanne","POP_DEN","Population density (pop. per km2)","2013","2013","PER","Persons","0","Units",,,510,,
"CH005","Lausanne","POP_DEN","Population density (pop. per km2)","2014","2014","PER","Persons","0","Units",,,517,,
"CH005","Lausanne","POP_DEN","Population density (pop. per km2)","2015","2015","PER","Persons","0","Units",,,525,,
"CH005","Lausanne","POP_DEN","Population density (pop. per km2)","2016","2016","PER","Persons","0","Units",,,533,,
"NL010","Heerlen","T_T_SH_NAT","Share of population  in metropolitan area over the national value","2001","2001","RATIO","Ratio","0","Units",,,2,,
"NL010","Heerlen","T_T_SH_NAT","Share of population  in metropolitan area over the national value","2002","2002","RATIO","Ratio","0","Units",,,1.9,,
"NL010","Heerlen","T_T_SH_NAT","Share of population  in metropolitan area over the national value","2003","2003","RATIO","Ratio","0","Units",,,1.9,,
"NL010","Heerlen","T_T_SH_NAT","Share of population  in metropolitan area over the national value","2004","2004","RATIO","Ratio","0","Units",,,1.9,,
"NL010","Heerlen","T_T_SH_NAT","Share of population  in metropolitan area over the national value","2005","2005","RATIO","Ratio","0","Units",,,1.8,,
"NL010","Heerlen","T_T_SH_NAT","Share of population  in metropolitan area over the national value","2006","2006","RATIO","Ratio","0","Units",,,1.8,,
"NL010","Heerlen","T_T_SH_NAT","Share of population  in metropolitan area over the national value","2007","2007","RATIO","Ratio","0","Units",,,1.8,,
"NL010","Heerlen","T_T_SH_NAT","Share of population  in metropolitan area over the national value","2008","2008","RATIO","Ratio","0","Units",,,1.8,,
"NL010","Heerlen","T_T_SH_NAT","Share of population  in metropolitan area over the national value","2009","2009","RATIO","Ratio","0","Units",,,1.8,,
"NL010","Heerlen","T_T_SH_NAT","Share of population  in metropolitan area over the national value","2010","2010","RATIO","Ratio","0","Units",,,1.8,,
"NL010","Heerlen","T_T_SH_NAT","Share of population  in metropolitan area over the national value","2011","2011","RATIO","Ratio","0","Units",,,1.7,,
"NL010","Heerlen","T_T_SH_NAT","Share of population  in metropolitan area over the national value","2012","2012","RATIO","Ratio","0","Units",,,1.7,,
"NL010","Heerlen","T_T_SH_NAT","Share of population  in metropolitan area over the national value","2013","2013","RATIO","Ratio","0","Units",,,1.7,,
"NL010","Heerlen","T_T_SH_NAT","Share of population  in metropolitan area over the national value","2014","2014","RATIO","Ratio","0","Units",,,1.7,,
"NL010","Heerlen","T_T_SH_NAT","Share of population  in metropolitan area over the national value","2015","2015","RATIO","Ratio","0","Units",,,1.7,,
"NL010","Heerlen","T_T_SH_NAT","Share of population  in metropolitan area over the national value","2016","2016","RATIO","Ratio","0","Units",,,1.7,,
"USA67","San Joaquin","T_T","Population, All ages. Administrative data","2000","2000","PER","Persons","0","Units",,,567885,,
"USA67","San Joaquin","T_T","Population, All ages. Administrative data","2001","2001","PER","Persons","0","Units",,,591207,,
"USA67","San Joaquin","T_T","Population, All ages. Administrative data","2002","2002","PER","Persons","0","Units",,,609041,,
"USA67","San Joaquin","T_T","Population, All ages. Administrative data","2003","2003","PER","Persons","0","Units",,,626778,,
"USA67","San Joaquin","T_T","Population, All ages. Administrative data","2004","2004","PER","Persons","0","Units",,,642898,,
"USA67","San Joaquin","T_T","Population, All ages. Administrative data","2005","2005","PER","Persons","0","Units",,,656985,,
"USA67","San Joaquin","T_T","Population, All ages. Administrative data","2006","2006","PER","Persons","0","Units",,,662812,,
"USA67","San Joaquin","T_T","Population, All ages. Administrative data","2007","2007","PER","Persons","0","Units",,,668080,,
"USA67","San Joaquin","T_T","Population, All ages. Administrative data","2008","2008","PER","Persons","0","Units",,,671692,,
"USA67","San Joaquin","T_T","Population, All ages. Administrative data","2009","2009","PER","Persons","0","Units",,,677736,,
"USA67","San Joaquin","T_T","Population, All ages. Administrative data","2010","2010","PER","Persons","0","Units",,,687291,,
"USA67","San Joaquin","T_T","Population, All ages. Administrative data","2011","2011","PER","Persons","0","Units",,,695071,,
"USA67","San Joaquin","T_T","Population, All ages. Administrative data","2012","2012","PER","Persons","0","Units",,,700958,,
"USA67","San Joaquin","T_T","Population, All ages. Administrative data","2013","2013","PER","Persons","0","Units",,,703747,,
"USA67","San Joaquin","T_T","Population, All ages. Administrative data","2014","2014","PER","Persons","0","Units",,,713452,,
"USA67","San Joaquin","T_T","Population, All ages. Administrative data","2015","2015","PER","Persons","0","Units",,,723846,,
"USA67","San Joaquin","T_T","Population, All ages. Administrative data","2016","2016","PER","Persons","0","Units",,,734294,,
"FR045","Pau","T_T","Population, All ages. Administrative data","2000","2000","PER","Persons","0","Units",,,244861,,
"FR045","Pau","T_T","Population, All ages. Administrative data","2001","2001","PER","Persons","0","Units",,,247123,,
"FR045","Pau","T_T","Population, All ages. Administrative data","2002","2002","PER","Persons","0","Units",,,249382,,
"FR045","Pau","T_T","Population, All ages. Administrative data","2003","2003","PER","Persons","0","Units",,,251643,,
"FR045","Pau","T_T","Population, All ages. Administrative data","2004","2004","PER","Persons","0","Units",,,253904,,
"FR045","Pau","T_T","Population, All ages. Administrative data","2005","2005","PER","Persons","0","Units",,,256164,,
"FR045","Pau","T_T","Population, All ages. Administrative data","2006","2006","PER","Persons","0","Units",,,258425,,
"FR045","Pau","T_T","Population, All ages. Administrative data","2007","2007","PER","Persons","0","Units",,,260684,,
"FR045","Pau","T_T","Population, All ages. Administrative data","2008","2008","PER","Persons","0","Units",,,262946,,
"FR045","Pau","T_T","Population, All ages. Administrative data","2009","2009","PER","Persons","0","Units",,,265206,,
"FR045","Pau","T_T","Population, All ages. Administrative data","2010","2010","PER","Persons","0","Units",,,265831,,
"FR045","Pau","T_T","Population, All ages. Administrative data","2011","2011","PER","Persons","0","Units",,,266455,,
"FR045","Pau","T_T","Population, All ages. Administrative data","2012","2012","PER","Persons","0","Units",,,267078,,
"FR045","Pau","T_T","Population, All ages. Administrative data","2013","2013","PER","Persons","0","Units",,,267702,,
"FR045","Pau","T_T","Population, All ages. Administrative data","2014","2014","PER","Persons","0","Units",,,268327,,
"FR045","Pau","T_T","Population, All ages. Administrative data","2015","2015","PER","Persons","0","Units",,,277137,,
"DE542","Hildesheim","POP_DEN","Population density (pop. per km2)","2001","2001","PER","Persons","0","Units",,,244,,
"DE542","Hildesheim","POP_DEN","Population density (pop. per km2)","2002","2002","PER","Persons","0","Units",,,244,,
"DE542","Hildesheim","POP_DEN","Population density (pop. per km2)","2003","2003","PER","Persons","0","Units",,,244,,
"DE542","Hildesheim","POP_DEN","Population density (pop. per km2)","2004","2004","PER","Persons","0","Units",,,243,,
"DE542","Hildesheim","POP_DEN","Population density (pop. per km2)","2005","2005","PER","Persons","0","Units",,,243,,
"DE542","Hildesheim","POP_DEN","Population density (pop. per km2)","2006","2006","PER","Persons","0","Units",,,242,,
"DE542","Hildesheim","POP_DEN","Population density (pop. per km2)","2007","2007","PER","Persons","0","Units",,,241,,
"DE542","Hildesheim","POP_DEN","Population density (pop. per km2)","2008","2008","PER","Persons","0","Units",,,240,,
"DE542","Hildesheim","POP_DEN","Population density (pop. per km2)","2009","2009","PER","Persons","0","Units",,,239,,
"DE542","Hildesheim","POP_DEN","Population density (pop. per km2)","2010","2010","PER","Persons","0","Units",,,237,,
"DE542","Hildesheim","POP_DEN","Population density (pop. per km2)","2011","2011","PER","Persons","0","Units",,,232,,
"DE542","Hildesheim","POP_DEN","Population density (pop. per km2)","2012","2012","PER","Persons","0","Units",,,230,,
"DE542","Hildesheim","POP_DEN","Population density (pop. per km2)","2013","2013","PER","Persons","0","Units",,,229,,
"DE542","Hildesheim","POP_DEN","Population density (pop. per km2)","2014","2014","PER","Persons","0","Units",,,229,,
"DE542","Hildesheim","POP_DEN","Population density (pop. per km2)","2015","2015","PER","Persons","0","Units",,,229,,
"DE542","Hildesheim","POP_DEN","Population density (pop. per km2)","2016","2016","PER","Persons","0","Units",,,231,,
"USA106","Jefferson (TX)","T_T_SH_NAT","Share of population  in metropolitan area over the national value","2001","2001","RATIO","Ratio","0","Units",,,0.1,,
"USA106","Jefferson (TX)","T_T_SH_NAT","Share of population  in metropolitan area over the national value","2002","2002","RATIO","Ratio","0","Units",,,0.1,,
"USA106","Jefferson (TX)","T_T_SH_NAT","Share of population  in metropolitan area over the national value","2003","2003","RATIO","Ratio","0","Units",,,0.1,,
"USA106","Jefferson (TX)","T_T_SH_NAT","Share of population  in metropolitan area over the national value","2004","2004","RATIO","Ratio","0","Units",,,0.1,,
"USA106","Jefferson (TX)","T_T_SH_NAT","Share of population  in metropolitan area over the national value","2005","2005","RATIO","Ratio","0","Units",,,0.1,,
"USA106","Jefferson (TX)","T_T_SH_NAT","Share of population  in metropolitan area over the national value","2006","2006","RATIO","Ratio","0","Units",,,0.1,,
"USA106","Jefferson (TX)","T_T_SH_NAT","Share of population  in metropolitan area over the national value","2007","2007","RATIO","Ratio","0","Units",,,0.1,,
"USA106","Jefferson (TX)","T_T_SH_NAT","Share of population  in metropolitan area over the national value","2008","2008","RATIO","Ratio","0","Units",,,0.1,,
"USA106","Jefferson (TX)","T_T_SH_NAT","Share of population  in metropolitan area over the national value","2009","2009","RATIO","Ratio","0","Units",,,0.1,,
"USA106","Jefferson (TX)","T_T_SH_NAT","Share of population  in metropolitan area over the national value","2010","2010","RATIO","Ratio","0","Units",,,0.1,,
"USA106","Jefferson (TX)","T_T_SH_NAT","Share of population  in metropolitan area over the national value","2011","2011","RATIO","Ratio","0","Units",,,0.1,,
"USA106","Jefferson (TX)","T_T_SH_NAT","Share of population  in metropolitan area over the national value","2012","2012","RATIO","Ratio","0","Units",,,0.1,,
"USA106","Jefferson (TX)","T_T_SH_NAT","Share of population  in metropolitan area over the national value","2013","2013","RATIO","Ratio","0","Units",,,0.1,,
"USA106","Jefferson (TX)","T_T_SH_NAT","Share of population  in metropolitan area over the national value","2014","2014","RATIO","Ratio","0","Units",,,0.1,,
"USA106","Jefferson (TX)","T_T_SH_NAT","Share of population  in metropolitan area over the national value","2015","2015","RATIO","Ratio","0","Units",,,0.1,,
"USA106","Jefferson (TX)","T_T_SH_NAT","Share of population  in metropolitan area over the national value","2016","2016","RATIO","Ratio","0","Units",,,0.1,,
"IT011","Venice","T_T","Population, All ages. Administrative data","2000","2000","PER","Persons","0","Units",,,505859,,
"IT011","Venice","T_T","Population, All ages. Administrative data","2001","2001","PER","Persons","0","Units",,,509969,,
"IT011","Venice","T_T","Population, All ages. Administrative data","2002","2002","PER","Persons","0","Units",,,514079,,
"IT011","Venice","T_T","Population, All ages. Administrative data","2003","2003","PER","Persons","0","Units",,,518189,,
"IT011","Venice","T_T","Population, All ages. Administrative data","2004","2004","PER","Persons","0","Units",,,522299,,
"IT011","Venice","T_T","Population, All ages. Administrative data","2005","2005","PER","Persons","0","Units",,,526409,,
"IT011","Venice","T_T","Population, All ages. Administrative data","2006","2006","PER","Persons","0","Units",,,530519,,
"IT011","Venice","T_T","Population, All ages. Administrative data","2007","2007","PER","Persons","0","Units",,,534629,,
"IT011","Venice","T_T","Population, All ages. Administrative data","2008","2008","PER","Persons","0","Units",,,538739,,
"IT011","Venice","T_T","Population, All ages. Administrative data","2009","2009","PER","Persons","0","Units",,,542849,,
"IT011","Venice","T_T","Population, All ages. Administrative data","2010","2010","PER","Persons","0","Units",,,546959,,
"IT011","Venice","T_T","Population, All ages. Administrative data","2011","2011","PER","Persons","0","Units",,,551069,,
"IT011","Venice","T_T","Population, All ages. Administrative data","2012","2012","PER","Persons","0","Units",,,555179,,
"IT011","Venice","T_T","Population, All ages. Administrative data","2013","2013","PER","Persons","0","Units",,,555518,,
"IT011","Venice","T_T","Population, All ages. Administrative data","2014","2014","PER","Persons","0","Units",,,562944,,
"IT011","Venice","T_T","Population, All ages. Administrative data","2015","2015","PER","Persons","0","Units",,,563449,,
"IT011","Venice","T_T","Population, All ages. Administrative data","2016","2016","PER","Persons","0","Units",,,561697,,
"MEX27","Saltillo","POP_DEN","Population density (pop. per km2)","2000","2000","PER","Persons","0","Units",,,110,,
"MEX27","Saltillo","POP_DEN","Population density (pop. per km2)","2005","2005","PER","Persons","0","Units",,,113,,
"MEX27","Saltillo","POP_DEN","Population density (pop. per km2)","2010","2010","PER","Persons","0","Units",,,127,,
"MEX27","Saltillo","POP_DEN","Population density (pop. per km2)","2015","2015","PER","Persons","0","Units",,,147,,
"FR019","Orleans","T_T_SH_NAT","Share of population  in metropolitan area over the national value","2001","2001","RATIO","Ratio","0","Units",,,0.7,,
"FR019","Orleans","T_T_SH_NAT","Share of population  in metropolitan area over the national value","2002","2002","RATIO","Ratio","0","Units",,,0.7,,
"FR019","Orleans","T_T_SH_NAT","Share of population  in metropolitan area over the national value","2003","2003","RATIO","Ratio","0","Units",,,0.7,,
"FR019","Orleans","T_T_SH_NAT","Share of population  in metropolitan area over the national value","2004","2004","RATIO","Ratio","0","Units",,,0.7,,
"FR019","Orleans","T_T_SH_NAT","Share of population  in metropolitan area over the national value","2005","2005","RATIO","Ratio","0","Units",,,0.7,,
"FR019","Orleans","T_T_SH_NAT","Share of population  in metropolitan area over the national value","2006","2006","RATIO","Ratio","0","Units",,,0.6,,
"FR019","Orleans","T_T_SH_NAT","Share of population  in metropolitan area over the national value","2007","2007","RATIO","Ratio","0","Units",,,0.6,,
"FR019","Orleans","T_T_SH_NAT","Share of population  in metropolitan area over the national value","2008","2008","RATIO","Ratio","0","Units",,,0.6,,
"FR019","Orleans","T_T_SH_NAT","Share of population  in metropolitan area over the national value","2009","2009","RATIO","Ratio","0","Units",,,0.6,,
"FR019","Orleans","T_T_SH_NAT","Share of population  in metropolitan area over the national value","2010","2010","RATIO","Ratio","0","Units",,,0.6,,
"FR019","Orleans","T_T_SH_NAT","Share of population  in metropolitan area over the national value","2011","2011","RATIO","Ratio","0","Units",,,0.7,,
"FR019","Orleans","T_T_SH_NAT","Share of population  in metropolitan area over the national value","2012","2012","RATIO","Ratio","0","Units",,,0.7,,
"FR019","Orleans","T_T_SH_NAT","Share of population  in metropolitan area over the national value","2013","2013","RATIO","Ratio","0","Units",,,0.7,,
"FR019","Orleans","T_T_SH_NAT","Share of population  in metropolitan area over the national value","2014","2014","RATIO","Ratio","0","Units",,,0.7,,
"FR019","Orleans","T_T_SH_NAT","Share of population  in metropolitan area over the national value","2015","2015","RATIO","Ratio","0","Units",,,0.6,,
"IT001","Rome","T_T_SH_NAT","Share of population  in metropolitan area over the national value","2001","2001","RATIO","Ratio","0","Units",,,6.7,,
"IT001","Rome","T_T_SH_NAT","Share of population  in metropolitan area over the national value","2002","2002","RATIO","Ratio","0","Units",,,6.7,,
"IT001","Rome","T_T_SH_NAT","Share of population  in metropolitan area over the national value","2003","2003","RATIO","Ratio","0","Units",,,6.8,,
"IT001","Rome","T_T_SH_NAT","Share of population  in metropolitan area over the national value","2004","2004","RATIO","Ratio","0","Units",,,6.7,,
"IT001","Rome","T_T_SH_NAT","Share of population  in metropolitan area over the national value","2005","2005","RATIO","Ratio","0","Units",,,6.7,,
"IT001","Rome","T_T_SH_NAT","Share of population  in metropolitan area over the national value","2006","2006","RATIO","Ratio","0","Units",,,6.8,,
"IT001","Rome","T_T_SH_NAT","Share of population  in metropolitan area over the national value","2007","2007","RATIO","Ratio","0","Units",,,6.8,,
"IT001","Rome","T_T_SH_NAT","Share of population  in metropolitan area over the national value","2008","2008","RATIO","Ratio","0","Units",,,6.8,,
"IT001","Rome","T_T_SH_NAT","Share of population  in metropolitan area over the national value","2009","2009","RATIO","Ratio","0","Units",,,6.8,,
"IT001","Rome","T_T_SH_NAT","Share of population  in metropolitan area over the national value","2010","2010","RATIO","Ratio","0","Units",,,6.8,,
"IT001","Rome","T_T_SH_NAT","Share of population  in metropolitan area over the national value","2011","2011","RATIO","Ratio","0","Units",,,6.8,,
"IT001","Rome","T_T_SH_NAT","Share of population  in metropolitan area over the national value","2012","2012","RATIO","Ratio","0","Units",,,6.8,,
"IT001","Rome","T_T_SH_NAT","Share of population  in metropolitan area over the national value","2013","2013","RATIO","Ratio","0","Units",,,6.9,,
"IT001","Rome","T_T_SH_NAT","Share of population  in metropolitan area over the national value","2014","2014","RATIO","Ratio","0","Units",,,7.2,,
"IT001","Rome","T_T_SH_NAT","Share of population  in metropolitan area over the national value","2015","2015","RATIO","Ratio","0","Units",,,7.3,,
"IT001","Rome","T_T_SH_NAT","Share of population  in metropolitan area over the national value","2016","2016","RATIO","Ratio","0","Units",,,7.3,,
"USA50","Pima","T_T_SH_NAT","Share of population  in metropolitan area over the national value","2001","2001","RATIO","Ratio","0","Units",,,0.3,,
"USA50","Pima","T_T_SH_NAT","Share of population  in metropolitan area over the national value","2002","2002","RATIO","Ratio","0","Units",,,0.3,,
"USA50","Pima","T_T_SH_NAT","Share of population  in metropolitan area over the national value","2003","2003","RATIO","Ratio","0","Units",,,0.3,,
"USA50","Pima","T_T_SH_NAT","Share of population  in metropolitan area over the national value","2004","2004","RATIO","Ratio","0","Units",,,0.3,,
"USA50","Pima","T_T_SH_NAT","Share of population  in metropolitan area over the national value","2005","2005","RATIO","Ratio","0","Units",,,0.3,,
"USA50","Pima","T_T_SH_NAT","Share of population  in metropolitan area over the national value","2006","2006","RATIO","Ratio","0","Units",,,0.3,,
"USA50","Pima","T_T_SH_NAT","Share of population  in metropolitan area over the national value","2007","2007","RATIO","Ratio","0","Units",,,0.3,,
"USA50","Pima","T_T_SH_NAT","Share of population  in metropolitan area over the national value","2008","2008","RATIO","Ratio","0","Units",,,0.3,,
"USA50","Pima","T_T_SH_NAT","Share of population  in metropolitan area over the national value","2009","2009","RATIO","Ratio","0","Units",,,0.3,,
"USA50","Pima","T_T_SH_NAT","Share of population  in metropolitan area over the national value","2010","2010","RATIO","Ratio","0","Units",,,0.3,,
"USA50","Pima","T_T_SH_NAT","Share of population  in metropolitan area over the national value","2011","2011","RATIO","Ratio","0","Units",,,0.3,,
"USA50","Pima","T_T_SH_NAT","Share of population  in metropolitan area over the national value","2012","2012","RATIO","Ratio","0","Units",,,0.3,,
"USA50","Pima","T_T_SH_NAT","Share of population  in metropolitan area over the national value","2013","2013","RATIO","Ratio","0","Units",,,0.3,,
"USA50","Pima","T_T_SH_NAT","Share of population  in metropolitan area over the national value","2014","2014","RATIO","Ratio","0","Units",,,0.3,,
"USA50","Pima","T_T_SH_NAT","Share of population  in metropolitan area over the national value","2015","2015","RATIO","Ratio","0","Units",,,0.3,,
"USA50","Pima","T_T_SH_NAT","Share of population  in metropolitan area over the national value","2016","2016","RATIO","Ratio","0","Units",,,0.3,,
"JPN32","Fukui","T_T","Population, All ages. Administrative data","2000","2000","PER","Persons","0","Units",,,571497,,
"JPN32","Fukui","T_T","Population, All ages. Administrative data","2001","2001","PER","Persons","0","Units",,,570715,,
"JPN32","Fukui","T_T","Population, All ages. Administrative data","2002","2002","PER","Persons","0","Units",,,569933,,
"JPN32","Fukui","T_T","Population, All ages. Administrative data","2003","2003","PER","Persons","0","Units",,,569152,,
"JPN32","Fukui","T_T","Population, All ages. Administrative data","2004","2004","PER","Persons","0","Units",,,568370,,
"JPN32","Fukui","T_T","Population, All ages. Administrative data","2005","2005","PER","Persons","0","Units",,,567588,,
"JPN32","Fukui","T_T","Population, All ages. Administrative data","2006","2006","PER","Persons","0","Units",,,564891,,
"JPN32","Fukui","T_T","Population, All ages. Administrative data","2007","2007","PER","Persons","0","Units",,,562195,,
"JPN32","Fukui","T_T","Population, All ages. Administrative data","2008","2008","PER","Persons","0","Units",,,559498,,
"JPN32","Fukui","T_T","Population, All ages. Administrative data","2009","2009","PER","Persons","0","Units",,,556802,,
"JPN32","Fukui","T_T","Population, All ages. Administrative data","2010","2010","PER","Persons","0","Units",,,554105,,
"JPN32","Fukui","T_T","Population, All ages. Administrative data","2011","2011","PER","Persons","0","Units",,,551908,,
"JPN32","Fukui","T_T","Population, All ages. Administrative data","2012","2012","PER","Persons","0","Units",,,549710,,
"JPN32","Fukui","T_T","Population, All ages. Administrative data","2013","2013","PER","Persons","0","Units",,,547512,,
"JPN32","Fukui","T_T","Population, All ages. Administrative data","2014","2014","PER","Persons","0","Units",,,545314,,
"JPN32","Fukui","T_T","Population, All ages. Administrative data","2015","2015","PER","Persons","0","Units",,,543117,,
"UK013","Newcastle upon Tyne","POP_DEN","Population density (pop. per km2)","2001","2001","PER","Persons","0","Units",,,205,,
"UK013","Newcastle upon Tyne","POP_DEN","Population density (pop. per km2)","2002","2002","PER","Persons","0","Units",,,205,,
"UK013","Newcastle upon Tyne","POP_DEN","Population density (pop. per km2)","2003","2003","PER","Persons","0","Units",,,205,,
"UK013","Newcastle upon Tyne","POP_DEN","Population density (pop. per km2)","2004","2004","PER","Persons","0","Units",,,205,,
"UK013","Newcastle upon Tyne","POP_DEN","Population density (pop. per km2)","2005","2005","PER","Persons","0","Units",,,206,,
"UK013","Newcastle upon Tyne","POP_DEN","Population density (pop. per km2)","2006","2006","PER","Persons","0","Units",,,206,,
"UK013","Newcastle upon Tyne","POP_DEN","Population density (pop. per km2)","2007","2007","PER","Persons","0","Units",,,207,,
"UK013","Newcastle upon Tyne","POP_DEN","Population density (pop. per km2)","2008","2008","PER","Persons","0","Units",,,208,,
"UK013","Newcastle upon Tyne","POP_DEN","Population density (pop. per km2)","2009","2009","PER","Persons","0","Units",,,209,,
"UK013","Newcastle upon Tyne","POP_DEN","Population density (pop. per km2)","2010","2010","PER","Persons","0","Units",,,210,,
"UK013","Newcastle upon Tyne","POP_DEN","Population density (pop. per km2)","2011","2011","PER","Persons","0","Units",,,211,,
"UK013","Newcastle upon Tyne","POP_DEN","Population density (pop. per km2)","2012","2012","PER","Persons","0","Units",,,212,,
"UK013","Newcastle upon Tyne","POP_DEN","Population density (pop. per km2)","2013","2013","PER","Persons","0","Units",,,213,,
"UK013","Newcastle upon Tyne","POP_DEN","Population density (pop. per km2)","2014","2014","PER","Persons","0","Units",,,213,,
"UK013","Newcastle upon Tyne","POP_DEN","Population density (pop. per km2)","2015","2015","PER","Persons","0","Units",,,214,,
"UK013","Newcastle upon Tyne","POP_DEN","Population density (pop. per km2)","2016","2016","PER","Persons","0","Units",,,215,,
"COL08","Pereira","POP_DEN","Population density (pop. per km2)","2000","2000","PER","Persons","0","Units",,,886,,
"COL08","Pereira","POP_DEN","Population density (pop. per km2)","2001","2001","PER","Persons","0","Units",,,892,,
"COL08","Pereira","POP_DEN","Population density (pop. per km2)","2002","2002","PER","Persons","0","Units",,,898,,
"COL08","Pereira","POP_DEN","Population density (pop. per km2)","2003","2003","PER","Persons","0","Units",,,904,,
"COL08","Pereira","POP_DEN","Population density (pop. per km2)","2004","2004","PER","Persons","0","Units",,,910,,
"COL08","Pereira","POP_DEN","Population density (pop. per km2)","2005","2005","PER","Persons","0","Units",,,916,,
"COL08","Pereira","POP_DEN","Population density (pop. per km2)","2006","2006","PER","Persons","0","Units",,,922,,
"COL08","Pereira","POP_DEN","Population density (pop. per km2)","2007","2007","PER","Persons","0","Units",,,928,,
"COL08","Pereira","POP_DEN","Population density (pop. per km2)","2008","2008","PER","Persons","0","Units",,,934,,
"COL08","Pereira","POP_DEN","Population density (pop. per km2)","2009","2009","PER","Persons","0","Units",,,940,,
"COL08","Pereira","POP_DEN","Population density (pop. per km2)","2010","2010","PER","Persons","0","Units",,,947,,
"COL08","Pereira","POP_DEN","Population density (pop. per km2)","2011","2011","PER","Persons","0","Units",,,953,,
"COL08","Pereira","POP_DEN","Population density (pop. per km2)","2012","2012","PER","Persons","0","Units",,,959,,
"COL08","Pereira","POP_DEN","Population density (pop. per km2)","2013","2013","PER","Persons","0","Units",,,965,,
"COL08","Pereira","POP_DEN","Population density (pop. per km2)","2014","2014","PER","Persons","0","Units",,,971,,
"COL08","Pereira","POP_DEN","Population density (pop. per km2)","2015","2015","PER","Persons","0","Units",,,977,,
"NO002","Bergen","T_T_SH_NAT","Share of population  in metropolitan area over the national value","2001","2001","RATIO","Ratio","0","Units",,,7.4,,
"NO002","Bergen","T_T_SH_NAT","Share of population  in metropolitan area over the national value","2002","2002","RATIO","Ratio","0","Units",,,7.5,,
"NO002","Bergen","T_T_SH_NAT","Share of population  in metropolitan area over the national value","2003","2003","RATIO","Ratio","0","Units",,,7.5,,
"NO002","Bergen","T_T_SH_NAT","Share of population  in metropolitan area over the national value","2004","2004","RATIO","Ratio","0","Units",,,7.6,,
"NO002","Bergen","T_T_SH_NAT","Share of population  in metropolitan area over the national value","2005","2005","RATIO","Ratio","0","Units",,,7.6,,
"NO002","Bergen","T_T_SH_NAT","Share of population  in metropolitan area over the national value","2006","2006","RATIO","Ratio","0","Units",,,7.6,,
"NO002","Bergen","T_T_SH_NAT","Share of population  in metropolitan area over the national value","2007","2007","RATIO","Ratio","0","Units",,,7.7,,
"NO002","Bergen","T_T_SH_NAT","Share of population  in metropolitan area over the national value","2008","2008","RATIO","Ratio","0","Units",,,7.7,,
"NO002","Bergen","T_T_SH_NAT","Share of population  in metropolitan area over the national value","2009","2009","RATIO","Ratio","0","Units",,,7.7,,
"NO002","Bergen","T_T_SH_NAT","Share of population  in metropolitan area over the national value","2010","2010","RATIO","Ratio","0","Units",,,7.8,,
"NO002","Bergen","T_T_SH_NAT","Share of population  in metropolitan area over the national value","2011","2011","RATIO","Ratio","0","Units",,,7.8,,
"NO002","Bergen","T_T_SH_NAT","Share of population  in metropolitan area over the national value","2012","2012","RATIO","Ratio","0","Units",,,7.8,,
"NO002","Bergen","T_T_SH_NAT","Share of population  in metropolitan area over the national value","2013","2013","RATIO","Ratio","0","Units",,,7.8,,
"NO002","Bergen","T_T_SH_NAT","Share of population  in metropolitan area over the national value","2014","2014","RATIO","Ratio","0","Units",,,7.9,,
"NO002","Bergen","T_T_SH_NAT","Share of population  in metropolitan area over the national value","2015","2015","RATIO","Ratio","0","Units",,,7.9,,
"NO002","Bergen","T_T_SH_NAT","Share of population  in metropolitan area over the national value","2016","2016","RATIO","Ratio","0","Units",,,7.9,,
"MEX49","Uruapan","POP_DEN","Population density (pop. per km2)","2000","2000","PER","Persons","0","Units",,,261,,
"MEX49","Uruapan","POP_DEN","Population density (pop. per km2)","2005","2005","PER","Persons","0","Units",,,271,,
"MEX49","Uruapan","POP_DEN","Population density (pop. per km2)","2010","2010","PER","Persons","0","Units",,,302,,
"MEX49","Uruapan","POP_DEN","Population density (pop. per km2)","2015","2015","PER","Persons","0","Units",,,359,,
"HU009","Szekesfehervar","POP_DEN","Population density (pop. per km2)","2000","2000","PER","Persons","0","Units",,,91,,
"HU009","Szekesfehervar","POP_DEN","Population density (pop. per km2)","2001","2001","PER","Persons","0","Units",,,91,,
"HU009","Szekesfehervar","POP_DEN","Population density (pop. per km2)","2002","2002","PER","Persons","0","Units",,,91,,
"HU009","Szekesfehervar","POP_DEN","Population density (pop. per km2)","2003","2003","PER","Persons","0","Units",,,91,,
"HU009","Szekesfehervar","POP_DEN","Population density (pop. per km2)","2004","2004","PER","Persons","0","Units",,,91,,
"HU009","Szekesfehervar","POP_DEN","Population density (pop. per km2)","2005","2005","PER","Persons","0","Units",,,91,,
"HU009","Szekesfehervar","POP_DEN","Population density (pop. per km2)","2006","2006","PER","Persons","0","Units",,,90,,
"HU009","Szekesfehervar","POP_DEN","Population density (pop. per km2)","2007","2007","PER","Persons","0","Units",,,90,,
"HU009","Szekesfehervar","POP_DEN","Population density (pop. per km2)","2008","2008","PER","Persons","0","Units",,,90,,
"HU009","Szekesfehervar","POP_DEN","Population density (pop. per km2)","2009","2009","PER","Persons","0","Units",,,90,,
"HU009","Szekesfehervar","POP_DEN","Population density (pop. per km2)","2010","2010","PER","Persons","0","Units",,,90,,
"HU009","Szekesfehervar","POP_DEN","Population density (pop. per km2)","2011","2011","PER","Persons","0","Units",,,90,,
"HU009","Szekesfehervar","POP_DEN","Population density (pop. per km2)","2012","2012","PER","Persons","0","Units",,,89,,
"HU009","Szekesfehervar","POP_DEN","Population density (pop. per km2)","2013","2013","PER","Persons","0","Units",,,89,,
"HU009","Szekesfehervar","POP_DEN","Population density (pop. per km2)","2014","2014","PER","Persons","0","Units",,,88,,
"HU009","Szekesfehervar","POP_DEN","Population density (pop. per km2)","2015","2015","PER","Persons","0","Units",,,88,,
"HU009","Szekesfehervar","POP_DEN","Population density (pop. per km2)","2016","2016","PER","Persons","0","Units",,,88,,
"USA77","Dauphin","POP_DEN","Population density (pop. per km2)","2000","2000","PER","Persons","0","Units",,,100,,
"USA77","Dauphin","POP_DEN","Population density (pop. per km2)","2001","2001","PER","Persons","0","Units",,,100,,
"USA77","Dauphin","POP_DEN","Population density (pop. per km2)","2002","2002","PER","Persons","0","Units",,,101,,
"USA77","Dauphin","POP_DEN","Population density (pop. per km2)","2003","2003","PER","Persons","0","Units",,,102,,
"USA77","Dauphin","POP_DEN","Population density (pop. per km2)","2004","2004","PER","Persons","0","Units",,,102,,
"USA77","Dauphin","POP_DEN","Population density (pop. per km2)","2005","2005","PER","Persons","0","Units",,,103,,
"USA77","Dauphin","POP_DEN","Population density (pop. per km2)","2006","2006","PER","Persons","0","Units",,,104,,
"USA77","Dauphin","POP_DEN","Population density (pop. per km2)","2007","2007","PER","Persons","0","Units",,,105,,
"USA77","Dauphin","POP_DEN","Population density (pop. per km2)","2008","2008","PER","Persons","0","Units",,,106,,
"USA77","Dauphin","POP_DEN","Population density (pop. per km2)","2009","2009","PER","Persons","0","Units",,,107,,
"USA77","Dauphin","POP_DEN","Population density (pop. per km2)","2010","2010","PER","Persons","0","Units",,,108,,
"USA77","Dauphin","POP_DEN","Population density (pop. per km2)","2011","2011","PER","Persons","0","Units",,,108,,
"USA77","Dauphin","POP_DEN","Population density (pop. per km2)","2012","2012","PER","Persons","0","Units",,,109,,
"USA77","Dauphin","POP_DEN","Population density (pop. per km2)","2013","2013","PER","Persons","0","Units",,,109,,
"USA77","Dauphin","POP_DEN","Population density (pop. per km2)","2014","2014","PER","Persons","0","Units",,,110,,
"USA77","Dauphin","POP_DEN","Population density (pop. per km2)","2015","2015","PER","Persons","0","Units",,,111,,
"USA77","Dauphin","POP_DEN","Population density (pop. per km2)","2016","2016","PER","Persons","0","Units",,,111,,
"USA170","Benton (AR)","T_T","Population, All ages. Administrative data","2000","2000","PER","Persons","0","Units",,,154744,,
"USA170","Benton (AR)","T_T","Population, All ages. Administrative data","2001","2001","PER","Persons","0","Units",,,159258,,
"USA170","Benton (AR)","T_T","Population, All ages. Administrative data","2002","2002","PER","Persons","0","Units",,,164926,,
"USA170","Benton (AR)","T_T","Population, All ages. Administrative data","2003","2003","PER","Persons","0","Units",,,171742,,
"USA170","Benton (AR)","T_T","Population, All ages. Administrative data","2004","2004","PER","Persons","0","Units",,,179010,,
"USA170","Benton (AR)","T_T","Population, All ages. Administrative data","2005","2005","PER","Persons","0","Units",,,186756,,
"USA170","Benton (AR)","T_T","Population, All ages. Administrative data","2006","2006","PER","Persons","0","Units",,,195569,,
"USA170","Benton (AR)","T_T","Population, All ages. Administrative data","2007","2007","PER","Persons","0","Units",,,203664,,
"USA170","Benton (AR)","T_T","Population, All ages. Administrative data","2008","2008","PER","Persons","0","Units",,,210807,,
"USA170","Benton (AR)","T_T","Population, All ages. Administrative data","2009","2009","PER","Persons","0","Units",,,216620,,
"USA170","Benton (AR)","T_T","Population, All ages. Administrative data","2010","2010","PER","Persons","0","Units",,,222558,,
"USA170","Benton (AR)","T_T","Population, All ages. Administrative data","2011","2011","PER","Persons","0","Units",,,228827,,
"USA170","Benton (AR)","T_T","Population, All ages. Administrative data","2012","2012","PER","Persons","0","Units",,,234315,,
"USA170","Benton (AR)","T_T","Population, All ages. Administrative data","2013","2013","PER","Persons","0","Units",,,238902,,
"USA170","Benton (AR)","T_T","Population, All ages. Administrative data","2014","2014","PER","Persons","0","Units",,,244192,,
"USA170","Benton (AR)","T_T","Population, All ages. Administrative data","2015","2015","PER","Persons","0","Units",,,251016,,
"USA170","Benton (AR)","T_T","Population, All ages. Administrative data","2016","2016","PER","Persons","0","Units",,,258704,,
"DE549","Bocholt, Stadt","T_T","Population, All ages. Administrative data","2001","2001","PER","Persons","0","Units",,,359106,,
"DE549","Bocholt, Stadt","T_T","Population, All ages. Administrative data","2002","2002","PER","Persons","0","Units",,,362362,,
"DE549","Bocholt, Stadt","T_T","Population, All ages. Administrative data","2003","2003","PER","Persons","0","Units",,,364390,,
"DE549","Bocholt, Stadt","T_T","Population, All ages. Administrative data","2004","2004","PER","Persons","0","Units",,,366201,,
"DE549","Bocholt, Stadt","T_T","Population, All ages. Administrative data","2005","2005","PER","Persons","0","Units",,,366978,,
"DE549","Bocholt, Stadt","T_T","Population, All ages. Administrative data","2006","2006","PER","Persons","0","Units",,,368629,,
"DE549","Bocholt, Stadt","T_T","Population, All ages. Administrative data","2007","2007","PER","Persons","0","Units",,,369017,,
"DE549","Bocholt, Stadt","T_T","Population, All ages. Administrative data","2008","2008","PER","Persons","0","Units",,,369711,,
"DE549","Bocholt, Stadt","T_T","Population, All ages. Administrative data","2009","2009","PER","Persons","0","Units",,,369837,,
"DE549","Bocholt, Stadt","T_T","Population, All ages. Administrative data","2010","2010","PER","Persons","0","Units",,,369181,,
"DE549","Bocholt, Stadt","T_T","Population, All ages. Administrative data","2011","2011","PER","Persons","0","Units",,,364024,,
"DE549","Bocholt, Stadt","T_T","Population, All ages. Administrative data","2012","2012","PER","Persons","0","Units",,,363615,,
"DE549","Bocholt, Stadt","T_T","Population, All ages. Administrative data","2013","2013","PER","Persons","0","Units",,,363341,,
"DE549","Bocholt, Stadt","T_T","Population, All ages. Administrative data","2014","2014","PER","Persons","0","Units",,,363791,,
"DE549","Bocholt, Stadt","T_T","Population, All ages. Administrative data","2015","2015","PER","Persons","0","Units",,,364710,,
"DE549","Bocholt, Stadt","T_T","Population, All ages. Administrative data","2016","2016","PER","Persons","0","Units",,,369179,,
"USA151","Santa Cruz","T_T_SH_NAT","Share of population  in metropolitan area over the national value","2001","2001","RATIO","Ratio","0","Units",,,0.1,,
"USA151","Santa Cruz","T_T_SH_NAT","Share of population  in metropolitan area over the national value","2002","2002","RATIO","Ratio","0","Units",,,0.1,,
"USA151","Santa Cruz","T_T_SH_NAT","Share of population  in metropolitan area over the national value","2003","2003","RATIO","Ratio","0","Units",,,0.1,,
"USA151","Santa Cruz","T_T_SH_NAT","Share of population  in metropolitan area over the national value","2004","2004","RATIO","Ratio","0","Units",,,0.1,,
"USA151","Santa Cruz","T_T_SH_NAT","Share of population  in metropolitan area over the national value","2005","2005","RATIO","Ratio","0","Units",,,0.1,,
"USA151","Santa Cruz","T_T_SH_NAT","Share of population  in metropolitan area over the national value","2006","2006","RATIO","Ratio","0","Units",,,0.1,,
"USA151","Santa Cruz","T_T_SH_NAT","Share of population  in metropolitan area over the national value","2007","2007","RATIO","Ratio","0","Units",,,0.1,,
"USA151","Santa Cruz","T_T_SH_NAT","Share of population  in metropolitan area over the national value","2008","2008","RATIO","Ratio","0","Units",,,0.1,,
"USA151","Santa Cruz","T_T_SH_NAT","Share of population  in metropolitan area over the national value","2009","2009","RATIO","Ratio","0","Units",,,0.1,,
"USA151","Santa Cruz","T_T_SH_NAT","Share of population  in metropolitan area over the national value","2010","2010","RATIO","Ratio","0","Units",,,0.1,,
"USA151","Santa Cruz","T_T_SH_NAT","Share of population  in metropolitan area over the national value","2011","2011","RATIO","Ratio","0","Units",,,0.1,,
"USA151","Santa Cruz","T_T_SH_NAT","Share of population  in metropolitan area over the national value","2012","2012","RATIO","Ratio","0","Units",,,0.1,,
"USA151","Santa Cruz","T_T_SH_NAT","Share of population  in metropolitan area over the national value","2013","2013","RATIO","Ratio","0","Units",,,0.1,,
"USA151","Santa Cruz","T_T_SH_NAT","Share of population  in metropolitan area over the national value","2014","2014","RATIO","Ratio","0","Units",,,0.1,,
"USA151","Santa Cruz","T_T_SH_NAT","Share of population  in metropolitan area over the national value","2015","2015","RATIO","Ratio","0","Units",,,0.1,,
"USA151","Santa Cruz","T_T_SH_NAT","Share of population  in metropolitan area over the national value","2016","2016","RATIO","Ratio","0","Units",,,0.1,,
"FR032","Toulon","POP_DEN","Population density (pop. per km2)","2000","2000","PER","Persons","0","Units",,,494,,
"FR032","Toulon","POP_DEN","Population density (pop. per km2)","2001","2001","PER","Persons","0","Units",,,497,,
"FR032","Toulon","POP_DEN","Population density (pop. per km2)","2002","2002","PER","Persons","0","Units",,,501,,
"FR032","Toulon","POP_DEN","Population density (pop. per km2)","2003","2003","PER","Persons","0","Units",,,504,,
"FR032","Toulon","POP_DEN","Population density (pop. per km2)","2004","2004","PER","Persons","0","Units",,,507,,
"FR032","Toulon","POP_DEN","Population density (pop. per km2)","2005","2005","PER","Persons","0","Units",,,510,,
"FR032","Toulon","POP_DEN","Population density (pop. per km2)","2006","2006","PER","Persons","0","Units",,,514,,
"FR032","Toulon","POP_DEN","Population density (pop. per km2)","2007","2007","PER","Persons","0","Units",,,517,,
"FR032","Toulon","POP_DEN","Population density (pop. per km2)","2008","2008","PER","Persons","0","Units",,,520,,
"FR032","Toulon","POP_DEN","Population density (pop. per km2)","2009","2009","PER","Persons","0","Units",,,523,,
"FR032","Toulon","POP_DEN","Population density (pop. per km2)","2010","2010","PER","Persons","0","Units",,,524,,
"FR032","Toulon","POP_DEN","Population density (pop. per km2)","2011","2011","PER","Persons","0","Units",,,526,,
"FR032","Toulon","POP_DEN","Population density (pop. per km2)","2012","2012","PER","Persons","0","Units",,,527,,
"FR032","Toulon","POP_DEN","Population density (pop. per km2)","2013","2013","PER","Persons","0","Units",,,528,,
"FR032","Toulon","POP_DEN","Population density (pop. per km2)","2014","2014","PER","Persons","0","Units",,,529,,
"FR032","Toulon","POP_DEN","Population density (pop. per km2)","2015","2015","PER","Persons","0","Units",,,506,,
"DE018","Halle an der Saale","POP_DEN","Population density (pop. per km2)","2001","2001","PER","Persons","0","Units",,,295,,
"DE018","Halle an der Saale","POP_DEN","Population density (pop. per km2)","2002","2002","PER","Persons","0","Units",,,291,,
"DE018","Halle an der Saale","POP_DEN","Population density (pop. per km2)","2003","2003","PER","Persons","0","Units",,,288,,
"DE018","Halle an der Saale","POP_DEN","Population density (pop. per km2)","2004","2004","PER","Persons","0","Units",,,287,,
"DE018","Halle an der Saale","POP_DEN","Population density (pop. per km2)","2005","2005","PER","Persons","0","Units",,,285,,
"DE018","Halle an der Saale","POP_DEN","Population density (pop. per km2)","2006","2006","PER","Persons","0","Units",,,283,,
"DE018","Halle an der Saale","POP_DEN","Population density (pop. per km2)","2007","2007","PER","Persons","0","Units",,,280,,
"DE018","Halle an der Saale","POP_DEN","Population density (pop. per km2)","2008","2008","PER","Persons","0","Units",,,278,,
"DE018","Halle an der Saale","POP_DEN","Population density (pop. per km2)","2009","2009","PER","Persons","0","Units",,,276,,
"DE018","Halle an der Saale","POP_DEN","Population density (pop. per km2)","2010","2010","PER","Persons","0","Units",,,274,,
"DE018","Halle an der Saale","POP_DEN","Population density (pop. per km2)","2011","2011","PER","Persons","0","Units",,,268,,
"DE018","Halle an der Saale","POP_DEN","Population density (pop. per km2)","2012","2012","PER","Persons","0","Units",,,267,,
"DE018","Halle an der Saale","POP_DEN","Population density (pop. per km2)","2013","2013","PER","Persons","0","Units",,,267,,
"DE018","Halle an der Saale","POP_DEN","Population density (pop. per km2)","2014","2014","PER","Persons","0","Units",,,266,,
"DE018","Halle an der Saale","POP_DEN","Population density (pop. per km2)","2015","2015","PER","Persons","0","Units",,,266,,
"DE018","Halle an der Saale","POP_DEN","Population density (pop. per km2)","2016","2016","PER","Persons","0","Units",,,269,,
"MEX14","Cuernavaca","POP_DEN","Population density (pop. per km2)","2000","2000","PER","Persons","0","Units",,,695,,
"MEX14","Cuernavaca","POP_DEN","Population density (pop. per km2)","2005","2005","PER","Persons","0","Units",,,671,,
"MEX14","Cuernavaca","POP_DEN","Population density (pop. per km2)","2010","2010","PER","Persons","0","Units",,,756,,
"MEX14","Cuernavaca","POP_DEN","Population density (pop. per km2)","2015","2015","PER","Persons","0","Units",,,865,,
"FR034","Valenciennes","T_T_SH_NAT","Share of population  in metropolitan area over the national value","2001","2001","RATIO","Ratio","0","Units",,,0.6,,
"FR034","Valenciennes","T_T_SH_NAT","Share of population  in metropolitan area over the national value","2002","2002","RATIO","Ratio","0","Units",,,0.6,,
"FR034","Valenciennes","T_T_SH_NAT","Share of population  in metropolitan area over the national value","2003","2003","RATIO","Ratio","0","Units",,,0.6,,
"FR034","Valenciennes","T_T_SH_NAT","Share of population  in metropolitan area over the national value","2004","2004","RATIO","Ratio","0","Units",,,0.6,,
"FR034","Valenciennes","T_T_SH_NAT","Share of population  in metropolitan area over the national value","2005","2005","RATIO","Ratio","0","Units",,,0.6,,
"FR034","Valenciennes","T_T_SH_NAT","Share of population  in metropolitan area over the national value","2006","2006","RATIO","Ratio","0","Units",,,0.6,,
"FR034","Valenciennes","T_T_SH_NAT","Share of population  in metropolitan area over the national value","2007","2007","RATIO","Ratio","0","Units",,,0.6,,
"FR034","Valenciennes","T_T_SH_NAT","Share of population  in metropolitan area over the national value","2008","2008","RATIO","Ratio","0","Units",,,0.6,,
"FR034","Valenciennes","T_T_SH_NAT","Share of population  in metropolitan area over the national value","2009","2009","RATIO","Ratio","0","Units",,,0.6,,
"FR034","Valenciennes","T_T_SH_NAT","Share of population  in metropolitan area over the national value","2010","2010","RATIO","Ratio","0","Units",,,0.6,,
"FR034","Valenciennes","T_T_SH_NAT","Share of population  in metropolitan area over the national value","2011","2011","RATIO","Ratio","0","Units",,,0.6,,
"FR034","Valenciennes","T_T_SH_NAT","Share of population  in metropolitan area over the national value","2012","2012","RATIO","Ratio","0","Units",,,0.6,,
"FR034","Valenciennes","T_T_SH_NAT","Share of population  in metropolitan area over the national value","2013","2013","RATIO","Ratio","0","Units",,,0.6,,
"FR034","Valenciennes","T_T_SH_NAT","Share of population  in metropolitan area over the national value","2014","2014","RATIO","Ratio","0","Units",,,0.5,,
"FR034","Valenciennes","T_T_SH_NAT","Share of population  in metropolitan area over the national value","2015","2015","RATIO","Ratio","0","Units",,,0.5,,
"MEX05","Toluca","T_T_SH_NAT","Share of population  in metropolitan area over the national value","2005","2005","RATIO","Ratio","0","Units",,,1.6,,
"MEX05","Toluca","T_T_SH_NAT","Share of population  in metropolitan area over the national value","2010","2010","RATIO","Ratio","0","Units",,,1.8,,
"MEX05","Toluca","T_T_SH_NAT","Share of population  in metropolitan area over the national value","2015","2015","RATIO","Ratio","0","Units",,,2,,
"USA124","Vanderburgh","POP_DEN","Population density (pop. per km2)","2000","2000","PER","Persons","0","Units",,,63,,
"USA124","Vanderburgh","POP_DEN","Population density (pop. per km2)","2001","2001","PER","Persons","0","Units",,,63,,
"USA124","Vanderburgh","POP_DEN","Population density (pop. per km2)","2002","2002","PER","Persons","0","Units",,,64,,
"USA124","Vanderburgh","POP_DEN","Population density (pop. per km2)","2003","2003","PER","Persons","0","Units",,,64,,
"USA124","Vanderburgh","POP_DEN","Population density (pop. per km2)","2004","2004","PER","Persons","0","Units",,,64,,
"USA124","Vanderburgh","POP_DEN","Population density (pop. per km2)","2005","2005","PER","Persons","0","Units",,,65,,
"USA124","Vanderburgh","POP_DEN","Population density (pop. per km2)","2006","2006","PER","Persons","0","Units",,,65,,
"USA124","Vanderburgh","POP_DEN","Population density (pop. per km2)","2007","2007","PER","Persons","0","Units",,,65,,
"USA124","Vanderburgh","POP_DEN","Population density (pop. per km2)","2008","2008","PER","Persons","0","Units",,,66,,
"USA124","Vanderburgh","POP_DEN","Population density (pop. per km2)","2009","2009","PER","Persons","0","Units",,,66,,
"USA124","Vanderburgh","POP_DEN","Population density (pop. per km2)","2010","2010","PER","Persons","0","Units",,,66,,
"USA124","Vanderburgh","POP_DEN","Population density (pop. per km2)","2011","2011","PER","Persons","0","Units",,,66,,
"USA124","Vanderburgh","POP_DEN","Population density (pop. per km2)","2012","2012","PER","Persons","0","Units",,,67,,
"USA124","Vanderburgh","POP_DEN","Population density (pop. per km2)","2013","2013","PER","Persons","0","Units",,,67,,
"USA124","Vanderburgh","POP_DEN","Population density (pop. per km2)","2014","2014","PER","Persons","0","Units",,,67,,
"USA124","Vanderburgh","POP_DEN","Population density (pop. per km2)","2015","2015","PER","Persons","0","Units",,,67,,
"USA124","Vanderburgh","POP_DEN","Population density (pop. per km2)","2016","2016","PER","Persons","0","Units",,,67,,
"CAN02","Montreal","T_T_SH_NAT","Share of population  in metropolitan area over the national value","2001","2001","RATIO","Ratio","0","Units",,,12.3,,
"CAN02","Montreal","T_T_SH_NAT","Share of population  in metropolitan area over the national value","2002","2002","RATIO","Ratio","0","Units",,,12.3,,
"CAN02","Montreal","T_T_SH_NAT","Share of population  in metropolitan area over the national value","2003","2003","RATIO","Ratio","0","Units",,,12.3,,
"CAN02","Montreal","T_T_SH_NAT","Share of population  in metropolitan area over the national value","2004","2004","RATIO","Ratio","0","Units",,,12.3,,
"CAN02","Montreal","T_T_SH_NAT","Share of population  in metropolitan area over the national value","2005","2005","RATIO","Ratio","0","Units",,,12.3,,
"CAN02","Montreal","T_T_SH_NAT","Share of population  in metropolitan area over the national value","2006","2006","RATIO","Ratio","0","Units",,,12.2,,
"CAN02","Montreal","T_T_SH_NAT","Share of population  in metropolitan area over the national value","2007","2007","RATIO","Ratio","0","Units",,,12.2,,
"CAN02","Montreal","T_T_SH_NAT","Share of population  in metropolitan area over the national value","2008","2008","RATIO","Ratio","0","Units",,,12.2,,
"CAN02","Montreal","T_T_SH_NAT","Share of population  in metropolitan area over the national value","2009","2009","RATIO","Ratio","0","Units",,,12.2,,
"CAN02","Montreal","T_T_SH_NAT","Share of population  in metropolitan area over the national value","2010","2010","RATIO","Ratio","0","Units",,,12.2,,
"CAN02","Montreal","T_T_SH_NAT","Share of population  in metropolitan area over the national value","2011","2011","RATIO","Ratio","0","Units",,,12.2,,
"CAN02","Montreal","T_T_SH_NAT","Share of population  in metropolitan area over the national value","2012","2012","RATIO","Ratio","0","Units",,,12.1,,
"CAN02","Montreal","T_T_SH_NAT","Share of population  in metropolitan area over the national value","2013","2013","RATIO","Ratio","0","Units",,,12.1,,
"CAN02","Montreal","T_T_SH_NAT","Share of population  in metropolitan area over the national value","2014","2014","RATIO","Ratio","0","Units",,,12.1,,
"CAN02","Montreal","T_T_SH_NAT","Share of population  in metropolitan area over the national value","2015","2015","RATIO","Ratio","0","Units",,,12.1,,
"CAN02","Montreal","T_T_SH_NAT","Share of population  in metropolitan area over the national value","2016","2016","RATIO","Ratio","0","Units",,,12,,
"COL13","Armenia","T_T","Population, All ages. Administrative data","2000","2000","PER","Persons","0","Units",,,365170,,
"COL13","Armenia","T_T","Population, All ages. Administrative data","2001","2001","PER","Persons","0","Units",,,367694,,
"COL13","Armenia","T_T","Population, All ages. Administrative data","2002","2002","PER","Persons","0","Units",,,370218,,
"COL13","Armenia","T_T","Population, All ages. Administrative data","2003","2003","PER","Persons","0","Units",,,372742,,
"COL13","Armenia","T_T","Population, All ages. Administrative data","2004","2004","PER","Persons","0","Units",,,375267,,
"COL13","Armenia","T_T","Population, All ages. Administrative data","2005","2005","PER","Persons","0","Units",,,377791,,
"COL13","Armenia","T_T","Population, All ages. Administrative data","2006","2006","PER","Persons","0","Units",,,380315,,
"COL13","Armenia","T_T","Population, All ages. Administrative data","2007","2007","PER","Persons","0","Units",,,382839,,
"COL13","Armenia","T_T","Population, All ages. Administrative data","2008","2008","PER","Persons","0","Units",,,385363,,
"COL13","Armenia","T_T","Population, All ages. Administrative data","2009","2009","PER","Persons","0","Units",,,387888,,
"COL13","Armenia","T_T","Population, All ages. Administrative data","2010","2010","PER","Persons","0","Units",,,390412,,
"COL13","Armenia","T_T","Population, All ages. Administrative data","2011","2011","PER","Persons","0","Units",,,392936,,
"COL13","Armenia","T_T","Population, All ages. Administrative data","2012","2012","PER","Persons","0","Units",,,395460,,
"COL13","Armenia","T_T","Population, All ages. Administrative data","2013","2013","PER","Persons","0","Units",,,397984,,
"COL13","Armenia","T_T","Population, All ages. Administrative data","2014","2014","PER","Persons","0","Units",,,400509,,
"COL13","Armenia","T_T","Population, All ages. Administrative data","2015","2015","PER","Persons","0","Units",,,403033,,
"UK019","Lincoln","T_T","Population, All ages. Administrative data","2001","2001","PER","Persons","0","Units",,,259593,,
"UK019","Lincoln","T_T","Population, All ages. Administrative data","2002","2002","PER","Persons","0","Units",,,263642,,
"UK019","Lincoln","T_T","Population, All ages. Administrative data","2003","2003","PER","Persons","0","Units",,,267496,,
"UK019","Lincoln","T_T","Population, All ages. Administrative data","2004","2004","PER","Persons","0","Units",,,271475,,
"UK019","Lincoln","T_T","Population, All ages. Administrative data","2005","2005","PER","Persons","0","Units",,,273939,,
"UK019","Lincoln","T_T","Population, All ages. Administrative data","2006","2006","PER","Persons","0","Units",,,277560,,
"UK019","Lincoln","T_T","Population, All ages. Administrative data","2007","2007","PER","Persons","0","Units",,,281062,,
"UK019","Lincoln","T_T","Population, All ages. Administrative data","2008","2008","PER","Persons","0","Units",,,283963,,
"UK019","Lincoln","T_T","Population, All ages. Administrative data","2009","2009","PER","Persons","0","Units",,,285885,,
"UK019","Lincoln","T_T","Population, All ages. Administrative data","2010","2010","PER","Persons","0","Units",,,289030,,
"UK019","Lincoln","T_T","Population, All ages. Administrative data","2011","2011","PER","Persons","0","Units",,,290955,,
"UK019","Lincoln","T_T","Population, All ages. Administrative data","2012","2012","PER","Persons","0","Units",,,293920,,
"UK019","Lincoln","T_T","Population, All ages. Administrative data","2013","2013","PER","Persons","0","Units",,,296097,,
"UK019","Lincoln","T_T","Population, All ages. Administrative data","2014","2014","PER","Persons","0","Units",,,298989,,
"UK019","Lincoln","T_T","Population, All ages. Administrative data","2015","2015","PER","Persons","0","Units",,,301785,,
"UK019","Lincoln","T_T","Population, All ages. Administrative data","2016","2016","PER","Persons","0","Units",,,304932,,
"JPN23","Toyohashi","T_T","Population, All ages. Administrative data","2000","2000","PER","Persons","0","Units",,,659963,,
"JPN23","Toyohashi","T_T","Population, All ages. Administrative data","2001","2001","PER","Persons","0","Units",,,662211,,
"JPN23","Toyohashi","T_T","Population, All ages. Administrative data","2002","2002","PER","Persons","0","Units",,,664461,,
"JPN23","Toyohashi","T_T","Population, All ages. Administrative data","2003","2003","PER","Persons","0","Units",,,666710,,
"JPN23","Toyohashi","T_T","Population, All ages. Administrative data","2004","2004","PER","Persons","0","Units",,,668960,,
"JPN23","Toyohashi","T_T","Population, All ages. Administrative data","2005","2005","PER","Persons","0","Units",,,671208,,
"JPN23","Toyohashi","T_T","Population, All ages. Administrative data","2006","2006","PER","Persons","0","Units",,,670600,,
"JPN23","Toyohashi","T_T","Population, All ages. Administrative data","2007","2007","PER","Persons","0","Units",,,669991,,
"JPN23","Toyohashi","T_T","Population, All ages. Administrative data","2008","2008","PER","Persons","0","Units",,,669382,,
"JPN23","Toyohashi","T_T","Population, All ages. Administrative data","2009","2009","PER","Persons","0","Units",,,668773,,
"JPN23","Toyohashi","T_T","Population, All ages. Administrative data","2010","2010","PER","Persons","0","Units",,,668165,,
"JPN23","Toyohashi","T_T","Population, All ages. Administrative data","2011","2011","PER","Persons","0","Units",,,667185,,
"JPN23","Toyohashi","T_T","Population, All ages. Administrative data","2012","2012","PER","Persons","0","Units",,,666205,,
"JPN23","Toyohashi","T_T","Population, All ages. Administrative data","2013","2013","PER","Persons","0","Units",,,665226,,
"JPN23","Toyohashi","T_T","Population, All ages. Administrative data","2014","2014","PER","Persons","0","Units",,,664246,,
"JPN23","Toyohashi","T_T","Population, All ages. Administrative data","2015","2015","PER","Persons","0","Units",,,663266,,
"USA57","Kern","T_T_SH_NAT","Share of population  in metropolitan area over the national value","2001","2001","RATIO","Ratio","0","Units",,,0.2,,
"USA57","Kern","T_T_SH_NAT","Share of population  in metropolitan area over the national value","2002","2002","RATIO","Ratio","0","Units",,,0.2,,
"USA57","Kern","T_T_SH_NAT","Share of population  in metropolitan area over the national value","2003","2003","RATIO","Ratio","0","Units",,,0.3,,
"USA57","Kern","T_T_SH_NAT","Share of population  in metropolitan area over the national value","2004","2004","RATIO","Ratio","0","Units",,,0.3,,
"USA57","Kern","T_T_SH_NAT","Share of population  in metropolitan area over the national value","2005","2005","RATIO","Ratio","0","Units",,,0.3,,
"USA57","Kern","T_T_SH_NAT","Share of population  in metropolitan area over the national value","2006","2006","RATIO","Ratio","0","Units",,,0.3,,
"USA57","Kern","T_T_SH_NAT","Share of population  in metropolitan area over the national value","2007","2007","RATIO","Ratio","0","Units",,,0.3,,
"USA57","Kern","T_T_SH_NAT","Share of population  in metropolitan area over the national value","2008","2008","RATIO","Ratio","0","Units",,,0.3,,
"USA57","Kern","T_T_SH_NAT","Share of population  in metropolitan area over the national value","2009","2009","RATIO","Ratio","0","Units",,,0.3,,
"USA57","Kern","T_T_SH_NAT","Share of population  in metropolitan area over the national value","2010","2010","RATIO","Ratio","0","Units",,,0.3,,
"USA57","Kern","T_T_SH_NAT","Share of population  in metropolitan area over the national value","2011","2011","RATIO","Ratio","0","Units",,,0.3,,
"USA57","Kern","T_T_SH_NAT","Share of population  in metropolitan area over the national value","2012","2012","RATIO","Ratio","0","Units",,,0.3,,
"USA57","Kern","T_T_SH_NAT","Share of population  in metropolitan area over the national value","2013","2013","RATIO","Ratio","0","Units",,,0.3,,
"USA57","Kern","T_T_SH_NAT","Share of population  in metropolitan area over the national value","2014","2014","RATIO","Ratio","0","Units",,,0.3,,
"USA57","Kern","T_T_SH_NAT","Share of population  in metropolitan area over the national value","2015","2015","RATIO","Ratio","0","Units",,,0.3,,
"USA57","Kern","T_T_SH_NAT","Share of population  in metropolitan area over the national value","2016","2016","RATIO","Ratio","0","Units",,,0.3,,
"FR048","Annecy","POP_DEN","Population density (pop. per km2)","2000","2000","PER","Persons","0","Units",,,193,,
"FR048","Annecy","POP_DEN","Population density (pop. per km2)","2001","2001","PER","Persons","0","Units",,,195,,
"FR048","Annecy","POP_DEN","Population density (pop. per km2)","2002","2002","PER","Persons","0","Units",,,198,,
"FR048","Annecy","POP_DEN","Population density (pop. per km2)","2003","2003","PER","Persons","0","Units",,,200,,
"FR048","Annecy","POP_DEN","Population density (pop. per km2)","2004","2004","PER","Persons","0","Units",,,203,,
"FR048","Annecy","POP_DEN","Population density (pop. per km2)","2005","2005","PER","Persons","0","Units",,,205,,
"FR048","Annecy","POP_DEN","Population density (pop. per km2)","2006","2006","PER","Persons","0","Units",,,207,,
"FR048","Annecy","POP_DEN","Population density (pop. per km2)","2007","2007","PER","Persons","0","Units",,,210,,
"FR048","Annecy","POP_DEN","Population density (pop. per km2)","2008","2008","PER","Persons","0","Units",,,212,,
"FR048","Annecy","POP_DEN","Population density (pop. per km2)","2009","2009","PER","Persons","0","Units",,,215,,
"FR048","Annecy","POP_DEN","Population density (pop. per km2)","2010","2010","PER","Persons","0","Units",,,218,,
"FR048","Annecy","POP_DEN","Population density (pop. per km2)","2011","2011","PER","Persons","0","Units",,,222,,
"FR048","Annecy","POP_DEN","Population density (pop. per km2)","2012","2012","PER","Persons","0","Units",,,225,,
"FR048","Annecy","POP_DEN","Population density (pop. per km2)","2013","2013","PER","Persons","0","Units",,,229,,
"FR048","Annecy","POP_DEN","Population density (pop. per km2)","2014","2014","PER","Persons","0","Units",,,232,,
"FR048","Annecy","POP_DEN","Population density (pop. per km2)","2015","2015","PER","Persons","0","Units",,,229,,
"SE006","Uppsala","T_T","Population, All ages. Administrative data","2000","2000","PER","Persons","0","Units",,,244843,,
"SE006","Uppsala","T_T","Population, All ages. Administrative data","2001","2001","PER","Persons","0","Units",,,246582,,
"SE006","Uppsala","T_T","Population, All ages. Administrative data","2002","2002","PER","Persons","0","Units",,,247899,,
"SE006","Uppsala","T_T","Population, All ages. Administrative data","2003","2003","PER","Persons","0","Units",,,249058,,
"SE006","Uppsala","T_T","Population, All ages. Administrative data","2004","2004","PER","Persons","0","Units",,,250705,,
"SE006","Uppsala","T_T","Population, All ages. Administrative data","2005","2005","PER","Persons","0","Units",,,251930,,
"SE006","Uppsala","T_T","Population, All ages. Administrative data","2006","2006","PER","Persons","0","Units",,,253692,,
"SE006","Uppsala","T_T","Population, All ages. Administrative data","2007","2007","PER","Persons","0","Units",,,256476,,
"SE006","Uppsala","T_T","Population, All ages. Administrative data","2008","2008","PER","Persons","0","Units",,,259921,,
"SE006","Uppsala","T_T","Population, All ages. Administrative data","2009","2009","PER","Persons","0","Units",,,264018,,
"SE006","Uppsala","T_T","Population, All ages. Administrative data","2010","2010","PER","Persons","0","Units",,,267391,,
"SE006","Uppsala","T_T","Population, All ages. Administrative data","2011","2011","PER","Persons","0","Units",,,269811,,
"SE006","Uppsala","T_T","Population, All ages. Administrative data","2012","2012","PER","Persons","0","Units",,,272686,,
"SE006","Uppsala","T_T","Population, All ages. Administrative data","2013","2013","PER","Persons","0","Units",,,275725,,
"SE006","Uppsala","T_T","Population, All ages. Administrative data","2014","2014","PER","Persons","0","Units",,,278576,,
"SE006","Uppsala","T_T","Population, All ages. Administrative data","2015","2015","PER","Persons","0","Units",,,282699,,
"SE006","Uppsala","T_T","Population, All ages. Administrative data","2016","2016","PER","Persons","0","Units",,,288203,,
"ES004","Seville","T_T_SH_NAT","Share of population  in metropolitan area over the national value","2001","2001","RATIO","Ratio","0","Units",,,3.4,,
"ES004","Seville","T_T_SH_NAT","Share of population  in metropolitan area over the national value","2002","2002","RATIO","Ratio","0","Units",,,3.4,,
"ES004","Seville","T_T_SH_NAT","Share of population  in metropolitan area over the national value","2003","2003","RATIO","Ratio","0","Units",,,3.3,,
"ES004","Seville","T_T_SH_NAT","Share of population  in metropolitan area over the national value","2004","2004","RATIO","Ratio","0","Units",,,3.3,,
"ES004","Seville","T_T_SH_NAT","Share of population  in metropolitan area over the national value","2005","2005","RATIO","Ratio","0","Units",,,3.3,,
"ES004","Seville","T_T_SH_NAT","Share of population  in metropolitan area over the national value","2006","2006","RATIO","Ratio","0","Units",,,3.2,,
"ES004","Seville","T_T_SH_NAT","Share of population  in metropolitan area over the national value","2007","2007","RATIO","Ratio","0","Units",,,3.2,,
"ES004","Seville","T_T_SH_NAT","Share of population  in metropolitan area over the national value","2008","2008","RATIO","Ratio","0","Units",,,3.2,,
"ES004","Seville","T_T_SH_NAT","Share of population  in metropolitan area over the national value","2009","2009","RATIO","Ratio","0","Units",,,3.1,,
"ES004","Seville","T_T_SH_NAT","Share of population  in metropolitan area over the national value","2010","2010","RATIO","Ratio","0","Units",,,3.1,,
"ES004","Seville","T_T_SH_NAT","Share of population  in metropolitan area over the national value","2011","2011","RATIO","Ratio","0","Units",,,3.2,,
"ES004","Seville","T_T_SH_NAT","Share of population  in metropolitan area over the national value","2012","2012","RATIO","Ratio","0","Units",,,3.2,,
"ES004","Seville","T_T_SH_NAT","Share of population  in metropolitan area over the national value","2013","2013","RATIO","Ratio","0","Units",,,3.2,,
"ES004","Seville","T_T_SH_NAT","Share of population  in metropolitan area over the national value","2014","2014","RATIO","Ratio","0","Units",,,3.3,,
"ES004","Seville","T_T_SH_NAT","Share of population  in metropolitan area over the national value","2015","2015","RATIO","Ratio","0","Units",,,3.3,,
"ES004","Seville","T_T_SH_NAT","Share of population  in metropolitan area over the national value","2016","2016","RATIO","Ratio","0","Units",,,3.3,,
"DE534","Ingolstadt","T_T","Population, All ages. Administrative data","2001","2001","PER","Persons","0","Units",,,436172,,
"DE534","Ingolstadt","T_T","Population, All ages. Administrative data","2002","2002","PER","Persons","0","Units",,,441682,,
"DE534","Ingolstadt","T_T","Population, All ages. Administrative data","2003","2003","PER","Persons","0","Units",,,445577,,
"DE534","Ingolstadt","T_T","Population, All ages. Administrative data","2004","2004","PER","Persons","0","Units",,,448077,,
"DE534","Ingolstadt","T_T","Population, All ages. Administrative data","2005","2005","PER","Persons","0","Units",,,449978,,
"DE534","Ingolstadt","T_T","Population, All ages. Administrative data","2006","2006","PER","Persons","0","Units",,,451541,,
"DE534","Ingolstadt","T_T","Population, All ages. Administrative data","2007","2007","PER","Persons","0","Units",,,452875,,
"DE534","Ingolstadt","T_T","Population, All ages. Administrative data","2008","2008","PER","Persons","0","Units",,,454952,,
"DE534","Ingolstadt","T_T","Population, All ages. Administrative data","2009","2009","PER","Persons","0","Units",,,456654,,
"DE534","Ingolstadt","T_T","Population, All ages. Administrative data","2010","2010","PER","Persons","0","Units",,,457338,,
"DE534","Ingolstadt","T_T","Population, All ages. Administrative data","2011","2011","PER","Persons","0","Units",,,454311,,
"DE534","Ingolstadt","T_T","Population, All ages. Administrative data","2012","2012","PER","Persons","0","Units",,,457986,,
"DE534","Ingolstadt","T_T","Population, All ages. Administrative data","2013","2013","PER","Persons","0","Units",,,463060,,
"DE534","Ingolstadt","T_T","Population, All ages. Administrative data","2014","2014","PER","Persons","0","Units",,,467685,,
"DE534","Ingolstadt","T_T","Population, All ages. Administrative data","2015","2015","PER","Persons","0","Units",,,473293,,
"DE534","Ingolstadt","T_T","Population, All ages. Administrative data","2016","2016","PER","Persons","0","Units",,,480028,,
"USA144","St. Lucie","T_T_SH_NAT","Share of population  in metropolitan area over the national value","2001","2001","RATIO","Ratio","0","Units",,,0.1,,
"USA144","St. Lucie","T_T_SH_NAT","Share of population  in metropolitan area over the national value","2002","2002","RATIO","Ratio","0","Units",,,0.1,,
"USA144","St. Lucie","T_T_SH_NAT","Share of population  in metropolitan area over the national value","2003","2003","RATIO","Ratio","0","Units",,,0.1,,
"USA144","St. Lucie","T_T_SH_NAT","Share of population  in metropolitan area over the national value","2004","2004","RATIO","Ratio","0","Units",,,0.1,,
"USA144","St. Lucie","T_T_SH_NAT","Share of population  in metropolitan area over the national value","2005","2005","RATIO","Ratio","0","Units",,,0.1,,
"USA144","St. Lucie","T_T_SH_NAT","Share of population  in metropolitan area over the national value","2006","2006","RATIO","Ratio","0","Units",,,0.1,,
"USA144","St. Lucie","T_T_SH_NAT","Share of population  in metropolitan area over the national value","2007","2007","RATIO","Ratio","0","Units",,,0.1,,
"USA144","St. Lucie","T_T_SH_NAT","Share of population  in metropolitan area over the national value","2008","2008","RATIO","Ratio","0","Units",,,0.1,,
"USA144","St. Lucie","T_T_SH_NAT","Share of population  in metropolitan area over the national value","2009","2009","RATIO","Ratio","0","Units",,,0.1,,
"USA144","St. Lucie","T_T_SH_NAT","Share of population  in metropolitan area over the national value","2010","2010","RATIO","Ratio","0","Units",,,0.1,,
"USA144","St. Lucie","T_T_SH_NAT","Share of population  in metropolitan area over the national value","2011","2011","RATIO","Ratio","0","Units",,,0.1,,
"USA144","St. Lucie","T_T_SH_NAT","Share of population  in metropolitan area over the national value","2012","2012","RATIO","Ratio","0","Units",,,0.1,,
"USA144","St. Lucie","T_T_SH_NAT","Share of population  in metropolitan area over the national value","2013","2013","RATIO","Ratio","0","Units",,,0.1,,
"USA144","St. Lucie","T_T_SH_NAT","Share of population  in metropolitan area over the national value","2014","2014","RATIO","Ratio","0","Units",,,0.1,,
"USA144","St. Lucie","T_T_SH_NAT","Share of population  in metropolitan area over the national value","2015","2015","RATIO","Ratio","0","Units",,,0.1,,
"USA144","St. Lucie","T_T_SH_NAT","Share of population  in metropolitan area over the national value","2016","2016","RATIO","Ratio","0","Units",,,0.1,,
"LT002","Kaunas","POP_DEN","Population density (pop. per km2)","2001","2001","PER","Persons","0","Units",,,285,,
"LT002","Kaunas","POP_DEN","Population density (pop. per km2)","2002","2002","PER","Persons","0","Units",,,282,,
"LT002","Kaunas","POP_DEN","Population density (pop. per km2)","2003","2003","PER","Persons","0","Units",,,280,,
"LT002","Kaunas","POP_DEN","Population density (pop. per km2)","2004","2004","PER","Persons","0","Units",,,277,,
"LT002","Kaunas","POP_DEN","Population density (pop. per km2)","2005","2005","PER","Persons","0","Units",,,272,,
"LT002","Kaunas","POP_DEN","Population density (pop. per km2)","2006","2006","PER","Persons","0","Units",,,267,,
"LT002","Kaunas","POP_DEN","Population density (pop. per km2)","2007","2007","PER","Persons","0","Units",,,264,,
"LT002","Kaunas","POP_DEN","Population density (pop. per km2)","2008","2008","PER","Persons","0","Units",,,262,,
"LT002","Kaunas","POP_DEN","Population density (pop. per km2)","2009","2009","PER","Persons","0","Units",,,260,,
"LT002","Kaunas","POP_DEN","Population density (pop. per km2)","2010","2010","PER","Persons","0","Units",,,258,,
"LT002","Kaunas","POP_DEN","Population density (pop. per km2)","2011","2011","PER","Persons","0","Units",,,249,,
"LT002","Kaunas","POP_DEN","Population density (pop. per km2)","2012","2012","PER","Persons","0","Units",,,245,,
"LT002","Kaunas","POP_DEN","Population density (pop. per km2)","2013","2013","PER","Persons","0","Units",,,243,,
"LT002","Kaunas","POP_DEN","Population density (pop. per km2)","2014","2014","PER","Persons","0","Units",,,242,,
"LT002","Kaunas","POP_DEN","Population density (pop. per km2)","2015","2015","PER","Persons","0","Units",,,241,,
"LT002","Kaunas","POP_DEN","Population density (pop. per km2)","2016","2016","PER","Persons","0","Units",,,240,,
"COL21","Sincelejo","T_T","Population, All ages. Administrative data","2000","2000","PER","Persons","0","Units",,,222181,,
"COL21","Sincelejo","T_T","Population, All ages. Administrative data","2001","2001","PER","Persons","0","Units",,,225445,,
"COL21","Sincelejo","T_T","Population, All ages. Administrative data","2002","2002","PER","Persons","0","Units",,,228709,,
"COL21","Sincelejo","T_T","Population, All ages. Administrative data","2003","2003","PER","Persons","0","Units",,,231973,,
"COL21","Sincelejo","T_T","Population, All ages. Administrative data","2004","2004","PER","Persons","0","Units",,,235237,,
"COL21","Sincelejo","T_T","Population, All ages. Administrative data","2005","2005","PER","Persons","0","Units",,,238501,,
"COL21","Sincelejo","T_T","Population, All ages. Administrative data","2006","2006","PER","Persons","0","Units",,,241765,,
"COL21","Sincelejo","T_T","Population, All ages. Administrative data","2007","2007","PER","Persons","0","Units",,,245029,,
"COL21","Sincelejo","T_T","Population, All ages. Administrative data","2008","2008","PER","Persons","0","Units",,,248293,,
"COL21","Sincelejo","T_T","Population, All ages. Administrative data","2009","2009","PER","Persons","0","Units",,,251557,,
"COL21","Sincelejo","T_T","Population, All ages. Administrative data","2010","2010","PER","Persons","0","Units",,,254821,,
"COL21","Sincelejo","T_T","Population, All ages. Administrative data","2011","2011","PER","Persons","0","Units",,,258085,,
"COL21","Sincelejo","T_T","Population, All ages. Administrative data","2012","2012","PER","Persons","0","Units",,,261349,,
"COL21","Sincelejo","T_T","Population, All ages. Administrative data","2013","2013","PER","Persons","0","Units",,,264613,,
"COL21","Sincelejo","T_T","Population, All ages. Administrative data","2014","2014","PER","Persons","0","Units",,,267877,,
"COL21","Sincelejo","T_T","Population, All ages. Administrative data","2015","2015","PER","Persons","0","Units",,,271141,,
"UK008","Manchester","T_T_SH_NAT","Share of population  in metropolitan area over the national value","2001","2001","RATIO","Ratio","0","Units",,,5.1,,
"UK008","Manchester","T_T_SH_NAT","Share of population  in metropolitan area over the national value","2002","2002","RATIO","Ratio","0","Units",,,5.1,,
"UK008","Manchester","T_T_SH_NAT","Share of population  in metropolitan area over the national value","2003","2003","RATIO","Ratio","0","Units",,,5.1,,
"UK008","Manchester","T_T_SH_NAT","Share of population  in metropolitan area over the national value","2004","2004","RATIO","Ratio","0","Units",,,5.1,,
"UK008","Manchester","T_T_SH_NAT","Share of population  in metropolitan area over the national value","2005","2005","RATIO","Ratio","0","Units",,,5.1,,
"UK008","Manchester","T_T_SH_NAT","Share of population  in metropolitan area over the national value","2006","2006","RATIO","Ratio","0","Units",,,5.1,,
"UK008","Manchester","T_T_SH_NAT","Share of population  in metropolitan area over the national value","2007","2007","RATIO","Ratio","0","Units",,,5.1,,
"UK008","Manchester","T_T_SH_NAT","Share of population  in metropolitan area over the national value","2008","2008","RATIO","Ratio","0","Units",,,5.1,,
"UK008","Manchester","T_T_SH_NAT","Share of population  in metropolitan area over the national value","2009","2009","RATIO","Ratio","0","Units",,,5.1,,
"UK008","Manchester","T_T_SH_NAT","Share of population  in metropolitan area over the national value","2010","2010","RATIO","Ratio","0","Units",,,5.1,,
"UK008","Manchester","T_T_SH_NAT","Share of population  in metropolitan area over the national value","2011","2011","RATIO","Ratio","0","Units",,,5.1,,
"UK008","Manchester","T_T_SH_NAT","Share of population  in metropolitan area over the national value","2012","2012","RATIO","Ratio","0","Units",,,5.1,,
"UK008","Manchester","T_T_SH_NAT","Share of population  in metropolitan area over the national value","2013","2013","RATIO","Ratio","0","Units",,,5.1,,
"UK008","Manchester","T_T_SH_NAT","Share of population  in metropolitan area over the national value","2014","2014","RATIO","Ratio","0","Units",,,5.1,,
"UK008","Manchester","T_T_SH_NAT","Share of population  in metropolitan area over the national value","2015","2015","RATIO","Ratio","0","Units",,,5.1,,
"UK008","Manchester","T_T_SH_NAT","Share of population  in metropolitan area over the national value","2016","2016","RATIO","Ratio","0","Units",,,5.1,,
"USA117","Scott","POP_DEN","Population density (pop. per km2)","2000","2000","PER","Persons","0","Units",,,63,,
"USA117","Scott","POP_DEN","Population density (pop. per km2)","2001","2001","PER","Persons","0","Units",,,62,,
"USA117","Scott","POP_DEN","Population density (pop. per km2)","2002","2002","PER","Persons","0","Units",,,62,,
"USA117","Scott","POP_DEN","Population density (pop. per km2)","2003","2003","PER","Persons","0","Units",,,62,,
"USA117","Scott","POP_DEN","Population density (pop. per km2)","2004","2004","PER","Persons","0","Units",,,62,,
"USA117","Scott","POP_DEN","Population density (pop. per km2)","2005","2005","PER","Persons","0","Units",,,62,,
"USA117","Scott","POP_DEN","Population density (pop. per km2)","2006","2006","PER","Persons","0","Units",,,62,,
"USA117","Scott","POP_DEN","Population density (pop. per km2)","2007","2007","PER","Persons","0","Units",,,63,,
"USA117","Scott","POP_DEN","Population density (pop. per km2)","2008","2008","PER","Persons","0","Units",,,63,,
"USA117","Scott","POP_DEN","Population density (pop. per km2)","2009","2009","PER","Persons","0","Units",,,63,,
"USA117","Scott","POP_DEN","Population density (pop. per km2)","2010","2010","PER","Persons","0","Units",,,63,,
"USA117","Scott","POP_DEN","Population density (pop. per km2)","2011","2011","PER","Persons","0","Units",,,63,,
"USA117","Scott","POP_DEN","Population density (pop. per km2)","2012","2012","PER","Persons","0","Units",,,64,,
"USA117","Scott","POP_DEN","Population density (pop. per km2)","2013","2013","PER","Persons","0","Units",,,64,,
"USA117","Scott","POP_DEN","Population density (pop. per km2)","2014","2014","PER","Persons","0","Units",,,64,,
"USA117","Scott","POP_DEN","Population density (pop. per km2)","2015","2015","PER","Persons","0","Units",,,64,,
"USA117","Scott","POP_DEN","Population density (pop. per km2)","2016","2016","PER","Persons","0","Units",,,64,,
"JPN13","Takasaki","T_T","Population, All ages. Administrative data","2000","2000","PER","Persons","0","Units",,,1075778,,
"JPN13","Takasaki","T_T","Population, All ages. Administrative data","2001","2001","PER","Persons","0","Units",,,1076371,,
"JPN13","Takasaki","T_T","Population, All ages. Administrative data","2002","2002","PER","Persons","0","Units",,,1076964,,
"JPN13","Takasaki","T_T","Population, All ages. Administrative data","2003","2003","PER","Persons","0","Units",,,1077556,,
"JPN13","Takasaki","T_T","Population, All ages. Administrative data","2004","2004","PER","Persons","0","Units",,,1078149,,
"JPN13","Takasaki","T_T","Population, All ages. Administrative data","2005","2005","PER","Persons","0","Units",,,1078742,,
"JPN13","Takasaki","T_T","Population, All ages. Administrative data","2006","2006","PER","Persons","0","Units",,,1076800,,
"JPN13","Takasaki","T_T","Population, All ages. Administrative data","2007","2007","PER","Persons","0","Units",,,1074858,,
"JPN13","Takasaki","T_T","Population, All ages. Administrative data","2008","2008","PER","Persons","0","Units",,,1072918,,
"JPN13","Takasaki","T_T","Population, All ages. Administrative data","2009","2009","PER","Persons","0","Units",,,1070976,,
"JPN13","Takasaki","T_T","Population, All ages. Administrative data","2010","2010","PER","Persons","0","Units",,,1069034,,
"JPN13","Takasaki","T_T","Population, All ages. Administrative data","2011","2011","PER","Persons","0","Units",,,1064623,,
"JPN13","Takasaki","T_T","Population, All ages. Administrative data","2012","2012","PER","Persons","0","Units",,,1060212,,
"JPN13","Takasaki","T_T","Population, All ages. Administrative data","2013","2013","PER","Persons","0","Units",,,1055802,,
"JPN13","Takasaki","T_T","Population, All ages. Administrative data","2014","2014","PER","Persons","0","Units",,,1051391,,
"JPN13","Takasaki","T_T","Population, All ages. Administrative data","2015","2015","PER","Persons","0","Units",,,1046980,,
"HU001","Budapest","POP_DEN","Population density (pop. per km2)","2000","2000","PER","Persons","0","Units",,,446,,
"HU001","Budapest","POP_DEN","Population density (pop. per km2)","2001","2001","PER","Persons","0","Units",,,441,,
"HU001","Budapest","POP_DEN","Population density (pop. per km2)","2002","2002","PER","Persons","0","Units",,,441,,
"HU001","Budapest","POP_DEN","Population density (pop. per km2)","2003","2003","PER","Persons","0","Units",,,440,,
"HU001","Budapest","POP_DEN","Population density (pop. per km2)","2004","2004","PER","Persons","0","Units",,,440,,
"HU001","Budapest","POP_DEN","Population density (pop. per km2)","2005","2005","PER","Persons","0","Units",,,442,,
"HU001","Budapest","POP_DEN","Population density (pop. per km2)","2006","2006","PER","Persons","0","Units",,,444,,
"HU001","Budapest","POP_DEN","Population density (pop. per km2)","2007","2007","PER","Persons","0","Units",,,446,,
"HU001","Budapest","POP_DEN","Population density (pop. per km2)","2008","2008","PER","Persons","0","Units",,,450,,
"HU001","Budapest","POP_DEN","Population density (pop. per km2)","2009","2009","PER","Persons","0","Units",,,454,,
"HU001","Budapest","POP_DEN","Population density (pop. per km2)","2010","2010","PER","Persons","0","Units",,,458,,
"HU001","Budapest","POP_DEN","Population density (pop. per km2)","2011","2011","PER","Persons","0","Units",,,461,,
"HU001","Budapest","POP_DEN","Population density (pop. per km2)","2012","2012","PER","Persons","0","Units",,,456,,
"HU001","Budapest","POP_DEN","Population density (pop. per km2)","2013","2013","PER","Persons","0","Units",,,458,,
"HU001","Budapest","POP_DEN","Population density (pop. per km2)","2014","2014","PER","Persons","0","Units",,,460,,
"HU001","Budapest","POP_DEN","Population density (pop. per km2)","2015","2015","PER","Persons","0","Units",,,462,,
"HU001","Budapest","POP_DEN","Population density (pop. per km2)","2016","2016","PER","Persons","0","Units",,,464,,
"DE077","Schweinfurt","T_T_SH_NAT","Share of population  in metropolitan area over the national value","2001","2001","RATIO","Ratio","0","Units",,,0.3,,
"DE077","Schweinfurt","T_T_SH_NAT","Share of population  in metropolitan area over the national value","2002","2002","RATIO","Ratio","0","Units",,,0.3,,
"DE077","Schweinfurt","T_T_SH_NAT","Share of population  in metropolitan area over the national value","2003","2003","RATIO","Ratio","0","Units",,,0.3,,
"DE077","Schweinfurt","T_T_SH_NAT","Share of population  in metropolitan area over the national value","2004","2004","RATIO","Ratio","0","Units",,,0.3,,
"DE077","Schweinfurt","T_T_SH_NAT","Share of population  in metropolitan area over the national value","2005","2005","RATIO","Ratio","0","Units",,,0.3,,
"DE077","Schweinfurt","T_T_SH_NAT","Share of population  in metropolitan area over the national value","2006","2006","RATIO","Ratio","0","Units",,,0.3,,
"DE077","Schweinfurt","T_T_SH_NAT","Share of population  in metropolitan area over the national value","2007","2007","RATIO","Ratio","0","Units",,,0.3,,
"DE077","Schweinfurt","T_T_SH_NAT","Share of population  in metropolitan area over the national value","2008","2008","RATIO","Ratio","0","Units",,,0.3,,
"DE077","Schweinfurt","T_T_SH_NAT","Share of population  in metropolitan area over the national value","2009","2009","RATIO","Ratio","0","Units",,,0.3,,
"DE077","Schweinfurt","T_T_SH_NAT","Share of population  in metropolitan area over the national value","2010","2010","RATIO","Ratio","0","Units",,,0.3,,
"DE077","Schweinfurt","T_T_SH_NAT","Share of population  in metropolitan area over the national value","2011","2011","RATIO","Ratio","0","Units",,,0.3,,
"DE077","Schweinfurt","T_T_SH_NAT","Share of population  in metropolitan area over the national value","2012","2012","RATIO","Ratio","0","Units",,,0.3,,
"DE077","Schweinfurt","T_T_SH_NAT","Share of population  in metropolitan area over the national value","2013","2013","RATIO","Ratio","0","Units",,,0.3,,
"DE077","Schweinfurt","T_T_SH_NAT","Share of population  in metropolitan area over the national value","2014","2014","RATIO","Ratio","0","Units",,,0.3,,
"DE077","Schweinfurt","T_T_SH_NAT","Share of population  in metropolitan area over the national value","2015","2015","RATIO","Ratio","0","Units",,,0.3,,
"DE077","Schweinfurt","T_T_SH_NAT","Share of population  in metropolitan area over the national value","2016","2016","RATIO","Ratio","0","Units",,,0.3,,
"PL003","Cracow","POP_DEN","Population density (pop. per km2)","2000","2000","PER","Persons","0","Units",,,353,,
"PL003","Cracow","POP_DEN","Population density (pop. per km2)","2001","2001","PER","Persons","0","Units",,,353,,
"PL003","Cracow","POP_DEN","Population density (pop. per km2)","2002","2002","PER","Persons","0","Units",,,354,,
"PL003","Cracow","POP_DEN","Population density (pop. per km2)","2003","2003","PER","Persons","0","Units",,,355,,
"PL003","Cracow","POP_DEN","Population density (pop. per km2)","2004","2004","PER","Persons","0","Units",,,355,,
"PL003","Cracow","POP_DEN","Population density (pop. per km2)","2005","2005","PER","Persons","0","Units",,,356,,
"PL003","Cracow","POP_DEN","Population density (pop. per km2)","2006","2006","PER","Persons","0","Units",,,357,,
"PL003","Cracow","POP_DEN","Population density (pop. per km2)","2007","2007","PER","Persons","0","Units",,,358,,
"PL003","Cracow","POP_DEN","Population density (pop. per km2)","2008","2008","PER","Persons","0","Units",,,359,,
"PL003","Cracow","POP_DEN","Population density (pop. per km2)","2009","2009","PER","Persons","0","Units",,,360,,
"PL003","Cracow","POP_DEN","Population density (pop. per km2)","2010","2010","PER","Persons","0","Units",,,364,,
"PL003","Cracow","POP_DEN","Population density (pop. per km2)","2011","2011","PER","Persons","0","Units",,,368,,
"PL003","Cracow","POP_DEN","Population density (pop. per km2)","2012","2012","PER","Persons","0","Units",,,369,,
"PL003","Cracow","POP_DEN","Population density (pop. per km2)","2013","2013","PER","Persons","0","Units",,,370,,
"PL003","Cracow","POP_DEN","Population density (pop. per km2)","2014","2014","PER","Persons","0","Units",,,372,,
"PL003","Cracow","POP_DEN","Population density (pop. per km2)","2015","2015","PER","Persons","0","Units",,,373,,
"PL003","Cracow","POP_DEN","Population density (pop. per km2)","2016","2016","PER","Persons","0","Units",,,375,,
"USA14","Seattle","T_T_SH_NAT","Share of population  in metropolitan area over the national value","2001","2001","RATIO","Ratio","0","Units",,,1.1,,
"USA14","Seattle","T_T_SH_NAT","Share of population  in metropolitan area over the national value","2002","2002","RATIO","Ratio","0","Units",,,1.1,,
"USA14","Seattle","T_T_SH_NAT","Share of population  in metropolitan area over the national value","2003","2003","RATIO","Ratio","0","Units",,,1.1,,
"USA14","Seattle","T_T_SH_NAT","Share of population  in metropolitan area over the national value","2004","2004","RATIO","Ratio","0","Units",,,1.1,,
"USA14","Seattle","T_T_SH_NAT","Share of population  in metropolitan area over the national value","2005","2005","RATIO","Ratio","0","Units",,,1.1,,
"USA14","Seattle","T_T_SH_NAT","Share of population  in metropolitan area over the national value","2006","2006","RATIO","Ratio","0","Units",,,1.1,,
"USA14","Seattle","T_T_SH_NAT","Share of population  in metropolitan area over the national value","2007","2007","RATIO","Ratio","0","Units",,,1.1,,
"USA14","Seattle","T_T_SH_NAT","Share of population  in metropolitan area over the national value","2008","2008","RATIO","Ratio","0","Units",,,1.1,,
"USA14","Seattle","T_T_SH_NAT","Share of population  in metropolitan area over the national value","2009","2009","RATIO","Ratio","0","Units",,,1.1,,
"USA14","Seattle","T_T_SH_NAT","Share of population  in metropolitan area over the national value","2010","2010","RATIO","Ratio","0","Units",,,1.1,,
"USA14","Seattle","T_T_SH_NAT","Share of population  in metropolitan area over the national value","2011","2011","RATIO","Ratio","0","Units",,,1.1,,
"USA14","Seattle","T_T_SH_NAT","Share of population  in metropolitan area over the national value","2012","2012","RATIO","Ratio","0","Units",,,1.1,,
"USA14","Seattle","T_T_SH_NAT","Share of population  in metropolitan area over the national value","2013","2013","RATIO","Ratio","0","Units",,,1.1,,
"USA14","Seattle","T_T_SH_NAT","Share of population  in metropolitan area over the national value","2014","2014","RATIO","Ratio","0","Units",,,1.2,,
"USA14","Seattle","T_T_SH_NAT","Share of population  in metropolitan area over the national value","2015","2015","RATIO","Ratio","0","Units",,,1.2,,
"USA14","Seattle","T_T_SH_NAT","Share of population  in metropolitan area over the national value","2016","2016","RATIO","Ratio","0","Units",,,1.2,,
"FR039","Avignon","POP_DEN","Population density (pop. per km2)","2000","2000","PER","Persons","0","Units",,,330,,
"FR039","Avignon","POP_DEN","Population density (pop. per km2)","2001","2001","PER","Persons","0","Units",,,333,,
"FR039","Avignon","POP_DEN","Population density (pop. per km2)","2002","2002","PER","Persons","0","Units",,,336,,
"FR039","Avignon","POP_DEN","Population density (pop. per km2)","2003","2003","PER","Persons","0","Units",,,339,,
"FR039","Avignon","POP_DEN","Population density (pop. per km2)","2004","2004","PER","Persons","0","Units",,,341,,
"FR039","Avignon","POP_DEN","Population density (pop. per km2)","2005","2005","PER","Persons","0","Units",,,344,,
"FR039","Avignon","POP_DEN","Population density (pop. per km2)","2006","2006","PER","Persons","0","Units",,,347,,
"FR039","Avignon","POP_DEN","Population density (pop. per km2)","2007","2007","PER","Persons","0","Units",,,350,,
"FR039","Avignon","POP_DEN","Population density (pop. per km2)","2008","2008","PER","Persons","0","Units",,,353,,
"FR039","Avignon","POP_DEN","Population density (pop. per km2)","2009","2009","PER","Persons","0","Units",,,356,,
"FR039","Avignon","POP_DEN","Population density (pop. per km2)","2010","2010","PER","Persons","0","Units",,,358,,
"FR039","Avignon","POP_DEN","Population density (pop. per km2)","2011","2011","PER","Persons","0","Units",,,361,,
"FR039","Avignon","POP_DEN","Population density (pop. per km2)","2012","2012","PER","Persons","0","Units",,,363,,
"FR039","Avignon","POP_DEN","Population density (pop. per km2)","2013","2013","PER","Persons","0","Units",,,366,,
"FR039","Avignon","POP_DEN","Population density (pop. per km2)","2014","2014","PER","Persons","0","Units",,,368,,
"FR039","Avignon","POP_DEN","Population density (pop. per km2)","2015","2015","PER","Persons","0","Units",,,371,,
"USA62","Hidalgo","POP_DEN","Population density (pop. per km2)","2000","2000","PER","Persons","0","Units",,,139,,
"USA62","Hidalgo","POP_DEN","Population density (pop. per km2)","2001","2001","PER","Persons","0","Units",,,143,,
"USA62","Hidalgo","POP_DEN","Population density (pop. per km2)","2002","2002","PER","Persons","0","Units",,,148,,
"USA62","Hidalgo","POP_DEN","Population density (pop. per km2)","2003","2003","PER","Persons","0","Units",,,153,,
"USA62","Hidalgo","POP_DEN","Population density (pop. per km2)","2004","2004","PER","Persons","0","Units",,,159,,
"USA62","Hidalgo","POP_DEN","Population density (pop. per km2)","2005","2005","PER","Persons","0","Units",,,164,,
"USA62","Hidalgo","POP_DEN","Population density (pop. per km2)","2006","2006","PER","Persons","0","Units",,,169,,
"USA62","Hidalgo","POP_DEN","Population density (pop. per km2)","2007","2007","PER","Persons","0","Units",,,174,,
"USA62","Hidalgo","POP_DEN","Population density (pop. per km2)","2008","2008","PER","Persons","0","Units",,,179,,
"USA62","Hidalgo","POP_DEN","Population density (pop. per km2)","2009","2009","PER","Persons","0","Units",,,184,,
"USA62","Hidalgo","POP_DEN","Population density (pop. per km2)","2010","2010","PER","Persons","0","Units",,,189,,
"USA62","Hidalgo","POP_DEN","Population density (pop. per km2)","2011","2011","PER","Persons","0","Units",,,193,,
"USA62","Hidalgo","POP_DEN","Population density (pop. per km2)","2012","2012","PER","Persons","0","Units",,,196,,
"USA62","Hidalgo","POP_DEN","Population density (pop. per km2)","2013","2013","PER","Persons","0","Units",,,198,,
"USA62","Hidalgo","POP_DEN","Population density (pop. per km2)","2014","2014","PER","Persons","0","Units",,,201,,
"USA62","Hidalgo","POP_DEN","Population density (pop. per km2)","2015","2015","PER","Persons","0","Units",,,204,,
"USA62","Hidalgo","POP_DEN","Population density (pop. per km2)","2016","2016","PER","Persons","0","Units",,,206,,
"MEX06","Tijuana","T_T","Population, All ages. Administrative data","2000","2000","PER","Persons","0","Units",,,1357054,,
"MEX06","Tijuana","T_T","Population, All ages. Administrative data","2005","2005","PER","Persons","0","Units",,,1280692,,
"MEX06","Tijuana","T_T","Population, All ages. Administrative data","2010","2010","PER","Persons","0","Units",,,1548377,,
"MEX06","Tijuana","T_T","Population, All ages. Administrative data","2015","2015","PER","Persons","0","Units",,,1752866,,
"USA149","Lackawanna","T_T","Population, All ages. Administrative data","2000","2000","PER","Persons","0","Units",,,260842,,
"USA149","Lackawanna","T_T","Population, All ages. Administrative data","2001","2001","PER","Persons","0","Units",,,260686,,
"USA149","Lackawanna","T_T","Population, All ages. Administrative data","2002","2002","PER","Persons","0","Units",,,260310,,
"USA149","Lackawanna","T_T","Population, All ages. Administrative data","2003","2003","PER","Persons","0","Units",,,260707,,
"USA149","Lackawanna","T_T","Population, All ages. Administrative data","2004","2004","PER","Persons","0","Units",,,261284,,
"USA149","Lackawanna","T_T","Population, All ages. Administrative data","2005","2005","PER","Persons","0","Units",,,262714,,
"USA149","Lackawanna","T_T","Population, All ages. Administrative data","2006","2006","PER","Persons","0","Units",,,264626,,
"USA149","Lackawanna","T_T","Population, All ages. Administrative data","2007","2007","PER","Persons","0","Units",,,265854,,
"USA149","Lackawanna","T_T","Population, All ages. Administrative data","2008","2008","PER","Persons","0","Units",,,265736,,
"USA149","Lackawanna","T_T","Population, All ages. Administrative data","2009","2009","PER","Persons","0","Units",,,266690,,
"USA149","Lackawanna","T_T","Population, All ages. Administrative data","2010","2010","PER","Persons","0","Units",,,267351,,
"USA149","Lackawanna","T_T","Population, All ages. Administrative data","2011","2011","PER","Persons","0","Units",,,267059,,
"USA149","Lackawanna","T_T","Population, All ages. Administrative data","2012","2012","PER","Persons","0","Units",,,266379,,
"USA149","Lackawanna","T_T","Population, All ages. Administrative data","2013","2013","PER","Persons","0","Units",,,265821,,
"USA149","Lackawanna","T_T","Population, All ages. Administrative data","2014","2014","PER","Persons","0","Units",,,264697,,
"USA149","Lackawanna","T_T","Population, All ages. Administrative data","2015","2015","PER","Persons","0","Units",,,263494,,
"USA149","Lackawanna","T_T","Population, All ages. Administrative data","2016","2016","PER","Persons","0","Units",,,262102,,
"AUS04","Greater Perth","T_T","Population, All ages. Administrative data","2001","2001","PER","Persons","0","Units",,,1455361,,
"AUS04","Greater Perth","T_T","Population, All ages. Administrative data","2002","2002","PER","Persons","0","Units",,,1474536,,
"AUS04","Greater Perth","T_T","Population, All ages. Administrative data","2003","2003","PER","Persons","0","Units",,,1496016,,
"AUS04","Greater Perth","T_T","Population, All ages. Administrative data","2004","2004","PER","Persons","0","Units",,,1520232,,
"AUS04","Greater Perth","T_T","Population, All ages. Administrative data","2005","2005","PER","Persons","0","Units",,,1544977,,
"AUS04","Greater Perth","T_T","Population, All ages. Administrative data","2006","2006","PER","Persons","0","Units",,,1576912,,
"AUS04","Greater Perth","T_T","Population, All ages. Administrative data","2007","2007","PER","Persons","0","Units",,,1628467,,
"AUS04","Greater Perth","T_T","Population, All ages. Administrative data","2008","2008","PER","Persons","0","Units",,,1682860,,
"AUS04","Greater Perth","T_T","Population, All ages. Administrative data","2009","2009","PER","Persons","0","Units",,,1739342,,
"AUS04","Greater Perth","T_T","Population, All ages. Administrative data","2010","2010","PER","Persons","0","Units",,,1781132,,
"AUS04","Greater Perth","T_T","Population, All ages. Administrative data","2011","2011","PER","Persons","0","Units",,,1833567,,
"AUS04","Greater Perth","T_T","Population, All ages. Administrative data","2012","2012","PER","Persons","0","Units",,,1894006,,
"AUS04","Greater Perth","T_T","Population, All ages. Administrative data","2013","2013","PER","Persons","0","Units",,,1948736,,
"AUS04","Greater Perth","T_T","Population, All ages. Administrative data","2014","2014","PER","Persons","0","Units",,,1978499,,
"AUS04","Greater Perth","T_T","Population, All ages. Administrative data","2015","2015","PER","Persons","0","Units",,,2002114,,
"AUS04","Greater Perth","T_T","Population, All ages. Administrative data","2016","2016","PER","Persons","0","Units",,,2022044,,
"DE522","Heidelberg","T_T","Population, All ages. Administrative data","2001","2001","PER","Persons","0","Units",,,663971,,
"DE522","Heidelberg","T_T","Population, All ages. Administrative data","2002","2002","PER","Persons","0","Units",,,668981,,
"DE522","Heidelberg","T_T","Population, All ages. Administrative data","2003","2003","PER","Persons","0","Units",,,672855,,
"DE522","Heidelberg","T_T","Population, All ages. Administrative data","2004","2004","PER","Persons","0","Units",,,674279,,
"DE522","Heidelberg","T_T","Population, All ages. Administrative data","2005","2005","PER","Persons","0","Units",,,675581,,
"DE522","Heidelberg","T_T","Population, All ages. Administrative data","2006","2006","PER","Persons","0","Units",,,676655,,
"DE522","Heidelberg","T_T","Population, All ages. Administrative data","2007","2007","PER","Persons","0","Units",,,678522,,
"DE522","Heidelberg","T_T","Population, All ages. Administrative data","2008","2008","PER","Persons","0","Units",,,679965,,
"DE522","Heidelberg","T_T","Population, All ages. Administrative data","2009","2009","PER","Persons","0","Units",,,680574,,
"DE522","Heidelberg","T_T","Population, All ages. Administrative data","2010","2010","PER","Persons","0","Units",,,682388,,
"DE522","Heidelberg","T_T","Population, All ages. Administrative data","2011","2011","PER","Persons","0","Units",,,669578,,
"DE522","Heidelberg","T_T","Population, All ages. Administrative data","2012","2012","PER","Persons","0","Units",,,673292,,
"DE522","Heidelberg","T_T","Population, All ages. Administrative data","2013","2013","PER","Persons","0","Units",,,677291,,
"DE522","Heidelberg","T_T","Population, All ages. Administrative data","2014","2014","PER","Persons","0","Units",,,682783,,
"DE522","Heidelberg","T_T","Population, All ages. Administrative data","2015","2015","PER","Persons","0","Units",,,689094,,
"DE522","Heidelberg","T_T","Population, All ages. Administrative data","2016","2016","PER","Persons","0","Units",,,697764,,
"MEX05","Toluca","T_T","Population, All ages. Administrative data","2000","2000","PER","Persons","0","Units",,,1706797,,
"MEX05","Toluca","T_T","Population, All ages. Administrative data","2005","2005","PER","Persons","0","Units",,,1722115,,
"MEX05","Toluca","T_T","Population, All ages. Administrative data","2010","2010","PER","Persons","0","Units",,,2004611,,
"MEX05","Toluca","T_T","Population, All ages. Administrative data","2015","2015","PER","Persons","0","Units",,,2388503,,
"CL022","Temuco","POP_DEN","Population density (pop. per km2)","2000","2000","PER","Persons","0","Units",,,110,,
"CL022","Temuco","POP_DEN","Population density (pop. per km2)","2001","2001","PER","Persons","0","Units",,,113,,
"CL022","Temuco","POP_DEN","Population density (pop. per km2)","2002","2002","PER","Persons","0","Units",,,116,,
"CL022","Temuco","POP_DEN","Population density (pop. per km2)","2003","2003","PER","Persons","0","Units",,,118,,
"CL022","Temuco","POP_DEN","Population density (pop. per km2)","2004","2004","PER","Persons","0","Units",,,120,,
"CL022","Temuco","POP_DEN","Population density (pop. per km2)","2005","2005","PER","Persons","0","Units",,,121,,
"CL022","Temuco","POP_DEN","Population density (pop. per km2)","2006","2006","PER","Persons","0","Units",,,123,,
"CL022","Temuco","POP_DEN","Population density (pop. per km2)","2007","2007","PER","Persons","0","Units",,,125,,
"CL022","Temuco","POP_DEN","Population density (pop. per km2)","2008","2008","PER","Persons","0","Units",,,126,,
"CL022","Temuco","POP_DEN","Population density (pop. per km2)","2009","2009","PER","Persons","0","Units",,,128,,
"CL022","Temuco","POP_DEN","Population density (pop. per km2)","2010","2010","PER","Persons","0","Units",,,129,,
"CL022","Temuco","POP_DEN","Population density (pop. per km2)","2011","2011","PER","Persons","0","Units",,,131,,
"CL022","Temuco","POP_DEN","Population density (pop. per km2)","2012","2012","PER","Persons","0","Units",,,133,,
"CL022","Temuco","POP_DEN","Population density (pop. per km2)","2013","2013","PER","Persons","0","Units",,,134,,
"CL022","Temuco","POP_DEN","Population density (pop. per km2)","2014","2014","PER","Persons","0","Units",,,136,,
"CL022","Temuco","POP_DEN","Population density (pop. per km2)","2015","2015","PER","Persons","0","Units",,,138,,
"CL022","Temuco","POP_DEN","Population density (pop. per km2)","2016","2016","PER","Persons","0","Units",,,139,,
"CZ002","Brno","T_T","Population, All ages. Administrative data","2000","2000","PER","Persons","0","Units",,,710440,,
"CZ002","Brno","T_T","Population, All ages. Administrative data","2001","2001","PER","Persons","0","Units",,,707007,,
"CZ002","Brno","T_T","Population, All ages. Administrative data","2002","2002","PER","Persons","0","Units",,,703574,,
"CZ002","Brno","T_T","Population, All ages. Administrative data","2003","2003","PER","Persons","0","Units",,,700142,,
"CZ002","Brno","T_T","Population, All ages. Administrative data","2004","2004","PER","Persons","0","Units",,,696708,,
"CZ002","Brno","T_T","Population, All ages. Administrative data","2005","2005","PER","Persons","0","Units",,,693277,,
"CZ002","Brno","T_T","Population, All ages. Administrative data","2006","2006","PER","Persons","0","Units",,,689843,,
"CZ002","Brno","T_T","Population, All ages. Administrative data","2007","2007","PER","Persons","0","Units",,,686411,,
"CZ002","Brno","T_T","Population, All ages. Administrative data","2008","2008","PER","Persons","0","Units",,,692156,,
"CZ002","Brno","T_T","Population, All ages. Administrative data","2009","2009","PER","Persons","0","Units",,,696231,,
"CZ002","Brno","T_T","Population, All ages. Administrative data","2010","2010","PER","Persons","0","Units",,,699254,,
"CZ002","Brno","T_T","Population, All ages. Administrative data","2011","2011","PER","Persons","0","Units",,,710069,,
"CZ002","Brno","T_T","Population, All ages. Administrative data","2012","2012","PER","Persons","0","Units",,,712584,,
"CZ002","Brno","T_T","Population, All ages. Administrative data","2013","2013","PER","Persons","0","Units",,,714532,,
"CZ002","Brno","T_T","Population, All ages. Administrative data","2014","2014","PER","Persons","0","Units",,,717451,,
"CZ002","Brno","T_T","Population, All ages. Administrative data","2015","2015","PER","Persons","0","Units",,,719694,,
"CZ002","Brno","T_T","Population, All ages. Administrative data","2016","2016","PER","Persons","0","Units",,,723491,,
"FI002","Tampere","T_T_SH_NAT","Share of population  in metropolitan area over the national value","2001","2001","RATIO","Ratio","0","Units",,,7.2,,
"FI002","Tampere","T_T_SH_NAT","Share of population  in metropolitan area over the national value","2002","2002","RATIO","Ratio","0","Units",,,7.2,,
"FI002","Tampere","T_T_SH_NAT","Share of population  in metropolitan area over the national value","2003","2003","RATIO","Ratio","0","Units",,,7.3,,
"FI002","Tampere","T_T_SH_NAT","Share of population  in metropolitan area over the national value","2004","2004","RATIO","Ratio","0","Units",,,7.4,,
"FI002","Tampere","T_T_SH_NAT","Share of population  in metropolitan area over the national value","2005","2005","RATIO","Ratio","0","Units",,,7.4,,
"FI002","Tampere","T_T_SH_NAT","Share of population  in metropolitan area over the national value","2006","2006","RATIO","Ratio","0","Units",,,7.5,,
"FI002","Tampere","T_T_SH_NAT","Share of population  in metropolitan area over the national value","2007","2007","RATIO","Ratio","0","Units",,,7.6,,
"FI002","Tampere","T_T_SH_NAT","Share of population  in metropolitan area over the national value","2008","2008","RATIO","Ratio","0","Units",,,7.6,,
"FI002","Tampere","T_T_SH_NAT","Share of population  in metropolitan area over the national value","2009","2009","RATIO","Ratio","0","Units",,,7.7,,
"FI002","Tampere","T_T_SH_NAT","Share of population  in metropolitan area over the national value","2010","2010","RATIO","Ratio","0","Units",,,7.7,,
"FI002","Tampere","T_T_SH_NAT","Share of population  in metropolitan area over the national value","2011","2011","RATIO","Ratio","0","Units",,,7.7,,
"FI002","Tampere","T_T_SH_NAT","Share of population  in metropolitan area over the national value","2012","2012","RATIO","Ratio","0","Units",,,7.8,,
"FI002","Tampere","T_T_SH_NAT","Share of population  in metropolitan area over the national value","2013","2013","RATIO","Ratio","0","Units",,,7.8,,
"FI002","Tampere","T_T_SH_NAT","Share of population  in metropolitan area over the national value","2014","2014","RATIO","Ratio","0","Units",,,7.9,,
"FI002","Tampere","T_T_SH_NAT","Share of population  in metropolitan area over the national value","2015","2015","RATIO","Ratio","0","Units",,,7.9,,
"FI002","Tampere","T_T_SH_NAT","Share of population  in metropolitan area over the national value","2016","2016","RATIO","Ratio","0","Units",,,8,,
"USA66","Montgomery (OH)","T_T","Population, All ages. Administrative data","2000","2000","PER","Persons","0","Units",,,706923,,
"USA66","Montgomery (OH)","T_T","Population, All ages. Administrative data","2001","2001","PER","Persons","0","Units",,,705179,,
"USA66","Montgomery (OH)","T_T","Population, All ages. Administrative data","2002","2002","PER","Persons","0","Units",,,704707,,
"USA66","Montgomery (OH)","T_T","Population, All ages. Administrative data","2003","2003","PER","Persons","0","Units",,,704806,,
"USA66","Montgomery (OH)","T_T","Population, All ages. Administrative data","2004","2004","PER","Persons","0","Units",,,705155,,
"USA66","Montgomery (OH)","T_T","Population, All ages. Administrative data","2005","2005","PER","Persons","0","Units",,,703202,,
"USA66","Montgomery (OH)","T_T","Population, All ages. Administrative data","2006","2006","PER","Persons","0","Units",,,701470,,
"USA66","Montgomery (OH)","T_T","Population, All ages. Administrative data","2007","2007","PER","Persons","0","Units",,,699722,,
"USA66","Montgomery (OH)","T_T","Population, All ages. Administrative data","2008","2008","PER","Persons","0","Units",,,697779,,
"USA66","Montgomery (OH)","T_T","Population, All ages. Administrative data","2009","2009","PER","Persons","0","Units",,,696369,,
"USA66","Montgomery (OH)","T_T","Population, All ages. Administrative data","2010","2010","PER","Persons","0","Units",,,697156,,
"USA66","Montgomery (OH)","T_T","Population, All ages. Administrative data","2011","2011","PER","Persons","0","Units",,,697976,,
"USA66","Montgomery (OH)","T_T","Population, All ages. Administrative data","2012","2012","PER","Persons","0","Units",,,698474,,
"USA66","Montgomery (OH)","T_T","Population, All ages. Administrative data","2013","2013","PER","Persons","0","Units",,,697435,,
"USA66","Montgomery (OH)","T_T","Population, All ages. Administrative data","2014","2014","PER","Persons","0","Units",,,696488,,
"USA66","Montgomery (OH)","T_T","Population, All ages. Administrative data","2015","2015","PER","Persons","0","Units",,,695340,,
"USA66","Montgomery (OH)","T_T","Population, All ages. Administrative data","2016","2016","PER","Persons","0","Units",,,696504,,
"CAN09","Hamilton","T_T_SH_NAT","Share of population  in metropolitan area over the national value","2001","2001","RATIO","Ratio","0","Units",,,1.9,,
"CAN09","Hamilton","T_T_SH_NAT","Share of population  in metropolitan area over the national value","2002","2002","RATIO","Ratio","0","Units",,,1.9,,
"CAN09","Hamilton","T_T_SH_NAT","Share of population  in metropolitan area over the national value","2003","2003","RATIO","Ratio","0","Units",,,1.9,,
"CAN09","Hamilton","T_T_SH_NAT","Share of population  in metropolitan area over the national value","2004","2004","RATIO","Ratio","0","Units",,,1.9,,
"CAN09","Hamilton","T_T_SH_NAT","Share of population  in metropolitan area over the national value","2005","2005","RATIO","Ratio","0","Units",,,1.9,,
"CAN09","Hamilton","T_T_SH_NAT","Share of population  in metropolitan area over the national value","2006","2006","RATIO","Ratio","0","Units",,,1.9,,
"CAN09","Hamilton","T_T_SH_NAT","Share of population  in metropolitan area over the national value","2007","2007","RATIO","Ratio","0","Units",,,1.9,,
"CAN09","Hamilton","T_T_SH_NAT","Share of population  in metropolitan area over the national value","2008","2008","RATIO","Ratio","0","Units",,,1.8,,
"CAN09","Hamilton","T_T_SH_NAT","Share of population  in metropolitan area over the national value","2009","2009","RATIO","Ratio","0","Units",,,1.8,,
"CAN09","Hamilton","T_T_SH_NAT","Share of population  in metropolitan area over the national value","2010","2010","RATIO","Ratio","0","Units",,,1.8,,
"CAN09","Hamilton","T_T_SH_NAT","Share of population  in metropolitan area over the national value","2011","2011","RATIO","Ratio","0","Units",,,1.8,,
"CAN09","Hamilton","T_T_SH_NAT","Share of population  in metropolitan area over the national value","2012","2012","RATIO","Ratio","0","Units",,,1.8,,
"CAN09","Hamilton","T_T_SH_NAT","Share of population  in metropolitan area over the national value","2013","2013","RATIO","Ratio","0","Units",,,1.7,,
"CAN09","Hamilton","T_T_SH_NAT","Share of population  in metropolitan area over the national value","2014","2014","RATIO","Ratio","0","Units",,,1.7,,
"CAN09","Hamilton","T_T_SH_NAT","Share of population  in metropolitan area over the national value","2015","2015","RATIO","Ratio","0","Units",,,1.7,,
"CAN09","Hamilton","T_T_SH_NAT","Share of population  in metropolitan area over the national value","2016","2016","RATIO","Ratio","0","Units",,,1.7,,
"USA110","Mobile","POP_DEN","Population density (pop. per km2)","2000","2000","PER","Persons","0","Units",,,121,,
"USA110","Mobile","POP_DEN","Population density (pop. per km2)","2001","2001","PER","Persons","0","Units",,,121,,
"USA110","Mobile","POP_DEN","Population density (pop. per km2)","2002","2002","PER","Persons","0","Units",,,121,,
"USA110","Mobile","POP_DEN","Population density (pop. per km2)","2003","2003","PER","Persons","0","Units",,,120,,
"USA110","Mobile","POP_DEN","Population density (pop. per km2)","2004","2004","PER","Persons","0","Units",,,120,,
"USA110","Mobile","POP_DEN","Population density (pop. per km2)","2005","2005","PER","Persons","0","Units",,,121,,
"USA110","Mobile","POP_DEN","Population density (pop. per km2)","2006","2006","PER","Persons","0","Units",,,122,,
"USA110","Mobile","POP_DEN","Population density (pop. per km2)","2007","2007","PER","Persons","0","Units",,,123,,
"USA110","Mobile","POP_DEN","Population density (pop. per km2)","2008","2008","PER","Persons","0","Units",,,124,,
"USA110","Mobile","POP_DEN","Population density (pop. per km2)","2009","2009","PER","Persons","0","Units",,,125,,
"USA110","Mobile","POP_DEN","Population density (pop. per km2)","2010","2010","PER","Persons","0","Units",,,125,,
"USA110","Mobile","POP_DEN","Population density (pop. per km2)","2011","2011","PER","Persons","0","Units",,,125,,
"USA110","Mobile","POP_DEN","Population density (pop. per km2)","2012","2012","PER","Persons","0","Units",,,125,,
"USA110","Mobile","POP_DEN","Population density (pop. per km2)","2013","2013","PER","Persons","0","Units",,,125,,
"USA110","Mobile","POP_DEN","Population density (pop. per km2)","2014","2014","PER","Persons","0","Units",,,125,,
"USA110","Mobile","POP_DEN","Population density (pop. per km2)","2015","2015","PER","Persons","0","Units",,,125,,
"USA110","Mobile","POP_DEN","Population density (pop. per km2)","2016","2016","PER","Persons","0","Units",,,126,,
"FR023","Caen","T_T","Population, All ages. Administrative data","2000","2000","PER","Persons","0","Units",,,405732,,
"FR023","Caen","T_T","Population, All ages. Administrative data","2001","2001","PER","Persons","0","Units",,,407985,,
"FR023","Caen","T_T","Population, All ages. Administrative data","2002","2002","PER","Persons","0","Units",,,410239,,
"FR023","Caen","T_T","Population, All ages. Administrative data","2003","2003","PER","Persons","0","Units",,,412491,,
"FR023","Caen","T_T","Population, All ages. Administrative data","2004","2004","PER","Persons","0","Units",,,414746,,
"FR023","Caen","T_T","Population, All ages. Administrative data","2005","2005","PER","Persons","0","Units",,,416999,,
"FR023","Caen","T_T","Population, All ages. Administrative data","2006","2006","PER","Persons","0","Units",,,419252,,
"FR023","Caen","T_T","Population, All ages. Administrative data","2007","2007","PER","Persons","0","Units",,,421505,,
"FR023","Caen","T_T","Population, All ages. Administrative data","2008","2008","PER","Persons","0","Units",,,423759,,
"FR023","Caen","T_T","Population, All ages. Administrative data","2009","2009","PER","Persons","0","Units",,,426012,,
"FR023","Caen","T_T","Population, All ages. Administrative data","2010","2010","PER","Persons","0","Units",,,428035,,
"FR023","Caen","T_T","Population, All ages. Administrative data","2011","2011","PER","Persons","0","Units",,,430060,,
"FR023","Caen","T_T","Population, All ages. Administrative data","2012","2012","PER","Persons","0","Units",,,432084,,
"FR023","Caen","T_T","Population, All ages. Administrative data","2013","2013","PER","Persons","0","Units",,,434109,,
"FR023","Caen","T_T","Population, All ages. Administrative data","2014","2014","PER","Persons","0","Units",,,436132,,
"FR023","Caen","T_T","Population, All ages. Administrative data","2015","2015","PER","Persons","0","Units",,,431957,,
"COL17","Buenaventura","POP_DEN","Population density (pop. per km2)","2000","2000","PER","Persons","0","Units",,,42,,
"COL17","Buenaventura","POP_DEN","Population density (pop. per km2)","2001","2001","PER","Persons","0","Units",,,43,,
"COL17","Buenaventura","POP_DEN","Population density (pop. per km2)","2002","2002","PER","Persons","0","Units",,,44,,
"COL17","Buenaventura","POP_DEN","Population density (pop. per km2)","2003","2003","PER","Persons","0","Units",,,45,,
"COL17","Buenaventura","POP_DEN","Population density (pop. per km2)","2004","2004","PER","Persons","0","Units",,,46,,
"COL17","Buenaventura","POP_DEN","Population density (pop. per km2)","2005","2005","PER","Persons","0","Units",,,47,,
"COL17","Buenaventura","POP_DEN","Population density (pop. per km2)","2006","2006","PER","Persons","0","Units",,,47,,
"COL17","Buenaventura","POP_DEN","Population density (pop. per km2)","2007","2007","PER","Persons","0","Units",,,48,,
"COL17","Buenaventura","POP_DEN","Population density (pop. per km2)","2008","2008","PER","Persons","0","Units",,,49,,
"COL17","Buenaventura","POP_DEN","Population density (pop. per km2)","2009","2009","PER","Persons","0","Units",,,50,,
"COL17","Buenaventura","POP_DEN","Population density (pop. per km2)","2010","2010","PER","Persons","0","Units",,,51,,
"COL17","Buenaventura","POP_DEN","Population density (pop. per km2)","2011","2011","PER","Persons","0","Units",,,52,,
"COL17","Buenaventura","POP_DEN","Population density (pop. per km2)","2012","2012","PER","Persons","0","Units",,,53,,
"COL17","Buenaventura","POP_DEN","Population density (pop. per km2)","2013","2013","PER","Persons","0","Units",,,54,,
"COL17","Buenaventura","POP_DEN","Population density (pop. per km2)","2014","2014","PER","Persons","0","Units",,,55,,
"COL17","Buenaventura","POP_DEN","Population density (pop. per km2)","2015","2015","PER","Persons","0","Units",,,56,,
"USA42","New Orleans","T_T_SH_NAT","Share of population  in metropolitan area over the national value","2001","2001","RATIO","Ratio","0","Units",,,0.5,,
"USA42","New Orleans","T_T_SH_NAT","Share of population  in metropolitan area over the national value","2002","2002","RATIO","Ratio","0","Units",,,0.5,,
"USA42","New Orleans","T_T_SH_NAT","Share of population  in metropolitan area over the national value","2003","2003","RATIO","Ratio","0","Units",,,0.5,,
"USA42","New Orleans","T_T_SH_NAT","Share of population  in metropolitan area over the national value","2004","2004","RATIO","Ratio","0","Units",,,0.5,,
"USA42","New Orleans","T_T_SH_NAT","Share of population  in metropolitan area over the national value","2005","2005","RATIO","Ratio","0","Units",,,0.5,,
"USA42","New Orleans","T_T_SH_NAT","Share of population  in metropolitan area over the national value","2006","2006","RATIO","Ratio","0","Units",,,0.3,,
"USA42","New Orleans","T_T_SH_NAT","Share of population  in metropolitan area over the national value","2007","2007","RATIO","Ratio","0","Units",,,0.4,,
"USA42","New Orleans","T_T_SH_NAT","Share of population  in metropolitan area over the national value","2008","2008","RATIO","Ratio","0","Units",,,0.4,,
"USA42","New Orleans","T_T_SH_NAT","Share of population  in metropolitan area over the national value","2009","2009","RATIO","Ratio","0","Units",,,0.4,,
"USA42","New Orleans","T_T_SH_NAT","Share of population  in metropolitan area over the national value","2010","2010","RATIO","Ratio","0","Units",,,0.4,,
"USA42","New Orleans","T_T_SH_NAT","Share of population  in metropolitan area over the national value","2011","2011","RATIO","Ratio","0","Units",,,0.4,,
"USA42","New Orleans","T_T_SH_NAT","Share of population  in metropolitan area over the national value","2012","2012","RATIO","Ratio","0","Units",,,0.4,,
"USA42","New Orleans","T_T_SH_NAT","Share of population  in metropolitan area over the national value","2013","2013","RATIO","Ratio","0","Units",,,0.4,,
"USA42","New Orleans","T_T_SH_NAT","Share of population  in metropolitan area over the national value","2014","2014","RATIO","Ratio","0","Units",,,0.4,,
"USA42","New Orleans","T_T_SH_NAT","Share of population  in metropolitan area over the national value","2015","2015","RATIO","Ratio","0","Units",,,0.4,,
"USA42","New Orleans","T_T_SH_NAT","Share of population  in metropolitan area over the national value","2016","2016","RATIO","Ratio","0","Units",,,0.4,,
"USA70","Onondaga","POP_DEN","Population density (pop. per km2)","2000","2000","PER","Persons","0","Units",,,101,,
"USA70","Onondaga","POP_DEN","Population density (pop. per km2)","2001","2001","PER","Persons","0","Units",,,101,,
"USA70","Onondaga","POP_DEN","Population density (pop. per km2)","2002","2002","PER","Persons","0","Units",,,101,,
"USA70","Onondaga","POP_DEN","Population density (pop. per km2)","2003","2003","PER","Persons","0","Units",,,102,,
"USA70","Onondaga","POP_DEN","Population density (pop. per km2)","2004","2004","PER","Persons","0","Units",,,102,,
"USA70","Onondaga","POP_DEN","Population density (pop. per km2)","2005","2005","PER","Persons","0","Units",,,102,,
"USA70","Onondaga","POP_DEN","Population density (pop. per km2)","2006","2006","PER","Persons","0","Units",,,102,,
"USA70","Onondaga","POP_DEN","Population density (pop. per km2)","2007","2007","PER","Persons","0","Units",,,102,,
"USA70","Onondaga","POP_DEN","Population density (pop. per km2)","2008","2008","PER","Persons","0","Units",,,102,,
"USA70","Onondaga","POP_DEN","Population density (pop. per km2)","2009","2009","PER","Persons","0","Units",,,103,,
"USA70","Onondaga","POP_DEN","Population density (pop. per km2)","2010","2010","PER","Persons","0","Units",,,103,,
"USA70","Onondaga","POP_DEN","Population density (pop. per km2)","2011","2011","PER","Persons","0","Units",,,103,,
"USA70","Onondaga","POP_DEN","Population density (pop. per km2)","2012","2012","PER","Persons","0","Units",,,103,,
"USA70","Onondaga","POP_DEN","Population density (pop. per km2)","2013","2013","PER","Persons","0","Units",,,103,,
"USA70","Onondaga","POP_DEN","Population density (pop. per km2)","2014","2014","PER","Persons","0","Units",,,103,,
"USA70","Onondaga","POP_DEN","Population density (pop. per km2)","2015","2015","PER","Persons","0","Units",,,102,,
"USA70","Onondaga","POP_DEN","Population density (pop. per km2)","2016","2016","PER","Persons","0","Units",,,102,,
"USA156","Weld","T_T","Population, All ages. Administrative data","2000","2000","PER","Persons","0","Units",,,182782,,
"USA156","Weld","T_T","Population, All ages. Administrative data","2001","2001","PER","Persons","0","Units",,,192278,,
"USA156","Weld","T_T","Population, All ages. Administrative data","2002","2002","PER","Persons","0","Units",,,202234,,
"USA156","Weld","T_T","Population, All ages. Administrative data","2003","2003","PER","Persons","0","Units",,,208858,,
"USA156","Weld","T_T","Population, All ages. Administrative data","2004","2004","PER","Persons","0","Units",,,215322,,
"USA156","Weld","T_T","Population, All ages. Administrative data","2005","2005","PER","Persons","0","Units",,,222879,,
"USA156","Weld","T_T","Population, All ages. Administrative data","2006","2006","PER","Persons","0","Units",,,230703,,
"USA156","Weld","T_T","Population, All ages. Administrative data","2007","2007","PER","Persons","0","Units",,,237692,,
"USA156","Weld","T_T","Population, All ages. Administrative data","2008","2008","PER","Persons","0","Units",,,243442,,
"USA156","Weld","T_T","Population, All ages. Administrative data","2009","2009","PER","Persons","0","Units",,,248193,,
"USA156","Weld","T_T","Population, All ages. Administrative data","2010","2010","PER","Persons","0","Units",,,254182,,
"USA156","Weld","T_T","Population, All ages. Administrative data","2011","2011","PER","Persons","0","Units",,,258528,,
"USA156","Weld","T_T","Population, All ages. Administrative data","2012","2012","PER","Persons","0","Units",,,263754,,
"USA156","Weld","T_T","Population, All ages. Administrative data","2013","2013","PER","Persons","0","Units",,,269804,,
"USA156","Weld","T_T","Population, All ages. Administrative data","2014","2014","PER","Persons","0","Units",,,275584,,
"USA156","Weld","T_T","Population, All ages. Administrative data","2015","2015","PER","Persons","0","Units",,,284382,,
"USA156","Weld","T_T","Population, All ages. Administrative data","2016","2016","PER","Persons","0","Units",,,294243,,
"MEX19","Veracruz","T_T","Population, All ages. Administrative data","2000","2000","PER","Persons","0","Units",,,753847,,
"MEX19","Veracruz","T_T","Population, All ages. Administrative data","2005","2005","PER","Persons","0","Units",,,733734,,
"MEX19","Veracruz","T_T","Population, All ages. Administrative data","2010","2010","PER","Persons","0","Units",,,784555,,
"MEX19","Veracruz","T_T","Population, All ages. Administrative data","2015","2015","PER","Persons","0","Units",,,914547,,
"DE537","Reutlingen","T_T","Population, All ages. Administrative data","2001","2001","PER","Persons","0","Units",,,276855,,
"DE537","Reutlingen","T_T","Population, All ages. Administrative data","2002","2002","PER","Persons","0","Units",,,278034,,
"DE537","Reutlingen","T_T","Population, All ages. Administrative data","2003","2003","PER","Persons","0","Units",,,279465,,
"DE537","Reutlingen","T_T","Population, All ages. Administrative data","2004","2004","PER","Persons","0","Units",,,280539,,
"DE537","Reutlingen","T_T","Population, All ages. Administrative data","2005","2005","PER","Persons","0","Units",,,280629,,
"DE537","Reutlingen","T_T","Population, All ages. Administrative data","2006","2006","PER","Persons","0","Units",,,280899,,
"DE537","Reutlingen","T_T","Population, All ages. Administrative data","2007","2007","PER","Persons","0","Units",,,280742,,
"DE537","Reutlingen","T_T","Population, All ages. Administrative data","2008","2008","PER","Persons","0","Units",,,280433,,
"DE537","Reutlingen","T_T","Population, All ages. Administrative data","2009","2009","PER","Persons","0","Units",,,279938,,
"DE537","Reutlingen","T_T","Population, All ages. Administrative data","2010","2010","PER","Persons","0","Units",,,279786,,
"DE537","Reutlingen","T_T","Population, All ages. Administrative data","2011","2011","PER","Persons","0","Units",,,272242,,
"DE537","Reutlingen","T_T","Population, All ages. Administrative data","2012","2012","PER","Persons","0","Units",,,272536,,
"DE537","Reutlingen","T_T","Population, All ages. Administrative data","2013","2013","PER","Persons","0","Units",,,273578,,
"DE537","Reutlingen","T_T","Population, All ages. Administrative data","2014","2014","PER","Persons","0","Units",,,274903,,
"DE537","Reutlingen","T_T","Population, All ages. Administrative data","2015","2015","PER","Persons","0","Units",,,276907,,
"DE537","Reutlingen","T_T","Population, All ages. Administrative data","2016","2016","PER","Persons","0","Units",,,280974,,
"USA118","Stark","POP_DEN","Population density (pop. per km2)","2000","2000","PER","Persons","0","Units",,,251,,
"USA118","Stark","POP_DEN","Population density (pop. per km2)","2001","2001","PER","Persons","0","Units",,,251,,
"USA118","Stark","POP_DEN","Population density (pop. per km2)","2002","2002","PER","Persons","0","Units",,,250,,
"USA118","Stark","POP_DEN","Population density (pop. per km2)","2003","2003","PER","Persons","0","Units",,,250,,
"USA118","Stark","POP_DEN","Population density (pop. per km2)","2004","2004","PER","Persons","0","Units",,,250,,
"USA118","Stark","POP_DEN","Population density (pop. per km2)","2005","2005","PER","Persons","0","Units",,,250,,
"USA118","Stark","POP_DEN","Population density (pop. per km2)","2006","2006","PER","Persons","0","Units",,,250,,
"USA118","Stark","POP_DEN","Population density (pop. per km2)","2007","2007","PER","Persons","0","Units",,,250,,
"USA118","Stark","POP_DEN","Population density (pop. per km2)","2008","2008","PER","Persons","0","Units",,,251,,
"USA118","Stark","POP_DEN","Population density (pop. per km2)","2009","2009","PER","Persons","0","Units",,,250,,
"USA118","Stark","POP_DEN","Population density (pop. per km2)","2010","2010","PER","Persons","0","Units",,,249,,
"USA118","Stark","POP_DEN","Population density (pop. per km2)","2011","2011","PER","Persons","0","Units",,,249,,
"USA118","Stark","POP_DEN","Population density (pop. per km2)","2012","2012","PER","Persons","0","Units",,,249,,
"USA118","Stark","POP_DEN","Population density (pop. per km2)","2013","2013","PER","Persons","0","Units",,,249,,
"USA118","Stark","POP_DEN","Population density (pop. per km2)","2014","2014","PER","Persons","0","Units",,,250,,
"USA118","Stark","POP_DEN","Population density (pop. per km2)","2015","2015","PER","Persons","0","Units",,,249,,
"USA118","Stark","POP_DEN","Population density (pop. per km2)","2016","2016","PER","Persons","0","Units",,,248,,
"JPN18","Oita","T_T_SH_NAT","Share of population  in metropolitan area over the national value","2001","2001","RATIO","Ratio","0","Units",,,0.6,,
"JPN18","Oita","T_T_SH_NAT","Share of population  in metropolitan area over the national value","2002","2002","RATIO","Ratio","0","Units",,,0.6,,
"JPN18","Oita","T_T_SH_NAT","Share of population  in metropolitan area over the national value","2003","2003","RATIO","Ratio","0","Units",,,0.6,,
"JPN18","Oita","T_T_SH_NAT","Share of population  in metropolitan area over the national value","2004","2004","RATIO","Ratio","0","Units",,,0.6,,
"JPN18","Oita","T_T_SH_NAT","Share of population  in metropolitan area over the national value","2005","2005","RATIO","Ratio","0","Units",,,0.6,,
"JPN18","Oita","T_T_SH_NAT","Share of population  in metropolitan area over the national value","2006","2006","RATIO","Ratio","0","Units",,,0.6,,
"JPN18","Oita","T_T_SH_NAT","Share of population  in metropolitan area over the national value","2007","2007","RATIO","Ratio","0","Units",,,0.6,,
"JPN18","Oita","T_T_SH_NAT","Share of population  in metropolitan area over the national value","2008","2008","RATIO","Ratio","0","Units",,,0.6,,
"JPN18","Oita","T_T_SH_NAT","Share of population  in metropolitan area over the national value","2009","2009","RATIO","Ratio","0","Units",,,0.6,,
"JPN18","Oita","T_T_SH_NAT","Share of population  in metropolitan area over the national value","2010","2010","RATIO","Ratio","0","Units",,,0.6,,
"JPN18","Oita","T_T_SH_NAT","Share of population  in metropolitan area over the national value","2011","2011","RATIO","Ratio","0","Units",,,0.6,,
"JPN18","Oita","T_T_SH_NAT","Share of population  in metropolitan area over the national value","2012","2012","RATIO","Ratio","0","Units",,,0.6,,
"JPN18","Oita","T_T_SH_NAT","Share of population  in metropolitan area over the national value","2013","2013","RATIO","Ratio","0","Units",,,0.6,,
"JPN18","Oita","T_T_SH_NAT","Share of population  in metropolitan area over the national value","2014","2014","RATIO","Ratio","0","Units",,,0.6,,
"JPN18","Oita","T_T_SH_NAT","Share of population  in metropolitan area over the national value","2015","2015","RATIO","Ratio","0","Units",,,0.6,,
"USA74","Lee","T_T","Population, All ages. Administrative data","2000","2000","PER","Persons","0","Units",,,444311,,
"USA74","Lee","T_T","Population, All ages. Administrative data","2001","2001","PER","Persons","0","Units",,,461037,,
"USA74","Lee","T_T","Population, All ages. Administrative data","2002","2002","PER","Persons","0","Units",,,478889,,
"USA74","Lee","T_T","Population, All ages. Administrative data","2003","2003","PER","Persons","0","Units",,,497662,,
"USA74","Lee","T_T","Population, All ages. Administrative data","2004","2004","PER","Persons","0","Units",,,522431,,
"USA74","Lee","T_T","Population, All ages. Administrative data","2005","2005","PER","Persons","0","Units",,,555029,,
"USA74","Lee","T_T","Population, All ages. Administrative data","2006","2006","PER","Persons","0","Units",,,582678,,
"USA74","Lee","T_T","Population, All ages. Administrative data","2007","2007","PER","Persons","0","Units",,,604716,,
"USA74","Lee","T_T","Population, All ages. Administrative data","2008","2008","PER","Persons","0","Units",,,610984,,
"USA74","Lee","T_T","Population, All ages. Administrative data","2009","2009","PER","Persons","0","Units",,,612297,,
"USA74","Lee","T_T","Population, All ages. Administrative data","2010","2010","PER","Persons","0","Units",,,620467,,
"USA74","Lee","T_T","Population, All ages. Administrative data","2011","2011","PER","Persons","0","Units",,,631077,,
"USA74","Lee","T_T","Population, All ages. Administrative data","2012","2012","PER","Persons","0","Units",,,644580,,
"USA74","Lee","T_T","Population, All ages. Administrative data","2013","2013","PER","Persons","0","Units",,,660431,,
"USA74","Lee","T_T","Population, All ages. Administrative data","2014","2014","PER","Persons","0","Units",,,678241,,
"USA74","Lee","T_T","Population, All ages. Administrative data","2015","2015","PER","Persons","0","Units",,,700421,,
"USA74","Lee","T_T","Population, All ages. Administrative data","2016","2016","PER","Persons","0","Units",,,722506,,
"CZ002","Brno","T_T_SH_NAT","Share of population  in metropolitan area over the national value","2001","2001","RATIO","Ratio","0","Units",,,6.9,,
"CZ002","Brno","T_T_SH_NAT","Share of population  in metropolitan area over the national value","2002","2002","RATIO","Ratio","0","Units",,,6.9,,
"CZ002","Brno","T_T_SH_NAT","Share of population  in metropolitan area over the national value","2003","2003","RATIO","Ratio","0","Units",,,6.9,,
"CZ002","Brno","T_T_SH_NAT","Share of population  in metropolitan area over the national value","2004","2004","RATIO","Ratio","0","Units",,,6.8,,
"CZ002","Brno","T_T_SH_NAT","Share of population  in metropolitan area over the national value","2005","2005","RATIO","Ratio","0","Units",,,6.8,,
"CZ002","Brno","T_T_SH_NAT","Share of population  in metropolitan area over the national value","2006","2006","RATIO","Ratio","0","Units",,,6.8,,
"CZ002","Brno","T_T_SH_NAT","Share of population  in metropolitan area over the national value","2007","2007","RATIO","Ratio","0","Units",,,6.7,,
"CZ002","Brno","T_T_SH_NAT","Share of population  in metropolitan area over the national value","2008","2008","RATIO","Ratio","0","Units",,,6.7,,
"CZ002","Brno","T_T_SH_NAT","Share of population  in metropolitan area over the national value","2009","2009","RATIO","Ratio","0","Units",,,6.7,,
"CZ002","Brno","T_T_SH_NAT","Share of population  in metropolitan area over the national value","2010","2010","RATIO","Ratio","0","Units",,,6.7,,
"CZ002","Brno","T_T_SH_NAT","Share of population  in metropolitan area over the national value","2011","2011","RATIO","Ratio","0","Units",,,6.8,,
"CZ002","Brno","T_T_SH_NAT","Share of population  in metropolitan area over the national value","2012","2012","RATIO","Ratio","0","Units",,,6.8,,
"CZ002","Brno","T_T_SH_NAT","Share of population  in metropolitan area over the national value","2013","2013","RATIO","Ratio","0","Units",,,6.8,,
"CZ002","Brno","T_T_SH_NAT","Share of population  in metropolitan area over the national value","2014","2014","RATIO","Ratio","0","Units",,,6.8,,
"CZ002","Brno","T_T_SH_NAT","Share of population  in metropolitan area over the national value","2015","2015","RATIO","Ratio","0","Units",,,6.8,,
"CZ002","Brno","T_T_SH_NAT","Share of population  in metropolitan area over the national value","2016","2016","RATIO","Ratio","0","Units",,,6.9,,
"MEX30","Durango","T_T","Population, All ages. Administrative data","2000","2000","PER","Persons","0","Units",,,512168,,
"MEX30","Durango","T_T","Population, All ages. Administrative data","2005","2005","PER","Persons","0","Units",,,512097,,
"MEX30","Durango","T_T","Population, All ages. Administrative data","2010","2010","PER","Persons","0","Units",,,563388,,
"MEX30","Durango","T_T","Population, All ages. Administrative data","2015","2015","PER","Persons","0","Units",,,661272,,
"MEX24","Oaxaca de Juarez","POP_DEN","Population density (pop. per km2)","2000","2000","PER","Persons","0","Units",,,316,,
"MEX24","Oaxaca de Juarez","POP_DEN","Population density (pop. per km2)","2005","2005","PER","Persons","0","Units",,,310,,
"MEX24","Oaxaca de Juarez","POP_DEN","Population density (pop. per km2)","2010","2010","PER","Persons","0","Units",,,351,,
"MEX24","Oaxaca de Juarez","POP_DEN","Population density (pop. per km2)","2015","2015","PER","Persons","0","Units",,,409,,
"MEX55","Los Cabos","T_T","Population, All ages. Administrative data","2000","2000","PER","Persons","0","Units",,,120184,,
"MEX55","Los Cabos","T_T","Population, All ages. Administrative data","2005","2005","PER","Persons","0","Units",,,154092,,
"MEX55","Los Cabos","T_T","Population, All ages. Administrative data","2010","2010","PER","Persons","0","Units",,,233347,,
"MEX55","Los Cabos","T_T","Population, All ages. Administrative data","2015","2015","PER","Persons","0","Units",,,352362,,
"FR039","Avignon","T_T","Population, All ages. Administrative data","2000","2000","PER","Persons","0","Units",,,286992,,
"FR039","Avignon","T_T","Population, All ages. Administrative data","2001","2001","PER","Persons","0","Units",,,289532,,
"FR039","Avignon","T_T","Population, All ages. Administrative data","2002","2002","PER","Persons","0","Units",,,292070,,
"FR039","Avignon","T_T","Population, All ages. Administrative data","2003","2003","PER","Persons","0","Units",,,294609,,
"FR039","Avignon","T_T","Population, All ages. Administrative data","2004","2004","PER","Persons","0","Units",,,297150,,
"FR039","Avignon","T_T","Population, All ages. Administrative data","2005","2005","PER","Persons","0","Units",,,299689,,
"FR039","Avignon","T_T","Population, All ages. Administrative data","2006","2006","PER","Persons","0","Units",,,302228,,
"FR039","Avignon","T_T","Population, All ages. Administrative data","2007","2007","PER","Persons","0","Units",,,304766,,
"FR039","Avignon","T_T","Population, All ages. Administrative data","2008","2008","PER","Persons","0","Units",,,307306,,
"FR039","Avignon","T_T","Population, All ages. Administrative data","2009","2009","PER","Persons","0","Units",,,309845,,
"FR039","Avignon","T_T","Population, All ages. Administrative data","2010","2010","PER","Persons","0","Units",,,311945,,
"FR039","Avignon","T_T","Population, All ages. Administrative data","2011","2011","PER","Persons","0","Units",,,314045,,
"FR039","Avignon","T_T","Population, All ages. Administrative data","2012","2012","PER","Persons","0","Units",,,316145,,
"FR039","Avignon","T_T","Population, All ages. Administrative data","2013","2013","PER","Persons","0","Units",,,318245,,
"FR039","Avignon","T_T","Population, All ages. Administrative data","2014","2014","PER","Persons","0","Units",,,320345,,
"FR039","Avignon","T_T","Population, All ages. Administrative data","2015","2015","PER","Persons","0","Units",,,323055,,
"JPN10","Naha","T_T_SH_NAT","Share of population  in metropolitan area over the national value","2001","2001","RATIO","Ratio","0","Units",,,0.9,,
"JPN10","Naha","T_T_SH_NAT","Share of population  in metropolitan area over the national value","2002","2002","RATIO","Ratio","0","Units",,,0.9,,
"JPN10","Naha","T_T_SH_NAT","Share of population  in metropolitan area over the national value","2003","2003","RATIO","Ratio","0","Units",,,0.9,,
"JPN10","Naha","T_T_SH_NAT","Share of population  in metropolitan area over the national value","2004","2004","RATIO","Ratio","0","Units",,,0.9,,
"JPN10","Naha","T_T_SH_NAT","Share of population  in metropolitan area over the national value","2005","2005","RATIO","Ratio","0","Units",,,0.9,,
"JPN10","Naha","T_T_SH_NAT","Share of population  in metropolitan area over the national value","2006","2006","RATIO","Ratio","0","Units",,,0.9,,
"JPN10","Naha","T_T_SH_NAT","Share of population  in metropolitan area over the national value","2007","2007","RATIO","Ratio","0","Units",,,0.9,,
"JPN10","Naha","T_T_SH_NAT","Share of population  in metropolitan area over the national value","2008","2008","RATIO","Ratio","0","Units",,,0.9,,
"JPN10","Naha","T_T_SH_NAT","Share of population  in metropolitan area over the national value","2009","2009","RATIO","Ratio","0","Units",,,0.9,,
"JPN10","Naha","T_T_SH_NAT","Share of population  in metropolitan area over the national value","2010","2010","RATIO","Ratio","0","Units",,,0.9,,
"JPN10","Naha","T_T_SH_NAT","Share of population  in metropolitan area over the national value","2011","2011","RATIO","Ratio","0","Units",,,0.9,,
"JPN10","Naha","T_T_SH_NAT","Share of population  in metropolitan area over the national value","2012","2012","RATIO","Ratio","0","Units",,,0.9,,
"JPN10","Naha","T_T_SH_NAT","Share of population  in metropolitan area over the national value","2013","2013","RATIO","Ratio","0","Units",,,0.9,,
"JPN10","Naha","T_T_SH_NAT","Share of population  in metropolitan area over the national value","2014","2014","RATIO","Ratio","0","Units",,,0.9,,
"JPN10","Naha","T_T_SH_NAT","Share of population  in metropolitan area over the national value","2015","2015","RATIO","Ratio","0","Units",,,0.9,,
"COL17","Buenaventura","T_T","Population, All ages. Administrative data","2000","2000","PER","Persons","0","Units",,,296364,,
"COL17","Buenaventura","T_T","Population, All ages. Administrative data","2001","2001","PER","Persons","0","Units",,,302788,,
"COL17","Buenaventura","T_T","Population, All ages. Administrative data","2002","2002","PER","Persons","0","Units",,,309213,,
"COL17","Buenaventura","T_T","Population, All ages. Administrative data","2003","2003","PER","Persons","0","Units",,,315637,,
"COL17","Buenaventura","T_T","Population, All ages. Administrative data","2004","2004","PER","Persons","0","Units",,,322062,,
"COL17","Buenaventura","T_T","Population, All ages. Administrative data","2005","2005","PER","Persons","0","Units",,,328486,,
"COL17","Buenaventura","T_T","Population, All ages. Administrative data","2006","2006","PER","Persons","0","Units",,,334911,,
"COL17","Buenaventura","T_T","Population, All ages. Administrative data","2007","2007","PER","Persons","0","Units",,,341335,,
"COL17","Buenaventura","T_T","Population, All ages. Administrative data","2008","2008","PER","Persons","0","Units",,,347760,,
"COL17","Buenaventura","T_T","Population, All ages. Administrative data","2009","2009","PER","Persons","0","Units",,,354185,,
"COL17","Buenaventura","T_T","Population, All ages. Administrative data","2010","2010","PER","Persons","0","Units",,,360609,,
"COL17","Buenaventura","T_T","Population, All ages. Administrative data","2011","2011","PER","Persons","0","Units",,,367034,,
"COL17","Buenaventura","T_T","Population, All ages. Administrative data","2012","2012","PER","Persons","0","Units",,,373458,,
"COL17","Buenaventura","T_T","Population, All ages. Administrative data","2013","2013","PER","Persons","0","Units",,,379883,,
"COL17","Buenaventura","T_T","Population, All ages. Administrative data","2014","2014","PER","Persons","0","Units",,,386307,,
"COL17","Buenaventura","T_T","Population, All ages. Administrative data","2015","2015","PER","Persons","0","Units",,,392732,,
"DE043","Rostock","POP_DEN","Population density (pop. per km2)","2001","2001","PER","Persons","0","Units",,,120,,
"DE043","Rostock","POP_DEN","Population density (pop. per km2)","2002","2002","PER","Persons","0","Units",,,119,,
"DE043","Rostock","POP_DEN","Population density (pop. per km2)","2003","2003","PER","Persons","0","Units",,,119,,
"DE043","Rostock","POP_DEN","Population density (pop. per km2)","2004","2004","PER","Persons","0","Units",,,118,,
"DE043","Rostock","POP_DEN","Population density (pop. per km2)","2005","2005","PER","Persons","0","Units",,,118,,
"DE043","Rostock","POP_DEN","Population density (pop. per km2)","2006","2006","PER","Persons","0","Units",,,118,,
"DE043","Rostock","POP_DEN","Population density (pop. per km2)","2007","2007","PER","Persons","0","Units",,,118,,
"DE043","Rostock","POP_DEN","Population density (pop. per km2)","2008","2008","PER","Persons","0","Units",,,117,,
"DE043","Rostock","POP_DEN","Population density (pop. per km2)","2009","2009","PER","Persons","0","Units",,,117,,
"DE043","Rostock","POP_DEN","Population density (pop. per km2)","2010","2010","PER","Persons","0","Units",,,116,,
"DE043","Rostock","POP_DEN","Population density (pop. per km2)","2011","2011","PER","Persons","0","Units",,,115,,
"DE043","Rostock","POP_DEN","Population density (pop. per km2)","2012","2012","PER","Persons","0","Units",,,115,,
"DE043","Rostock","POP_DEN","Population density (pop. per km2)","2013","2013","PER","Persons","0","Units",,,115,,
"DE043","Rostock","POP_DEN","Population density (pop. per km2)","2014","2014","PER","Persons","0","Units",,,115,,
"DE043","Rostock","POP_DEN","Population density (pop. per km2)","2015","2015","PER","Persons","0","Units",,,116,,
"DE043","Rostock","POP_DEN","Population density (pop. per km2)","2016","2016","PER","Persons","0","Units",,,116,,
"USA126","Lubbock","POP_DEN","Population density (pop. per km2)","2000","2000","PER","Persons","0","Units",,,21,,
"USA126","Lubbock","POP_DEN","Population density (pop. per km2)","2001","2001","PER","Persons","0","Units",,,22,,
"USA126","Lubbock","POP_DEN","Population density (pop. per km2)","2002","2002","PER","Persons","0","Units",,,22,,
"USA126","Lubbock","POP_DEN","Population density (pop. per km2)","2003","2003","PER","Persons","0","Units",,,22,,
"USA126","Lubbock","POP_DEN","Population density (pop. per km2)","2004","2004","PER","Persons","0","Units",,,22,,
"USA126","Lubbock","POP_DEN","Population density (pop. per km2)","2005","2005","PER","Persons","0","Units",,,22,,
"USA126","Lubbock","POP_DEN","Population density (pop. per km2)","2006","2006","PER","Persons","0","Units",,,23,,
"USA126","Lubbock","POP_DEN","Population density (pop. per km2)","2007","2007","PER","Persons","0","Units",,,23,,
"USA126","Lubbock","POP_DEN","Population density (pop. per km2)","2008","2008","PER","Persons","0","Units",,,23,,
"USA126","Lubbock","POP_DEN","Population density (pop. per km2)","2009","2009","PER","Persons","0","Units",,,23,,
"USA126","Lubbock","POP_DEN","Population density (pop. per km2)","2010","2010","PER","Persons","0","Units",,,24,,
"USA126","Lubbock","POP_DEN","Population density (pop. per km2)","2011","2011","PER","Persons","0","Units",,,24,,
"USA126","Lubbock","POP_DEN","Population density (pop. per km2)","2012","2012","PER","Persons","0","Units",,,24,,
"USA126","Lubbock","POP_DEN","Population density (pop. per km2)","2013","2013","PER","Persons","0","Units",,,25,,
"USA126","Lubbock","POP_DEN","Population density (pop. per km2)","2014","2014","PER","Persons","0","Units",,,25,,
"USA126","Lubbock","POP_DEN","Population density (pop. per km2)","2015","2015","PER","Persons","0","Units",,,25,,
"USA126","Lubbock","POP_DEN","Population density (pop. per km2)","2016","2016","PER","Persons","0","Units",,,25,,
"JPN39","Fukushima","T_T","Population, All ages. Administrative data","2000","2000","PER","Persons","0","Units",,,478430,,
"JPN39","Fukushima","T_T","Population, All ages. Administrative data","2001","2001","PER","Persons","0","Units",,,476916,,
"JPN39","Fukushima","T_T","Population, All ages. Administrative data","2002","2002","PER","Persons","0","Units",,,475402,,
"JPN39","Fukushima","T_T","Population, All ages. Administrative data","2003","2003","PER","Persons","0","Units",,,473888,,
"JPN39","Fukushima","T_T","Population, All ages. Administrative data","2004","2004","PER","Persons","0","Units",,,472374,,
"JPN39","Fukushima","T_T","Population, All ages. Administrative data","2005","2005","PER","Persons","0","Units",,,470860,,
"JPN39","Fukushima","T_T","Population, All ages. Administrative data","2006","2006","PER","Persons","0","Units",,,467330,,
"JPN39","Fukushima","T_T","Population, All ages. Administrative data","2007","2007","PER","Persons","0","Units",,,463801,,
"JPN39","Fukushima","T_T","Population, All ages. Administrative data","2008","2008","PER","Persons","0","Units",,,460270,,
"JPN39","Fukushima","T_T","Population, All ages. Administrative data","2009","2009","PER","Persons","0","Units",,,456741,,
"JPN39","Fukushima","T_T","Population, All ages. Administrative data","2010","2010","PER","Persons","0","Units",,,453211,,
"JPN39","Fukushima","T_T","Population, All ages. Administrative data","2011","2011","PER","Persons","0","Units",,,451822,,
"JPN39","Fukushima","T_T","Population, All ages. Administrative data","2012","2012","PER","Persons","0","Units",,,450431,,
"JPN39","Fukushima","T_T","Population, All ages. Administrative data","2013","2013","PER","Persons","0","Units",,,449041,,
"JPN39","Fukushima","T_T","Population, All ages. Administrative data","2014","2014","PER","Persons","0","Units",,,447650,,
"JPN39","Fukushima","T_T","Population, All ages. Administrative data","2015","2015","PER","Persons","0","Units",,,446261,,
"MEX07","Leon","POP_DEN","Population density (pop. per km2)","2000","2000","PER","Persons","0","Units",,,995,,
"MEX07","Leon","POP_DEN","Population density (pop. per km2)","2005","2005","PER","Persons","0","Units",,,1017,,
"MEX07","Leon","POP_DEN","Population density (pop. per km2)","2010","2010","PER","Persons","0","Units",,,1163,,
"MEX07","Leon","POP_DEN","Population density (pop. per km2)","2015","2015","PER","Persons","0","Units",,,1350,,
"PT001","Lisbon","T_T","Population, All ages. Administrative data","2000","2000","PER","Persons","0","Units",,,2638127,,
"PT001","Lisbon","T_T","Population, All ages. Administrative data","2001","2001","PER","Persons","0","Units",,,2665274,,
"PT001","Lisbon","T_T","Population, All ages. Administrative data","2002","2002","PER","Persons","0","Units",,,2690893,,
"PT001","Lisbon","T_T","Population, All ages. Administrative data","2003","2003","PER","Persons","0","Units",,,2711469,,
"PT001","Lisbon","T_T","Population, All ages. Administrative data","2004","2004","PER","Persons","0","Units",,,2726857,,
"PT001","Lisbon","T_T","Population, All ages. Administrative data","2005","2005","PER","Persons","0","Units",,,2740414,,
"PT001","Lisbon","T_T","Population, All ages. Administrative data","2006","2006","PER","Persons","0","Units",,,2754345,,
"PT001","Lisbon","T_T","Population, All ages. Administrative data","2007","2007","PER","Persons","0","Units",,,2769762,,
"PT001","Lisbon","T_T","Population, All ages. Administrative data","2008","2008","PER","Persons","0","Units",,,2786309,,
"PT001","Lisbon","T_T","Population, All ages. Administrative data","2009","2009","PER","Persons","0","Units",,,2802815,,
"PT001","Lisbon","T_T","Population, All ages. Administrative data","2010","2010","PER","Persons","0","Units",,,2818410,,
"PT001","Lisbon","T_T","Population, All ages. Administrative data","2011","2011","PER","Persons","0","Units",,,2827767,,
"PT001","Lisbon","T_T","Population, All ages. Administrative data","2012","2012","PER","Persons","0","Units",,,2825463,,
"PT001","Lisbon","T_T","Population, All ages. Administrative data","2013","2013","PER","Persons","0","Units",,,2815822,,
"PT001","Lisbon","T_T","Population, All ages. Administrative data","2014","2014","PER","Persons","0","Units",,,2810669,,
"PT001","Lisbon","T_T","Population, All ages. Administrative data","2015","2015","PER","Persons","0","Units",,,2812299,,
"PT001","Lisbon","T_T","Population, All ages. Administrative data","2016","2016","PER","Persons","0","Units",,,2818149,,
"PL514","Tarnow","T_T_SH_NAT","Share of population  in metropolitan area over the national value","2001","2001","RATIO","Ratio","0","Units",,,0.7,,
"PL514","Tarnow","T_T_SH_NAT","Share of population  in metropolitan area over the national value","2002","2002","RATIO","Ratio","0","Units",,,0.7,,
"PL514","Tarnow","T_T_SH_NAT","Share of population  in metropolitan area over the national value","2003","2003","RATIO","Ratio","0","Units",,,0.7,,
"PL514","Tarnow","T_T_SH_NAT","Share of population  in metropolitan area over the national value","2004","2004","RATIO","Ratio","0","Units",,,0.7,,
"PL514","Tarnow","T_T_SH_NAT","Share of population  in metropolitan area over the national value","2005","2005","RATIO","Ratio","0","Units",,,0.7,,
"PL514","Tarnow","T_T_SH_NAT","Share of population  in metropolitan area over the national value","2006","2006","RATIO","Ratio","0","Units",,,0.7,,
"PL514","Tarnow","T_T_SH_NAT","Share of population  in metropolitan area over the national value","2007","2007","RATIO","Ratio","0","Units",,,0.8,,
"PL514","Tarnow","T_T_SH_NAT","Share of population  in metropolitan area over the national value","2008","2008","RATIO","Ratio","0","Units",,,0.8,,
"PL514","Tarnow","T_T_SH_NAT","Share of population  in metropolitan area over the national value","2009","2009","RATIO","Ratio","0","Units",,,0.8,,
"PL514","Tarnow","T_T_SH_NAT","Share of population  in metropolitan area over the national value","2010","2010","RATIO","Ratio","0","Units",,,0.8,,
"PL514","Tarnow","T_T_SH_NAT","Share of population  in metropolitan area over the national value","2011","2011","RATIO","Ratio","0","Units",,,0.8,,
"PL514","Tarnow","T_T_SH_NAT","Share of population  in metropolitan area over the national value","2012","2012","RATIO","Ratio","0","Units",,,0.8,,
"PL514","Tarnow","T_T_SH_NAT","Share of population  in metropolitan area over the national value","2013","2013","RATIO","Ratio","0","Units",,,0.8,,
"PL514","Tarnow","T_T_SH_NAT","Share of population  in metropolitan area over the national value","2014","2014","RATIO","Ratio","0","Units",,,0.8,,
"PL514","Tarnow","T_T_SH_NAT","Share of population  in metropolitan area over the national value","2015","2015","RATIO","Ratio","0","Units",,,0.8,,
"PL514","Tarnow","T_T_SH_NAT","Share of population  in metropolitan area over the national value","2016","2016","RATIO","Ratio","0","Units",,,0.8,,
"ES008","Las Palmas","T_T_SH_NAT","Share of population  in metropolitan area over the national value","2001","2001","RATIO","Ratio","0","Units",,,1.5,,
"ES008","Las Palmas","T_T_SH_NAT","Share of population  in metropolitan area over the national value","2002","2002","RATIO","Ratio","0","Units",,,1.4,,
"ES008","Las Palmas","T_T_SH_NAT","Share of population  in metropolitan area over the national value","2003","2003","RATIO","Ratio","0","Units",,,1.4,,
"ES008","Las Palmas","T_T_SH_NAT","Share of population  in metropolitan area over the national value","2004","2004","RATIO","Ratio","0","Units",,,1.4,,
"ES008","Las Palmas","T_T_SH_NAT","Share of population  in metropolitan area over the national value","2005","2005","RATIO","Ratio","0","Units",,,1.4,,
"ES008","Las Palmas","T_T_SH_NAT","Share of population  in metropolitan area over the national value","2006","2006","RATIO","Ratio","0","Units",,,1.4,,
"ES008","Las Palmas","T_T_SH_NAT","Share of population  in metropolitan area over the national value","2007","2007","RATIO","Ratio","0","Units",,,1.4,,
"ES008","Las Palmas","T_T_SH_NAT","Share of population  in metropolitan area over the national value","2008","2008","RATIO","Ratio","0","Units",,,1.3,,
"ES008","Las Palmas","T_T_SH_NAT","Share of population  in metropolitan area over the national value","2009","2009","RATIO","Ratio","0","Units",,,1.3,,
"ES008","Las Palmas","T_T_SH_NAT","Share of population  in metropolitan area over the national value","2010","2010","RATIO","Ratio","0","Units",,,1.3,,
"ES008","Las Palmas","T_T_SH_NAT","Share of population  in metropolitan area over the national value","2011","2011","RATIO","Ratio","0","Units",,,1.3,,
"ES008","Las Palmas","T_T_SH_NAT","Share of population  in metropolitan area over the national value","2012","2012","RATIO","Ratio","0","Units",,,1.3,,
"ES008","Las Palmas","T_T_SH_NAT","Share of population  in metropolitan area over the national value","2013","2013","RATIO","Ratio","0","Units",,,1.3,,
"ES008","Las Palmas","T_T_SH_NAT","Share of population  in metropolitan area over the national value","2014","2014","RATIO","Ratio","0","Units",,,1.3,,
"ES008","Las Palmas","T_T_SH_NAT","Share of population  in metropolitan area over the national value","2015","2015","RATIO","Ratio","0","Units",,,1.4,,
"ES008","Las Palmas","T_T_SH_NAT","Share of population  in metropolitan area over the national value","2016","2016","RATIO","Ratio","0","Units",,,1.4,,
"USA24","Jackson (MO)","T_T","Population, All ages. Administrative data","2000","2000","PER","Persons","0","Units",,,1748839,,
"USA24","Jackson (MO)","T_T","Population, All ages. Administrative data","2001","2001","PER","Persons","0","Units",,,1767690,,
"USA24","Jackson (MO)","T_T","Population, All ages. Administrative data","2002","2002","PER","Persons","0","Units",,,1788259,,
"USA24","Jackson (MO)","T_T","Population, All ages. Administrative data","2003","2003","PER","Persons","0","Units",,,1804559,,
"USA24","Jackson (MO)","T_T","Population, All ages. Administrative data","2004","2004","PER","Persons","0","Units",,,1821367,,
"USA24","Jackson (MO)","T_T","Population, All ages. Administrative data","2005","2005","PER","Persons","0","Units",,,1838118,,
"USA24","Jackson (MO)","T_T","Population, All ages. Administrative data","2006","2006","PER","Persons","0","Units",,,1859782,,
"USA24","Jackson (MO)","T_T","Population, All ages. Administrative data","2007","2007","PER","Persons","0","Units",,,1881754,,
"USA24","Jackson (MO)","T_T","Population, All ages. Administrative data","2008","2008","PER","Persons","0","Units",,,1900075,,
"USA24","Jackson (MO)","T_T","Population, All ages. Administrative data","2009","2009","PER","Persons","0","Units",,,1920379,,
"USA24","Jackson (MO)","T_T","Population, All ages. Administrative data","2010","2010","PER","Persons","0","Units",,,1937925,,
"USA24","Jackson (MO)","T_T","Population, All ages. Administrative data","2011","2011","PER","Persons","0","Units",,,1948753,,
"USA24","Jackson (MO)","T_T","Population, All ages. Administrative data","2012","2012","PER","Persons","0","Units",,,1961927,,
"USA24","Jackson (MO)","T_T","Population, All ages. Administrative data","2013","2013","PER","Persons","0","Units",,,1977173,,
"USA24","Jackson (MO)","T_T","Population, All ages. Administrative data","2014","2014","PER","Persons","0","Units",,,1992307,,
"USA24","Jackson (MO)","T_T","Population, All ages. Administrative data","2015","2015","PER","Persons","0","Units",,,2007328,,
"USA24","Jackson (MO)","T_T","Population, All ages. Administrative data","2016","2016","PER","Persons","0","Units",,,2027505,,
"MEX62","Zamora","POP_DEN","Population density (pop. per km2)","2000","2000","PER","Persons","0","Units",,,502,,
"MEX62","Zamora","POP_DEN","Population density (pop. per km2)","2005","2005","PER","Persons","0","Units",,,494,,
"MEX62","Zamora","POP_DEN","Population density (pop. per km2)","2010","2010","PER","Persons","0","Units",,,546,,
"MEX62","Zamora","POP_DEN","Population density (pop. per km2)","2015","2015","PER","Persons","0","Units",,,611,,
"USA108","Lafayette","T_T_SH_NAT","Share of population  in metropolitan area over the national value","2001","2001","RATIO","Ratio","0","Units",,,0.1,,
"USA108","Lafayette","T_T_SH_NAT","Share of population  in metropolitan area over the national value","2002","2002","RATIO","Ratio","0","Units",,,0.1,,
"USA108","Lafayette","T_T_SH_NAT","Share of population  in metropolitan area over the national value","2003","2003","RATIO","Ratio","0","Units",,,0.1,,
"USA108","Lafayette","T_T_SH_NAT","Share of population  in metropolitan area over the national value","2004","2004","RATIO","Ratio","0","Units",,,0.1,,
"USA108","Lafayette","T_T_SH_NAT","Share of population  in metropolitan area over the national value","2005","2005","RATIO","Ratio","0","Units",,,0.1,,
"USA108","Lafayette","T_T_SH_NAT","Share of population  in metropolitan area over the national value","2006","2006","RATIO","Ratio","0","Units",,,0.1,,
"USA108","Lafayette","T_T_SH_NAT","Share of population  in metropolitan area over the national value","2007","2007","RATIO","Ratio","0","Units",,,0.1,,
"USA108","Lafayette","T_T_SH_NAT","Share of population  in metropolitan area over the national value","2008","2008","RATIO","Ratio","0","Units",,,0.1,,
"USA108","Lafayette","T_T_SH_NAT","Share of population  in metropolitan area over the national value","2009","2009","RATIO","Ratio","0","Units",,,0.1,,
"USA108","Lafayette","T_T_SH_NAT","Share of population  in metropolitan area over the national value","2010","2010","RATIO","Ratio","0","Units",,,0.1,,
"USA108","Lafayette","T_T_SH_NAT","Share of population  in metropolitan area over the national value","2011","2011","RATIO","Ratio","0","Units",,,0.1,,
"USA108","Lafayette","T_T_SH_NAT","Share of population  in metropolitan area over the national value","2012","2012","RATIO","Ratio","0","Units",,,0.1,,
"USA108","Lafayette","T_T_SH_NAT","Share of population  in metropolitan area over the national value","2013","2013","RATIO","Ratio","0","Units",,,0.1,,
"USA108","Lafayette","T_T_SH_NAT","Share of population  in metropolitan area over the national value","2014","2014","RATIO","Ratio","0","Units",,,0.1,,
"USA108","Lafayette","T_T_SH_NAT","Share of population  in metropolitan area over the national value","2015","2015","RATIO","Ratio","0","Units",,,0.1,,
"USA108","Lafayette","T_T_SH_NAT","Share of population  in metropolitan area over the national value","2016","2016","RATIO","Ratio","0","Units",,,0.1,,
"USA84","Utah","POP_DEN","Population density (pop. per km2)","2000","2000","PER","Persons","0","Units",,,26,,
"USA84","Utah","POP_DEN","Population density (pop. per km2)","2001","2001","PER","Persons","0","Units",,,27,,
"USA84","Utah","POP_DEN","Population density (pop. per km2)","2002","2002","PER","Persons","0","Units",,,28,,
"USA84","Utah","POP_DEN","Population density (pop. per km2)","2003","2003","PER","Persons","0","Units",,,29,,
"USA84","Utah","POP_DEN","Population density (pop. per km2)","2004","2004","PER","Persons","0","Units",,,30,,
"USA84","Utah","POP_DEN","Population density (pop. per km2)","2005","2005","PER","Persons","0","Units",,,31,,
"USA84","Utah","POP_DEN","Population density (pop. per km2)","2006","2006","PER","Persons","0","Units",,,32,,
"USA84","Utah","POP_DEN","Population density (pop. per km2)","2007","2007","PER","Persons","0","Units",,,33,,
"USA84","Utah","POP_DEN","Population density (pop. per km2)","2008","2008","PER","Persons","0","Units",,,35,,
"USA84","Utah","POP_DEN","Population density (pop. per km2)","2009","2009","PER","Persons","0","Units",,,36,,
"USA84","Utah","POP_DEN","Population density (pop. per km2)","2010","2010","PER","Persons","0","Units",,,37,,
"USA84","Utah","POP_DEN","Population density (pop. per km2)","2011","2011","PER","Persons","0","Units",,,38,,
"USA84","Utah","POP_DEN","Population density (pop. per km2)","2012","2012","PER","Persons","0","Units",,,38,,
"USA84","Utah","POP_DEN","Population density (pop. per km2)","2013","2013","PER","Persons","0","Units",,,39,,
"USA84","Utah","POP_DEN","Population density (pop. per km2)","2014","2014","PER","Persons","0","Units",,,40,,
"USA84","Utah","POP_DEN","Population density (pop. per km2)","2015","2015","PER","Persons","0","Units",,,41,,
"USA84","Utah","POP_DEN","Population density (pop. per km2)","2016","2016","PER","Persons","0","Units",,,42,,
"DE540","Siegen","T_T","Population, All ages. Administrative data","2001","2001","PER","Persons","0","Units",,,433806,,
"DE540","Siegen","T_T","Population, All ages. Administrative data","2002","2002","PER","Persons","0","Units",,,433775,,
"DE540","Siegen","T_T","Population, All ages. Administrative data","2003","2003","PER","Persons","0","Units",,,433148,,
"DE540","Siegen","T_T","Population, All ages. Administrative data","2004","2004","PER","Persons","0","Units",,,432039,,
"DE540","Siegen","T_T","Population, All ages. Administrative data","2005","2005","PER","Persons","0","Units",,,430097,,
"DE540","Siegen","T_T","Population, All ages. Administrative data","2006","2006","PER","Persons","0","Units",,,428132,,
"DE540","Siegen","T_T","Population, All ages. Administrative data","2007","2007","PER","Persons","0","Units",,,425913,,
"DE540","Siegen","T_T","Population, All ages. Administrative data","2008","2008","PER","Persons","0","Units",,,423687,,
"DE540","Siegen","T_T","Population, All ages. Administrative data","2009","2009","PER","Persons","0","Units",,,420417,,
"DE540","Siegen","T_T","Population, All ages. Administrative data","2010","2010","PER","Persons","0","Units",,,417609,,
"DE540","Siegen","T_T","Population, All ages. Administrative data","2011","2011","PER","Persons","0","Units",,,408701,,
"DE540","Siegen","T_T","Population, All ages. Administrative data","2012","2012","PER","Persons","0","Units",,,406517,,
"DE540","Siegen","T_T","Population, All ages. Administrative data","2013","2013","PER","Persons","0","Units",,,405088,,
"DE540","Siegen","T_T","Population, All ages. Administrative data","2014","2014","PER","Persons","0","Units",,,403604,,
"DE540","Siegen","T_T","Population, All ages. Administrative data","2015","2015","PER","Persons","0","Units",,,404464,,
"DE540","Siegen","T_T","Population, All ages. Administrative data","2016","2016","PER","Persons","0","Units",,,410303,,
"CL006","Coquimbo-La Serena","T_T_SH_NAT","Share of population  in metropolitan area over the national value","2002","2002","RATIO","Ratio","0","Units",,,2.2,,
"CL006","Coquimbo-La Serena","T_T_SH_NAT","Share of population  in metropolitan area over the national value","2003","2003","RATIO","Ratio","0","Units",,,2.2,,
"CL006","Coquimbo-La Serena","T_T_SH_NAT","Share of population  in metropolitan area over the national value","2004","2004","RATIO","Ratio","0","Units",,,2.3,,
"CL006","Coquimbo-La Serena","T_T_SH_NAT","Share of population  in metropolitan area over the national value","2005","2005","RATIO","Ratio","0","Units",,,2.3,,
"CL006","Coquimbo-La Serena","T_T_SH_NAT","Share of population  in metropolitan area over the national value","2006","2006","RATIO","Ratio","0","Units",,,2.3,,
"CL006","Coquimbo-La Serena","T_T_SH_NAT","Share of population  in metropolitan area over the national value","2007","2007","RATIO","Ratio","0","Units",,,2.3,,
"CL006","Coquimbo-La Serena","T_T_SH_NAT","Share of population  in metropolitan area over the national value","2008","2008","RATIO","Ratio","0","Units",,,2.4,,
"CL006","Coquimbo-La Serena","T_T_SH_NAT","Share of population  in metropolitan area over the national value","2009","2009","RATIO","Ratio","0","Units",,,2.4,,
"CL006","Coquimbo-La Serena","T_T_SH_NAT","Share of population  in metropolitan area over the national value","2010","2010","RATIO","Ratio","0","Units",,,2.4,,
"CL006","Coquimbo-La Serena","T_T_SH_NAT","Share of population  in metropolitan area over the national value","2011","2011","RATIO","Ratio","0","Units",,,2.4,,
"CL006","Coquimbo-La Serena","T_T_SH_NAT","Share of population  in metropolitan area over the national value","2012","2012","RATIO","Ratio","0","Units",,,2.5,,
"CL006","Coquimbo-La Serena","T_T_SH_NAT","Share of population  in metropolitan area over the national value","2013","2013","RATIO","Ratio","0","Units",,,2.5,,
"CL006","Coquimbo-La Serena","T_T_SH_NAT","Share of population  in metropolitan area over the national value","2014","2014","RATIO","Ratio","0","Units",,,2.5,,
"CL006","Coquimbo-La Serena","T_T_SH_NAT","Share of population  in metropolitan area over the national value","2015","2015","RATIO","Ratio","0","Units",,,2.6,,
"CL006","Coquimbo-La Serena","T_T_SH_NAT","Share of population  in metropolitan area over the national value","2016","2016","RATIO","Ratio","0","Units",,,2.6,,
"DE031","Schwerin","POP_DEN","Population density (pop. per km2)","2001","2001","PER","Persons","0","Units",,,70,,
"DE031","Schwerin","POP_DEN","Population density (pop. per km2)","2002","2002","PER","Persons","0","Units",,,69,,
"DE031","Schwerin","POP_DEN","Population density (pop. per km2)","2003","2003","PER","Persons","0","Units",,,69,,
"DE031","Schwerin","POP_DEN","Population density (pop. per km2)","2004","2004","PER","Persons","0","Units",,,68,,
"DE031","Schwerin","POP_DEN","Population density (pop. per km2)","2005","2005","PER","Persons","0","Units",,,67,,
"DE031","Schwerin","POP_DEN","Population density (pop. per km2)","2006","2006","PER","Persons","0","Units",,,67,,
"DE031","Schwerin","POP_DEN","Population density (pop. per km2)","2007","2007","PER","Persons","0","Units",,,66,,
"DE031","Schwerin","POP_DEN","Population density (pop. per km2)","2008","2008","PER","Persons","0","Units",,,66,,
"DE031","Schwerin","POP_DEN","Population density (pop. per km2)","2009","2009","PER","Persons","0","Units",,,65,,
"DE031","Schwerin","POP_DEN","Population density (pop. per km2)","2010","2010","PER","Persons","0","Units",,,64,,
"DE031","Schwerin","POP_DEN","Population density (pop. per km2)","2011","2011","PER","Persons","0","Units",,,63,,
"DE031","Schwerin","POP_DEN","Population density (pop. per km2)","2012","2012","PER","Persons","0","Units",,,62,,
"DE031","Schwerin","POP_DEN","Population density (pop. per km2)","2013","2013","PER","Persons","0","Units",,,62,,
"DE031","Schwerin","POP_DEN","Population density (pop. per km2)","2014","2014","PER","Persons","0","Units",,,62,,
"DE031","Schwerin","POP_DEN","Population density (pop. per km2)","2015","2015","PER","Persons","0","Units",,,62,,
"DE031","Schwerin","POP_DEN","Population density (pop. per km2)","2016","2016","PER","Persons","0","Units",,,63,,
"DE540","Siegen","POP_DEN","Population density (pop. per km2)","2001","2001","PER","Persons","0","Units",,,245,,
"DE540","Siegen","POP_DEN","Population density (pop. per km2)","2002","2002","PER","Persons","0","Units",,,245,,
"DE540","Siegen","POP_DEN","Population density (pop. per km2)","2003","2003","PER","Persons","0","Units",,,244,,
"DE540","Siegen","POP_DEN","Population density (pop. per km2)","2004","2004","PER","Persons","0","Units",,,244,,
"DE540","Siegen","POP_DEN","Population density (pop. per km2)","2005","2005","PER","Persons","0","Units",,,243,,
"DE540","Siegen","POP_DEN","Population density (pop. per km2)","2006","2006","PER","Persons","0","Units",,,241,,
"DE540","Siegen","POP_DEN","Population density (pop. per km2)","2007","2007","PER","Persons","0","Units",,,240,,
"DE540","Siegen","POP_DEN","Population density (pop. per km2)","2008","2008","PER","Persons","0","Units",,,239,,
"DE540","Siegen","POP_DEN","Population density (pop. per km2)","2009","2009","PER","Persons","0","Units",,,237,,
"DE540","Siegen","POP_DEN","Population density (pop. per km2)","2010","2010","PER","Persons","0","Units",,,236,,
"DE540","Siegen","POP_DEN","Population density (pop. per km2)","2011","2011","PER","Persons","0","Units",,,230,,
"DE540","Siegen","POP_DEN","Population density (pop. per km2)","2012","2012","PER","Persons","0","Units",,,229,,
"DE540","Siegen","POP_DEN","Population density (pop. per km2)","2013","2013","PER","Persons","0","Units",,,228,,
"DE540","Siegen","POP_DEN","Population density (pop. per km2)","2014","2014","PER","Persons","0","Units",,,228,,
"DE540","Siegen","POP_DEN","Population density (pop. per km2)","2015","2015","PER","Persons","0","Units",,,228,,
"DE540","Siegen","POP_DEN","Population density (pop. per km2)","2016","2016","PER","Persons","0","Units",,,231,,
"USA158","Butte","POP_DEN","Population density (pop. per km2)","2000","2000","PER","Persons","0","Units",,,30,,
"USA158","Butte","POP_DEN","Population density (pop. per km2)","2001","2001","PER","Persons","0","Units",,,30,,
"USA158","Butte","POP_DEN","Population density (pop. per km2)","2002","2002","PER","Persons","0","Units",,,30,,
"USA158","Butte","POP_DEN","Population density (pop. per km2)","2003","2003","PER","Persons","0","Units",,,31,,
"USA158","Butte","POP_DEN","Population density (pop. per km2)","2004","2004","PER","Persons","0","Units",,,31,,
"USA158","Butte","POP_DEN","Population density (pop. per km2)","2005","2005","PER","Persons","0","Units",,,31,,
"USA158","Butte","POP_DEN","Population density (pop. per km2)","2006","2006","PER","Persons","0","Units",,,31,,
"USA158","Butte","POP_DEN","Population density (pop. per km2)","2007","2007","PER","Persons","0","Units",,,31,,
"USA158","Butte","POP_DEN","Population density (pop. per km2)","2008","2008","PER","Persons","0","Units",,,32,,
"USA158","Butte","POP_DEN","Population density (pop. per km2)","2009","2009","PER","Persons","0","Units",,,32,,
"USA158","Butte","POP_DEN","Population density (pop. per km2)","2010","2010","PER","Persons","0","Units",,,32,,
"USA158","Butte","POP_DEN","Population density (pop. per km2)","2011","2011","PER","Persons","0","Units",,,32,,
"USA158","Butte","POP_DEN","Population density (pop. per km2)","2012","2012","PER","Persons","0","Units",,,32,,
"USA158","Butte","POP_DEN","Population density (pop. per km2)","2013","2013","PER","Persons","0","Units",,,32,,
"USA158","Butte","POP_DEN","Population density (pop. per km2)","2014","2014","PER","Persons","0","Units",,,32,,
"USA158","Butte","POP_DEN","Population density (pop. per km2)","2015","2015","PER","Persons","0","Units",,,32,,
"USA158","Butte","POP_DEN","Population density (pop. per km2)","2016","2016","PER","Persons","0","Units",,,33,,
"CAN14","Windsor","T_T","Population, All ages. Administrative data","2000","2000","PER","Persons","0","Units",,,343054,,
"CAN14","Windsor","T_T","Population, All ages. Administrative data","2001","2001","PER","Persons","0","Units",,,352714,,
"CAN14","Windsor","T_T","Population, All ages. Administrative data","2002","2002","PER","Persons","0","Units",,,358921,,
"CAN14","Windsor","T_T","Population, All ages. Administrative data","2003","2003","PER","Persons","0","Units",,,362810,,
"CAN14","Windsor","T_T","Population, All ages. Administrative data","2004","2004","PER","Persons","0","Units",,,365966,,
"CAN14","Windsor","T_T","Population, All ages. Administrative data","2005","2005","PER","Persons","0","Units",,,368080,,
"CAN14","Windsor","T_T","Population, All ages. Administrative data","2006","2006","PER","Persons","0","Units",,,368975,,
"CAN14","Windsor","T_T","Population, All ages. Administrative data","2007","2007","PER","Persons","0","Units",,,366457,,
"CAN14","Windsor","T_T","Population, All ages. Administrative data","2008","2008","PER","Persons","0","Units",,,363676,,
"CAN14","Windsor","T_T","Population, All ages. Administrative data","2009","2009","PER","Persons","0","Units",,,361313,,
"CAN14","Windsor","T_T","Population, All ages. Administrative data","2010","2010","PER","Persons","0","Units",,,360764,,
"CAN14","Windsor","T_T","Population, All ages. Administrative data","2011","2011","PER","Persons","0","Units",,,360215,,
"CAN14","Windsor","T_T","Population, All ages. Administrative data","2012","2012","PER","Persons","0","Units",,,362398,,
"CAN14","Windsor","T_T","Population, All ages. Administrative data","2013","2013","PER","Persons","0","Units",,,364581,,
"CAN14","Windsor","T_T","Population, All ages. Administrative data","2014","2014","PER","Persons","0","Units",,,366764,,
"CAN14","Windsor","T_T","Population, All ages. Administrative data","2015","2015","PER","Persons","0","Units",,,368947,,
"CAN14","Windsor","T_T","Population, All ages. Administrative data","2016","2016","PER","Persons","0","Units",,,371130,,
"USA02","Los Angeles (Greater)","T_T_SH_NAT","Share of population  in metropolitan area over the national value","2001","2001","RATIO","Ratio","0","Units",,,5.6,,
"USA02","Los Angeles (Greater)","T_T_SH_NAT","Share of population  in metropolitan area over the national value","2002","2002","RATIO","Ratio","0","Units",,,5.6,,
"USA02","Los Angeles (Greater)","T_T_SH_NAT","Share of population  in metropolitan area over the national value","2003","2003","RATIO","Ratio","0","Units",,,5.6,,
"USA02","Los Angeles (Greater)","T_T_SH_NAT","Share of population  in metropolitan area over the national value","2004","2004","RATIO","Ratio","0","Units",,,5.6,,
"USA02","Los Angeles (Greater)","T_T_SH_NAT","Share of population  in metropolitan area over the national value","2005","2005","RATIO","Ratio","0","Units",,,5.6,,
"USA02","Los Angeles (Greater)","T_T_SH_NAT","Share of population  in metropolitan area over the national value","2006","2006","RATIO","Ratio","0","Units",,,5.6,,
"USA02","Los Angeles (Greater)","T_T_SH_NAT","Share of population  in metropolitan area over the national value","2007","2007","RATIO","Ratio","0","Units",,,5.5,,
"USA02","Los Angeles (Greater)","T_T_SH_NAT","Share of population  in metropolitan area over the national value","2008","2008","RATIO","Ratio","0","Units",,,5.5,,
"USA02","Los Angeles (Greater)","T_T_SH_NAT","Share of population  in metropolitan area over the national value","2009","2009","RATIO","Ratio","0","Units",,,5.5,,
"USA02","Los Angeles (Greater)","T_T_SH_NAT","Share of population  in metropolitan area over the national value","2010","2010","RATIO","Ratio","0","Units",,,5.5,,
"USA02","Los Angeles (Greater)","T_T_SH_NAT","Share of population  in metropolitan area over the national value","2011","2011","RATIO","Ratio","0","Units",,,5.5,,
"USA02","Los Angeles (Greater)","T_T_SH_NAT","Share of population  in metropolitan area over the national value","2012","2012","RATIO","Ratio","0","Units",,,5.5,,
"USA02","Los Angeles (Greater)","T_T_SH_NAT","Share of population  in metropolitan area over the national value","2013","2013","RATIO","Ratio","0","Units",,,5.5,,
"USA02","Los Angeles (Greater)","T_T_SH_NAT","Share of population  in metropolitan area over the national value","2014","2014","RATIO","Ratio","0","Units",,,5.5,,
"USA02","Los Angeles (Greater)","T_T_SH_NAT","Share of population  in metropolitan area over the national value","2015","2015","RATIO","Ratio","0","Units",,,5.5,,
"USA02","Los Angeles (Greater)","T_T_SH_NAT","Share of population  in metropolitan area over the national value","2016","2016","RATIO","Ratio","0","Units",,,5.5,,
"AT004","Salzburg","T_T_SH_NAT","Share of population  in metropolitan area over the national value","2001","2001","RATIO","Ratio","0","Units",,,4.1,,
"AT004","Salzburg","T_T_SH_NAT","Share of population  in metropolitan area over the national value","2002","2002","RATIO","Ratio","0","Units",,,4.1,,
"AT004","Salzburg","T_T_SH_NAT","Share of population  in metropolitan area over the national value","2003","2003","RATIO","Ratio","0","Units",,,4.1,,
"AT004","Salzburg","T_T_SH_NAT","Share of population  in metropolitan area over the national value","2004","2004","RATIO","Ratio","0","Units",,,4.1,,
"AT004","Salzburg","T_T_SH_NAT","Share of population  in metropolitan area over the national value","2005","2005","RATIO","Ratio","0","Units",,,4.1,,
"AT004","Salzburg","T_T_SH_NAT","Share of population  in metropolitan area over the national value","2006","2006","RATIO","Ratio","0","Units",,,4,,
"AT004","Salzburg","T_T_SH_NAT","Share of population  in metropolitan area over the national value","2007","2007","RATIO","Ratio","0","Units",,,4,,
"AT004","Salzburg","T_T_SH_NAT","Share of population  in metropolitan area over the national value","2008","2008","RATIO","Ratio","0","Units",,,4,,
"AT004","Salzburg","T_T_SH_NAT","Share of population  in metropolitan area over the national value","2009","2009","RATIO","Ratio","0","Units",,,4,,
"AT004","Salzburg","T_T_SH_NAT","Share of population  in metropolitan area over the national value","2010","2010","RATIO","Ratio","0","Units",,,4.1,,
"AT004","Salzburg","T_T_SH_NAT","Share of population  in metropolitan area over the national value","2011","2011","RATIO","Ratio","0","Units",,,4.1,,
"AT004","Salzburg","T_T_SH_NAT","Share of population  in metropolitan area over the national value","2012","2012","RATIO","Ratio","0","Units",,,4.1,,
"AT004","Salzburg","T_T_SH_NAT","Share of population  in metropolitan area over the national value","2013","2013","RATIO","Ratio","0","Units",,,4.1,,
"AT004","Salzburg","T_T_SH_NAT","Share of population  in metropolitan area over the national value","2014","2014","RATIO","Ratio","0","Units",,,4.1,,
"AT004","Salzburg","T_T_SH_NAT","Share of population  in metropolitan area over the national value","2015","2015","RATIO","Ratio","0","Units",,,4.1,,
"UK012","Belfast","POP_DEN","Population density (pop. per km2)","2001","2001","PER","Persons","0","Units",,,399,,
"UK012","Belfast","POP_DEN","Population density (pop. per km2)","2002","2002","PER","Persons","0","Units",,,400,,
"UK012","Belfast","POP_DEN","Population density (pop. per km2)","2003","2003","PER","Persons","0","Units",,,400,,
"UK012","Belfast","POP_DEN","Population density (pop. per km2)","2004","2004","PER","Persons","0","Units",,,401,,
"UK012","Belfast","POP_DEN","Population density (pop. per km2)","2005","2005","PER","Persons","0","Units",,,402,,
"UK012","Belfast","POP_DEN","Population density (pop. per km2)","2006","2006","PER","Persons","0","Units",,,404,,
"UK012","Belfast","POP_DEN","Population density (pop. per km2)","2007","2007","PER","Persons","0","Units",,,407,,
"UK012","Belfast","POP_DEN","Population density (pop. per km2)","2008","2008","PER","Persons","0","Units",,,410,,
"UK012","Belfast","POP_DEN","Population density (pop. per km2)","2009","2009","PER","Persons","0","Units",,,413,,
"UK012","Belfast","POP_DEN","Population density (pop. per km2)","2010","2010","PER","Persons","0","Units",,,416,,
"UK012","Belfast","POP_DEN","Population density (pop. per km2)","2011","2011","PER","Persons","0","Units",,,417,,
"UK012","Belfast","POP_DEN","Population density (pop. per km2)","2012","2012","PER","Persons","0","Units",,,419,,
"UK012","Belfast","POP_DEN","Population density (pop. per km2)","2013","2013","PER","Persons","0","Units",,,420,,
"UK012","Belfast","POP_DEN","Population density (pop. per km2)","2014","2014","PER","Persons","0","Units",,,422,,
"UK012","Belfast","POP_DEN","Population density (pop. per km2)","2015","2015","PER","Persons","0","Units",,,425,,
"UK012","Belfast","POP_DEN","Population density (pop. per km2)","2016","2016","PER","Persons","0","Units",,,426,,
"USA59","El Paso (TX)","T_T","Population, All ages. Administrative data","2000","2000","PER","Persons","0","Units",,,685086,,
"USA59","El Paso (TX)","T_T","Population, All ages. Administrative data","2001","2001","PER","Persons","0","Units",,,692568,,
"USA59","El Paso (TX)","T_T","Population, All ages. Administrative data","2002","2002","PER","Persons","0","Units",,,699844,,
"USA59","El Paso (TX)","T_T","Population, All ages. Administrative data","2003","2003","PER","Persons","0","Units",,,708545,,
"USA59","El Paso (TX)","T_T","Population, All ages. Administrative data","2004","2004","PER","Persons","0","Units",,,720997,,
"USA59","El Paso (TX)","T_T","Population, All ages. Administrative data","2005","2005","PER","Persons","0","Units",,,731511,,
"USA59","El Paso (TX)","T_T","Population, All ages. Administrative data","2006","2006","PER","Persons","0","Units",,,748254,,
"USA59","El Paso (TX)","T_T","Population, All ages. Administrative data","2007","2007","PER","Persons","0","Units",,,759040,,
"USA59","El Paso (TX)","T_T","Population, All ages. Administrative data","2008","2008","PER","Persons","0","Units",,,773304,,
"USA59","El Paso (TX)","T_T","Population, All ages. Administrative data","2009","2009","PER","Persons","0","Units",,,790182,,
"USA59","El Paso (TX)","T_T","Population, All ages. Administrative data","2010","2010","PER","Persons","0","Units",,,806983,,
"USA59","El Paso (TX)","T_T","Population, All ages. Administrative data","2011","2011","PER","Persons","0","Units",,,822747,,
"USA59","El Paso (TX)","T_T","Population, All ages. Administrative data","2012","2012","PER","Persons","0","Units",,,834478,,
"USA59","El Paso (TX)","T_T","Population, All ages. Administrative data","2013","2013","PER","Persons","0","Units",,,833522,,
"USA59","El Paso (TX)","T_T","Population, All ages. Administrative data","2014","2014","PER","Persons","0","Units",,,836753,,
"USA59","El Paso (TX)","T_T","Population, All ages. Administrative data","2015","2015","PER","Persons","0","Units",,,836326,,
"USA59","El Paso (TX)","T_T","Population, All ages. Administrative data","2016","2016","PER","Persons","0","Units",,,841220,,
"KOR19","Gunsan","T_T","Population, All ages. Administrative data","2000","2000","PER","Persons","0","Units",,,278021,,
"KOR19","Gunsan","T_T","Population, All ages. Administrative data","2001","2001","PER","Persons","0","Units",,,277806,,
"KOR19","Gunsan","T_T","Population, All ages. Administrative data","2002","2002","PER","Persons","0","Units",,,277592,,
"KOR19","Gunsan","T_T","Population, All ages. Administrative data","2003","2003","PER","Persons","0","Units",,,277377,,
"KOR19","Gunsan","T_T","Population, All ages. Administrative data","2004","2004","PER","Persons","0","Units",,,277162,,
"KOR19","Gunsan","T_T","Population, All ages. Administrative data","2005","2005","PER","Persons","0","Units",,,276947,,
"KOR19","Gunsan","T_T","Population, All ages. Administrative data","2006","2006","PER","Persons","0","Units",,,276733,,
"KOR19","Gunsan","T_T","Population, All ages. Administrative data","2007","2007","PER","Persons","0","Units",,,276518,,
"KOR19","Gunsan","T_T","Population, All ages. Administrative data","2008","2008","PER","Persons","0","Units",,,276303,,
"KOR19","Gunsan","T_T","Population, All ages. Administrative data","2009","2009","PER","Persons","0","Units",,,276088,,
"KOR19","Gunsan","T_T","Population, All ages. Administrative data","2010","2010","PER","Persons","0","Units",,,275874,,
"KOR19","Gunsan","T_T","Population, All ages. Administrative data","2011","2011","PER","Persons","0","Units",,,275659,,
"KOR19","Gunsan","T_T","Population, All ages. Administrative data","2012","2012","PER","Persons","0","Units",,,278341,,
"KOR19","Gunsan","T_T","Population, All ages. Administrative data","2013","2013","PER","Persons","0","Units",,,278319,,
"KOR19","Gunsan","T_T","Population, All ages. Administrative data","2014","2014","PER","Persons","0","Units",,,278098,,
"KOR19","Gunsan","T_T","Population, All ages. Administrative data","2015","2015","PER","Persons","0","Units",,,278398,,
"KOR19","Gunsan","T_T","Population, All ages. Administrative data","2016","2016","PER","Persons","0","Units",,,277551,,
"USA49","Tampa-Hillsborough","T_T_SH_NAT","Share of population  in metropolitan area over the national value","2001","2001","RATIO","Ratio","0","Units",,,0.4,,
"USA49","Tampa-Hillsborough","T_T_SH_NAT","Share of population  in metropolitan area over the national value","2002","2002","RATIO","Ratio","0","Units",,,0.4,,
"USA49","Tampa-Hillsborough","T_T_SH_NAT","Share of population  in metropolitan area over the national value","2003","2003","RATIO","Ratio","0","Units",,,0.4,,
"USA49","Tampa-Hillsborough","T_T_SH_NAT","Share of population  in metropolitan area over the national value","2004","2004","RATIO","Ratio","0","Units",,,0.4,,
"USA49","Tampa-Hillsborough","T_T_SH_NAT","Share of population  in metropolitan area over the national value","2005","2005","RATIO","Ratio","0","Units",,,0.4,,
"USA49","Tampa-Hillsborough","T_T_SH_NAT","Share of population  in metropolitan area over the national value","2006","2006","RATIO","Ratio","0","Units",,,0.4,,
"USA49","Tampa-Hillsborough","T_T_SH_NAT","Share of population  in metropolitan area over the national value","2007","2007","RATIO","Ratio","0","Units",,,0.4,,
"USA49","Tampa-Hillsborough","T_T_SH_NAT","Share of population  in metropolitan area over the national value","2008","2008","RATIO","Ratio","0","Units",,,0.4,,
"USA49","Tampa-Hillsborough","T_T_SH_NAT","Share of population  in metropolitan area over the national value","2009","2009","RATIO","Ratio","0","Units",,,0.4,,
"USA49","Tampa-Hillsborough","T_T_SH_NAT","Share of population  in metropolitan area over the national value","2010","2010","RATIO","Ratio","0","Units",,,0.4,,
"USA49","Tampa-Hillsborough","T_T_SH_NAT","Share of population  in metropolitan area over the national value","2011","2011","RATIO","Ratio","0","Units",,,0.4,,
"USA49","Tampa-Hillsborough","T_T_SH_NAT","Share of population  in metropolitan area over the national value","2012","2012","RATIO","Ratio","0","Units",,,0.4,,
"USA49","Tampa-Hillsborough","T_T_SH_NAT","Share of population  in metropolitan area over the national value","2013","2013","RATIO","Ratio","0","Units",,,0.4,,
"USA49","Tampa-Hillsborough","T_T_SH_NAT","Share of population  in metropolitan area over the national value","2014","2014","RATIO","Ratio","0","Units",,,0.4,,
"USA49","Tampa-Hillsborough","T_T_SH_NAT","Share of population  in metropolitan area over the national value","2015","2015","RATIO","Ratio","0","Units",,,0.4,,
"USA49","Tampa-Hillsborough","T_T_SH_NAT","Share of population  in metropolitan area over the national value","2016","2016","RATIO","Ratio","0","Units",,,0.4,,
"FR018","Reims","T_T_SH_NAT","Share of population  in metropolitan area over the national value","2001","2001","RATIO","Ratio","0","Units",,,0.5,,
"FR018","Reims","T_T_SH_NAT","Share of population  in metropolitan area over the national value","2002","2002","RATIO","Ratio","0","Units",,,0.5,,
"FR018","Reims","T_T_SH_NAT","Share of population  in metropolitan area over the national value","2003","2003","RATIO","Ratio","0","Units",,,0.5,,
"FR018","Reims","T_T_SH_NAT","Share of population  in metropolitan area over the national value","2004","2004","RATIO","Ratio","0","Units",,,0.5,,
"FR018","Reims","T_T_SH_NAT","Share of population  in metropolitan area over the national value","2005","2005","RATIO","Ratio","0","Units",,,0.5,,
"FR018","Reims","T_T_SH_NAT","Share of population  in metropolitan area over the national value","2006","2006","RATIO","Ratio","0","Units",,,0.5,,
"FR018","Reims","T_T_SH_NAT","Share of population  in metropolitan area over the national value","2007","2007","RATIO","Ratio","0","Units",,,0.5,,
"FR018","Reims","T_T_SH_NAT","Share of population  in metropolitan area over the national value","2008","2008","RATIO","Ratio","0","Units",,,0.5,,
"FR018","Reims","T_T_SH_NAT","Share of population  in metropolitan area over the national value","2009","2009","RATIO","Ratio","0","Units",,,0.5,,
"FR018","Reims","T_T_SH_NAT","Share of population  in metropolitan area over the national value","2010","2010","RATIO","Ratio","0","Units",,,0.5,,
"FR018","Reims","T_T_SH_NAT","Share of population  in metropolitan area over the national value","2011","2011","RATIO","Ratio","0","Units",,,0.5,,
"FR018","Reims","T_T_SH_NAT","Share of population  in metropolitan area over the national value","2012","2012","RATIO","Ratio","0","Units",,,0.5,,
"FR018","Reims","T_T_SH_NAT","Share of population  in metropolitan area over the national value","2013","2013","RATIO","Ratio","0","Units",,,0.5,,
"FR018","Reims","T_T_SH_NAT","Share of population  in metropolitan area over the national value","2014","2014","RATIO","Ratio","0","Units",,,0.5,,
"FR018","Reims","T_T_SH_NAT","Share of population  in metropolitan area over the national value","2015","2015","RATIO","Ratio","0","Units",,,0.5,,
"DE527","Bremerhaven","POP_DEN","Population density (pop. per km2)","2001","2001","PER","Persons","0","Units",,,153,,
"DE527","Bremerhaven","POP_DEN","Population density (pop. per km2)","2002","2002","PER","Persons","0","Units",,,153,,
"DE527","Bremerhaven","POP_DEN","Population density (pop. per km2)","2003","2003","PER","Persons","0","Units",,,153,,
"DE527","Bremerhaven","POP_DEN","Population density (pop. per km2)","2004","2004","PER","Persons","0","Units",,,153,,
"DE527","Bremerhaven","POP_DEN","Population density (pop. per km2)","2005","2005","PER","Persons","0","Units",,,152,,
"DE527","Bremerhaven","POP_DEN","Population density (pop. per km2)","2006","2006","PER","Persons","0","Units",,,152,,
"DE527","Bremerhaven","POP_DEN","Population density (pop. per km2)","2007","2007","PER","Persons","0","Units",,,151,,
"DE527","Bremerhaven","POP_DEN","Population density (pop. per km2)","2008","2008","PER","Persons","0","Units",,,150,,
"DE527","Bremerhaven","POP_DEN","Population density (pop. per km2)","2009","2009","PER","Persons","0","Units",,,149,,
"DE527","Bremerhaven","POP_DEN","Population density (pop. per km2)","2010","2010","PER","Persons","0","Units",,,148,,
"DE527","Bremerhaven","POP_DEN","Population density (pop. per km2)","2011","2011","PER","Persons","0","Units",,,145,,
"DE527","Bremerhaven","POP_DEN","Population density (pop. per km2)","2012","2012","PER","Persons","0","Units",,,144,,
"DE527","Bremerhaven","POP_DEN","Population density (pop. per km2)","2013","2013","PER","Persons","0","Units",,,144,,
"DE527","Bremerhaven","POP_DEN","Population density (pop. per km2)","2014","2014","PER","Persons","0","Units",,,144,,
"DE527","Bremerhaven","POP_DEN","Population density (pop. per km2)","2015","2015","PER","Persons","0","Units",,,145,,
"DE527","Bremerhaven","POP_DEN","Population density (pop. per km2)","2016","2016","PER","Persons","0","Units",,,147,,
"JPN32","Fukui","POP_DEN","Population density (pop. per km2)","2000","2000","PER","Persons","0","Units",,,246,,
"JPN32","Fukui","POP_DEN","Population density (pop. per km2)","2001","2001","PER","Persons","0","Units",,,245,,
"JPN32","Fukui","POP_DEN","Population density (pop. per km2)","2002","2002","PER","Persons","0","Units",,,245,,
"JPN32","Fukui","POP_DEN","Population density (pop. per km2)","2003","2003","PER","Persons","0","Units",,,245,,
"JPN32","Fukui","POP_DEN","Population density (pop. per km2)","2004","2004","PER","Persons","0","Units",,,244,,
"JPN32","Fukui","POP_DEN","Population density (pop. per km2)","2005","2005","PER","Persons","0","Units",,,244,,
"JPN32","Fukui","POP_DEN","Population density (pop. per km2)","2006","2006","PER","Persons","0","Units",,,243,,
"JPN32","Fukui","POP_DEN","Population density (pop. per km2)","2007","2007","PER","Persons","0","Units",,,242,,
"JPN32","Fukui","POP_DEN","Population density (pop. per km2)","2008","2008","PER","Persons","0","Units",,,241,,
"JPN32","Fukui","POP_DEN","Population density (pop. per km2)","2009","2009","PER","Persons","0","Units",,,239,,
"JPN32","Fukui","POP_DEN","Population density (pop. per km2)","2010","2010","PER","Persons","0","Units",,,238,,
"JPN32","Fukui","POP_DEN","Population density (pop. per km2)","2011","2011","PER","Persons","0","Units",,,237,,
"JPN32","Fukui","POP_DEN","Population density (pop. per km2)","2012","2012","PER","Persons","0","Units",,,236,,
"JPN32","Fukui","POP_DEN","Population density (pop. per km2)","2013","2013","PER","Persons","0","Units",,,235,,
"JPN32","Fukui","POP_DEN","Population density (pop. per km2)","2014","2014","PER","Persons","0","Units",,,234,,
"JPN32","Fukui","POP_DEN","Population density (pop. per km2)","2015","2015","PER","Persons","0","Units",,,233,,
"COL09","Ibague","POP_DEN","Population density (pop. per km2)","2000","2000","PER","Persons","0","Units",,,334,,
"COL09","Ibague","POP_DEN","Population density (pop. per km2)","2001","2001","PER","Persons","0","Units",,,339,,
"COL09","Ibague","POP_DEN","Population density (pop. per km2)","2002","2002","PER","Persons","0","Units",,,344,,
"COL09","Ibague","POP_DEN","Population density (pop. per km2)","2003","2003","PER","Persons","0","Units",,,349,,
"COL09","Ibague","POP_DEN","Population density (pop. per km2)","2004","2004","PER","Persons","0","Units",,,354,,
"COL09","Ibague","POP_DEN","Population density (pop. per km2)","2005","2005","PER","Persons","0","Units",,,359,,
"COL09","Ibague","POP_DEN","Population density (pop. per km2)","2006","2006","PER","Persons","0","Units",,,364,,
"COL09","Ibague","POP_DEN","Population density (pop. per km2)","2007","2007","PER","Persons","0","Units",,,370,,
"COL09","Ibague","POP_DEN","Population density (pop. per km2)","2008","2008","PER","Persons","0","Units",,,375,,
"COL09","Ibague","POP_DEN","Population density (pop. per km2)","2009","2009","PER","Persons","0","Units",,,380,,
"COL09","Ibague","POP_DEN","Population density (pop. per km2)","2010","2010","PER","Persons","0","Units",,,385,,
"COL09","Ibague","POP_DEN","Population density (pop. per km2)","2011","2011","PER","Persons","0","Units",,,390,,
"COL09","Ibague","POP_DEN","Population density (pop. per km2)","2012","2012","PER","Persons","0","Units",,,395,,
"COL09","Ibague","POP_DEN","Population density (pop. per km2)","2013","2013","PER","Persons","0","Units",,,400,,
"COL09","Ibague","POP_DEN","Population density (pop. per km2)","2014","2014","PER","Persons","0","Units",,,405,,
"COL09","Ibague","POP_DEN","Population density (pop. per km2)","2015","2015","PER","Persons","0","Units",,,410,,
"UK023","Portsmouth","T_T_SH_NAT","Share of population  in metropolitan area over the national value","2001","2001","RATIO","Ratio","0","Units",,,0.8,,
"UK023","Portsmouth","T_T_SH_NAT","Share of population  in metropolitan area over the national value","2002","2002","RATIO","Ratio","0","Units",,,0.8,,
"UK023","Portsmouth","T_T_SH_NAT","Share of population  in metropolitan area over the national value","2003","2003","RATIO","Ratio","0","Units",,,0.8,,
"UK023","Portsmouth","T_T_SH_NAT","Share of population  in metropolitan area over the national value","2004","2004","RATIO","Ratio","0","Units",,,0.8,,
"UK023","Portsmouth","T_T_SH_NAT","Share of population  in metropolitan area over the national value","2005","2005","RATIO","Ratio","0","Units",,,0.8,,
"UK023","Portsmouth","T_T_SH_NAT","Share of population  in metropolitan area over the national value","2006","2006","RATIO","Ratio","0","Units",,,0.8,,
"UK023","Portsmouth","T_T_SH_NAT","Share of population  in metropolitan area over the national value","2007","2007","RATIO","Ratio","0","Units",,,0.8,,
"UK023","Portsmouth","T_T_SH_NAT","Share of population  in metropolitan area over the national value","2008","2008","RATIO","Ratio","0","Units",,,0.8,,
"UK023","Portsmouth","T_T_SH_NAT","Share of population  in metropolitan area over the national value","2009","2009","RATIO","Ratio","0","Units",,,0.8,,
"UK023","Portsmouth","T_T_SH_NAT","Share of population  in metropolitan area over the national value","2010","2010","RATIO","Ratio","0","Units",,,0.8,,
"UK023","Portsmouth","T_T_SH_NAT","Share of population  in metropolitan area over the national value","2011","2011","RATIO","Ratio","0","Units",,,0.8,,
"UK023","Portsmouth","T_T_SH_NAT","Share of population  in metropolitan area over the national value","2012","2012","RATIO","Ratio","0","Units",,,0.8,,
"UK023","Portsmouth","T_T_SH_NAT","Share of population  in metropolitan area over the national value","2013","2013","RATIO","Ratio","0","Units",,,0.8,,
"UK023","Portsmouth","T_T_SH_NAT","Share of population  in metropolitan area over the national value","2014","2014","RATIO","Ratio","0","Units",,,0.8,,
"UK023","Portsmouth","T_T_SH_NAT","Share of population  in metropolitan area over the national value","2015","2015","RATIO","Ratio","0","Units",,,0.8,,
"UK023","Portsmouth","T_T_SH_NAT","Share of population  in metropolitan area over the national value","2016","2016","RATIO","Ratio","0","Units",,,0.8,,
"JPN22","Shizuoka","T_T","Population, All ages. Administrative data","2000","2000","PER","Persons","0","Units",,,729739,,
"JPN22","Shizuoka","T_T","Population, All ages. Administrative data","2001","2001","PER","Persons","0","Units",,,728392,,
"JPN22","Shizuoka","T_T","Population, All ages. Administrative data","2002","2002","PER","Persons","0","Units",,,727046,,
"JPN22","Shizuoka","T_T","Population, All ages. Administrative data","2003","2003","PER","Persons","0","Units",,,725699,,
"JPN22","Shizuoka","T_T","Population, All ages. Administrative data","2004","2004","PER","Persons","0","Units",,,724353,,
"JPN22","Shizuoka","T_T","Population, All ages. Administrative data","2005","2005","PER","Persons","0","Units",,,723006,,
"JPN22","Shizuoka","T_T","Population, All ages. Administrative data","2006","2006","PER","Persons","0","Units",,,720895,,
"JPN22","Shizuoka","T_T","Population, All ages. Administrative data","2007","2007","PER","Persons","0","Units",,,718784,,
"JPN22","Shizuoka","T_T","Population, All ages. Administrative data","2008","2008","PER","Persons","0","Units",,,716673,,
"JPN22","Shizuoka","T_T","Population, All ages. Administrative data","2009","2009","PER","Persons","0","Units",,,714562,,
"JPN22","Shizuoka","T_T","Population, All ages. Administrative data","2010","2010","PER","Persons","0","Units",,,712451,,
"JPN22","Shizuoka","T_T","Population, All ages. Administrative data","2011","2011","PER","Persons","0","Units",,,710159,,
"JPN22","Shizuoka","T_T","Population, All ages. Administrative data","2012","2012","PER","Persons","0","Units",,,707867,,
"JPN22","Shizuoka","T_T","Population, All ages. Administrative data","2013","2013","PER","Persons","0","Units",,,705578,,
"JPN22","Shizuoka","T_T","Population, All ages. Administrative data","2014","2014","PER","Persons","0","Units",,,703286,,
"JPN22","Shizuoka","T_T","Population, All ages. Administrative data","2015","2015","PER","Persons","0","Units",,,700994,,
"FR036","Angers","T_T","Population, All ages. Administrative data","2000","2000","PER","Persons","0","Units",,,375957,,
"FR036","Angers","T_T","Population, All ages. Administrative data","2001","2001","PER","Persons","0","Units",,,378141,,
"FR036","Angers","T_T","Population, All ages. Administrative data","2002","2002","PER","Persons","0","Units",,,380324,,
"FR036","Angers","T_T","Population, All ages. Administrative data","2003","2003","PER","Persons","0","Units",,,382508,,
"FR036","Angers","T_T","Population, All ages. Administrative data","2004","2004","PER","Persons","0","Units",,,384692,,
"FR036","Angers","T_T","Population, All ages. Administrative data","2005","2005","PER","Persons","0","Units",,,386874,,
"FR036","Angers","T_T","Population, All ages. Administrative data","2006","2006","PER","Persons","0","Units",,,389058,,
"FR036","Angers","T_T","Population, All ages. Administrative data","2007","2007","PER","Persons","0","Units",,,391241,,
"FR036","Angers","T_T","Population, All ages. Administrative data","2008","2008","PER","Persons","0","Units",,,393425,,
"FR036","Angers","T_T","Population, All ages. Administrative data","2009","2009","PER","Persons","0","Units",,,395608,,
"FR036","Angers","T_T","Population, All ages. Administrative data","2010","2010","PER","Persons","0","Units",,,398423,,
"FR036","Angers","T_T","Population, All ages. Administrative data","2011","2011","PER","Persons","0","Units",,,401240,,
"FR036","Angers","T_T","Population, All ages. Administrative data","2012","2012","PER","Persons","0","Units",,,404055,,
"FR036","Angers","T_T","Population, All ages. Administrative data","2013","2013","PER","Persons","0","Units",,,406872,,
"FR036","Angers","T_T","Population, All ages. Administrative data","2014","2014","PER","Persons","0","Units",,,409687,,
"FR036","Angers","T_T","Population, All ages. Administrative data","2015","2015","PER","Persons","0","Units",,,405866,,
"USA09","Miami (Greater)","T_T_SH_NAT","Share of population  in metropolitan area over the national value","2001","2001","RATIO","Ratio","0","Units",,,1.8,,
"USA09","Miami (Greater)","T_T_SH_NAT","Share of population  in metropolitan area over the national value","2002","2002","RATIO","Ratio","0","Units",,,1.9,,
"USA09","Miami (Greater)","T_T_SH_NAT","Share of population  in metropolitan area over the national value","2003","2003","RATIO","Ratio","0","Units",,,1.9,,
"USA09","Miami (Greater)","T_T_SH_NAT","Share of population  in metropolitan area over the national value","2004","2004","RATIO","Ratio","0","Units",,,1.9,,
"USA09","Miami (Greater)","T_T_SH_NAT","Share of population  in metropolitan area over the national value","2005","2005","RATIO","Ratio","0","Units",,,1.9,,
"USA09","Miami (Greater)","T_T_SH_NAT","Share of population  in metropolitan area over the national value","2006","2006","RATIO","Ratio","0","Units",,,1.9,,
"USA09","Miami (Greater)","T_T_SH_NAT","Share of population  in metropolitan area over the national value","2007","2007","RATIO","Ratio","0","Units",,,1.9,,
"USA09","Miami (Greater)","T_T_SH_NAT","Share of population  in metropolitan area over the national value","2008","2008","RATIO","Ratio","0","Units",,,1.8,,
"USA09","Miami (Greater)","T_T_SH_NAT","Share of population  in metropolitan area over the national value","2009","2009","RATIO","Ratio","0","Units",,,1.8,,
"USA09","Miami (Greater)","T_T_SH_NAT","Share of population  in metropolitan area over the national value","2010","2010","RATIO","Ratio","0","Units",,,1.9,,
"USA09","Miami (Greater)","T_T_SH_NAT","Share of population  in metropolitan area over the national value","2011","2011","RATIO","Ratio","0","Units",,,1.9,,
"USA09","Miami (Greater)","T_T_SH_NAT","Share of population  in metropolitan area over the national value","2012","2012","RATIO","Ratio","0","Units",,,1.9,,
"USA09","Miami (Greater)","T_T_SH_NAT","Share of population  in metropolitan area over the national value","2013","2013","RATIO","Ratio","0","Units",,,1.9,,
"USA09","Miami (Greater)","T_T_SH_NAT","Share of population  in metropolitan area over the national value","2014","2014","RATIO","Ratio","0","Units",,,1.9,,
"USA09","Miami (Greater)","T_T_SH_NAT","Share of population  in metropolitan area over the national value","2015","2015","RATIO","Ratio","0","Units",,,1.9,,
"USA09","Miami (Greater)","T_T_SH_NAT","Share of population  in metropolitan area over the national value","2016","2016","RATIO","Ratio","0","Units",,,1.9,,
"CAN05","Calgary","T_T","Population, All ages. Administrative data","2000","2000","PER","Persons","0","Units",,,1041175,,
"CAN05","Calgary","T_T","Population, All ages. Administrative data","2001","2001","PER","Persons","0","Units",,,1068441,,
"CAN05","Calgary","T_T","Population, All ages. Administrative data","2002","2002","PER","Persons","0","Units",,,1101113,,
"CAN05","Calgary","T_T","Population, All ages. Administrative data","2003","2003","PER","Persons","0","Units",,,1125499,,
"CAN05","Calgary","T_T","Population, All ages. Administrative data","2004","2004","PER","Persons","0","Units",,,1151545,,
"CAN05","Calgary","T_T","Population, All ages. Administrative data","2005","2005","PER","Persons","0","Units",,,1189589,,
"CAN05","Calgary","T_T","Population, All ages. Administrative data","2006","2006","PER","Persons","0","Units",,,1229660,,
"CAN05","Calgary","T_T","Population, All ages. Administrative data","2007","2007","PER","Persons","0","Units",,,1263574,,
"CAN05","Calgary","T_T","Population, All ages. Administrative data","2008","2008","PER","Persons","0","Units",,,1298740,,
"CAN05","Calgary","T_T","Population, All ages. Administrative data","2009","2009","PER","Persons","0","Units",,,1335676,,
"CAN05","Calgary","T_T","Population, All ages. Administrative data","2010","2010","PER","Persons","0","Units",,,1334074,,
"CAN05","Calgary","T_T","Population, All ages. Administrative data","2011","2011","PER","Persons","0","Units",,,1332470,,
"CAN05","Calgary","T_T","Population, All ages. Administrative data","2012","2012","PER","Persons","0","Units",,,1370412,,
"CAN05","Calgary","T_T","Population, All ages. Administrative data","2013","2013","PER","Persons","0","Units",,,1408354,,
"CAN05","Calgary","T_T","Population, All ages. Administrative data","2014","2014","PER","Persons","0","Units",,,1446296,,
"CAN05","Calgary","T_T","Population, All ages. Administrative data","2015","2015","PER","Persons","0","Units",,,1484238,,
"CAN05","Calgary","T_T","Population, All ages. Administrative data","2016","2016","PER","Persons","0","Units",,,1522180,,
"KOR02","Gimhae","T_T_SH_NAT","Share of population  in metropolitan area over the national value","2001","2001","RATIO","Ratio","0","Units",,,9,,
"KOR02","Gimhae","T_T_SH_NAT","Share of population  in metropolitan area over the national value","2002","2002","RATIO","Ratio","0","Units",,,9,,
"KOR02","Gimhae","T_T_SH_NAT","Share of population  in metropolitan area over the national value","2003","2003","RATIO","Ratio","0","Units",,,9,,
"KOR02","Gimhae","T_T_SH_NAT","Share of population  in metropolitan area over the national value","2004","2004","RATIO","Ratio","0","Units",,,9,,
"KOR02","Gimhae","T_T_SH_NAT","Share of population  in metropolitan area over the national value","2005","2005","RATIO","Ratio","0","Units",,,9.1,,
"KOR02","Gimhae","T_T_SH_NAT","Share of population  in metropolitan area over the national value","2006","2006","RATIO","Ratio","0","Units",,,9.1,,
"KOR02","Gimhae","T_T_SH_NAT","Share of population  in metropolitan area over the national value","2007","2007","RATIO","Ratio","0","Units",,,9.1,,
"KOR02","Gimhae","T_T_SH_NAT","Share of population  in metropolitan area over the national value","2008","2008","RATIO","Ratio","0","Units",,,9.1,,
"KOR02","Gimhae","T_T_SH_NAT","Share of population  in metropolitan area over the national value","2009","2009","RATIO","Ratio","0","Units",,,9.1,,
"KOR02","Gimhae","T_T_SH_NAT","Share of population  in metropolitan area over the national value","2010","2010","RATIO","Ratio","0","Units",,,9.1,,
"KOR02","Gimhae","T_T_SH_NAT","Share of population  in metropolitan area over the national value","2011","2011","RATIO","Ratio","0","Units",,,9.1,,
"KOR02","Gimhae","T_T_SH_NAT","Share of population  in metropolitan area over the national value","2012","2012","RATIO","Ratio","0","Units",,,9,,
"KOR02","Gimhae","T_T_SH_NAT","Share of population  in metropolitan area over the national value","2013","2013","RATIO","Ratio","0","Units",,,9,,
"KOR02","Gimhae","T_T_SH_NAT","Share of population  in metropolitan area over the national value","2014","2014","RATIO","Ratio","0","Units",,,9,,
"KOR02","Gimhae","T_T_SH_NAT","Share of population  in metropolitan area over the national value","2015","2015","RATIO","Ratio","0","Units",,,9,,
"KOR02","Gimhae","T_T_SH_NAT","Share of population  in metropolitan area over the national value","2016","2016","RATIO","Ratio","0","Units",,,8.9,,
"USA76","Polk","T_T","Population, All ages. Administrative data","2000","2000","PER","Persons","0","Units",,,492437,,
"USA76","Polk","T_T","Population, All ages. Administrative data","2001","2001","PER","Persons","0","Units",,,498968,,
"USA76","Polk","T_T","Population, All ages. Administrative data","2002","2002","PER","Persons","0","Units",,,505489,,
"USA76","Polk","T_T","Population, All ages. Administrative data","2003","2003","PER","Persons","0","Units",,,512688,,
"USA76","Polk","T_T","Population, All ages. Administrative data","2004","2004","PER","Persons","0","Units",,,520564,,
"USA76","Polk","T_T","Population, All ages. Administrative data","2005","2005","PER","Persons","0","Units",,,530758,,
"USA76","Polk","T_T","Population, All ages. Administrative data","2006","2006","PER","Persons","0","Units",,,541934,,
"USA76","Polk","T_T","Population, All ages. Administrative data","2007","2007","PER","Persons","0","Units",,,552739,,
"USA76","Polk","T_T","Population, All ages. Administrative data","2008","2008","PER","Persons","0","Units",,,562861,,
"USA76","Polk","T_T","Population, All ages. Administrative data","2009","2009","PER","Persons","0","Units",,,571829,,
"USA76","Polk","T_T","Population, All ages. Administrative data","2010","2010","PER","Persons","0","Units",,,581285,,
"USA76","Polk","T_T","Population, All ages. Administrative data","2011","2011","PER","Persons","0","Units",,,590278,,
"USA76","Polk","T_T","Population, All ages. Administrative data","2012","2012","PER","Persons","0","Units",,,599099,,
"USA76","Polk","T_T","Population, All ages. Administrative data","2013","2013","PER","Persons","0","Units",,,609611,,
"USA76","Polk","T_T","Population, All ages. Administrative data","2014","2014","PER","Persons","0","Units",,,621179,,
"USA76","Polk","T_T","Population, All ages. Administrative data","2015","2015","PER","Persons","0","Units",,,631793,,
"USA76","Polk","T_T","Population, All ages. Administrative data","2016","2016","PER","Persons","0","Units",,,644026,,
"USA12","Phoenix","POP_DEN","Population density (pop. per km2)","2000","2000","PER","Persons","0","Units",,,86,,
"USA12","Phoenix","POP_DEN","Population density (pop. per km2)","2001","2001","PER","Persons","0","Units",,,89,,
"USA12","Phoenix","POP_DEN","Population density (pop. per km2)","2002","2002","PER","Persons","0","Units",,,91,,
"USA12","Phoenix","POP_DEN","Population density (pop. per km2)","2003","2003","PER","Persons","0","Units",,,93,,
"USA12","Phoenix","POP_DEN","Population density (pop. per km2)","2004","2004","PER","Persons","0","Units",,,96,,
"USA12","Phoenix","POP_DEN","Population density (pop. per km2)","2005","2005","PER","Persons","0","Units",,,100,,
"USA12","Phoenix","POP_DEN","Population density (pop. per km2)","2006","2006","PER","Persons","0","Units",,,103,,
"USA12","Phoenix","POP_DEN","Population density (pop. per km2)","2007","2007","PER","Persons","0","Units",,,106,,
"USA12","Phoenix","POP_DEN","Population density (pop. per km2)","2008","2008","PER","Persons","0","Units",,,108,,
"USA12","Phoenix","POP_DEN","Population density (pop. per km2)","2009","2009","PER","Persons","0","Units",,,110,,
"USA12","Phoenix","POP_DEN","Population density (pop. per km2)","2010","2010","PER","Persons","0","Units",,,111,,
"USA12","Phoenix","POP_DEN","Population density (pop. per km2)","2011","2011","PER","Persons","0","Units",,,112,,
"USA12","Phoenix","POP_DEN","Population density (pop. per km2)","2012","2012","PER","Persons","0","Units",,,114,,
"USA12","Phoenix","POP_DEN","Population density (pop. per km2)","2013","2013","PER","Persons","0","Units",,,116,,
"USA12","Phoenix","POP_DEN","Population density (pop. per km2)","2014","2014","PER","Persons","0","Units",,,118,,
"USA12","Phoenix","POP_DEN","Population density (pop. per km2)","2015","2015","PER","Persons","0","Units",,,120,,
"USA12","Phoenix","POP_DEN","Population density (pop. per km2)","2016","2016","PER","Persons","0","Units",,,123,,
"UK012","Belfast","T_T","Population, All ages. Administrative data","2001","2001","PER","Persons","0","Units",,,731599,,
"UK012","Belfast","T_T","Population, All ages. Administrative data","2002","2002","PER","Persons","0","Units",,,732928,,
"UK012","Belfast","T_T","Population, All ages. Administrative data","2003","2003","PER","Persons","0","Units",,,732957,,
"UK012","Belfast","T_T","Population, All ages. Administrative data","2004","2004","PER","Persons","0","Units",,,734011,,
"UK012","Belfast","T_T","Population, All ages. Administrative data","2005","2005","PER","Persons","0","Units",,,737109,,
"UK012","Belfast","T_T","Population, All ages. Administrative data","2006","2006","PER","Persons","0","Units",,,740874,,
"UK012","Belfast","T_T","Population, All ages. Administrative data","2007","2007","PER","Persons","0","Units",,,745724,,
"UK012","Belfast","T_T","Population, All ages. Administrative data","2008","2008","PER","Persons","0","Units",,,751772,,
"UK012","Belfast","T_T","Population, All ages. Administrative data","2009","2009","PER","Persons","0","Units",,,757629,,
"UK012","Belfast","T_T","Population, All ages. Administrative data","2010","2010","PER","Persons","0","Units",,,761960,,
"UK012","Belfast","T_T","Population, All ages. Administrative data","2011","2011","PER","Persons","0","Units",,,764769,,
"UK012","Belfast","T_T","Population, All ages. Administrative data","2012","2012","PER","Persons","0","Units",,,767067,,
"UK012","Belfast","T_T","Population, All ages. Administrative data","2013","2013","PER","Persons","0","Units",,,769117,,
"UK012","Belfast","T_T","Population, All ages. Administrative data","2014","2014","PER","Persons","0","Units",,,773354,,
"UK012","Belfast","T_T","Population, All ages. Administrative data","2015","2015","PER","Persons","0","Units",,,778376,,
"UK012","Belfast","T_T","Population, All ages. Administrative data","2016","2016","PER","Persons","0","Units",,,781385,,
"PL006","Gdansk","POP_DEN","Population density (pop. per km2)","2000","2000","PER","Persons","0","Units",,,406,,
"PL006","Gdansk","POP_DEN","Population density (pop. per km2)","2001","2001","PER","Persons","0","Units",,,407,,
"PL006","Gdansk","POP_DEN","Population density (pop. per km2)","2002","2002","PER","Persons","0","Units",,,408,,
"PL006","Gdansk","POP_DEN","Population density (pop. per km2)","2003","2003","PER","Persons","0","Units",,,409,,
"PL006","Gdansk","POP_DEN","Population density (pop. per km2)","2004","2004","PER","Persons","0","Units",,,410,,
"PL006","Gdansk","POP_DEN","Population density (pop. per km2)","2005","2005","PER","Persons","0","Units",,,412,,
"PL006","Gdansk","POP_DEN","Population density (pop. per km2)","2006","2006","PER","Persons","0","Units",,,413,,
"PL006","Gdansk","POP_DEN","Population density (pop. per km2)","2007","2007","PER","Persons","0","Units",,,414,,
"PL006","Gdansk","POP_DEN","Population density (pop. per km2)","2008","2008","PER","Persons","0","Units",,,416,,
"PL006","Gdansk","POP_DEN","Population density (pop. per km2)","2009","2009","PER","Persons","0","Units",,,418,,
"PL006","Gdansk","POP_DEN","Population density (pop. per km2)","2010","2010","PER","Persons","0","Units",,,426,,
"PL006","Gdansk","POP_DEN","Population density (pop. per km2)","2011","2011","PER","Persons","0","Units",,,429,,
"PL006","Gdansk","POP_DEN","Population density (pop. per km2)","2012","2012","PER","Persons","0","Units",,,431,,
"PL006","Gdansk","POP_DEN","Population density (pop. per km2)","2013","2013","PER","Persons","0","Units",,,433,,
"PL006","Gdansk","POP_DEN","Population density (pop. per km2)","2014","2014","PER","Persons","0","Units",,,435,,
"PL006","Gdansk","POP_DEN","Population density (pop. per km2)","2015","2015","PER","Persons","0","Units",,,437,,
"PL006","Gdansk","POP_DEN","Population density (pop. per km2)","2016","2016","PER","Persons","0","Units",,,440,,
"JPN20","Himeji","T_T_SH_NAT","Share of population  in metropolitan area over the national value","2001","2001","RATIO","Ratio","0","Units",,,0.6,,
"JPN20","Himeji","T_T_SH_NAT","Share of population  in metropolitan area over the national value","2002","2002","RATIO","Ratio","0","Units",,,0.6,,
"JPN20","Himeji","T_T_SH_NAT","Share of population  in metropolitan area over the national value","2003","2003","RATIO","Ratio","0","Units",,,0.6,,
"JPN20","Himeji","T_T_SH_NAT","Share of population  in metropolitan area over the national value","2004","2004","RATIO","Ratio","0","Units",,,0.6,,
"JPN20","Himeji","T_T_SH_NAT","Share of population  in metropolitan area over the national value","2005","2005","RATIO","Ratio","0","Units",,,0.6,,
"JPN20","Himeji","T_T_SH_NAT","Share of population  in metropolitan area over the national value","2006","2006","RATIO","Ratio","0","Units",,,0.6,,
"JPN20","Himeji","T_T_SH_NAT","Share of population  in metropolitan area over the national value","2007","2007","RATIO","Ratio","0","Units",,,0.6,,
"JPN20","Himeji","T_T_SH_NAT","Share of population  in metropolitan area over the national value","2008","2008","RATIO","Ratio","0","Units",,,0.6,,
"JPN20","Himeji","T_T_SH_NAT","Share of population  in metropolitan area over the national value","2009","2009","RATIO","Ratio","0","Units",,,0.6,,
"JPN20","Himeji","T_T_SH_NAT","Share of population  in metropolitan area over the national value","2010","2010","RATIO","Ratio","0","Units",,,0.6,,
"JPN20","Himeji","T_T_SH_NAT","Share of population  in metropolitan area over the national value","2011","2011","RATIO","Ratio","0","Units",,,0.6,,
"JPN20","Himeji","T_T_SH_NAT","Share of population  in metropolitan area over the national value","2012","2012","RATIO","Ratio","0","Units",,,0.6,,
"JPN20","Himeji","T_T_SH_NAT","Share of population  in metropolitan area over the national value","2013","2013","RATIO","Ratio","0","Units",,,0.6,,
"JPN20","Himeji","T_T_SH_NAT","Share of population  in metropolitan area over the national value","2014","2014","RATIO","Ratio","0","Units",,,0.6,,
"JPN20","Himeji","T_T_SH_NAT","Share of population  in metropolitan area over the national value","2015","2015","RATIO","Ratio","0","Units",,,0.6,,
"FR009","Lille","T_T","Population, All ages. Administrative data","2000","2000","PER","Persons","0","Units",,,1289384,,
"FR009","Lille","T_T","Population, All ages. Administrative data","2001","2001","PER","Persons","0","Units",,,1295225,,
"FR009","Lille","T_T","Population, All ages. Administrative data","2002","2002","PER","Persons","0","Units",,,1301068,,
"FR009","Lille","T_T","Population, All ages. Administrative data","2003","2003","PER","Persons","0","Units",,,1306909,,
"FR009","Lille","T_T","Population, All ages. Administrative data","2004","2004","PER","Persons","0","Units",,,1312751,,
"FR009","Lille","T_T","Population, All ages. Administrative data","2005","2005","PER","Persons","0","Units",,,1318592,,
"FR009","Lille","T_T","Population, All ages. Administrative data","2006","2006","PER","Persons","0","Units",,,1324434,,
"FR009","Lille","T_T","Population, All ages. Administrative data","2007","2007","PER","Persons","0","Units",,,1330276,,
"FR009","Lille","T_T","Population, All ages. Administrative data","2008","2008","PER","Persons","0","Units",,,1336118,,
"FR009","Lille","T_T","Population, All ages. Administrative data","2009","2009","PER","Persons","0","Units",,,1341959,,
"FR009","Lille","T_T","Population, All ages. Administrative data","2010","2010","PER","Persons","0","Units",,,1348197,,
"FR009","Lille","T_T","Population, All ages. Administrative data","2011","2011","PER","Persons","0","Units",,,1354435,,
"FR009","Lille","T_T","Population, All ages. Administrative data","2012","2012","PER","Persons","0","Units",,,1360671,,
"FR009","Lille","T_T","Population, All ages. Administrative data","2013","2013","PER","Persons","0","Units",,,1366909,,
"FR009","Lille","T_T","Population, All ages. Administrative data","2014","2014","PER","Persons","0","Units",,,1373147,,
"FR009","Lille","T_T","Population, All ages. Administrative data","2015","2015","PER","Persons","0","Units",,,1344730,,
"MEX41","Cajeme","POP_DEN","Population density (pop. per km2)","2000","2000","PER","Persons","0","Units",,,76,,
"MEX41","Cajeme","POP_DEN","Population density (pop. per km2)","2005","2005","PER","Persons","0","Units",,,75,,
"MEX41","Cajeme","POP_DEN","Population density (pop. per km2)","2010","2010","PER","Persons","0","Units",,,83,,
"MEX41","Cajeme","POP_DEN","Population density (pop. per km2)","2015","2015","PER","Persons","0","Units",,,94,,
"USA123","Chatham","T_T","Population, All ages. Administrative data","2000","2000","PER","Persons","0","Units",,,293721,,
"USA123","Chatham","T_T","Population, All ages. Administrative data","2001","2001","PER","Persons","0","Units",,,297133,,
"USA123","Chatham","T_T","Population, All ages. Administrative data","2002","2002","PER","Persons","0","Units",,,301644,,
"USA123","Chatham","T_T","Population, All ages. Administrative data","2003","2003","PER","Persons","0","Units",,,304585,,
"USA123","Chatham","T_T","Population, All ages. Administrative data","2004","2004","PER","Persons","0","Units",,,310553,,
"USA123","Chatham","T_T","Population, All ages. Administrative data","2005","2005","PER","Persons","0","Units",,,314528,,
"USA123","Chatham","T_T","Population, All ages. Administrative data","2006","2006","PER","Persons","0","Units",,,322065,,
"USA123","Chatham","T_T","Population, All ages. Administrative data","2007","2007","PER","Persons","0","Units",,,329943,,
"USA123","Chatham","T_T","Population, All ages. Administrative data","2008","2008","PER","Persons","0","Units",,,335185,,
"USA123","Chatham","T_T","Population, All ages. Administrative data","2009","2009","PER","Persons","0","Units",,,344017,,
"USA123","Chatham","T_T","Population, All ages. Administrative data","2010","2010","PER","Persons","0","Units",,,348687,,
"USA123","Chatham","T_T","Population, All ages. Administrative data","2011","2011","PER","Persons","0","Units",,,355839,,
"USA123","Chatham","T_T","Population, All ages. Administrative data","2012","2012","PER","Persons","0","Units",,,362109,,
"USA123","Chatham","T_T","Population, All ages. Administrative data","2013","2013","PER","Persons","0","Units",,,365438,,
"USA123","Chatham","T_T","Population, All ages. Administrative data","2014","2014","PER","Persons","0","Units",,,371950,,
"USA123","Chatham","T_T","Population, All ages. Administrative data","2015","2015","PER","Persons","0","Units",,,378664,,
"USA123","Chatham","T_T","Population, All ages. Administrative data","2016","2016","PER","Persons","0","Units",,,383785,,
"USA34","Salt Lake","POP_DEN","Population density (pop. per km2)","2000","2000","PER","Persons","0","Units",,,38,,
"USA34","Salt Lake","POP_DEN","Population density (pop. per km2)","2001","2001","PER","Persons","0","Units",,,39,,
"USA34","Salt Lake","POP_DEN","Population density (pop. per km2)","2002","2002","PER","Persons","0","Units",,,39,,
"USA34","Salt Lake","POP_DEN","Population density (pop. per km2)","2003","2003","PER","Persons","0","Units",,,40,,
"USA34","Salt Lake","POP_DEN","Population density (pop. per km2)","2004","2004","PER","Persons","0","Units",,,40,,
"USA34","Salt Lake","POP_DEN","Population density (pop. per km2)","2005","2005","PER","Persons","0","Units",,,41,,
"USA34","Salt Lake","POP_DEN","Population density (pop. per km2)","2006","2006","PER","Persons","0","Units",,,42,,
"USA34","Salt Lake","POP_DEN","Population density (pop. per km2)","2007","2007","PER","Persons","0","Units",,,43,,
"USA34","Salt Lake","POP_DEN","Population density (pop. per km2)","2008","2008","PER","Persons","0","Units",,,44,,
"USA34","Salt Lake","POP_DEN","Population density (pop. per km2)","2009","2009","PER","Persons","0","Units",,,45,,
"USA34","Salt Lake","POP_DEN","Population density (pop. per km2)","2010","2010","PER","Persons","0","Units",,,46,,
"USA34","Salt Lake","POP_DEN","Population density (pop. per km2)","2011","2011","PER","Persons","0","Units",,,46,,
"USA34","Salt Lake","POP_DEN","Population density (pop. per km2)","2012","2012","PER","Persons","0","Units",,,47,,
"USA34","Salt Lake","POP_DEN","Population density (pop. per km2)","2013","2013","PER","Persons","0","Units",,,48,,
"USA34","Salt Lake","POP_DEN","Population density (pop. per km2)","2014","2014","PER","Persons","0","Units",,,48,,
"USA34","Salt Lake","POP_DEN","Population density (pop. per km2)","2015","2015","PER","Persons","0","Units",,,49,,
"USA34","Salt Lake","POP_DEN","Population density (pop. per km2)","2016","2016","PER","Persons","0","Units",,,50,,
"DE017","Bielefeld","T_T","Population, All ages. Administrative data","2001","2001","PER","Persons","0","Units",,,323026,,
"DE017","Bielefeld","T_T","Population, All ages. Administrative data","2002","2002","PER","Persons","0","Units",,,324651,,
"DE017","Bielefeld","T_T","Population, All ages. Administrative data","2003","2003","PER","Persons","0","Units",,,326099,,
"DE017","Bielefeld","T_T","Population, All ages. Administrative data","2004","2004","PER","Persons","0","Units",,,329716,,
"DE017","Bielefeld","T_T","Population, All ages. Administrative data","2005","2005","PER","Persons","0","Units",,,329292,,
"DE017","Bielefeld","T_T","Population, All ages. Administrative data","2006","2006","PER","Persons","0","Units",,,328217,,
"DE017","Bielefeld","T_T","Population, All ages. Administrative data","2007","2007","PER","Persons","0","Units",,,327150,,
"DE017","Bielefeld","T_T","Population, All ages. Administrative data","2008","2008","PER","Persons","0","Units",,,326220,,
"DE017","Bielefeld","T_T","Population, All ages. Administrative data","2009","2009","PER","Persons","0","Units",,,324926,,
"DE017","Bielefeld","T_T","Population, All ages. Administrative data","2010","2010","PER","Persons","0","Units",,,324391,,
"DE017","Bielefeld","T_T","Population, All ages. Administrative data","2011","2011","PER","Persons","0","Units",,,328359,,
"DE017","Bielefeld","T_T","Population, All ages. Administrative data","2012","2012","PER","Persons","0","Units",,,328457,,
"DE017","Bielefeld","T_T","Population, All ages. Administrative data","2013","2013","PER","Persons","0","Units",,,329568,,
"DE017","Bielefeld","T_T","Population, All ages. Administrative data","2014","2014","PER","Persons","0","Units",,,330120,,
"DE017","Bielefeld","T_T","Population, All ages. Administrative data","2015","2015","PER","Persons","0","Units",,,331048,,
"DE017","Bielefeld","T_T","Population, All ages. Administrative data","2016","2016","PER","Persons","0","Units",,,334390,,
"DE507","Aachen","T_T_SH_NAT","Share of population  in metropolitan area over the national value","2001","2001","RATIO","Ratio","0","Units",,,0.7,,
"DE507","Aachen","T_T_SH_NAT","Share of population  in metropolitan area over the national value","2002","2002","RATIO","Ratio","0","Units",,,0.7,,
"DE507","Aachen","T_T_SH_NAT","Share of population  in metropolitan area over the national value","2003","2003","RATIO","Ratio","0","Units",,,0.7,,
"DE507","Aachen","T_T_SH_NAT","Share of population  in metropolitan area over the national value","2004","2004","RATIO","Ratio","0","Units",,,0.7,,
"DE507","Aachen","T_T_SH_NAT","Share of population  in metropolitan area over the national value","2005","2005","RATIO","Ratio","0","Units",,,0.7,,
"DE507","Aachen","T_T_SH_NAT","Share of population  in metropolitan area over the national value","2006","2006","RATIO","Ratio","0","Units",,,0.7,,
"DE507","Aachen","T_T_SH_NAT","Share of population  in metropolitan area over the national value","2007","2007","RATIO","Ratio","0","Units",,,0.7,,
"DE507","Aachen","T_T_SH_NAT","Share of population  in metropolitan area over the national value","2008","2008","RATIO","Ratio","0","Units",,,0.7,,
"DE507","Aachen","T_T_SH_NAT","Share of population  in metropolitan area over the national value","2009","2009","RATIO","Ratio","0","Units",,,0.7,,
"DE507","Aachen","T_T_SH_NAT","Share of population  in metropolitan area over the national value","2010","2010","RATIO","Ratio","0","Units",,,0.7,,
"DE507","Aachen","T_T_SH_NAT","Share of population  in metropolitan area over the national value","2011","2011","RATIO","Ratio","0","Units",,,0.7,,
"DE507","Aachen","T_T_SH_NAT","Share of population  in metropolitan area over the national value","2012","2012","RATIO","Ratio","0","Units",,,0.7,,
"DE507","Aachen","T_T_SH_NAT","Share of population  in metropolitan area over the national value","2013","2013","RATIO","Ratio","0","Units",,,0.7,,
"DE507","Aachen","T_T_SH_NAT","Share of population  in metropolitan area over the national value","2014","2014","RATIO","Ratio","0","Units",,,0.7,,
"DE507","Aachen","T_T_SH_NAT","Share of population  in metropolitan area over the national value","2015","2015","RATIO","Ratio","0","Units",,,0.7,,
"DE507","Aachen","T_T_SH_NAT","Share of population  in metropolitan area over the national value","2016","2016","RATIO","Ratio","0","Units",,,0.7,,
"DE532","Ulm","T_T_SH_NAT","Share of population  in metropolitan area over the national value","2001","2001","RATIO","Ratio","0","Units",,,0.6,,
"DE532","Ulm","T_T_SH_NAT","Share of population  in metropolitan area over the national value","2002","2002","RATIO","Ratio","0","Units",,,0.6,,
"DE532","Ulm","T_T_SH_NAT","Share of population  in metropolitan area over the national value","2003","2003","RATIO","Ratio","0","Units",,,0.6,,
"DE532","Ulm","T_T_SH_NAT","Share of population  in metropolitan area over the national value","2004","2004","RATIO","Ratio","0","Units",,,0.6,,
"DE532","Ulm","T_T_SH_NAT","Share of population  in metropolitan area over the national value","2005","2005","RATIO","Ratio","0","Units",,,0.6,,
"DE532","Ulm","T_T_SH_NAT","Share of population  in metropolitan area over the national value","2006","2006","RATIO","Ratio","0","Units",,,0.6,,
"DE532","Ulm","T_T_SH_NAT","Share of population  in metropolitan area over the national value","2007","2007","RATIO","Ratio","0","Units",,,0.6,,
"DE532","Ulm","T_T_SH_NAT","Share of population  in metropolitan area over the national value","2008","2008","RATIO","Ratio","0","Units",,,0.6,,
"DE532","Ulm","T_T_SH_NAT","Share of population  in metropolitan area over the national value","2009","2009","RATIO","Ratio","0","Units",,,0.6,,
"DE532","Ulm","T_T_SH_NAT","Share of population  in metropolitan area over the national value","2010","2010","RATIO","Ratio","0","Units",,,0.6,,
"DE532","Ulm","T_T_SH_NAT","Share of population  in metropolitan area over the national value","2011","2011","RATIO","Ratio","0","Units",,,0.6,,
"DE532","Ulm","T_T_SH_NAT","Share of population  in metropolitan area over the national value","2012","2012","RATIO","Ratio","0","Units",,,0.6,,
"DE532","Ulm","T_T_SH_NAT","Share of population  in metropolitan area over the national value","2013","2013","RATIO","Ratio","0","Units",,,0.6,,
"DE532","Ulm","T_T_SH_NAT","Share of population  in metropolitan area over the national value","2014","2014","RATIO","Ratio","0","Units",,,0.6,,
"DE532","Ulm","T_T_SH_NAT","Share of population  in metropolitan area over the national value","2015","2015","RATIO","Ratio","0","Units",,,0.6,,
"DE532","Ulm","T_T_SH_NAT","Share of population  in metropolitan area over the national value","2016","2016","RATIO","Ratio","0","Units",,,0.6,,
"AUS01","Greater Sydney","T_T","Population, All ages. Administrative data","2001","2001","PER","Persons","0","Units",,,4102580,,
"AUS01","Greater Sydney","T_T","Population, All ages. Administrative data","2002","2002","PER","Persons","0","Units",,,4135637,,
"AUS01","Greater Sydney","T_T","Population, All ages. Administrative data","2003","2003","PER","Persons","0","Units",,,4162593,,
"AUS01","Greater Sydney","T_T","Population, All ages. Administrative data","2004","2004","PER","Persons","0","Units",,,4184763,,
"AUS01","Greater Sydney","T_T","Population, All ages. Administrative data","2005","2005","PER","Persons","0","Units",,,4217563,,
"AUS01","Greater Sydney","T_T","Population, All ages. Administrative data","2006","2006","PER","Persons","0","Units",,,4256161,,
"AUS01","Greater Sydney","T_T","Population, All ages. Administrative data","2007","2007","PER","Persons","0","Units",,,4325525,,
"AUS01","Greater Sydney","T_T","Population, All ages. Administrative data","2008","2008","PER","Persons","0","Units",,,4409562,,
"AUS01","Greater Sydney","T_T","Population, All ages. Administrative data","2009","2009","PER","Persons","0","Units",,,4492380,,
"AUS01","Greater Sydney","T_T","Population, All ages. Administrative data","2010","2010","PER","Persons","0","Units",,,4555516,,
"AUS01","Greater Sydney","T_T","Population, All ages. Administrative data","2011","2011","PER","Persons","0","Units",,,4608949,,
"AUS01","Greater Sydney","T_T","Population, All ages. Administrative data","2012","2012","PER","Persons","0","Units",,,4679872,,
"AUS01","Greater Sydney","T_T","Population, All ages. Administrative data","2013","2013","PER","Persons","0","Units",,,4760881,,
"AUS01","Greater Sydney","T_T","Population, All ages. Administrative data","2014","2014","PER","Persons","0","Units",,,4847482,,
"AUS01","Greater Sydney","T_T","Population, All ages. Administrative data","2015","2015","PER","Persons","0","Units",,,4938039,,
"AUS01","Greater Sydney","T_T","Population, All ages. Administrative data","2016","2016","PER","Persons","0","Units",,,5029768,,
"USA153","Minnehaha","T_T_SH_NAT","Share of population  in metropolitan area over the national value","2001","2001","RATIO","Ratio","0","Units",,,0.1,,
"USA153","Minnehaha","T_T_SH_NAT","Share of population  in metropolitan area over the national value","2002","2002","RATIO","Ratio","0","Units",,,0.1,,
"USA153","Minnehaha","T_T_SH_NAT","Share of population  in metropolitan area over the national value","2003","2003","RATIO","Ratio","0","Units",,,0.1,,
"USA153","Minnehaha","T_T_SH_NAT","Share of population  in metropolitan area over the national value","2004","2004","RATIO","Ratio","0","Units",,,0.1,,
"USA153","Minnehaha","T_T_SH_NAT","Share of population  in metropolitan area over the national value","2005","2005","RATIO","Ratio","0","Units",,,0.1,,
"USA153","Minnehaha","T_T_SH_NAT","Share of population  in metropolitan area over the national value","2006","2006","RATIO","Ratio","0","Units",,,0.1,,
"USA153","Minnehaha","T_T_SH_NAT","Share of population  in metropolitan area over the national value","2007","2007","RATIO","Ratio","0","Units",,,0.1,,
"USA153","Minnehaha","T_T_SH_NAT","Share of population  in metropolitan area over the national value","2008","2008","RATIO","Ratio","0","Units",,,0.1,,
"USA153","Minnehaha","T_T_SH_NAT","Share of population  in metropolitan area over the national value","2009","2009","RATIO","Ratio","0","Units",,,0.1,,
"USA153","Minnehaha","T_T_SH_NAT","Share of population  in metropolitan area over the national value","2010","2010","RATIO","Ratio","0","Units",,,0.1,,
"USA153","Minnehaha","T_T_SH_NAT","Share of population  in metropolitan area over the national value","2011","2011","RATIO","Ratio","0","Units",,,0.1,,
"USA153","Minnehaha","T_T_SH_NAT","Share of population  in metropolitan area over the national value","2012","2012","RATIO","Ratio","0","Units",,,0.1,,
"USA153","Minnehaha","T_T_SH_NAT","Share of population  in metropolitan area over the national value","2013","2013","RATIO","Ratio","0","Units",,,0.1,,
"USA153","Minnehaha","T_T_SH_NAT","Share of population  in metropolitan area over the national value","2014","2014","RATIO","Ratio","0","Units",,,0.1,,
"USA153","Minnehaha","T_T_SH_NAT","Share of population  in metropolitan area over the national value","2015","2015","RATIO","Ratio","0","Units",,,0.1,,
"USA153","Minnehaha","T_T_SH_NAT","Share of population  in metropolitan area over the national value","2016","2016","RATIO","Ratio","0","Units",,,0.1,,
"MEX16","Culiacan","T_T","Population, All ages. Administrative data","2000","2000","PER","Persons","0","Units",,,788063,,
"MEX16","Culiacan","T_T","Population, All ages. Administrative data","2005","2005","PER","Persons","0","Units",,,762385,,
"MEX16","Culiacan","T_T","Population, All ages. Administrative data","2010","2010","PER","Persons","0","Units",,,852375,,
"MEX16","Culiacan","T_T","Population, All ages. Administrative data","2015","2015","PER","Persons","0","Units",,,953826,,
"UK033","Guildford","POP_DEN","Population density (pop. per km2)","2001","2001","PER","Persons","0","Units",,,399,,
"UK033","Guildford","POP_DEN","Population density (pop. per km2)","2002","2002","PER","Persons","0","Units",,,398,,
"UK033","Guildford","POP_DEN","Population density (pop. per km2)","2003","2003","PER","Persons","0","Units",,,398,,
"UK033","Guildford","POP_DEN","Population density (pop. per km2)","2004","2004","PER","Persons","0","Units",,,398,,
"UK033","Guildford","POP_DEN","Population density (pop. per km2)","2005","2005","PER","Persons","0","Units",,,399,,
"UK033","Guildford","POP_DEN","Population density (pop. per km2)","2006","2006","PER","Persons","0","Units",,,402,,
"UK033","Guildford","POP_DEN","Population density (pop. per km2)","2007","2007","PER","Persons","0","Units",,,406,,
"UK033","Guildford","POP_DEN","Population density (pop. per km2)","2008","2008","PER","Persons","0","Units",,,408,,
"UK033","Guildford","POP_DEN","Population density (pop. per km2)","2009","2009","PER","Persons","0","Units",,,412,,
"UK033","Guildford","POP_DEN","Population density (pop. per km2)","2010","2010","PER","Persons","0","Units",,,417,,
"UK033","Guildford","POP_DEN","Population density (pop. per km2)","2011","2011","PER","Persons","0","Units",,,421,,
"UK033","Guildford","POP_DEN","Population density (pop. per km2)","2012","2012","PER","Persons","0","Units",,,425,,
"UK033","Guildford","POP_DEN","Population density (pop. per km2)","2013","2013","PER","Persons","0","Units",,,428,,
"UK033","Guildford","POP_DEN","Population density (pop. per km2)","2014","2014","PER","Persons","0","Units",,,432,,
"UK033","Guildford","POP_DEN","Population density (pop. per km2)","2015","2015","PER","Persons","0","Units",,,437,,
"UK033","Guildford","POP_DEN","Population density (pop. per km2)","2016","2016","PER","Persons","0","Units",,,441,,
"MEX13","Mexicali","T_T","Population, All ages. Administrative data","2000","2000","PER","Persons","0","Units",,,833321,,
"MEX13","Mexicali","T_T","Population, All ages. Administrative data","2005","2005","PER","Persons","0","Units",,,804780,,
"MEX13","Mexicali","T_T","Population, All ages. Administrative data","2010","2010","PER","Persons","0","Units",,,917884,,
"MEX13","Mexicali","T_T","Population, All ages. Administrative data","2015","2015","PER","Persons","0","Units",,,1043848,,
"MEX40","Mazatlan","POP_DEN","Population density (pop. per km2)","2000","2000","PER","Persons","0","Units",,,155,,
"MEX40","Mazatlan","POP_DEN","Population density (pop. per km2)","2005","2005","PER","Persons","0","Units",,,154,,
"MEX40","Mazatlan","POP_DEN","Population density (pop. per km2)","2010","2010","PER","Persons","0","Units",,,172,,
"MEX40","Mazatlan","POP_DEN","Population density (pop. per km2)","2015","2015","PER","Persons","0","Units",,,189,,
"KOR17","Iksan","T_T_SH_NAT","Share of population  in metropolitan area over the national value","2001","2001","RATIO","Ratio","0","Units",,,0.7,,
"KOR17","Iksan","T_T_SH_NAT","Share of population  in metropolitan area over the national value","2002","2002","RATIO","Ratio","0","Units",,,0.7,,
"KOR17","Iksan","T_T_SH_NAT","Share of population  in metropolitan area over the national value","2003","2003","RATIO","Ratio","0","Units",,,0.7,,
"KOR17","Iksan","T_T_SH_NAT","Share of population  in metropolitan area over the national value","2004","2004","RATIO","Ratio","0","Units",,,0.7,,
"KOR17","Iksan","T_T_SH_NAT","Share of population  in metropolitan area over the national value","2005","2005","RATIO","Ratio","0","Units",,,0.7,,
"KOR17","Iksan","T_T_SH_NAT","Share of population  in metropolitan area over the national value","2006","2006","RATIO","Ratio","0","Units",,,0.7,,
"KOR17","Iksan","T_T_SH_NAT","Share of population  in metropolitan area over the national value","2007","2007","RATIO","Ratio","0","Units",,,0.7,,
"KOR17","Iksan","T_T_SH_NAT","Share of population  in metropolitan area over the national value","2008","2008","RATIO","Ratio","0","Units",,,0.7,,
"KOR17","Iksan","T_T_SH_NAT","Share of population  in metropolitan area over the national value","2009","2009","RATIO","Ratio","0","Units",,,0.6,,
"KOR17","Iksan","T_T_SH_NAT","Share of population  in metropolitan area over the national value","2010","2010","RATIO","Ratio","0","Units",,,0.6,,
"KOR17","Iksan","T_T_SH_NAT","Share of population  in metropolitan area over the national value","2011","2011","RATIO","Ratio","0","Units",,,0.6,,
"KOR17","Iksan","T_T_SH_NAT","Share of population  in metropolitan area over the national value","2012","2012","RATIO","Ratio","0","Units",,,0.6,,
"KOR17","Iksan","T_T_SH_NAT","Share of population  in metropolitan area over the national value","2013","2013","RATIO","Ratio","0","Units",,,0.6,,
"KOR17","Iksan","T_T_SH_NAT","Share of population  in metropolitan area over the national value","2014","2014","RATIO","Ratio","0","Units",,,0.6,,
"KOR17","Iksan","T_T_SH_NAT","Share of population  in metropolitan area over the national value","2015","2015","RATIO","Ratio","0","Units",,,0.6,,
"KOR17","Iksan","T_T_SH_NAT","Share of population  in metropolitan area over the national value","2016","2016","RATIO","Ratio","0","Units",,,0.6,,
"SE001","Stockholm","POP_DEN","Population density (pop. per km2)","2000","2000","PER","Persons","0","Units",,,258,,
"SE001","Stockholm","POP_DEN","Population density (pop. per km2)","2001","2001","PER","Persons","0","Units",,,260,,
"SE001","Stockholm","POP_DEN","Population density (pop. per km2)","2002","2002","PER","Persons","0","Units",,,262,,
"SE001","Stockholm","POP_DEN","Population density (pop. per km2)","2003","2003","PER","Persons","0","Units",,,263,,
"SE001","Stockholm","POP_DEN","Population density (pop. per km2)","2004","2004","PER","Persons","0","Units",,,265,,
"SE001","Stockholm","POP_DEN","Population density (pop. per km2)","2005","2005","PER","Persons","0","Units",,,267,,
"SE001","Stockholm","POP_DEN","Population density (pop. per km2)","2006","2006","PER","Persons","0","Units",,,271,,
"SE001","Stockholm","POP_DEN","Population density (pop. per km2)","2007","2007","PER","Persons","0","Units",,,276,,
"SE001","Stockholm","POP_DEN","Population density (pop. per km2)","2008","2008","PER","Persons","0","Units",,,280,,
"SE001","Stockholm","POP_DEN","Population density (pop. per km2)","2009","2009","PER","Persons","0","Units",,,286,,
"SE001","Stockholm","POP_DEN","Population density (pop. per km2)","2010","2010","PER","Persons","0","Units",,,291,,
"SE001","Stockholm","POP_DEN","Population density (pop. per km2)","2011","2011","PER","Persons","0","Units",,,296,,
"SE001","Stockholm","POP_DEN","Population density (pop. per km2)","2012","2012","PER","Persons","0","Units",,,301,,
"SE001","Stockholm","POP_DEN","Population density (pop. per km2)","2013","2013","PER","Persons","0","Units",,,306,,
"SE001","Stockholm","POP_DEN","Population density (pop. per km2)","2014","2014","PER","Persons","0","Units",,,311,,
"SE001","Stockholm","POP_DEN","Population density (pop. per km2)","2015","2015","PER","Persons","0","Units",,,316,,
"SE001","Stockholm","POP_DEN","Population density (pop. per km2)","2016","2016","PER","Persons","0","Units",,,321,,
"MEX01","Mexico City","T_T","Population, All ages. Administrative data","2000","2000","PER","Persons","0","Units",,,19083421,,
"MEX01","Mexico City","T_T","Population, All ages. Administrative data","2005","2005","PER","Persons","0","Units",,,17579719,,
"MEX01","Mexico City","T_T","Population, All ages. Administrative data","2010","2010","PER","Persons","0","Units",,,18724227,,
"MEX01","Mexico City","T_T","Population, All ages. Administrative data","2015","2015","PER","Persons","0","Units",,,20553996,,
"JPN42","Kurume","POP_DEN","Population density (pop. per km2)","2000","2000","PER","Persons","0","Units",,,939,,
"JPN42","Kurume","POP_DEN","Population density (pop. per km2)","2001","2001","PER","Persons","0","Units",,,939,,
"JPN42","Kurume","POP_DEN","Population density (pop. per km2)","2002","2002","PER","Persons","0","Units",,,939,,
"JPN42","Kurume","POP_DEN","Population density (pop. per km2)","2003","2003","PER","Persons","0","Units",,,939,,
"JPN42","Kurume","POP_DEN","Population density (pop. per km2)","2004","2004","PER","Persons","0","Units",,,939,,
"JPN42","Kurume","POP_DEN","Population density (pop. per km2)","2005","2005","PER","Persons","0","Units",,,938,,
"JPN42","Kurume","POP_DEN","Population density (pop. per km2)","2006","2006","PER","Persons","0","Units",,,935,,
"JPN42","Kurume","POP_DEN","Population density (pop. per km2)","2007","2007","PER","Persons","0","Units",,,932,,
"JPN42","Kurume","POP_DEN","Population density (pop. per km2)","2008","2008","PER","Persons","0","Units",,,928,,
"JPN42","Kurume","POP_DEN","Population density (pop. per km2)","2009","2009","PER","Persons","0","Units",,,925,,
"JPN42","Kurume","POP_DEN","Population density (pop. per km2)","2010","2010","PER","Persons","0","Units",,,922,,
"JPN42","Kurume","POP_DEN","Population density (pop. per km2)","2011","2011","PER","Persons","0","Units",,,920,,
"JPN42","Kurume","POP_DEN","Population density (pop. per km2)","2012","2012","PER","Persons","0","Units",,,919,,
"JPN42","Kurume","POP_DEN","Population density (pop. per km2)","2013","2013","PER","Persons","0","Units",,,918,,
"JPN42","Kurume","POP_DEN","Population density (pop. per km2)","2014","2014","PER","Persons","0","Units",,,916,,
"JPN42","Kurume","POP_DEN","Population density (pop. per km2)","2015","2015","PER","Persons","0","Units",,,915,,
"FR030","Fort-de-France","POP_DEN","Population density (pop. per km2)","2015","2015","PER","Persons","0","Units",,,401,,
"USA117","Scott","T_T","Population, All ages. Administrative data","2000","2000","PER","Persons","0","Units",,,375763,,
"USA117","Scott","T_T","Population, All ages. Administrative data","2001","2001","PER","Persons","0","Units",,,374561,,
"USA117","Scott","T_T","Population, All ages. Administrative data","2002","2002","PER","Persons","0","Units",,,373740,,
"USA117","Scott","T_T","Population, All ages. Administrative data","2003","2003","PER","Persons","0","Units",,,372975,,
"USA117","Scott","T_T","Population, All ages. Administrative data","2004","2004","PER","Persons","0","Units",,,372740,,
"USA117","Scott","T_T","Population, All ages. Administrative data","2005","2005","PER","Persons","0","Units",,,372876,,
"USA117","Scott","T_T","Population, All ages. Administrative data","2006","2006","PER","Persons","0","Units",,,373762,,
"USA117","Scott","T_T","Population, All ages. Administrative data","2007","2007","PER","Persons","0","Units",,,375121,,
"USA117","Scott","T_T","Population, All ages. Administrative data","2008","2008","PER","Persons","0","Units",,,376467,,
"USA117","Scott","T_T","Population, All ages. Administrative data","2009","2009","PER","Persons","0","Units",,,378108,,
"USA117","Scott","T_T","Population, All ages. Administrative data","2010","2010","PER","Persons","0","Units",,,379741,,
"USA117","Scott","T_T","Population, All ages. Administrative data","2011","2011","PER","Persons","0","Units",,,380509,,
"USA117","Scott","T_T","Population, All ages. Administrative data","2012","2012","PER","Persons","0","Units",,,382269,,
"USA117","Scott","T_T","Population, All ages. Administrative data","2013","2013","PER","Persons","0","Units",,,383597,,
"USA117","Scott","T_T","Population, All ages. Administrative data","2014","2014","PER","Persons","0","Units",,,383814,,
"USA117","Scott","T_T","Population, All ages. Administrative data","2015","2015","PER","Persons","0","Units",,,383365,,
"USA117","Scott","T_T","Population, All ages. Administrative data","2016","2016","PER","Persons","0","Units",,,382671,,
"FR004","Toulouse","POP_DEN","Population density (pop. per km2)","2000","2000","PER","Persons","0","Units",,,196,,
"FR004","Toulouse","POP_DEN","Population density (pop. per km2)","2001","2001","PER","Persons","0","Units",,,200,,
"FR004","Toulouse","POP_DEN","Population density (pop. per km2)","2002","2002","PER","Persons","0","Units",,,204,,
"FR004","Toulouse","POP_DEN","Population density (pop. per km2)","2003","2003","PER","Persons","0","Units",,,207,,
"FR004","Toulouse","POP_DEN","Population density (pop. per km2)","2004","2004","PER","Persons","0","Units",,,211,,
"FR004","Toulouse","POP_DEN","Population density (pop. per km2)","2005","2005","PER","Persons","0","Units",,,215,,
"FR004","Toulouse","POP_DEN","Population density (pop. per km2)","2006","2006","PER","Persons","0","Units",,,218,,
"FR004","Toulouse","POP_DEN","Population density (pop. per km2)","2007","2007","PER","Persons","0","Units",,,222,,
"FR004","Toulouse","POP_DEN","Population density (pop. per km2)","2008","2008","PER","Persons","0","Units",,,226,,
"FR004","Toulouse","POP_DEN","Population density (pop. per km2)","2009","2009","PER","Persons","0","Units",,,229,,
"FR004","Toulouse","POP_DEN","Population density (pop. per km2)","2010","2010","PER","Persons","0","Units",,,233,,
"FR004","Toulouse","POP_DEN","Population density (pop. per km2)","2011","2011","PER","Persons","0","Units",,,236,,
"FR004","Toulouse","POP_DEN","Population density (pop. per km2)","2012","2012","PER","Persons","0","Units",,,240,,
"FR004","Toulouse","POP_DEN","Population density (pop. per km2)","2013","2013","PER","Persons","0","Units",,,243,,
"FR004","Toulouse","POP_DEN","Population density (pop. per km2)","2014","2014","PER","Persons","0","Units",,,247,,
"FR004","Toulouse","POP_DEN","Population density (pop. per km2)","2015","2015","PER","Persons","0","Units",,,253,,
"FR048","Annecy","T_T","Population, All ages. Administrative data","2000","2000","PER","Persons","0","Units",,,229839,,
"FR048","Annecy","T_T","Population, All ages. Administrative data","2001","2001","PER","Persons","0","Units",,,232704,,
"FR048","Annecy","T_T","Population, All ages. Administrative data","2002","2002","PER","Persons","0","Units",,,235568,,
"FR048","Annecy","T_T","Population, All ages. Administrative data","2003","2003","PER","Persons","0","Units",,,238433,,
"FR048","Annecy","T_T","Population, All ages. Administrative data","2004","2004","PER","Persons","0","Units",,,241296,,
"FR048","Annecy","T_T","Population, All ages. Administrative data","2005","2005","PER","Persons","0","Units",,,244159,,
"FR048","Annecy","T_T","Population, All ages. Administrative data","2006","2006","PER","Persons","0","Units",,,247024,,
"FR048","Annecy","T_T","Population, All ages. Administrative data","2007","2007","PER","Persons","0","Units",,,249888,,
"FR048","Annecy","T_T","Population, All ages. Administrative data","2008","2008","PER","Persons","0","Units",,,252753,,
"FR048","Annecy","T_T","Population, All ages. Administrative data","2009","2009","PER","Persons","0","Units",,,255616,,
"FR048","Annecy","T_T","Population, All ages. Administrative data","2010","2010","PER","Persons","0","Units",,,259859,,
"FR048","Annecy","T_T","Population, All ages. Administrative data","2011","2011","PER","Persons","0","Units",,,264102,,
"FR048","Annecy","T_T","Population, All ages. Administrative data","2012","2012","PER","Persons","0","Units",,,268345,,
"FR048","Annecy","T_T","Population, All ages. Administrative data","2013","2013","PER","Persons","0","Units",,,272588,,
"FR048","Annecy","T_T","Population, All ages. Administrative data","2014","2014","PER","Persons","0","Units",,,276831,,
"FR048","Annecy","T_T","Population, All ages. Administrative data","2015","2015","PER","Persons","0","Units",,,272602,,
"USA161","Brazos","T_T_SH_NAT","Share of population  in metropolitan area over the national value","2001","2001","RATIO","Ratio","0","Units",,,0.1,,
"USA161","Brazos","T_T_SH_NAT","Share of population  in metropolitan area over the national value","2002","2002","RATIO","Ratio","0","Units",,,0.1,,
"USA161","Brazos","T_T_SH_NAT","Share of population  in metropolitan area over the national value","2003","2003","RATIO","Ratio","0","Units",,,0.1,,
"USA161","Brazos","T_T_SH_NAT","Share of population  in metropolitan area over the national value","2004","2004","RATIO","Ratio","0","Units",,,0.1,,
"USA161","Brazos","T_T_SH_NAT","Share of population  in metropolitan area over the national value","2005","2005","RATIO","Ratio","0","Units",,,0.1,,
"USA161","Brazos","T_T_SH_NAT","Share of population  in metropolitan area over the national value","2006","2006","RATIO","Ratio","0","Units",,,0.1,,
"USA161","Brazos","T_T_SH_NAT","Share of population  in metropolitan area over the national value","2007","2007","RATIO","Ratio","0","Units",,,0.1,,
"USA161","Brazos","T_T_SH_NAT","Share of population  in metropolitan area over the national value","2008","2008","RATIO","Ratio","0","Units",,,0.1,,
"USA161","Brazos","T_T_SH_NAT","Share of population  in metropolitan area over the national value","2009","2009","RATIO","Ratio","0","Units",,,0.1,,
"USA161","Brazos","T_T_SH_NAT","Share of population  in metropolitan area over the national value","2010","2010","RATIO","Ratio","0","Units",,,0.1,,
"USA161","Brazos","T_T_SH_NAT","Share of population  in metropolitan area over the national value","2011","2011","RATIO","Ratio","0","Units",,,0.1,,
"USA161","Brazos","T_T_SH_NAT","Share of population  in metropolitan area over the national value","2012","2012","RATIO","Ratio","0","Units",,,0.1,,
"USA161","Brazos","T_T_SH_NAT","Share of population  in metropolitan area over the national value","2013","2013","RATIO","Ratio","0","Units",,,0.1,,
"USA161","Brazos","T_T_SH_NAT","Share of population  in metropolitan area over the national value","2014","2014","RATIO","Ratio","0","Units",,,0.1,,
"USA161","Brazos","T_T_SH_NAT","Share of population  in metropolitan area over the national value","2015","2015","RATIO","Ratio","0","Units",,,0.1,,
"USA161","Brazos","T_T_SH_NAT","Share of population  in metropolitan area over the national value","2016","2016","RATIO","Ratio","0","Units",,,0.1,,
"MEX20","Hermosillo","POP_DEN","Population density (pop. per km2)","2000","2000","PER","Persons","0","Units",,,40,,
"MEX20","Hermosillo","POP_DEN","Population density (pop. per km2)","2005","2005","PER","Persons","0","Units",,,40,,
"MEX20","Hermosillo","POP_DEN","Population density (pop. per km2)","2010","2010","PER","Persons","0","Units",,,46,,
"MEX20","Hermosillo","POP_DEN","Population density (pop. per km2)","2015","2015","PER","Persons","0","Units",,,53,,
"USA81","Brevard","POP_DEN","Population density (pop. per km2)","2000","2000","PER","Persons","0","Units",,,142,,
"USA81","Brevard","POP_DEN","Population density (pop. per km2)","2001","2001","PER","Persons","0","Units",,,144,,
"USA81","Brevard","POP_DEN","Population density (pop. per km2)","2002","2002","PER","Persons","0","Units",,,147,,
"USA81","Brevard","POP_DEN","Population density (pop. per km2)","2003","2003","PER","Persons","0","Units",,,150,,
"USA81","Brevard","POP_DEN","Population density (pop. per km2)","2004","2004","PER","Persons","0","Units",,,154,,
"USA81","Brevard","POP_DEN","Population density (pop. per km2)","2005","2005","PER","Persons","0","Units",,,157,,
"USA81","Brevard","POP_DEN","Population density (pop. per km2)","2006","2006","PER","Persons","0","Units",,,159,,
"USA81","Brevard","POP_DEN","Population density (pop. per km2)","2007","2007","PER","Persons","0","Units",,,160,,
"USA81","Brevard","POP_DEN","Population density (pop. per km2)","2008","2008","PER","Persons","0","Units",,,161,,
"USA81","Brevard","POP_DEN","Population density (pop. per km2)","2009","2009","PER","Persons","0","Units",,,161,,
"USA81","Brevard","POP_DEN","Population density (pop. per km2)","2010","2010","PER","Persons","0","Units",,,162,,
"USA81","Brevard","POP_DEN","Population density (pop. per km2)","2011","2011","PER","Persons","0","Units",,,162,,
"USA81","Brevard","POP_DEN","Population density (pop. per km2)","2012","2012","PER","Persons","0","Units",,,163,,
"USA81","Brevard","POP_DEN","Population density (pop. per km2)","2013","2013","PER","Persons","0","Units",,,164,,
"USA81","Brevard","POP_DEN","Population density (pop. per km2)","2014","2014","PER","Persons","0","Units",,,165,,
"USA81","Brevard","POP_DEN","Population density (pop. per km2)","2015","2015","PER","Persons","0","Units",,,168,,
"USA81","Brevard","POP_DEN","Population density (pop. per km2)","2016","2016","PER","Persons","0","Units",,,172,,
"IT009","Bologna","POP_DEN","Population density (pop. per km2)","2000","2000","PER","Persons","0","Units",,,361,,
"IT009","Bologna","POP_DEN","Population density (pop. per km2)","2001","2001","PER","Persons","0","Units",,,363,,
"IT009","Bologna","POP_DEN","Population density (pop. per km2)","2002","2002","PER","Persons","0","Units",,,366,,
"IT009","Bologna","POP_DEN","Population density (pop. per km2)","2003","2003","PER","Persons","0","Units",,,368,,
"IT009","Bologna","POP_DEN","Population density (pop. per km2)","2004","2004","PER","Persons","0","Units",,,370,,
"IT009","Bologna","POP_DEN","Population density (pop. per km2)","2005","2005","PER","Persons","0","Units",,,373,,
"IT009","Bologna","POP_DEN","Population density (pop. per km2)","2006","2006","PER","Persons","0","Units",,,375,,
"IT009","Bologna","POP_DEN","Population density (pop. per km2)","2007","2007","PER","Persons","0","Units",,,377,,
"IT009","Bologna","POP_DEN","Population density (pop. per km2)","2008","2008","PER","Persons","0","Units",,,379,,
"IT009","Bologna","POP_DEN","Population density (pop. per km2)","2009","2009","PER","Persons","0","Units",,,382,,
"IT009","Bologna","POP_DEN","Population density (pop. per km2)","2010","2010","PER","Persons","0","Units",,,384,,
"IT009","Bologna","POP_DEN","Population density (pop. per km2)","2011","2011","PER","Persons","0","Units",,,386,,
"IT009","Bologna","POP_DEN","Population density (pop. per km2)","2012","2012","PER","Persons","0","Units",,,388,,
"IT009","Bologna","POP_DEN","Population density (pop. per km2)","2013","2013","PER","Persons","0","Units",,,395,,
"IT009","Bologna","POP_DEN","Population density (pop. per km2)","2014","2014","PER","Persons","0","Units",,,399,,
"IT009","Bologna","POP_DEN","Population density (pop. per km2)","2015","2015","PER","Persons","0","Units",,,401,,
"IT009","Bologna","POP_DEN","Population density (pop. per km2)","2016","2016","PER","Persons","0","Units",,,402,,
"USA73","Hampden","T_T","Population, All ages. Administrative data","2000","2000","PER","Persons","0","Units",,,608897,,
"USA73","Hampden","T_T","Population, All ages. Administrative data","2001","2001","PER","Persons","0","Units",,,609075,,
"USA73","Hampden","T_T","Population, All ages. Administrative data","2002","2002","PER","Persons","0","Units",,,612241,,
"USA73","Hampden","T_T","Population, All ages. Administrative data","2003","2003","PER","Persons","0","Units",,,615294,,
"USA73","Hampden","T_T","Population, All ages. Administrative data","2004","2004","PER","Persons","0","Units",,,615860,,
"USA73","Hampden","T_T","Population, All ages. Administrative data","2005","2005","PER","Persons","0","Units",,,616530,,
"USA73","Hampden","T_T","Population, All ages. Administrative data","2006","2006","PER","Persons","0","Units",,,617576,,
"USA73","Hampden","T_T","Population, All ages. Administrative data","2007","2007","PER","Persons","0","Units",,,618276,,
"USA73","Hampden","T_T","Population, All ages. Administrative data","2008","2008","PER","Persons","0","Units",,,619668,,
"USA73","Hampden","T_T","Population, All ages. Administrative data","2009","2009","PER","Persons","0","Units",,,620687,,
"USA73","Hampden","T_T","Population, All ages. Administrative data","2010","2010","PER","Persons","0","Units",,,623455,,
"USA73","Hampden","T_T","Population, All ages. Administrative data","2011","2011","PER","Persons","0","Units",,,626157,,
"USA73","Hampden","T_T","Population, All ages. Administrative data","2012","2012","PER","Persons","0","Units",,,627115,,
"USA73","Hampden","T_T","Population, All ages. Administrative data","2013","2013","PER","Persons","0","Units",,,628437,,
"USA73","Hampden","T_T","Population, All ages. Administrative data","2014","2014","PER","Persons","0","Units",,,630479,,
"USA73","Hampden","T_T","Population, All ages. Administrative data","2015","2015","PER","Persons","0","Units",,,630696,,
"USA73","Hampden","T_T","Population, All ages. Administrative data","2016","2016","PER","Persons","0","Units",,,630661,,
"USA50","Pima","POP_DEN","Population density (pop. per km2)","2000","2000","PER","Persons","0","Units",,,36,,
"USA50","Pima","POP_DEN","Population density (pop. per km2)","2001","2001","PER","Persons","0","Units",,,36,,
"USA50","Pima","POP_DEN","Population density (pop. per km2)","2002","2002","PER","Persons","0","Units",,,37,,
"USA50","Pima","POP_DEN","Population density (pop. per km2)","2003","2003","PER","Persons","0","Units",,,37,,
"USA50","Pima","POP_DEN","Population density (pop. per km2)","2004","2004","PER","Persons","0","Units",,,38,,
"USA50","Pima","POP_DEN","Population density (pop. per km2)","2005","2005","PER","Persons","0","Units",,,39,,
"USA50","Pima","POP_DEN","Population density (pop. per km2)","2006","2006","PER","Persons","0","Units",,,39,,
"USA50","Pima","POP_DEN","Population density (pop. per km2)","2007","2007","PER","Persons","0","Units",,,40,,
"USA50","Pima","POP_DEN","Population density (pop. per km2)","2008","2008","PER","Persons","0","Units",,,41,,
"USA50","Pima","POP_DEN","Population density (pop. per km2)","2009","2009","PER","Persons","0","Units",,,41,,
"USA50","Pima","POP_DEN","Population density (pop. per km2)","2010","2010","PER","Persons","0","Units",,,41,,
"USA50","Pima","POP_DEN","Population density (pop. per km2)","2011","2011","PER","Persons","0","Units",,,41,,
"USA50","Pima","POP_DEN","Population density (pop. per km2)","2012","2012","PER","Persons","0","Units",,,42,,
"USA50","Pima","POP_DEN","Population density (pop. per km2)","2013","2013","PER","Persons","0","Units",,,42,,
"USA50","Pima","POP_DEN","Population density (pop. per km2)","2014","2014","PER","Persons","0","Units",,,42,,
"USA50","Pima","POP_DEN","Population density (pop. per km2)","2015","2015","PER","Persons","0","Units",,,42,,
"USA50","Pima","POP_DEN","Population density (pop. per km2)","2016","2016","PER","Persons","0","Units",,,42,,
"AUS06","Gold Coast","T_T_SH_NAT","Share of population  in metropolitan area over the national value","2001","2001","RATIO","Ratio","0","Units",,,2,,
"AUS06","Gold Coast","T_T_SH_NAT","Share of population  in metropolitan area over the national value","2002","2002","RATIO","Ratio","0","Units",,,2.1,,
"AUS06","Gold Coast","T_T_SH_NAT","Share of population  in metropolitan area over the national value","2003","2003","RATIO","Ratio","0","Units",,,2.1,,
"AUS06","Gold Coast","T_T_SH_NAT","Share of population  in metropolitan area over the national value","2004","2004","RATIO","Ratio","0","Units",,,2.2,,
"AUS06","Gold Coast","T_T_SH_NAT","Share of population  in metropolitan area over the national value","2005","2005","RATIO","Ratio","0","Units",,,2.2,,
"AUS06","Gold Coast","T_T_SH_NAT","Share of population  in metropolitan area over the national value","2006","2006","RATIO","Ratio","0","Units",,,2.3,,
"AUS06","Gold Coast","T_T_SH_NAT","Share of population  in metropolitan area over the national value","2007","2007","RATIO","Ratio","0","Units",,,2.3,,
"AUS06","Gold Coast","T_T_SH_NAT","Share of population  in metropolitan area over the national value","2008","2008","RATIO","Ratio","0","Units",,,2.3,,
"AUS06","Gold Coast","T_T_SH_NAT","Share of population  in metropolitan area over the national value","2009","2009","RATIO","Ratio","0","Units",,,2.4,,
"AUS06","Gold Coast","T_T_SH_NAT","Share of population  in metropolitan area over the national value","2010","2010","RATIO","Ratio","0","Units",,,2.4,,
"AUS06","Gold Coast","T_T_SH_NAT","Share of population  in metropolitan area over the national value","2011","2011","RATIO","Ratio","0","Units",,,2.4,,
"AUS06","Gold Coast","T_T_SH_NAT","Share of population  in metropolitan area over the national value","2012","2012","RATIO","Ratio","0","Units",,,2.4,,
"AUS06","Gold Coast","T_T_SH_NAT","Share of population  in metropolitan area over the national value","2013","2013","RATIO","Ratio","0","Units",,,2.4,,
"AUS06","Gold Coast","T_T_SH_NAT","Share of population  in metropolitan area over the national value","2014","2014","RATIO","Ratio","0","Units",,,2.4,,
"AUS06","Gold Coast","T_T_SH_NAT","Share of population  in metropolitan area over the national value","2015","2015","RATIO","Ratio","0","Units",,,2.4,,
"AUS06","Gold Coast","T_T_SH_NAT","Share of population  in metropolitan area over the national value","2016","2016","RATIO","Ratio","0","Units",,,2.5,,
"CL010","Valparaiso","T_T_SH_NAT","Share of population  in metropolitan area over the national value","2001","2001","RATIO","Ratio","0","Units",,,5.6,,
"CL010","Valparaiso","T_T_SH_NAT","Share of population  in metropolitan area over the national value","2002","2002","RATIO","Ratio","0","Units",,,5.7,,
"CL010","Valparaiso","T_T_SH_NAT","Share of population  in metropolitan area over the national value","2003","2003","RATIO","Ratio","0","Units",,,5.7,,
"CL010","Valparaiso","T_T_SH_NAT","Share of population  in metropolitan area over the national value","2004","2004","RATIO","Ratio","0","Units",,,5.7,,
"CL010","Valparaiso","T_T_SH_NAT","Share of population  in metropolitan area over the national value","2005","2005","RATIO","Ratio","0","Units",,,5.7,,
"CL010","Valparaiso","T_T_SH_NAT","Share of population  in metropolitan area over the national value","2006","2006","RATIO","Ratio","0","Units",,,5.7,,
"CL010","Valparaiso","T_T_SH_NAT","Share of population  in metropolitan area over the national value","2007","2007","RATIO","Ratio","0","Units",,,5.7,,
"CL010","Valparaiso","T_T_SH_NAT","Share of population  in metropolitan area over the national value","2008","2008","RATIO","Ratio","0","Units",,,5.7,,
"CL010","Valparaiso","T_T_SH_NAT","Share of population  in metropolitan area over the national value","2009","2009","RATIO","Ratio","0","Units",,,5.7,,
"CL010","Valparaiso","T_T_SH_NAT","Share of population  in metropolitan area over the national value","2010","2010","RATIO","Ratio","0","Units",,,5.7,,
"CL010","Valparaiso","T_T_SH_NAT","Share of population  in metropolitan area over the national value","2011","2011","RATIO","Ratio","0","Units",,,5.7,,
"CL010","Valparaiso","T_T_SH_NAT","Share of population  in metropolitan area over the national value","2012","2012","RATIO","Ratio","0","Units",,,5.7,,
"CL010","Valparaiso","T_T_SH_NAT","Share of population  in metropolitan area over the national value","2013","2013","RATIO","Ratio","0","Units",,,5.7,,
"CL010","Valparaiso","T_T_SH_NAT","Share of population  in metropolitan area over the national value","2014","2014","RATIO","Ratio","0","Units",,,5.7,,
"CL010","Valparaiso","T_T_SH_NAT","Share of population  in metropolitan area over the national value","2015","2015","RATIO","Ratio","0","Units",,,5.7,,
"CL010","Valparaiso","T_T_SH_NAT","Share of population  in metropolitan area over the national value","2016","2016","RATIO","Ratio","0","Units",,,5.7,,
"DE002","Hamburg","T_T_SH_NAT","Share of population  in metropolitan area over the national value","2001","2001","RATIO","Ratio","0","Units",,,3.7,,
"DE002","Hamburg","T_T_SH_NAT","Share of population  in metropolitan area over the national value","2002","2002","RATIO","Ratio","0","Units",,,3.8,,
"DE002","Hamburg","T_T_SH_NAT","Share of population  in metropolitan area over the national value","2003","2003","RATIO","Ratio","0","Units",,,3.8,,
"DE002","Hamburg","T_T_SH_NAT","Share of population  in metropolitan area over the national value","2004","2004","RATIO","Ratio","0","Units",,,3.8,,
"DE002","Hamburg","T_T_SH_NAT","Share of population  in metropolitan area over the national value","2005","2005","RATIO","Ratio","0","Units",,,3.8,,
"DE002","Hamburg","T_T_SH_NAT","Share of population  in metropolitan area over the national value","2006","2006","RATIO","Ratio","0","Units",,,3.8,,
"DE002","Hamburg","T_T_SH_NAT","Share of population  in metropolitan area over the national value","2007","2007","RATIO","Ratio","0","Units",,,3.8,,
"DE002","Hamburg","T_T_SH_NAT","Share of population  in metropolitan area over the national value","2008","2008","RATIO","Ratio","0","Units",,,3.9,,
"DE002","Hamburg","T_T_SH_NAT","Share of population  in metropolitan area over the national value","2009","2009","RATIO","Ratio","0","Units",,,3.9,,
"DE002","Hamburg","T_T_SH_NAT","Share of population  in metropolitan area over the national value","2010","2010","RATIO","Ratio","0","Units",,,3.9,,
"DE002","Hamburg","T_T_SH_NAT","Share of population  in metropolitan area over the national value","2011","2011","RATIO","Ratio","0","Units",,,3.9,,
"DE002","Hamburg","T_T_SH_NAT","Share of population  in metropolitan area over the national value","2012","2012","RATIO","Ratio","0","Units",,,3.9,,
"DE002","Hamburg","T_T_SH_NAT","Share of population  in metropolitan area over the national value","2013","2013","RATIO","Ratio","0","Units",,,3.9,,
"DE002","Hamburg","T_T_SH_NAT","Share of population  in metropolitan area over the national value","2014","2014","RATIO","Ratio","0","Units",,,3.9,,
"DE002","Hamburg","T_T_SH_NAT","Share of population  in metropolitan area over the national value","2015","2015","RATIO","Ratio","0","Units",,,3.9,,
"DE002","Hamburg","T_T_SH_NAT","Share of population  in metropolitan area over the national value","2016","2016","RATIO","Ratio","0","Units",,,3.9,,
"JPN17","Kanazawa","T_T_SH_NAT","Share of population  in metropolitan area over the national value","2001","2001","RATIO","Ratio","0","Units",,,0.5,,
"JPN17","Kanazawa","T_T_SH_NAT","Share of population  in metropolitan area over the national value","2002","2002","RATIO","Ratio","0","Units",,,0.5,,
"JPN17","Kanazawa","T_T_SH_NAT","Share of population  in metropolitan area over the national value","2003","2003","RATIO","Ratio","0","Units",,,0.5,,
"JPN17","Kanazawa","T_T_SH_NAT","Share of population  in metropolitan area over the national value","2004","2004","RATIO","Ratio","0","Units",,,0.5,,
"JPN17","Kanazawa","T_T_SH_NAT","Share of population  in metropolitan area over the national value","2005","2005","RATIO","Ratio","0","Units",,,0.5,,
"JPN17","Kanazawa","T_T_SH_NAT","Share of population  in metropolitan area over the national value","2006","2006","RATIO","Ratio","0","Units",,,0.5,,
"JPN17","Kanazawa","T_T_SH_NAT","Share of population  in metropolitan area over the national value","2007","2007","RATIO","Ratio","0","Units",,,0.5,,
"JPN17","Kanazawa","T_T_SH_NAT","Share of population  in metropolitan area over the national value","2008","2008","RATIO","Ratio","0","Units",,,0.5,,
"JPN17","Kanazawa","T_T_SH_NAT","Share of population  in metropolitan area over the national value","2009","2009","RATIO","Ratio","0","Units",,,0.5,,
"JPN17","Kanazawa","T_T_SH_NAT","Share of population  in metropolitan area over the national value","2010","2010","RATIO","Ratio","0","Units",,,0.5,,
"JPN17","Kanazawa","T_T_SH_NAT","Share of population  in metropolitan area over the national value","2011","2011","RATIO","Ratio","0","Units",,,0.5,,
"JPN17","Kanazawa","T_T_SH_NAT","Share of population  in metropolitan area over the national value","2012","2012","RATIO","Ratio","0","Units",,,0.5,,
"JPN17","Kanazawa","T_T_SH_NAT","Share of population  in metropolitan area over the national value","2013","2013","RATIO","Ratio","0","Units",,,0.5,,
"JPN17","Kanazawa","T_T_SH_NAT","Share of population  in metropolitan area over the national value","2014","2014","RATIO","Ratio","0","Units",,,0.5,,
"JPN17","Kanazawa","T_T_SH_NAT","Share of population  in metropolitan area over the national value","2015","2015","RATIO","Ratio","0","Units",,,0.5,,
"USA10","Atlanta","POP_DEN","Population density (pop. per km2)","2000","2000","PER","Persons","0","Units",,,272,,
"USA10","Atlanta","POP_DEN","Population density (pop. per km2)","2001","2001","PER","Persons","0","Units",,,279,,
"USA10","Atlanta","POP_DEN","Population density (pop. per km2)","2002","2002","PER","Persons","0","Units",,,284,,
"USA10","Atlanta","POP_DEN","Population density (pop. per km2)","2003","2003","PER","Persons","0","Units",,,290,,
"USA10","Atlanta","POP_DEN","Population density (pop. per km2)","2004","2004","PER","Persons","0","Units",,,295,,
"USA10","Atlanta","POP_DEN","Population density (pop. per km2)","2005","2005","PER","Persons","0","Units",,,302,,
"USA10","Atlanta","POP_DEN","Population density (pop. per km2)","2006","2006","PER","Persons","0","Units",,,313,,
"USA10","Atlanta","POP_DEN","Population density (pop. per km2)","2007","2007","PER","Persons","0","Units",,,321,,
"USA10","Atlanta","POP_DEN","Population density (pop. per km2)","2008","2008","PER","Persons","0","Units",,,328,,
"USA10","Atlanta","POP_DEN","Population density (pop. per km2)","2009","2009","PER","Persons","0","Units",,,333,,
"USA10","Atlanta","POP_DEN","Population density (pop. per km2)","2010","2010","PER","Persons","0","Units",,,337,,
"USA10","Atlanta","POP_DEN","Population density (pop. per km2)","2011","2011","PER","Persons","0","Units",,,342,,
"USA10","Atlanta","POP_DEN","Population density (pop. per km2)","2012","2012","PER","Persons","0","Units",,,347,,
"USA10","Atlanta","POP_DEN","Population density (pop. per km2)","2013","2013","PER","Persons","0","Units",,,352,,
"USA10","Atlanta","POP_DEN","Population density (pop. per km2)","2014","2014","PER","Persons","0","Units",,,357,,
"USA10","Atlanta","POP_DEN","Population density (pop. per km2)","2015","2015","PER","Persons","0","Units",,,364,,
"USA10","Atlanta","POP_DEN","Population density (pop. per km2)","2016","2016","PER","Persons","0","Units",,,370,,
"USA120","Cumberland (NC)","T_T","Population, All ages. Administrative data","2000","2000","PER","Persons","0","Units",,,337678,,
"USA120","Cumberland (NC)","T_T","Population, All ages. Administrative data","2001","2001","PER","Persons","0","Units",,,339038,,
"USA120","Cumberland (NC)","T_T","Population, All ages. Administrative data","2002","2002","PER","Persons","0","Units",,,341482,,
"USA120","Cumberland (NC)","T_T","Population, All ages. Administrative data","2003","2003","PER","Persons","0","Units",,,339823,,
"USA120","Cumberland (NC)","T_T","Population, All ages. Administrative data","2004","2004","PER","Persons","0","Units",,,345748,,
"USA120","Cumberland (NC)","T_T","Population, All ages. Administrative data","2005","2005","PER","Persons","0","Units",,,343493,,
"USA120","Cumberland (NC)","T_T","Population, All ages. Administrative data","2006","2006","PER","Persons","0","Units",,,348725,,
"USA120","Cumberland (NC)","T_T","Population, All ages. Administrative data","2007","2007","PER","Persons","0","Units",,,350780,,
"USA120","Cumberland (NC)","T_T","Population, All ages. Administrative data","2008","2008","PER","Persons","0","Units",,,355712,,
"USA120","Cumberland (NC)","T_T","Population, All ages. Administrative data","2009","2009","PER","Persons","0","Units",,,362658,,
"USA120","Cumberland (NC)","T_T","Population, All ages. Administrative data","2010","2010","PER","Persons","0","Units",,,374710,,
"USA120","Cumberland (NC)","T_T","Population, All ages. Administrative data","2011","2011","PER","Persons","0","Units",,,380366,,
"USA120","Cumberland (NC)","T_T","Population, All ages. Administrative data","2012","2012","PER","Persons","0","Units",,,380740,,
"USA120","Cumberland (NC)","T_T","Population, All ages. Administrative data","2013","2013","PER","Persons","0","Units",,,384464,,
"USA120","Cumberland (NC)","T_T","Population, All ages. Administrative data","2014","2014","PER","Persons","0","Units",,,384360,,
"USA120","Cumberland (NC)","T_T","Population, All ages. Administrative data","2015","2015","PER","Persons","0","Units",,,384554,,
"USA120","Cumberland (NC)","T_T","Population, All ages. Administrative data","2016","2016","PER","Persons","0","Units",,,386646,,
"USA54","Albuquerque","T_T","Population, All ages. Administrative data","2000","2000","PER","Persons","0","Units",,,757853,,
"USA54","Albuquerque","T_T","Population, All ages. Administrative data","2001","2001","PER","Persons","0","Units",,,768420,,
"USA54","Albuquerque","T_T","Population, All ages. Administrative data","2002","2002","PER","Persons","0","Units",,,784308,,
"USA54","Albuquerque","T_T","Population, All ages. Administrative data","2003","2003","PER","Persons","0","Units",,,799068,,
"USA54","Albuquerque","T_T","Population, All ages. Administrative data","2004","2004","PER","Persons","0","Units",,,816404,,
"USA54","Albuquerque","T_T","Population, All ages. Administrative data","2005","2005","PER","Persons","0","Units",,,836755,,
"USA54","Albuquerque","T_T","Population, All ages. Administrative data","2006","2006","PER","Persons","0","Units",,,858284,,
"USA54","Albuquerque","T_T","Population, All ages. Administrative data","2007","2007","PER","Persons","0","Units",,,876899,,
"USA54","Albuquerque","T_T","Population, All ages. Administrative data","2008","2008","PER","Persons","0","Units",,,890642,,
"USA54","Albuquerque","T_T","Population, All ages. Administrative data","2009","2009","PER","Persons","0","Units",,,903545,,
"USA54","Albuquerque","T_T","Population, All ages. Administrative data","2010","2010","PER","Persons","0","Units",,,916888,,
"USA54","Albuquerque","T_T","Population, All ages. Administrative data","2011","2011","PER","Persons","0","Units",,,924308,,
"USA54","Albuquerque","T_T","Population, All ages. Administrative data","2012","2012","PER","Persons","0","Units",,,927747,,
"USA54","Albuquerque","T_T","Population, All ages. Administrative data","2013","2013","PER","Persons","0","Units",,,929424,,
"USA54","Albuquerque","T_T","Population, All ages. Administrative data","2014","2014","PER","Persons","0","Units",,,929149,,
"USA54","Albuquerque","T_T","Population, All ages. Administrative data","2015","2015","PER","Persons","0","Units",,,930465,,
"USA54","Albuquerque","T_T","Population, All ages. Administrative data","2016","2016","PER","Persons","0","Units",,,933873,,
"DE037","Mainz","T_T_SH_NAT","Share of population  in metropolitan area over the national value","2001","2001","RATIO","Ratio","0","Units",,,0.5,,
"DE037","Mainz","T_T_SH_NAT","Share of population  in metropolitan area over the national value","2002","2002","RATIO","Ratio","0","Units",,,0.5,,
"DE037","Mainz","T_T_SH_NAT","Share of population  in metropolitan area over the national value","2003","2003","RATIO","Ratio","0","Units",,,0.5,,
"DE037","Mainz","T_T_SH_NAT","Share of population  in metropolitan area over the national value","2004","2004","RATIO","Ratio","0","Units",,,0.5,,
"DE037","Mainz","T_T_SH_NAT","Share of population  in metropolitan area over the national value","2005","2005","RATIO","Ratio","0","Units",,,0.5,,
"DE037","Mainz","T_T_SH_NAT","Share of population  in metropolitan area over the national value","2006","2006","RATIO","Ratio","0","Units",,,0.5,,
"DE037","Mainz","T_T_SH_NAT","Share of population  in metropolitan area over the national value","2007","2007","RATIO","Ratio","0","Units",,,0.5,,
"DE037","Mainz","T_T_SH_NAT","Share of population  in metropolitan area over the national value","2008","2008","RATIO","Ratio","0","Units",,,0.5,,
"DE037","Mainz","T_T_SH_NAT","Share of population  in metropolitan area over the national value","2009","2009","RATIO","Ratio","0","Units",,,0.5,,
"DE037","Mainz","T_T_SH_NAT","Share of population  in metropolitan area over the national value","2010","2010","RATIO","Ratio","0","Units",,,0.5,,
"DE037","Mainz","T_T_SH_NAT","Share of population  in metropolitan area over the national value","2011","2011","RATIO","Ratio","0","Units",,,0.5,,
"DE037","Mainz","T_T_SH_NAT","Share of population  in metropolitan area over the national value","2012","2012","RATIO","Ratio","0","Units",,,0.5,,
"DE037","Mainz","T_T_SH_NAT","Share of population  in metropolitan area over the national value","2013","2013","RATIO","Ratio","0","Units",,,0.5,,
"DE037","Mainz","T_T_SH_NAT","Share of population  in metropolitan area over the national value","2014","2014","RATIO","Ratio","0","Units",,,0.5,,
"DE037","Mainz","T_T_SH_NAT","Share of population  in metropolitan area over the national value","2015","2015","RATIO","Ratio","0","Units",,,0.5,,
"DE037","Mainz","T_T_SH_NAT","Share of population  in metropolitan area over the national value","2016","2016","RATIO","Ratio","0","Units",,,0.5,,
"MEX30","Durango","POP_DEN","Population density (pop. per km2)","2000","2000","PER","Persons","0","Units",,,55,,
"MEX30","Durango","POP_DEN","Population density (pop. per km2)","2005","2005","PER","Persons","0","Units",,,55,,
"MEX30","Durango","POP_DEN","Population density (pop. per km2)","2010","2010","PER","Persons","0","Units",,,60,,
"MEX30","Durango","POP_DEN","Population density (pop. per km2)","2015","2015","PER","Persons","0","Units",,,71,,
"MEX29","Celaya","T_T_SH_NAT","Share of population  in metropolitan area over the national value","2005","2005","RATIO","Ratio","0","Units",,,0.5,,
"MEX29","Celaya","T_T_SH_NAT","Share of population  in metropolitan area over the national value","2010","2010","RATIO","Ratio","0","Units",,,0.5,,
"MEX29","Celaya","T_T_SH_NAT","Share of population  in metropolitan area over the national value","2015","2015","RATIO","Ratio","0","Units",,,0.6,,
"NL507","Leiden","T_T","Population, All ages. Administrative data","2000","2000","PER","Persons","0","Units",,,325706,,
"NL507","Leiden","T_T","Population, All ages. Administrative data","2001","2001","PER","Persons","0","Units",,,326690,,
"NL507","Leiden","T_T","Population, All ages. Administrative data","2002","2002","PER","Persons","0","Units",,,327674,,
"NL507","Leiden","T_T","Population, All ages. Administrative data","2003","2003","PER","Persons","0","Units",,,328658,,
"NL507","Leiden","T_T","Population, All ages. Administrative data","2004","2004","PER","Persons","0","Units",,,329642,,
"NL507","Leiden","T_T","Population, All ages. Administrative data","2005","2005","PER","Persons","0","Units",,,330626,,
"NL507","Leiden","T_T","Population, All ages. Administrative data","2006","2006","PER","Persons","0","Units",,,331610,,
"NL507","Leiden","T_T","Population, All ages. Administrative data","2007","2007","PER","Persons","0","Units",,,332594,,
"NL507","Leiden","T_T","Population, All ages. Administrative data","2008","2008","PER","Persons","0","Units",,,333578,,
"NL507","Leiden","T_T","Population, All ages. Administrative data","2009","2009","PER","Persons","0","Units",,,334570,,
"NL507","Leiden","T_T","Population, All ages. Administrative data","2010","2010","PER","Persons","0","Units",,,336275,,
"NL507","Leiden","T_T","Population, All ages. Administrative data","2011","2011","PER","Persons","0","Units",,,338181,,
"NL507","Leiden","T_T","Population, All ages. Administrative data","2012","2012","PER","Persons","0","Units",,,340050,,
"NL507","Leiden","T_T","Population, All ages. Administrative data","2013","2013","PER","Persons","0","Units",,,342375,,
"NL507","Leiden","T_T","Population, All ages. Administrative data","2014","2014","PER","Persons","0","Units",,,344076,,
"NL507","Leiden","T_T","Population, All ages. Administrative data","2015","2015","PER","Persons","0","Units",,,345622,,
"NL507","Leiden","T_T","Population, All ages. Administrative data","2016","2016","PER","Persons","0","Units",,,348220,,
"USA31","Columbus","POP_DEN","Population density (pop. per km2)","2000","2000","PER","Persons","0","Units",,,143,,
"USA31","Columbus","POP_DEN","Population density (pop. per km2)","2001","2001","PER","Persons","0","Units",,,145,,
"USA31","Columbus","POP_DEN","Population density (pop. per km2)","2002","2002","PER","Persons","0","Units",,,147,,
"USA31","Columbus","POP_DEN","Population density (pop. per km2)","2003","2003","PER","Persons","0","Units",,,149,,
"USA31","Columbus","POP_DEN","Population density (pop. per km2)","2004","2004","PER","Persons","0","Units",,,151,,
"USA31","Columbus","POP_DEN","Population density (pop. per km2)","2005","2005","PER","Persons","0","Units",,,153,,
"USA31","Columbus","POP_DEN","Population density (pop. per km2)","2006","2006","PER","Persons","0","Units",,,155,,
"USA31","Columbus","POP_DEN","Population density (pop. per km2)","2007","2007","PER","Persons","0","Units",,,157,,
"USA31","Columbus","POP_DEN","Population density (pop. per km2)","2008","2008","PER","Persons","0","Units",,,159,,
"USA31","Columbus","POP_DEN","Population density (pop. per km2)","2009","2009","PER","Persons","0","Units",,,161,,
"USA31","Columbus","POP_DEN","Population density (pop. per km2)","2010","2010","PER","Persons","0","Units",,,163,,
"USA31","Columbus","POP_DEN","Population density (pop. per km2)","2011","2011","PER","Persons","0","Units",,,164,,
"USA31","Columbus","POP_DEN","Population density (pop. per km2)","2012","2012","PER","Persons","0","Units",,,166,,
"USA31","Columbus","POP_DEN","Population density (pop. per km2)","2013","2013","PER","Persons","0","Units",,,168,,
"USA31","Columbus","POP_DEN","Population density (pop. per km2)","2014","2014","PER","Persons","0","Units",,,171,,
"USA31","Columbus","POP_DEN","Population density (pop. per km2)","2015","2015","PER","Persons","0","Units",,,173,,
"USA31","Columbus","POP_DEN","Population density (pop. per km2)","2016","2016","PER","Persons","0","Units",,,175,,
"DE524","Wurzburg","T_T_SH_NAT","Share of population  in metropolitan area over the national value","2001","2001","RATIO","Ratio","0","Units",,,0.6,,
"DE524","Wurzburg","T_T_SH_NAT","Share of population  in metropolitan area over the national value","2002","2002","RATIO","Ratio","0","Units",,,0.6,,
"DE524","Wurzburg","T_T_SH_NAT","Share of population  in metropolitan area over the national value","2003","2003","RATIO","Ratio","0","Units",,,0.6,,
"DE524","Wurzburg","T_T_SH_NAT","Share of population  in metropolitan area over the national value","2004","2004","RATIO","Ratio","0","Units",,,0.6,,
"DE524","Wurzburg","T_T_SH_NAT","Share of population  in metropolitan area over the national value","2005","2005","RATIO","Ratio","0","Units",,,0.6,,
"DE524","Wurzburg","T_T_SH_NAT","Share of population  in metropolitan area over the national value","2006","2006","RATIO","Ratio","0","Units",,,0.6,,
"DE524","Wurzburg","T_T_SH_NAT","Share of population  in metropolitan area over the national value","2007","2007","RATIO","Ratio","0","Units",,,0.6,,
"DE524","Wurzburg","T_T_SH_NAT","Share of population  in metropolitan area over the national value","2008","2008","RATIO","Ratio","0","Units",,,0.6,,
"DE524","Wurzburg","T_T_SH_NAT","Share of population  in metropolitan area over the national value","2009","2009","RATIO","Ratio","0","Units",,,0.6,,
"DE524","Wurzburg","T_T_SH_NAT","Share of population  in metropolitan area over the national value","2010","2010","RATIO","Ratio","0","Units",,,0.6,,
"DE524","Wurzburg","T_T_SH_NAT","Share of population  in metropolitan area over the national value","2011","2011","RATIO","Ratio","0","Units",,,0.6,,
"DE524","Wurzburg","T_T_SH_NAT","Share of population  in metropolitan area over the national value","2012","2012","RATIO","Ratio","0","Units",,,0.6,,
"DE524","Wurzburg","T_T_SH_NAT","Share of population  in metropolitan area over the national value","2013","2013","RATIO","Ratio","0","Units",,,0.6,,
"DE524","Wurzburg","T_T_SH_NAT","Share of population  in metropolitan area over the national value","2014","2014","RATIO","Ratio","0","Units",,,0.6,,
"DE524","Wurzburg","T_T_SH_NAT","Share of population  in metropolitan area over the national value","2015","2015","RATIO","Ratio","0","Units",,,0.6,,
"DE524","Wurzburg","T_T_SH_NAT","Share of population  in metropolitan area over the national value","2016","2016","RATIO","Ratio","0","Units",,,0.6,,
"KOR15","Jinju","POP_DEN","Population density (pop. per km2)","2000","2000","PER","Persons","0","Units",,,489,,
"KOR15","Jinju","POP_DEN","Population density (pop. per km2)","2001","2001","PER","Persons","0","Units",,,487,,
"KOR15","Jinju","POP_DEN","Population density (pop. per km2)","2002","2002","PER","Persons","0","Units",,,486,,
"KOR15","Jinju","POP_DEN","Population density (pop. per km2)","2003","2003","PER","Persons","0","Units",,,484,,
"KOR15","Jinju","POP_DEN","Population density (pop. per km2)","2004","2004","PER","Persons","0","Units",,,482,,
"KOR15","Jinju","POP_DEN","Population density (pop. per km2)","2005","2005","PER","Persons","0","Units",,,480,,
"KOR15","Jinju","POP_DEN","Population density (pop. per km2)","2006","2006","PER","Persons","0","Units",,,479,,
"KOR15","Jinju","POP_DEN","Population density (pop. per km2)","2007","2007","PER","Persons","0","Units",,,477,,
"KOR15","Jinju","POP_DEN","Population density (pop. per km2)","2008","2008","PER","Persons","0","Units",,,475,,
"KOR15","Jinju","POP_DEN","Population density (pop. per km2)","2009","2009","PER","Persons","0","Units",,,473,,
"KOR15","Jinju","POP_DEN","Population density (pop. per km2)","2010","2010","PER","Persons","0","Units",,,471,,
"KOR15","Jinju","POP_DEN","Population density (pop. per km2)","2011","2011","PER","Persons","0","Units",,,470,,
"KOR15","Jinju","POP_DEN","Population density (pop. per km2)","2012","2012","PER","Persons","0","Units",,,472,,
"KOR15","Jinju","POP_DEN","Population density (pop. per km2)","2013","2013","PER","Persons","0","Units",,,472,,
"KOR15","Jinju","POP_DEN","Population density (pop. per km2)","2014","2014","PER","Persons","0","Units",,,476,,
"KOR15","Jinju","POP_DEN","Population density (pop. per km2)","2015","2015","PER","Persons","0","Units",,,482,,
"KOR15","Jinju","POP_DEN","Population density (pop. per km2)","2016","2016","PER","Persons","0","Units",,,485,,
"DE057","Giessen","T_T","Population, All ages. Administrative data","2001","2001","PER","Persons","0","Units",,,255885,,
"DE057","Giessen","T_T","Population, All ages. Administrative data","2002","2002","PER","Persons","0","Units",,,256640,,
"DE057","Giessen","T_T","Population, All ages. Administrative data","2003","2003","PER","Persons","0","Units",,,257688,,
"DE057","Giessen","T_T","Population, All ages. Administrative data","2004","2004","PER","Persons","0","Units",,,258406,,
"DE057","Giessen","T_T","Population, All ages. Administrative data","2005","2005","PER","Persons","0","Units",,,258566,,
"DE057","Giessen","T_T","Population, All ages. Administrative data","2006","2006","PER","Persons","0","Units",,,258216,,
"DE057","Giessen","T_T","Population, All ages. Administrative data","2007","2007","PER","Persons","0","Units",,,258242,,
"DE057","Giessen","T_T","Population, All ages. Administrative data","2008","2008","PER","Persons","0","Units",,,258091,,
"DE057","Giessen","T_T","Population, All ages. Administrative data","2009","2009","PER","Persons","0","Units",,,257607,,
"DE057","Giessen","T_T","Population, All ages. Administrative data","2010","2010","PER","Persons","0","Units",,,258067,,
"DE057","Giessen","T_T","Population, All ages. Administrative data","2011","2011","PER","Persons","0","Units",,,253891,,
"DE057","Giessen","T_T","Population, All ages. Administrative data","2012","2012","PER","Persons","0","Units",,,254855,,
"DE057","Giessen","T_T","Population, All ages. Administrative data","2013","2013","PER","Persons","0","Units",,,255312,,
"DE057","Giessen","T_T","Population, All ages. Administrative data","2014","2014","PER","Persons","0","Units",,,256098,,
"DE057","Giessen","T_T","Population, All ages. Administrative data","2015","2015","PER","Persons","0","Units",,,262124,,
"DE057","Giessen","T_T","Population, All ages. Administrative data","2016","2016","PER","Persons","0","Units",,,264824,,
"MEX43","Guadalupe","T_T","Population, All ages. Administrative data","2000","2000","PER","Persons","0","Units",,,314524,,
"MEX43","Guadalupe","T_T","Population, All ages. Administrative data","2005","2005","PER","Persons","0","Units",,,323665,,
"MEX43","Guadalupe","T_T","Population, All ages. Administrative data","2010","2010","PER","Persons","0","Units",,,367510,,
"MEX43","Guadalupe","T_T","Population, All ages. Administrative data","2015","2015","PER","Persons","0","Units",,,437236,,
"UK546","Colchester","T_T_SH_NAT","Share of population  in metropolitan area over the national value","2001","2001","RATIO","Ratio","0","Units",,,0.5,,
"UK546","Colchester","T_T_SH_NAT","Share of population  in metropolitan area over the national value","2002","2002","RATIO","Ratio","0","Units",,,0.5,,
"UK546","Colchester","T_T_SH_NAT","Share of population  in metropolitan area over the national value","2003","2003","RATIO","Ratio","0","Units",,,0.5,,
"UK546","Colchester","T_T_SH_NAT","Share of population  in metropolitan area over the national value","2004","2004","RATIO","Ratio","0","Units",,,0.5,,
"UK546","Colchester","T_T_SH_NAT","Share of population  in metropolitan area over the national value","2005","2005","RATIO","Ratio","0","Units",,,0.5,,
"UK546","Colchester","T_T_SH_NAT","Share of population  in metropolitan area over the national value","2006","2006","RATIO","Ratio","0","Units",,,0.5,,
"UK546","Colchester","T_T_SH_NAT","Share of population  in metropolitan area over the national value","2007","2007","RATIO","Ratio","0","Units",,,0.5,,
"UK546","Colchester","T_T_SH_NAT","Share of population  in metropolitan area over the national value","2008","2008","RATIO","Ratio","0","Units",,,0.5,,
"UK546","Colchester","T_T_SH_NAT","Share of population  in metropolitan area over the national value","2009","2009","RATIO","Ratio","0","Units",,,0.5,,
"UK546","Colchester","T_T_SH_NAT","Share of population  in metropolitan area over the national value","2010","2010","RATIO","Ratio","0","Units",,,0.5,,
"UK546","Colchester","T_T_SH_NAT","Share of population  in metropolitan area over the national value","2011","2011","RATIO","Ratio","0","Units",,,0.5,,
"UK546","Colchester","T_T_SH_NAT","Share of population  in metropolitan area over the national value","2012","2012","RATIO","Ratio","0","Units",,,0.5,,
"UK546","Colchester","T_T_SH_NAT","Share of population  in metropolitan area over the national value","2013","2013","RATIO","Ratio","0","Units",,,0.5,,
"UK546","Colchester","T_T_SH_NAT","Share of population  in metropolitan area over the national value","2014","2014","RATIO","Ratio","0","Units",,,0.5,,
"UK546","Colchester","T_T_SH_NAT","Share of population  in metropolitan area over the national value","2015","2015","RATIO","Ratio","0","Units",,,0.5,,
"UK546","Colchester","T_T_SH_NAT","Share of population  in metropolitan area over the national value","2016","2016","RATIO","Ratio","0","Units",,,0.5,,
"USA157","Kalamazoo","T_T_SH_NAT","Share of population  in metropolitan area over the national value","2001","2001","RATIO","Ratio","0","Units",,,0.1,,
"USA157","Kalamazoo","T_T_SH_NAT","Share of population  in metropolitan area over the national value","2002","2002","RATIO","Ratio","0","Units",,,0.1,,
"USA157","Kalamazoo","T_T_SH_NAT","Share of population  in metropolitan area over the national value","2003","2003","RATIO","Ratio","0","Units",,,0.1,,
"USA157","Kalamazoo","T_T_SH_NAT","Share of population  in metropolitan area over the national value","2004","2004","RATIO","Ratio","0","Units",,,0.1,,
"USA157","Kalamazoo","T_T_SH_NAT","Share of population  in metropolitan area over the national value","2005","2005","RATIO","Ratio","0","Units",,,0.1,,
"USA157","Kalamazoo","T_T_SH_NAT","Share of population  in metropolitan area over the national value","2006","2006","RATIO","Ratio","0","Units",,,0.1,,
"USA157","Kalamazoo","T_T_SH_NAT","Share of population  in metropolitan area over the national value","2007","2007","RATIO","Ratio","0","Units",,,0.1,,
"USA157","Kalamazoo","T_T_SH_NAT","Share of population  in metropolitan area over the national value","2008","2008","RATIO","Ratio","0","Units",,,0.1,,
"USA157","Kalamazoo","T_T_SH_NAT","Share of population  in metropolitan area over the national value","2009","2009","RATIO","Ratio","0","Units",,,0.1,,
"USA157","Kalamazoo","T_T_SH_NAT","Share of population  in metropolitan area over the national value","2010","2010","RATIO","Ratio","0","Units",,,0.1,,
"USA157","Kalamazoo","T_T_SH_NAT","Share of population  in metropolitan area over the national value","2011","2011","RATIO","Ratio","0","Units",,,0.1,,
"USA157","Kalamazoo","T_T_SH_NAT","Share of population  in metropolitan area over the national value","2012","2012","RATIO","Ratio","0","Units",,,0.1,,
"USA157","Kalamazoo","T_T_SH_NAT","Share of population  in metropolitan area over the national value","2013","2013","RATIO","Ratio","0","Units",,,0.1,,
"USA157","Kalamazoo","T_T_SH_NAT","Share of population  in metropolitan area over the national value","2014","2014","RATIO","Ratio","0","Units",,,0.1,,
"USA157","Kalamazoo","T_T_SH_NAT","Share of population  in metropolitan area over the national value","2015","2015","RATIO","Ratio","0","Units",,,0.1,,
"USA157","Kalamazoo","T_T_SH_NAT","Share of population  in metropolitan area over the national value","2016","2016","RATIO","Ratio","0","Units",,,0.1,,
"FR044","Nimes","T_T","Population, All ages. Administrative data","2000","2000","PER","Persons","0","Units",,,287377,,
"FR044","Nimes","T_T","Population, All ages. Administrative data","2001","2001","PER","Persons","0","Units",,,291079,,
"FR044","Nimes","T_T","Population, All ages. Administrative data","2002","2002","PER","Persons","0","Units",,,294782,,
"FR044","Nimes","T_T","Population, All ages. Administrative data","2003","2003","PER","Persons","0","Units",,,298485,,
"FR044","Nimes","T_T","Population, All ages. Administrative data","2004","2004","PER","Persons","0","Units",,,302188,,
"FR044","Nimes","T_T","Population, All ages. Administrative data","2005","2005","PER","Persons","0","Units",,,305890,,
"FR044","Nimes","T_T","Population, All ages. Administrative data","2006","2006","PER","Persons","0","Units",,,309593,,
"FR044","Nimes","T_T","Population, All ages. Administrative data","2007","2007","PER","Persons","0","Units",,,313296,,
"FR044","Nimes","T_T","Population, All ages. Administrative data","2008","2008","PER","Persons","0","Units",,,316998,,
"FR044","Nimes","T_T","Population, All ages. Administrative data","2009","2009","PER","Persons","0","Units",,,320701,,
"FR044","Nimes","T_T","Population, All ages. Administrative data","2010","2010","PER","Persons","0","Units",,,325070,,
"FR044","Nimes","T_T","Population, All ages. Administrative data","2011","2011","PER","Persons","0","Units",,,329440,,
"FR044","Nimes","T_T","Population, All ages. Administrative data","2012","2012","PER","Persons","0","Units",,,333807,,
"FR044","Nimes","T_T","Population, All ages. Administrative data","2013","2013","PER","Persons","0","Units",,,338177,,
"FR044","Nimes","T_T","Population, All ages. Administrative data","2014","2014","PER","Persons","0","Units",,,342546,,
"FR044","Nimes","T_T","Population, All ages. Administrative data","2015","2015","PER","Persons","0","Units",,,341332,,
"USA103","Newport News","T_T","Population, All ages. Administrative data","2000","2000","PER","Persons","0","Units",,,438926,,
"USA103","Newport News","T_T","Population, All ages. Administrative data","2001","2001","PER","Persons","0","Units",,,439476,,
"USA103","Newport News","T_T","Population, All ages. Administrative data","2002","2002","PER","Persons","0","Units",,,440949,,
"USA103","Newport News","T_T","Population, All ages. Administrative data","2003","2003","PER","Persons","0","Units",,,440779,,
"USA103","Newport News","T_T","Population, All ages. Administrative data","2004","2004","PER","Persons","0","Units",,,443837,,
"USA103","Newport News","T_T","Population, All ages. Administrative data","2005","2005","PER","Persons","0","Units",,,444893,,
"USA103","Newport News","T_T","Population, All ages. Administrative data","2006","2006","PER","Persons","0","Units",,,445547,,
"USA103","Newport News","T_T","Population, All ages. Administrative data","2007","2007","PER","Persons","0","Units",,,445041,,
"USA103","Newport News","T_T","Population, All ages. Administrative data","2008","2008","PER","Persons","0","Units",,,442970,,
"USA103","Newport News","T_T","Population, All ages. Administrative data","2009","2009","PER","Persons","0","Units",,,441958,,
"USA103","Newport News","T_T","Population, All ages. Administrative data","2010","2010","PER","Persons","0","Units",,,441616,,
"USA103","Newport News","T_T","Population, All ages. Administrative data","2011","2011","PER","Persons","0","Units",,,440430,,
"USA103","Newport News","T_T","Population, All ages. Administrative data","2012","2012","PER","Persons","0","Units",,,440946,,
"USA103","Newport News","T_T","Population, All ages. Administrative data","2013","2013","PER","Persons","0","Units",,,442499,,
"USA103","Newport News","T_T","Population, All ages. Administrative data","2014","2014","PER","Persons","0","Units",,,443767,,
"USA103","Newport News","T_T","Population, All ages. Administrative data","2015","2015","PER","Persons","0","Units",,,443061,,
"USA103","Newport News","T_T","Population, All ages. Administrative data","2016","2016","PER","Persons","0","Units",,,441316,,
"AT001","Vienna","T_T_SH_NAT","Share of population  in metropolitan area over the national value","2001","2001","RATIO","Ratio","0","Units",,,30.8,,
"AT001","Vienna","T_T_SH_NAT","Share of population  in metropolitan area over the national value","2002","2002","RATIO","Ratio","0","Units",,,30.9,,
"AT001","Vienna","T_T_SH_NAT","Share of population  in metropolitan area over the national value","2003","2003","RATIO","Ratio","0","Units",,,31,,
"AT001","Vienna","T_T_SH_NAT","Share of population  in metropolitan area over the national value","2004","2004","RATIO","Ratio","0","Units",,,31.1,,
"AT001","Vienna","T_T_SH_NAT","Share of population  in metropolitan area over the national value","2005","2005","RATIO","Ratio","0","Units",,,31.1,,
"AT001","Vienna","T_T_SH_NAT","Share of population  in metropolitan area over the national value","2006","2006","RATIO","Ratio","0","Units",,,31.2,,
"AT001","Vienna","T_T_SH_NAT","Share of population  in metropolitan area over the national value","2007","2007","RATIO","Ratio","0","Units",,,31.3,,
"AT001","Vienna","T_T_SH_NAT","Share of population  in metropolitan area over the national value","2008","2008","RATIO","Ratio","0","Units",,,31.5,,
"AT001","Vienna","T_T_SH_NAT","Share of population  in metropolitan area over the national value","2009","2009","RATIO","Ratio","0","Units",,,31.6,,
"AT001","Vienna","T_T_SH_NAT","Share of population  in metropolitan area over the national value","2010","2010","RATIO","Ratio","0","Units",,,31.8,,
"AT001","Vienna","T_T_SH_NAT","Share of population  in metropolitan area over the national value","2011","2011","RATIO","Ratio","0","Units",,,32,,
"AT001","Vienna","T_T_SH_NAT","Share of population  in metropolitan area over the national value","2012","2012","RATIO","Ratio","0","Units",,,32.2,,
"AT001","Vienna","T_T_SH_NAT","Share of population  in metropolitan area over the national value","2013","2013","RATIO","Ratio","0","Units",,,32.4,,
"AT001","Vienna","T_T_SH_NAT","Share of population  in metropolitan area over the national value","2014","2014","RATIO","Ratio","0","Units",,,32.5,,
"AT001","Vienna","T_T_SH_NAT","Share of population  in metropolitan area over the national value","2015","2015","RATIO","Ratio","0","Units",,,32.5,,
"USA11","Boston","T_T_SH_NAT","Share of population  in metropolitan area over the national value","2001","2001","RATIO","Ratio","0","Units",,,1.4,,
"USA11","Boston","T_T_SH_NAT","Share of population  in metropolitan area over the national value","2002","2002","RATIO","Ratio","0","Units",,,1.4,,
"USA11","Boston","T_T_SH_NAT","Share of population  in metropolitan area over the national value","2003","2003","RATIO","Ratio","0","Units",,,1.4,,
"USA11","Boston","T_T_SH_NAT","Share of population  in metropolitan area over the national value","2004","2004","RATIO","Ratio","0","Units",,,1.4,,
"USA11","Boston","T_T_SH_NAT","Share of population  in metropolitan area over the national value","2005","2005","RATIO","Ratio","0","Units",,,1.4,,
"USA11","Boston","T_T_SH_NAT","Share of population  in metropolitan area over the national value","2006","2006","RATIO","Ratio","0","Units",,,1.4,,
"USA11","Boston","T_T_SH_NAT","Share of population  in metropolitan area over the national value","2007","2007","RATIO","Ratio","0","Units",,,1.3,,
"USA11","Boston","T_T_SH_NAT","Share of population  in metropolitan area over the national value","2008","2008","RATIO","Ratio","0","Units",,,1.3,,
"USA11","Boston","T_T_SH_NAT","Share of population  in metropolitan area over the national value","2009","2009","RATIO","Ratio","0","Units",,,1.3,,
"USA11","Boston","T_T_SH_NAT","Share of population  in metropolitan area over the national value","2010","2010","RATIO","Ratio","0","Units",,,1.3,,
"USA11","Boston","T_T_SH_NAT","Share of population  in metropolitan area over the national value","2011","2011","RATIO","Ratio","0","Units",,,1.3,,
"USA11","Boston","T_T_SH_NAT","Share of population  in metropolitan area over the national value","2012","2012","RATIO","Ratio","0","Units",,,1.4,,
"USA11","Boston","T_T_SH_NAT","Share of population  in metropolitan area over the national value","2013","2013","RATIO","Ratio","0","Units",,,1.4,,
"USA11","Boston","T_T_SH_NAT","Share of population  in metropolitan area over the national value","2014","2014","RATIO","Ratio","0","Units",,,1.4,,
"USA11","Boston","T_T_SH_NAT","Share of population  in metropolitan area over the national value","2015","2015","RATIO","Ratio","0","Units",,,1.4,,
"USA11","Boston","T_T_SH_NAT","Share of population  in metropolitan area over the national value","2016","2016","RATIO","Ratio","0","Units",,,1.4,,
"UK550","Dundee City","POP_DEN","Population density (pop. per km2)","2001","2001","PER","Persons","0","Units",,,113,,
"UK550","Dundee City","POP_DEN","Population density (pop. per km2)","2002","2002","PER","Persons","0","Units",,,113,,
"UK550","Dundee City","POP_DEN","Population density (pop. per km2)","2003","2003","PER","Persons","0","Units",,,113,,
"UK550","Dundee City","POP_DEN","Population density (pop. per km2)","2004","2004","PER","Persons","0","Units",,,113,,
"UK550","Dundee City","POP_DEN","Population density (pop. per km2)","2005","2005","PER","Persons","0","Units",,,114,,
"UK550","Dundee City","POP_DEN","Population density (pop. per km2)","2006","2006","PER","Persons","0","Units",,,114,,
"UK550","Dundee City","POP_DEN","Population density (pop. per km2)","2007","2007","PER","Persons","0","Units",,,115,,
"UK550","Dundee City","POP_DEN","Population density (pop. per km2)","2008","2008","PER","Persons","0","Units",,,115,,
"UK550","Dundee City","POP_DEN","Population density (pop. per km2)","2009","2009","PER","Persons","0","Units",,,116,,
"UK550","Dundee City","POP_DEN","Population density (pop. per km2)","2010","2010","PER","Persons","0","Units",,,117,,
"UK550","Dundee City","POP_DEN","Population density (pop. per km2)","2011","2011","PER","Persons","0","Units",,,118,,
"UK550","Dundee City","POP_DEN","Population density (pop. per km2)","2012","2012","PER","Persons","0","Units",,,118,,
"UK550","Dundee City","POP_DEN","Population density (pop. per km2)","2013","2013","PER","Persons","0","Units",,,118,,
"UK550","Dundee City","POP_DEN","Population density (pop. per km2)","2014","2014","PER","Persons","0","Units",,,118,,
"UK550","Dundee City","POP_DEN","Population density (pop. per km2)","2015","2015","PER","Persons","0","Units",,,118,,
"UK550","Dundee City","POP_DEN","Population density (pop. per km2)","2016","2016","PER","Persons","0","Units",,,118,,
"FI003","Turku","POP_DEN","Population density (pop. per km2)","2000","2000","PER","Persons","0","Units",,,74,,
"FI003","Turku","POP_DEN","Population density (pop. per km2)","2001","2001","PER","Persons","0","Units",,,75,,
"FI003","Turku","POP_DEN","Population density (pop. per km2)","2002","2002","PER","Persons","0","Units",,,75,,
"FI003","Turku","POP_DEN","Population density (pop. per km2)","2003","2003","PER","Persons","0","Units",,,76,,
"FI003","Turku","POP_DEN","Population density (pop. per km2)","2004","2004","PER","Persons","0","Units",,,76,,
"FI003","Turku","POP_DEN","Population density (pop. per km2)","2005","2005","PER","Persons","0","Units",,,76,,
"FI003","Turku","POP_DEN","Population density (pop. per km2)","2006","2006","PER","Persons","0","Units",,,77,,
"FI003","Turku","POP_DEN","Population density (pop. per km2)","2007","2007","PER","Persons","0","Units",,,77,,
"FI003","Turku","POP_DEN","Population density (pop. per km2)","2008","2008","PER","Persons","0","Units",,,78,,
"FI003","Turku","POP_DEN","Population density (pop. per km2)","2009","2009","PER","Persons","0","Units",,,78,,
"FI003","Turku","POP_DEN","Population density (pop. per km2)","2010","2010","PER","Persons","0","Units",,,78,,
"FI003","Turku","POP_DEN","Population density (pop. per km2)","2011","2011","PER","Persons","0","Units",,,79,,
"FI003","Turku","POP_DEN","Population density (pop. per km2)","2012","2012","PER","Persons","0","Units",,,80,,
"FI003","Turku","POP_DEN","Population density (pop. per km2)","2013","2013","PER","Persons","0","Units",,,80,,
"FI003","Turku","POP_DEN","Population density (pop. per km2)","2014","2014","PER","Persons","0","Units",,,81,,
"FI003","Turku","POP_DEN","Population density (pop. per km2)","2015","2015","PER","Persons","0","Units",,,81,,
"FI003","Turku","POP_DEN","Population density (pop. per km2)","2016","2016","PER","Persons","0","Units",,,82,,
"JPN04","Fukuoka","T_T","Population, All ages. Administrative data","2000","2000","PER","Persons","0","Units",,,2458748,,
"JPN04","Fukuoka","T_T","Population, All ages. Administrative data","2001","2001","PER","Persons","0","Units",,,2475358,,
"JPN04","Fukuoka","T_T","Population, All ages. Administrative data","2002","2002","PER","Persons","0","Units",,,2491967,,
"JPN04","Fukuoka","T_T","Population, All ages. Administrative data","2003","2003","PER","Persons","0","Units",,,2508577,,
"JPN04","Fukuoka","T_T","Population, All ages. Administrative data","2004","2004","PER","Persons","0","Units",,,2525186,,
"JPN04","Fukuoka","T_T","Population, All ages. Administrative data","2005","2005","PER","Persons","0","Units",,,2541796,,
"JPN04","Fukuoka","T_T","Population, All ages. Administrative data","2006","2006","PER","Persons","0","Units",,,2558870,,
"JPN04","Fukuoka","T_T","Population, All ages. Administrative data","2007","2007","PER","Persons","0","Units",,,2575945,,
"JPN04","Fukuoka","T_T","Population, All ages. Administrative data","2008","2008","PER","Persons","0","Units",,,2593019,,
"JPN04","Fukuoka","T_T","Population, All ages. Administrative data","2009","2009","PER","Persons","0","Units",,,2610094,,
"JPN04","Fukuoka","T_T","Population, All ages. Administrative data","2010","2010","PER","Persons","0","Units",,,2627168,,
"JPN04","Fukuoka","T_T","Population, All ages. Administrative data","2011","2011","PER","Persons","0","Units",,,2645016,,
"JPN04","Fukuoka","T_T","Population, All ages. Administrative data","2012","2012","PER","Persons","0","Units",,,2662866,,
"JPN04","Fukuoka","T_T","Population, All ages. Administrative data","2013","2013","PER","Persons","0","Units",,,2680715,,
"JPN04","Fukuoka","T_T","Population, All ages. Administrative data","2014","2014","PER","Persons","0","Units",,,2698565,,
"JPN04","Fukuoka","T_T","Population, All ages. Administrative data","2015","2015","PER","Persons","0","Units",,,2716413,,
"KOR14","Jeju","T_T_SH_NAT","Share of population  in metropolitan area over the national value","2001","2001","RATIO","Ratio","0","Units",,,0.8,,
"KOR14","Jeju","T_T_SH_NAT","Share of population  in metropolitan area over the national value","2002","2002","RATIO","Ratio","0","Units",,,0.8,,
"KOR14","Jeju","T_T_SH_NAT","Share of population  in metropolitan area over the national value","2003","2003","RATIO","Ratio","0","Units",,,0.8,,
"KOR14","Jeju","T_T_SH_NAT","Share of population  in metropolitan area over the national value","2004","2004","RATIO","Ratio","0","Units",,,0.8,,
"KOR14","Jeju","T_T_SH_NAT","Share of population  in metropolitan area over the national value","2005","2005","RATIO","Ratio","0","Units",,,0.8,,
"KOR14","Jeju","T_T_SH_NAT","Share of population  in metropolitan area over the national value","2006","2006","RATIO","Ratio","0","Units",,,0.8,,
"KOR14","Jeju","T_T_SH_NAT","Share of population  in metropolitan area over the national value","2007","2007","RATIO","Ratio","0","Units",,,0.8,,
"KOR14","Jeju","T_T_SH_NAT","Share of population  in metropolitan area over the national value","2008","2008","RATIO","Ratio","0","Units",,,0.8,,
"KOR14","Jeju","T_T_SH_NAT","Share of population  in metropolitan area over the national value","2009","2009","RATIO","Ratio","0","Units",,,0.8,,
"KOR14","Jeju","T_T_SH_NAT","Share of population  in metropolitan area over the national value","2010","2010","RATIO","Ratio","0","Units",,,0.8,,
"KOR14","Jeju","T_T_SH_NAT","Share of population  in metropolitan area over the national value","2011","2011","RATIO","Ratio","0","Units",,,0.9,,
"KOR14","Jeju","T_T_SH_NAT","Share of population  in metropolitan area over the national value","2012","2012","RATIO","Ratio","0","Units",,,0.9,,
"KOR14","Jeju","T_T_SH_NAT","Share of population  in metropolitan area over the national value","2013","2013","RATIO","Ratio","0","Units",,,0.9,,
"KOR14","Jeju","T_T_SH_NAT","Share of population  in metropolitan area over the national value","2014","2014","RATIO","Ratio","0","Units",,,0.9,,
"KOR14","Jeju","T_T_SH_NAT","Share of population  in metropolitan area over the national value","2015","2015","RATIO","Ratio","0","Units",,,0.9,,
"KOR14","Jeju","T_T_SH_NAT","Share of population  in metropolitan area over the national value","2016","2016","RATIO","Ratio","0","Units",,,0.9,,
"JPN50","Hitachi","T_T_SH_NAT","Share of population  in metropolitan area over the national value","2001","2001","RATIO","Ratio","0","Units",,,0.3,,
"JPN50","Hitachi","T_T_SH_NAT","Share of population  in metropolitan area over the national value","2002","2002","RATIO","Ratio","0","Units",,,0.3,,
"JPN50","Hitachi","T_T_SH_NAT","Share of population  in metropolitan area over the national value","2003","2003","RATIO","Ratio","0","Units",,,0.3,,
"JPN50","Hitachi","T_T_SH_NAT","Share of population  in metropolitan area over the national value","2004","2004","RATIO","Ratio","0","Units",,,0.3,,
"JPN50","Hitachi","T_T_SH_NAT","Share of population  in metropolitan area over the national value","2005","2005","RATIO","Ratio","0","Units",,,0.3,,
"JPN50","Hitachi","T_T_SH_NAT","Share of population  in metropolitan area over the national value","2006","2006","RATIO","Ratio","0","Units",,,0.3,,
"JPN50","Hitachi","T_T_SH_NAT","Share of population  in metropolitan area over the national value","2007","2007","RATIO","Ratio","0","Units",,,0.3,,
"JPN50","Hitachi","T_T_SH_NAT","Share of population  in metropolitan area over the national value","2008","2008","RATIO","Ratio","0","Units",,,0.3,,
"JPN50","Hitachi","T_T_SH_NAT","Share of population  in metropolitan area over the national value","2009","2009","RATIO","Ratio","0","Units",,,0.3,,
"JPN50","Hitachi","T_T_SH_NAT","Share of population  in metropolitan area over the national value","2010","2010","RATIO","Ratio","0","Units",,,0.3,,
"JPN50","Hitachi","T_T_SH_NAT","Share of population  in metropolitan area over the national value","2011","2011","RATIO","Ratio","0","Units",,,0.3,,
"JPN50","Hitachi","T_T_SH_NAT","Share of population  in metropolitan area over the national value","2012","2012","RATIO","Ratio","0","Units",,,0.3,,
"JPN50","Hitachi","T_T_SH_NAT","Share of population  in metropolitan area over the national value","2013","2013","RATIO","Ratio","0","Units",,,0.3,,
"JPN50","Hitachi","T_T_SH_NAT","Share of population  in metropolitan area over the national value","2014","2014","RATIO","Ratio","0","Units",,,0.3,,
"JPN50","Hitachi","T_T_SH_NAT","Share of population  in metropolitan area over the national value","2015","2015","RATIO","Ratio","0","Units",,,0.2,,
"PL015","Rzeszow","T_T_SH_NAT","Share of population  in metropolitan area over the national value","2001","2001","RATIO","Ratio","0","Units",,,1.2,,
"PL015","Rzeszow","T_T_SH_NAT","Share of population  in metropolitan area over the national value","2002","2002","RATIO","Ratio","0","Units",,,1.2,,
"PL015","Rzeszow","T_T_SH_NAT","Share of population  in metropolitan area over the national value","2003","2003","RATIO","Ratio","0","Units",,,1.2,,
"PL015","Rzeszow","T_T_SH_NAT","Share of population  in metropolitan area over the national value","2004","2004","RATIO","Ratio","0","Units",,,1.2,,
"PL015","Rzeszow","T_T_SH_NAT","Share of population  in metropolitan area over the national value","2005","2005","RATIO","Ratio","0","Units",,,1.2,,
"PL015","Rzeszow","T_T_SH_NAT","Share of population  in metropolitan area over the national value","2006","2006","RATIO","Ratio","0","Units",,,1.2,,
"PL015","Rzeszow","T_T_SH_NAT","Share of population  in metropolitan area over the national value","2007","2007","RATIO","Ratio","0","Units",,,1.2,,
"PL015","Rzeszow","T_T_SH_NAT","Share of population  in metropolitan area over the national value","2008","2008","RATIO","Ratio","0","Units",,,1.3,,
"PL015","Rzeszow","T_T_SH_NAT","Share of population  in metropolitan area over the national value","2009","2009","RATIO","Ratio","0","Units",,,1.3,,
"PL015","Rzeszow","T_T_SH_NAT","Share of population  in metropolitan area over the national value","2010","2010","RATIO","Ratio","0","Units",,,1.3,,
"PL015","Rzeszow","T_T_SH_NAT","Share of population  in metropolitan area over the national value","2011","2011","RATIO","Ratio","0","Units",,,1.3,,
"PL015","Rzeszow","T_T_SH_NAT","Share of population  in metropolitan area over the national value","2012","2012","RATIO","Ratio","0","Units",,,1.3,,
"PL015","Rzeszow","T_T_SH_NAT","Share of population  in metropolitan area over the national value","2013","2013","RATIO","Ratio","0","Units",,,1.3,,
"PL015","Rzeszow","T_T_SH_NAT","Share of population  in metropolitan area over the national value","2014","2014","RATIO","Ratio","0","Units",,,1.3,,
"PL015","Rzeszow","T_T_SH_NAT","Share of population  in metropolitan area over the national value","2015","2015","RATIO","Ratio","0","Units",,,1.3,,
"PL015","Rzeszow","T_T_SH_NAT","Share of population  in metropolitan area over the national value","2016","2016","RATIO","Ratio","0","Units",,,1.4,,
"UK525","Milton Keynes","T_T","Population, All ages. Administrative data","2001","2001","PER","Persons","0","Units",,,212707,,
"UK525","Milton Keynes","T_T","Population, All ages. Administrative data","2002","2002","PER","Persons","0","Units",,,215061,,
"UK525","Milton Keynes","T_T","Population, All ages. Administrative data","2003","2003","PER","Persons","0","Units",,,217597,,
"UK525","Milton Keynes","T_T","Population, All ages. Administrative data","2004","2004","PER","Persons","0","Units",,,219521,,
"UK525","Milton Keynes","T_T","Population, All ages. Administrative data","2005","2005","PER","Persons","0","Units",,,223462,,
"UK525","Milton Keynes","T_T","Population, All ages. Administrative data","2006","2006","PER","Persons","0","Units",,,227225,,
"UK525","Milton Keynes","T_T","Population, All ages. Administrative data","2007","2007","PER","Persons","0","Units",,,231033,,
"UK525","Milton Keynes","T_T","Population, All ages. Administrative data","2008","2008","PER","Persons","0","Units",,,235625,,
"UK525","Milton Keynes","T_T","Population, All ages. Administrative data","2009","2009","PER","Persons","0","Units",,,240178,,
"UK525","Milton Keynes","T_T","Population, All ages. Administrative data","2010","2010","PER","Persons","0","Units",,,245450,,
"UK525","Milton Keynes","T_T","Population, All ages. Administrative data","2011","2011","PER","Persons","0","Units",,,249895,,
"UK525","Milton Keynes","T_T","Population, All ages. Administrative data","2012","2012","PER","Persons","0","Units",,,252773,,
"UK525","Milton Keynes","T_T","Population, All ages. Administrative data","2013","2013","PER","Persons","0","Units",,,256376,,
"UK525","Milton Keynes","T_T","Population, All ages. Administrative data","2014","2014","PER","Persons","0","Units",,,260225,,
"UK525","Milton Keynes","T_T","Population, All ages. Administrative data","2015","2015","PER","Persons","0","Units",,,263181,,
"UK525","Milton Keynes","T_T","Population, All ages. Administrative data","2016","2016","PER","Persons","0","Units",,,266240,,
"PL003","Cracow","T_T","Population, All ages. Administrative data","2000","2000","PER","Persons","0","Units",,,1323450,,
"PL003","Cracow","T_T","Population, All ages. Administrative data","2001","2001","PER","Persons","0","Units",,,1324941,,
"PL003","Cracow","T_T","Population, All ages. Administrative data","2002","2002","PER","Persons","0","Units",,,1327292,,
"PL003","Cracow","T_T","Population, All ages. Administrative data","2003","2003","PER","Persons","0","Units",,,1331164,,
"PL003","Cracow","T_T","Population, All ages. Administrative data","2004","2004","PER","Persons","0","Units",,,1334105,,
"PL003","Cracow","T_T","Population, All ages. Administrative data","2005","2005","PER","Persons","0","Units",,,1336432,,
"PL003","Cracow","T_T","Population, All ages. Administrative data","2006","2006","PER","Persons","0","Units",,,1339583,,
"PL003","Cracow","T_T","Population, All ages. Administrative data","2007","2007","PER","Persons","0","Units",,,1343471,,
"PL003","Cracow","T_T","Population, All ages. Administrative data","2008","2008","PER","Persons","0","Units",,,1346087,,
"PL003","Cracow","T_T","Population, All ages. Administrative data","2009","2009","PER","Persons","0","Units",,,1351905,,
"PL003","Cracow","T_T","Population, All ages. Administrative data","2010","2010","PER","Persons","0","Units",,,1367159,,
"PL003","Cracow","T_T","Population, All ages. Administrative data","2011","2011","PER","Persons","0","Units",,,1379797,,
"PL003","Cracow","T_T","Population, All ages. Administrative data","2012","2012","PER","Persons","0","Units",,,1384015,,
"PL003","Cracow","T_T","Population, All ages. Administrative data","2013","2013","PER","Persons","0","Units",,,1389091,,
"PL003","Cracow","T_T","Population, All ages. Administrative data","2014","2014","PER","Persons","0","Units",,,1395838,,
"PL003","Cracow","T_T","Population, All ages. Administrative data","2015","2015","PER","Persons","0","Units",,,1398815,,
"PL003","Cracow","T_T","Population, All ages. Administrative data","2016","2016","PER","Persons","0","Units",,,1407564,,
"ES012","Vitoria","POP_DEN","Population density (pop. per km2)","2000","2000","PER","Persons","0","Units",,,147,,
"ES012","Vitoria","POP_DEN","Population density (pop. per km2)","2001","2001","PER","Persons","0","Units",,,149,,
"ES012","Vitoria","POP_DEN","Population density (pop. per km2)","2002","2002","PER","Persons","0","Units",,,150,,
"ES012","Vitoria","POP_DEN","Population density (pop. per km2)","2003","2003","PER","Persons","0","Units",,,152,,
"ES012","Vitoria","POP_DEN","Population density (pop. per km2)","2004","2004","PER","Persons","0","Units",,,153,,
"ES012","Vitoria","POP_DEN","Population density (pop. per km2)","2005","2005","PER","Persons","0","Units",,,154,,
"ES012","Vitoria","POP_DEN","Population density (pop. per km2)","2006","2006","PER","Persons","0","Units",,,156,,
"ES012","Vitoria","POP_DEN","Population density (pop. per km2)","2007","2007","PER","Persons","0","Units",,,157,,
"ES012","Vitoria","POP_DEN","Population density (pop. per km2)","2008","2008","PER","Persons","0","Units",,,159,,
"ES012","Vitoria","POP_DEN","Population density (pop. per km2)","2009","2009","PER","Persons","0","Units",,,160,,
"ES012","Vitoria","POP_DEN","Population density (pop. per km2)","2010","2010","PER","Persons","0","Units",,,161,,
"ES012","Vitoria","POP_DEN","Population density (pop. per km2)","2011","2011","PER","Persons","0","Units",,,163,,
"ES012","Vitoria","POP_DEN","Population density (pop. per km2)","2012","2012","PER","Persons","0","Units",,,164,,
"ES012","Vitoria","POP_DEN","Population density (pop. per km2)","2013","2013","PER","Persons","0","Units",,,166,,
"ES012","Vitoria","POP_DEN","Population density (pop. per km2)","2014","2014","PER","Persons","0","Units",,,167,,
"ES012","Vitoria","POP_DEN","Population density (pop. per km2)","2015","2015","PER","Persons","0","Units",,,168,,
"ES012","Vitoria","POP_DEN","Population density (pop. per km2)","2016","2016","PER","Persons","0","Units",,,170,,
"FR021","Poitiers","T_T_SH_NAT","Share of population  in metropolitan area over the national value","2001","2001","RATIO","Ratio","0","Units",,,0.4,,
"FR021","Poitiers","T_T_SH_NAT","Share of population  in metropolitan area over the national value","2002","2002","RATIO","Ratio","0","Units",,,0.4,,
"FR021","Poitiers","T_T_SH_NAT","Share of population  in metropolitan area over the national value","2003","2003","RATIO","Ratio","0","Units",,,0.4,,
"FR021","Poitiers","T_T_SH_NAT","Share of population  in metropolitan area over the national value","2004","2004","RATIO","Ratio","0","Units",,,0.4,,
"FR021","Poitiers","T_T_SH_NAT","Share of population  in metropolitan area over the national value","2005","2005","RATIO","Ratio","0","Units",,,0.4,,
"FR021","Poitiers","T_T_SH_NAT","Share of population  in metropolitan area over the national value","2006","2006","RATIO","Ratio","0","Units",,,0.4,,
"FR021","Poitiers","T_T_SH_NAT","Share of population  in metropolitan area over the national value","2007","2007","RATIO","Ratio","0","Units",,,0.4,,
"FR021","Poitiers","T_T_SH_NAT","Share of population  in metropolitan area over the national value","2008","2008","RATIO","Ratio","0","Units",,,0.4,,
"FR021","Poitiers","T_T_SH_NAT","Share of population  in metropolitan area over the national value","2009","2009","RATIO","Ratio","0","Units",,,0.4,,
"FR021","Poitiers","T_T_SH_NAT","Share of population  in metropolitan area over the national value","2010","2010","RATIO","Ratio","0","Units",,,0.4,,
"FR021","Poitiers","T_T_SH_NAT","Share of population  in metropolitan area over the national value","2011","2011","RATIO","Ratio","0","Units",,,0.4,,
"FR021","Poitiers","T_T_SH_NAT","Share of population  in metropolitan area over the national value","2012","2012","RATIO","Ratio","0","Units",,,0.4,,
"FR021","Poitiers","T_T_SH_NAT","Share of population  in metropolitan area over the national value","2013","2013","RATIO","Ratio","0","Units",,,0.4,,
"FR021","Poitiers","T_T_SH_NAT","Share of population  in metropolitan area over the national value","2014","2014","RATIO","Ratio","0","Units",,,0.4,,
"FR021","Poitiers","T_T_SH_NAT","Share of population  in metropolitan area over the national value","2015","2015","RATIO","Ratio","0","Units",,,0.4,,
"IE001","Dublin","T_T_SH_NAT","Share of population  in metropolitan area over the national value","2002","2002","RATIO","Ratio","0","Units",,,34.8,,
"IE001","Dublin","T_T_SH_NAT","Share of population  in metropolitan area over the national value","2006","2006","RATIO","Ratio","0","Units",,,39.6,,
"IE001","Dublin","T_T_SH_NAT","Share of population  in metropolitan area over the national value","2011","2011","RATIO","Ratio","0","Units",,,38.8,,
"IE001","Dublin","T_T_SH_NAT","Share of population  in metropolitan area over the national value","2016","2016","RATIO","Ratio","0","Units",,,40.5,,
"USA27","New Haven","POP_DEN","Population density (pop. per km2)","2000","2000","PER","Persons","0","Units",,,518,,
"USA27","New Haven","POP_DEN","Population density (pop. per km2)","2001","2001","PER","Persons","0","Units",,,521,,
"USA27","New Haven","POP_DEN","Population density (pop. per km2)","2002","2002","PER","Persons","0","Units",,,523,,
"USA27","New Haven","POP_DEN","Population density (pop. per km2)","2003","2003","PER","Persons","0","Units",,,526,,
"USA27","New Haven","POP_DEN","Population density (pop. per km2)","2004","2004","PER","Persons","0","Units",,,528,,
"USA27","New Haven","POP_DEN","Population density (pop. per km2)","2005","2005","PER","Persons","0","Units",,,528,,
"USA27","New Haven","POP_DEN","Population density (pop. per km2)","2006","2006","PER","Persons","0","Units",,,529,,
"USA27","New Haven","POP_DEN","Population density (pop. per km2)","2007","2007","PER","Persons","0","Units",,,530,,
"USA27","New Haven","POP_DEN","Population density (pop. per km2)","2008","2008","PER","Persons","0","Units",,,533,,
"USA27","New Haven","POP_DEN","Population density (pop. per km2)","2009","2009","PER","Persons","0","Units",,,536,,
"USA27","New Haven","POP_DEN","Population density (pop. per km2)","2010","2010","PER","Persons","0","Units",,,540,,
"USA27","New Haven","POP_DEN","Population density (pop. per km2)","2011","2011","PER","Persons","0","Units",,,543,,
"USA27","New Haven","POP_DEN","Population density (pop. per km2)","2012","2012","PER","Persons","0","Units",,,546,,
"USA27","New Haven","POP_DEN","Population density (pop. per km2)","2013","2013","PER","Persons","0","Units",,,547,,
"USA27","New Haven","POP_DEN","Population density (pop. per km2)","2014","2014","PER","Persons","0","Units",,,548,,
"USA27","New Haven","POP_DEN","Population density (pop. per km2)","2015","2015","PER","Persons","0","Units",,,548,,
"USA27","New Haven","POP_DEN","Population density (pop. per km2)","2016","2016","PER","Persons","0","Units",,,548,,
"DE025","Darmstadt","T_T","Population, All ages. Administrative data","2001","2001","PER","Persons","0","Units",,,427155,,
"DE025","Darmstadt","T_T","Population, All ages. Administrative data","2002","2002","PER","Persons","0","Units",,,429061,,
"DE025","Darmstadt","T_T","Population, All ages. Administrative data","2003","2003","PER","Persons","0","Units",,,430824,,
"DE025","Darmstadt","T_T","Population, All ages. Administrative data","2004","2004","PER","Persons","0","Units",,,432026,,
"DE025","Darmstadt","T_T","Population, All ages. Administrative data","2005","2005","PER","Persons","0","Units",,,433146,,
"DE025","Darmstadt","T_T","Population, All ages. Administrative data","2006","2006","PER","Persons","0","Units",,,433007,,
"DE025","Darmstadt","T_T","Population, All ages. Administrative data","2007","2007","PER","Persons","0","Units",,,433034,,
"DE025","Darmstadt","T_T","Population, All ages. Administrative data","2008","2008","PER","Persons","0","Units",,,433402,,
"DE025","Darmstadt","T_T","Population, All ages. Administrative data","2009","2009","PER","Persons","0","Units",,,433145,,
"DE025","Darmstadt","T_T","Population, All ages. Administrative data","2010","2010","PER","Persons","0","Units",,,434380,,
"DE025","Darmstadt","T_T","Population, All ages. Administrative data","2011","2011","PER","Persons","0","Units",,,425949,,
"DE025","Darmstadt","T_T","Population, All ages. Administrative data","2012","2012","PER","Persons","0","Units",,,431427,,
"DE025","Darmstadt","T_T","Population, All ages. Administrative data","2013","2013","PER","Persons","0","Units",,,434462,,
"DE025","Darmstadt","T_T","Population, All ages. Administrative data","2014","2014","PER","Persons","0","Units",,,437280,,
"DE025","Darmstadt","T_T","Population, All ages. Administrative data","2015","2015","PER","Persons","0","Units",,,441990,,
"DE025","Darmstadt","T_T","Population, All ages. Administrative data","2016","2016","PER","Persons","0","Units",,,450299,,
"LV001","Riga","T_T_SH_NAT","Share of population  in metropolitan area over the national value","2001","2001","RATIO","Ratio","0","Units",,,43.9,,
"LV001","Riga","T_T_SH_NAT","Share of population  in metropolitan area over the national value","2002","2002","RATIO","Ratio","0","Units",,,44.2,,
"LV001","Riga","T_T_SH_NAT","Share of population  in metropolitan area over the national value","2003","2003","RATIO","Ratio","0","Units",,,44.3,,
"LV001","Riga","T_T_SH_NAT","Share of population  in metropolitan area over the national value","2004","2004","RATIO","Ratio","0","Units",,,44.4,,
"LV001","Riga","T_T_SH_NAT","Share of population  in metropolitan area over the national value","2005","2005","RATIO","Ratio","0","Units",,,44.6,,
"LV001","Riga","T_T_SH_NAT","Share of population  in metropolitan area over the national value","2006","2006","RATIO","Ratio","0","Units",,,44.7,,
"LV001","Riga","T_T_SH_NAT","Share of population  in metropolitan area over the national value","2007","2007","RATIO","Ratio","0","Units",,,44.7,,
"LV001","Riga","T_T_SH_NAT","Share of population  in metropolitan area over the national value","2008","2008","RATIO","Ratio","0","Units",,,44.7,,
"LV001","Riga","T_T_SH_NAT","Share of population  in metropolitan area over the national value","2009","2009","RATIO","Ratio","0","Units",,,45,,
"LV001","Riga","T_T_SH_NAT","Share of population  in metropolitan area over the national value","2010","2010","RATIO","Ratio","0","Units",,,45.5,,
"LV001","Riga","T_T_SH_NAT","Share of population  in metropolitan area over the national value","2011","2011","RATIO","Ratio","0","Units",,,46.2,,
"LV001","Riga","T_T_SH_NAT","Share of population  in metropolitan area over the national value","2012","2012","RATIO","Ratio","0","Units",,,46.6,,
"LV001","Riga","T_T_SH_NAT","Share of population  in metropolitan area over the national value","2013","2013","RATIO","Ratio","0","Units",,,46.9,,
"LV001","Riga","T_T_SH_NAT","Share of population  in metropolitan area over the national value","2014","2014","RATIO","Ratio","0","Units",,,47.3,,
"LV001","Riga","T_T_SH_NAT","Share of population  in metropolitan area over the national value","2015","2015","RATIO","Ratio","0","Units",,,47.4,,
"LV001","Riga","T_T_SH_NAT","Share of population  in metropolitan area over the national value","2016","2016","RATIO","Ratio","0","Units",,,47.6,,
"JPN35","Kochi","POP_DEN","Population density (pop. per km2)","2000","2000","PER","Persons","0","Units",,,299,,
"JPN35","Kochi","POP_DEN","Population density (pop. per km2)","2001","2001","PER","Persons","0","Units",,,299,,
"JPN35","Kochi","POP_DEN","Population density (pop. per km2)","2002","2002","PER","Persons","0","Units",,,299,,
"JPN35","Kochi","POP_DEN","Population density (pop. per km2)","2003","2003","PER","Persons","0","Units",,,299,,
"JPN35","Kochi","POP_DEN","Population density (pop. per km2)","2004","2004","PER","Persons","0","Units",,,299,,
"JPN35","Kochi","POP_DEN","Population density (pop. per km2)","2005","2005","PER","Persons","0","Units",,,299,,
"JPN35","Kochi","POP_DEN","Population density (pop. per km2)","2006","2006","PER","Persons","0","Units",,,297,,
"JPN35","Kochi","POP_DEN","Population density (pop. per km2)","2007","2007","PER","Persons","0","Units",,,295,,
"JPN35","Kochi","POP_DEN","Population density (pop. per km2)","2008","2008","PER","Persons","0","Units",,,293,,
"JPN35","Kochi","POP_DEN","Population density (pop. per km2)","2009","2009","PER","Persons","0","Units",,,291,,
"JPN35","Kochi","POP_DEN","Population density (pop. per km2)","2010","2010","PER","Persons","0","Units",,,289,,
"JPN35","Kochi","POP_DEN","Population density (pop. per km2)","2011","2011","PER","Persons","0","Units",,,287,,
"JPN35","Kochi","POP_DEN","Population density (pop. per km2)","2012","2012","PER","Persons","0","Units",,,285,,
"JPN35","Kochi","POP_DEN","Population density (pop. per km2)","2013","2013","PER","Persons","0","Units",,,283,,
"JPN35","Kochi","POP_DEN","Population density (pop. per km2)","2014","2014","PER","Persons","0","Units",,,282,,
"JPN35","Kochi","POP_DEN","Population density (pop. per km2)","2015","2015","PER","Persons","0","Units",,,280,,
"CAN12","Halifax","T_T_SH_NAT","Share of population  in metropolitan area over the national value","2001","2001","RATIO","Ratio","0","Units",,,1.4,,
"CAN12","Halifax","T_T_SH_NAT","Share of population  in metropolitan area over the national value","2002","2002","RATIO","Ratio","0","Units",,,1.4,,
"CAN12","Halifax","T_T_SH_NAT","Share of population  in metropolitan area over the national value","2003","2003","RATIO","Ratio","0","Units",,,1.4,,
"CAN12","Halifax","T_T_SH_NAT","Share of population  in metropolitan area over the national value","2004","2004","RATIO","Ratio","0","Units",,,1.4,,
"CAN12","Halifax","T_T_SH_NAT","Share of population  in metropolitan area over the national value","2005","2005","RATIO","Ratio","0","Units",,,1.3,,
"CAN12","Halifax","T_T_SH_NAT","Share of population  in metropolitan area over the national value","2006","2006","RATIO","Ratio","0","Units",,,1.3,,
"CAN12","Halifax","T_T_SH_NAT","Share of population  in metropolitan area over the national value","2007","2007","RATIO","Ratio","0","Units",,,1.3,,
"CAN12","Halifax","T_T_SH_NAT","Share of population  in metropolitan area over the national value","2008","2008","RATIO","Ratio","0","Units",,,1.3,,
"CAN12","Halifax","T_T_SH_NAT","Share of population  in metropolitan area over the national value","2009","2009","RATIO","Ratio","0","Units",,,1.3,,
"CAN12","Halifax","T_T_SH_NAT","Share of population  in metropolitan area over the national value","2010","2010","RATIO","Ratio","0","Units",,,1.3,,
"CAN12","Halifax","T_T_SH_NAT","Share of population  in metropolitan area over the national value","2011","2011","RATIO","Ratio","0","Units",,,1.3,,
"CAN12","Halifax","T_T_SH_NAT","Share of population  in metropolitan area over the national value","2012","2012","RATIO","Ratio","0","Units",,,1.3,,
"CAN12","Halifax","T_T_SH_NAT","Share of population  in metropolitan area over the national value","2013","2013","RATIO","Ratio","0","Units",,,1.3,,
"CAN12","Halifax","T_T_SH_NAT","Share of population  in metropolitan area over the national value","2014","2014","RATIO","Ratio","0","Units",,,1.3,,
"CAN12","Halifax","T_T_SH_NAT","Share of population  in metropolitan area over the national value","2015","2015","RATIO","Ratio","0","Units",,,1.3,,
"CAN12","Halifax","T_T_SH_NAT","Share of population  in metropolitan area over the national value","2016","2016","RATIO","Ratio","0","Units",,,1.3,,
"UK520","Southampton","POP_DEN","Population density (pop. per km2)","2001","2001","PER","Persons","0","Units",,,407,,
"UK520","Southampton","POP_DEN","Population density (pop. per km2)","2002","2002","PER","Persons","0","Units",,,409,,
"UK520","Southampton","POP_DEN","Population density (pop. per km2)","2003","2003","PER","Persons","0","Units",,,411,,
"UK520","Southampton","POP_DEN","Population density (pop. per km2)","2004","2004","PER","Persons","0","Units",,,413,,
"UK520","Southampton","POP_DEN","Population density (pop. per km2)","2005","2005","PER","Persons","0","Units",,,417,,
"UK520","Southampton","POP_DEN","Population density (pop. per km2)","2006","2006","PER","Persons","0","Units",,,419,,
"UK520","Southampton","POP_DEN","Population density (pop. per km2)","2007","2007","PER","Persons","0","Units",,,421,,
"UK520","Southampton","POP_DEN","Population density (pop. per km2)","2008","2008","PER","Persons","0","Units",,,423,,
"UK520","Southampton","POP_DEN","Population density (pop. per km2)","2009","2009","PER","Persons","0","Units",,,425,,
"UK520","Southampton","POP_DEN","Population density (pop. per km2)","2010","2010","PER","Persons","0","Units",,,430,,
"UK520","Southampton","POP_DEN","Population density (pop. per km2)","2011","2011","PER","Persons","0","Units",,,433,,
"UK520","Southampton","POP_DEN","Population density (pop. per km2)","2012","2012","PER","Persons","0","Units",,,437,,
"UK520","Southampton","POP_DEN","Population density (pop. per km2)","2013","2013","PER","Persons","0","Units",,,440,,
"UK520","Southampton","POP_DEN","Population density (pop. per km2)","2014","2014","PER","Persons","0","Units",,,443,,
"UK520","Southampton","POP_DEN","Population density (pop. per km2)","2015","2015","PER","Persons","0","Units",,,447,,
"UK520","Southampton","POP_DEN","Population density (pop. per km2)","2016","2016","PER","Persons","0","Units",,,451,,
"UK026","Kingston upon Hull","T_T","Population, All ages. Administrative data","2001","2001","PER","Persons","0","Units",,,564767,,
"UK026","Kingston upon Hull","T_T","Population, All ages. Administrative data","2002","2002","PER","Persons","0","Units",,,568096,,
"UK026","Kingston upon Hull","T_T","Population, All ages. Administrative data","2003","2003","PER","Persons","0","Units",,,572473,,
"UK026","Kingston upon Hull","T_T","Population, All ages. Administrative data","2004","2004","PER","Persons","0","Units",,,578166,,
"UK026","Kingston upon Hull","T_T","Population, All ages. Administrative data","2005","2005","PER","Persons","0","Units",,,582427,,
"UK026","Kingston upon Hull","T_T","Population, All ages. Administrative data","2006","2006","PER","Persons","0","Units",,,584084,,
"UK026","Kingston upon Hull","T_T","Population, All ages. Administrative data","2007","2007","PER","Persons","0","Units",,,586626,,
"UK026","Kingston upon Hull","T_T","Population, All ages. Administrative data","2008","2008","PER","Persons","0","Units",,,589210,,
"UK026","Kingston upon Hull","T_T","Population, All ages. Administrative data","2009","2009","PER","Persons","0","Units",,,588827,,
"UK026","Kingston upon Hull","T_T","Population, All ages. Administrative data","2010","2010","PER","Persons","0","Units",,,589773,,
"UK026","Kingston upon Hull","T_T","Population, All ages. Administrative data","2011","2011","PER","Persons","0","Units",,,590796,,
"UK026","Kingston upon Hull","T_T","Population, All ages. Administrative data","2012","2012","PER","Persons","0","Units",,,592913,,
"UK026","Kingston upon Hull","T_T","Population, All ages. Administrative data","2013","2013","PER","Persons","0","Units",,,593260,,
"UK026","Kingston upon Hull","T_T","Population, All ages. Administrative data","2014","2014","PER","Persons","0","Units",,,594656,,
"UK026","Kingston upon Hull","T_T","Population, All ages. Administrative data","2015","2015","PER","Persons","0","Units",,,595343,,
"UK026","Kingston upon Hull","T_T","Population, All ages. Administrative data","2016","2016","PER","Persons","0","Units",,,597839,,
"NL001","The Hague","T_T_SH_NAT","Share of population  in metropolitan area over the national value","2001","2001","RATIO","Ratio","0","Units",,,5.9,,
"NL001","The Hague","T_T_SH_NAT","Share of population  in metropolitan area over the national value","2002","2002","RATIO","Ratio","0","Units",,,5.9,,
"NL001","The Hague","T_T_SH_NAT","Share of population  in metropolitan area over the national value","2003","2003","RATIO","Ratio","0","Units",,,6,,
"NL001","The Hague","T_T_SH_NAT","Share of population  in metropolitan area over the national value","2004","2004","RATIO","Ratio","0","Units",,,6,,
"NL001","The Hague","T_T_SH_NAT","Share of population  in metropolitan area over the national value","2005","2005","RATIO","Ratio","0","Units",,,6,,
"NL001","The Hague","T_T_SH_NAT","Share of population  in metropolitan area over the national value","2006","2006","RATIO","Ratio","0","Units",,,6.1,,
"NL001","The Hague","T_T_SH_NAT","Share of population  in metropolitan area over the national value","2007","2007","RATIO","Ratio","0","Units",,,6.1,,
"NL001","The Hague","T_T_SH_NAT","Share of population  in metropolitan area over the national value","2008","2008","RATIO","Ratio","0","Units",,,6.1,,
"NL001","The Hague","T_T_SH_NAT","Share of population  in metropolitan area over the national value","2009","2009","RATIO","Ratio","0","Units",,,6.1,,
"NL001","The Hague","T_T_SH_NAT","Share of population  in metropolitan area over the national value","2010","2010","RATIO","Ratio","0","Units",,,6.1,,
"NL001","The Hague","T_T_SH_NAT","Share of population  in metropolitan area over the national value","2011","2011","RATIO","Ratio","0","Units",,,6.2,,
"NL001","The Hague","T_T_SH_NAT","Share of population  in metropolitan area over the national value","2012","2012","RATIO","Ratio","0","Units",,,6.2,,
"NL001","The Hague","T_T_SH_NAT","Share of population  in metropolitan area over the national value","2013","2013","RATIO","Ratio","0","Units",,,6.2,,
"NL001","The Hague","T_T_SH_NAT","Share of population  in metropolitan area over the national value","2014","2014","RATIO","Ratio","0","Units",,,6.3,,
"NL001","The Hague","T_T_SH_NAT","Share of population  in metropolitan area over the national value","2015","2015","RATIO","Ratio","0","Units",,,6.3,,
"NL001","The Hague","T_T_SH_NAT","Share of population  in metropolitan area over the national value","2016","2016","RATIO","Ratio","0","Units",,,6.3,,
"AUS04","Greater Perth","POP_DEN","Population density (pop. per km2)","2001","2001","PER","Persons","0","Units",,,226,,
"AUS04","Greater Perth","POP_DEN","Population density (pop. per km2)","2002","2002","PER","Persons","0","Units",,,229,,
"AUS04","Greater Perth","POP_DEN","Population density (pop. per km2)","2003","2003","PER","Persons","0","Units",,,232,,
"AUS04","Greater Perth","POP_DEN","Population density (pop. per km2)","2004","2004","PER","Persons","0","Units",,,236,,
"AUS04","Greater Perth","POP_DEN","Population density (pop. per km2)","2005","2005","PER","Persons","0","Units",,,240,,
"AUS04","Greater Perth","POP_DEN","Population density (pop. per km2)","2006","2006","PER","Persons","0","Units",,,245,,
"AUS04","Greater Perth","POP_DEN","Population density (pop. per km2)","2007","2007","PER","Persons","0","Units",,,253,,
"AUS04","Greater Perth","POP_DEN","Population density (pop. per km2)","2008","2008","PER","Persons","0","Units",,,261,,
"AUS04","Greater Perth","POP_DEN","Population density (pop. per km2)","2009","2009","PER","Persons","0","Units",,,270,,
"AUS04","Greater Perth","POP_DEN","Population density (pop. per km2)","2010","2010","PER","Persons","0","Units",,,277,,
"AUS04","Greater Perth","POP_DEN","Population density (pop. per km2)","2011","2011","PER","Persons","0","Units",,,285,,
"AUS04","Greater Perth","POP_DEN","Population density (pop. per km2)","2012","2012","PER","Persons","0","Units",,,294,,
"AUS04","Greater Perth","POP_DEN","Population density (pop. per km2)","2013","2013","PER","Persons","0","Units",,,303,,
"AUS04","Greater Perth","POP_DEN","Population density (pop. per km2)","2014","2014","PER","Persons","0","Units",,,307,,
"AUS04","Greater Perth","POP_DEN","Population density (pop. per km2)","2015","2015","PER","Persons","0","Units",,,311,,
"AUS04","Greater Perth","POP_DEN","Population density (pop. per km2)","2016","2016","PER","Persons","0","Units",,,314,,
"DK003","Odense","T_T","Population, All ages. Administrative data","2000","2000","PER","Persons","0","Units",,,357025,,
"DK003","Odense","T_T","Population, All ages. Administrative data","2001","2001","PER","Persons","0","Units",,,357211,,
"DK003","Odense","T_T","Population, All ages. Administrative data","2002","2002","PER","Persons","0","Units",,,357557,,
"DK003","Odense","T_T","Population, All ages. Administrative data","2003","2003","PER","Persons","0","Units",,,358295,,
"DK003","Odense","T_T","Population, All ages. Administrative data","2004","2004","PER","Persons","0","Units",,,359720,,
"DK003","Odense","T_T","Population, All ages. Administrative data","2005","2005","PER","Persons","0","Units",,,360951,,
"DK003","Odense","T_T","Population, All ages. Administrative data","2006","2006","PER","Persons","0","Units",,,362364,,
"DK003","Odense","T_T","Population, All ages. Administrative data","2007","2007","PER","Persons","0","Units",,,363776,,
"DK003","Odense","T_T","Population, All ages. Administrative data","2008","2008","PER","Persons","0","Units",,,365189,,
"DK003","Odense","T_T","Population, All ages. Administrative data","2009","2009","PER","Persons","0","Units",,,366601,,
"DK003","Odense","T_T","Population, All ages. Administrative data","2010","2010","PER","Persons","0","Units",,,368014,,
"DK003","Odense","T_T","Population, All ages. Administrative data","2011","2011","PER","Persons","0","Units",,,368570,,
"DK003","Odense","T_T","Population, All ages. Administrative data","2012","2012","PER","Persons","0","Units",,,369297,,
"DK003","Odense","T_T","Population, All ages. Administrative data","2013","2013","PER","Persons","0","Units",,,370465,,
"DK003","Odense","T_T","Population, All ages. Administrative data","2014","2014","PER","Persons","0","Units",,,371957,,
"DK003","Odense","T_T","Population, All ages. Administrative data","2015","2015","PER","Persons","0","Units",,,373810,,
"DK003","Odense","T_T","Population, All ages. Administrative data","2016","2016","PER","Persons","0","Units",,,376496,,
"USA64","Lehigh","T_T_SH_NAT","Share of population  in metropolitan area over the national value","2001","2001","RATIO","Ratio","0","Units",,,0.2,,
"USA64","Lehigh","T_T_SH_NAT","Share of population  in metropolitan area over the national value","2002","2002","RATIO","Ratio","0","Units",,,0.2,,
"USA64","Lehigh","T_T_SH_NAT","Share of population  in metropolitan area over the national value","2003","2003","RATIO","Ratio","0","Units",,,0.2,,
"USA64","Lehigh","T_T_SH_NAT","Share of population  in metropolitan area over the national value","2004","2004","RATIO","Ratio","0","Units",,,0.2,,
"USA64","Lehigh","T_T_SH_NAT","Share of population  in metropolitan area over the national value","2005","2005","RATIO","Ratio","0","Units",,,0.2,,
"USA64","Lehigh","T_T_SH_NAT","Share of population  in metropolitan area over the national value","2006","2006","RATIO","Ratio","0","Units",,,0.2,,
"USA64","Lehigh","T_T_SH_NAT","Share of population  in metropolitan area over the national value","2007","2007","RATIO","Ratio","0","Units",,,0.2,,
"USA64","Lehigh","T_T_SH_NAT","Share of population  in metropolitan area over the national value","2008","2008","RATIO","Ratio","0","Units",,,0.2,,
"USA64","Lehigh","T_T_SH_NAT","Share of population  in metropolitan area over the national value","2009","2009","RATIO","Ratio","0","Units",,,0.2,,
"USA64","Lehigh","T_T_SH_NAT","Share of population  in metropolitan area over the national value","2010","2010","RATIO","Ratio","0","Units",,,0.2,,
"USA64","Lehigh","T_T_SH_NAT","Share of population  in metropolitan area over the national value","2011","2011","RATIO","Ratio","0","Units",,,0.2,,
"USA64","Lehigh","T_T_SH_NAT","Share of population  in metropolitan area over the national value","2012","2012","RATIO","Ratio","0","Units",,,0.2,,
"USA64","Lehigh","T_T_SH_NAT","Share of population  in metropolitan area over the national value","2013","2013","RATIO","Ratio","0","Units",,,0.2,,
"USA64","Lehigh","T_T_SH_NAT","Share of population  in metropolitan area over the national value","2014","2014","RATIO","Ratio","0","Units",,,0.2,,
"USA64","Lehigh","T_T_SH_NAT","Share of population  in metropolitan area over the national value","2015","2015","RATIO","Ratio","0","Units",,,0.2,,
"USA64","Lehigh","T_T_SH_NAT","Share of population  in metropolitan area over the national value","2016","2016","RATIO","Ratio","0","Units",,,0.2,,
"FR013","Rennes","POP_DEN","Population density (pop. per km2)","2000","2000","PER","Persons","0","Units",,,153,,
"FR013","Rennes","POP_DEN","Population density (pop. per km2)","2001","2001","PER","Persons","0","Units",,,156,,
"FR013","Rennes","POP_DEN","Population density (pop. per km2)","2002","2002","PER","Persons","0","Units",,,158,,
"FR013","Rennes","POP_DEN","Population density (pop. per km2)","2003","2003","PER","Persons","0","Units",,,160,,
"FR013","Rennes","POP_DEN","Population density (pop. per km2)","2004","2004","PER","Persons","0","Units",,,162,,
"FR013","Rennes","POP_DEN","Population density (pop. per km2)","2005","2005","PER","Persons","0","Units",,,165,,
"FR013","Rennes","POP_DEN","Population density (pop. per km2)","2006","2006","PER","Persons","0","Units",,,167,,
"FR013","Rennes","POP_DEN","Population density (pop. per km2)","2007","2007","PER","Persons","0","Units",,,169,,
"FR013","Rennes","POP_DEN","Population density (pop. per km2)","2008","2008","PER","Persons","0","Units",,,172,,
"FR013","Rennes","POP_DEN","Population density (pop. per km2)","2009","2009","PER","Persons","0","Units",,,174,,
"FR013","Rennes","POP_DEN","Population density (pop. per km2)","2010","2010","PER","Persons","0","Units",,,176,,
"FR013","Rennes","POP_DEN","Population density (pop. per km2)","2011","2011","PER","Persons","0","Units",,,179,,
"FR013","Rennes","POP_DEN","Population density (pop. per km2)","2012","2012","PER","Persons","0","Units",,,181,,
"FR013","Rennes","POP_DEN","Population density (pop. per km2)","2013","2013","PER","Persons","0","Units",,,184,,
"FR013","Rennes","POP_DEN","Population density (pop. per km2)","2014","2014","PER","Persons","0","Units",,,186,,
"FR013","Rennes","POP_DEN","Population density (pop. per km2)","2015","2015","PER","Persons","0","Units",,,188,,
"USA101","Caddo","T_T_SH_NAT","Share of population  in metropolitan area over the national value","2001","2001","RATIO","Ratio","0","Units",,,0.1,,
"USA101","Caddo","T_T_SH_NAT","Share of population  in metropolitan area over the national value","2002","2002","RATIO","Ratio","0","Units",,,0.1,,
"USA101","Caddo","T_T_SH_NAT","Share of population  in metropolitan area over the national value","2003","2003","RATIO","Ratio","0","Units",,,0.1,,
"USA101","Caddo","T_T_SH_NAT","Share of population  in metropolitan area over the national value","2004","2004","RATIO","Ratio","0","Units",,,0.1,,
"USA101","Caddo","T_T_SH_NAT","Share of population  in metropolitan area over the national value","2005","2005","RATIO","Ratio","0","Units",,,0.1,,
"USA101","Caddo","T_T_SH_NAT","Share of population  in metropolitan area over the national value","2006","2006","RATIO","Ratio","0","Units",,,0.1,,
"USA101","Caddo","T_T_SH_NAT","Share of population  in metropolitan area over the national value","2007","2007","RATIO","Ratio","0","Units",,,0.1,,
"USA101","Caddo","T_T_SH_NAT","Share of population  in metropolitan area over the national value","2008","2008","RATIO","Ratio","0","Units",,,0.1,,
"USA101","Caddo","T_T_SH_NAT","Share of population  in metropolitan area over the national value","2009","2009","RATIO","Ratio","0","Units",,,0.1,,
"USA101","Caddo","T_T_SH_NAT","Share of population  in metropolitan area over the national value","2010","2010","RATIO","Ratio","0","Units",,,0.1,,
"USA101","Caddo","T_T_SH_NAT","Share of population  in metropolitan area over the national value","2011","2011","RATIO","Ratio","0","Units",,,0.1,,
"USA101","Caddo","T_T_SH_NAT","Share of population  in metropolitan area over the national value","2012","2012","RATIO","Ratio","0","Units",,,0.1,,
"USA101","Caddo","T_T_SH_NAT","Share of population  in metropolitan area over the national value","2013","2013","RATIO","Ratio","0","Units",,,0.1,,
"USA101","Caddo","T_T_SH_NAT","Share of population  in metropolitan area over the national value","2014","2014","RATIO","Ratio","0","Units",,,0.1,,
"USA101","Caddo","T_T_SH_NAT","Share of population  in metropolitan area over the national value","2015","2015","RATIO","Ratio","0","Units",,,0.1,,
"USA101","Caddo","T_T_SH_NAT","Share of population  in metropolitan area over the national value","2016","2016","RATIO","Ratio","0","Units",,,0.1,,
"USA83","Hamilton (TN)","T_T","Population, All ages. Administrative data","2000","2000","PER","Persons","0","Units",,,477630,,
"USA83","Hamilton (TN)","T_T","Population, All ages. Administrative data","2001","2001","PER","Persons","0","Units",,,481798,,
"USA83","Hamilton (TN)","T_T","Population, All ages. Administrative data","2002","2002","PER","Persons","0","Units",,,485957,,
"USA83","Hamilton (TN)","T_T","Population, All ages. Administrative data","2003","2003","PER","Persons","0","Units",,,490089,,
"USA83","Hamilton (TN)","T_T","Population, All ages. Administrative data","2004","2004","PER","Persons","0","Units",,,494709,,
"USA83","Hamilton (TN)","T_T","Population, All ages. Administrative data","2005","2005","PER","Persons","0","Units",,,499564,,
"USA83","Hamilton (TN)","T_T","Population, All ages. Administrative data","2006","2006","PER","Persons","0","Units",,,506473,,
"USA83","Hamilton (TN)","T_T","Population, All ages. Administrative data","2007","2007","PER","Persons","0","Units",,,513100,,
"USA83","Hamilton (TN)","T_T","Population, All ages. Administrative data","2008","2008","PER","Persons","0","Units",,,518778,,
"USA83","Hamilton (TN)","T_T","Population, All ages. Administrative data","2009","2009","PER","Persons","0","Units",,,524082,,
"USA83","Hamilton (TN)","T_T","Population, All ages. Administrative data","2010","2010","PER","Persons","0","Units",,,529196,,
"USA83","Hamilton (TN)","T_T","Population, All ages. Administrative data","2011","2011","PER","Persons","0","Units",,,533540,,
"USA83","Hamilton (TN)","T_T","Population, All ages. Administrative data","2012","2012","PER","Persons","0","Units",,,538108,,
"USA83","Hamilton (TN)","T_T","Population, All ages. Administrative data","2013","2013","PER","Persons","0","Units",,,542036,,
"USA83","Hamilton (TN)","T_T","Population, All ages. Administrative data","2014","2014","PER","Persons","0","Units",,,544017,,
"USA83","Hamilton (TN)","T_T","Population, All ages. Administrative data","2015","2015","PER","Persons","0","Units",,,547232,,
"USA83","Hamilton (TN)","T_T","Population, All ages. Administrative data","2016","2016","PER","Persons","0","Units",,,551957,,
"UK018","Exeter","T_T_SH_NAT","Share of population  in metropolitan area over the national value","2001","2001","RATIO","Ratio","0","Units",,,0.7,,
"UK018","Exeter","T_T_SH_NAT","Share of population  in metropolitan area over the national value","2002","2002","RATIO","Ratio","0","Units",,,0.7,,
"UK018","Exeter","T_T_SH_NAT","Share of population  in metropolitan area over the national value","2003","2003","RATIO","Ratio","0","Units",,,0.7,,
"UK018","Exeter","T_T_SH_NAT","Share of population  in metropolitan area over the national value","2004","2004","RATIO","Ratio","0","Units",,,0.7,,
"UK018","Exeter","T_T_SH_NAT","Share of population  in metropolitan area over the national value","2005","2005","RATIO","Ratio","0","Units",,,0.7,,
"UK018","Exeter","T_T_SH_NAT","Share of population  in metropolitan area over the national value","2006","2006","RATIO","Ratio","0","Units",,,0.7,,
"UK018","Exeter","T_T_SH_NAT","Share of population  in metropolitan area over the national value","2007","2007","RATIO","Ratio","0","Units",,,0.7,,
"UK018","Exeter","T_T_SH_NAT","Share of population  in metropolitan area over the national value","2008","2008","RATIO","Ratio","0","Units",,,0.7,,
"UK018","Exeter","T_T_SH_NAT","Share of population  in metropolitan area over the national value","2009","2009","RATIO","Ratio","0","Units",,,0.7,,
"UK018","Exeter","T_T_SH_NAT","Share of population  in metropolitan area over the national value","2010","2010","RATIO","Ratio","0","Units",,,0.7,,
"UK018","Exeter","T_T_SH_NAT","Share of population  in metropolitan area over the national value","2011","2011","RATIO","Ratio","0","Units",,,0.7,,
"UK018","Exeter","T_T_SH_NAT","Share of population  in metropolitan area over the national value","2012","2012","RATIO","Ratio","0","Units",,,0.7,,
"UK018","Exeter","T_T_SH_NAT","Share of population  in metropolitan area over the national value","2013","2013","RATIO","Ratio","0","Units",,,0.7,,
"UK018","Exeter","T_T_SH_NAT","Share of population  in metropolitan area over the national value","2014","2014","RATIO","Ratio","0","Units",,,0.7,,
"UK018","Exeter","T_T_SH_NAT","Share of population  in metropolitan area over the national value","2015","2015","RATIO","Ratio","0","Units",,,0.7,,
"UK018","Exeter","T_T_SH_NAT","Share of population  in metropolitan area over the national value","2016","2016","RATIO","Ratio","0","Units",,,0.7,,
"DE002","Hamburg","T_T","Population, All ages. Administrative data","2001","2001","PER","Persons","0","Units",,,3070795,,
"DE002","Hamburg","T_T","Population, All ages. Administrative data","2002","2002","PER","Persons","0","Units",,,3094463,,
"DE002","Hamburg","T_T","Population, All ages. Administrative data","2003","2003","PER","Persons","0","Units",,,3106502,,
"DE002","Hamburg","T_T","Population, All ages. Administrative data","2004","2004","PER","Persons","0","Units",,,3118627,,
"DE002","Hamburg","T_T","Population, All ages. Administrative data","2005","2005","PER","Persons","0","Units",,,3126211,,
"DE002","Hamburg","T_T","Population, All ages. Administrative data","2006","2006","PER","Persons","0","Units",,,3140923,,
"DE002","Hamburg","T_T","Population, All ages. Administrative data","2007","2007","PER","Persons","0","Units",,,3155839,,
"DE002","Hamburg","T_T","Population, All ages. Administrative data","2008","2008","PER","Persons","0","Units",,,3176042,,
"DE002","Hamburg","T_T","Population, All ages. Administrative data","2009","2009","PER","Persons","0","Units",,,3178759,,
"DE002","Hamburg","T_T","Population, All ages. Administrative data","2010","2010","PER","Persons","0","Units",,,3183734,,
"DE002","Hamburg","T_T","Population, All ages. Administrative data","2011","2011","PER","Persons","0","Units",,,3104324,,
"DE002","Hamburg","T_T","Population, All ages. Administrative data","2012","2012","PER","Persons","0","Units",,,3121800,,
"DE002","Hamburg","T_T","Population, All ages. Administrative data","2013","2013","PER","Persons","0","Units",,,3143783,,
"DE002","Hamburg","T_T","Population, All ages. Administrative data","2014","2014","PER","Persons","0","Units",,,3165363,,
"DE002","Hamburg","T_T","Population, All ages. Administrative data","2015","2015","PER","Persons","0","Units",,,3193316,,
"DE002","Hamburg","T_T","Population, All ages. Administrative data","2016","2016","PER","Persons","0","Units",,,3234465,,
"JPN44","Asahikawa","POP_DEN","Population density (pop. per km2)","2000","2000","PER","Persons","0","Units",,,169,,
"JPN44","Asahikawa","POP_DEN","Population density (pop. per km2)","2001","2001","PER","Persons","0","Units",,,169,,
"JPN44","Asahikawa","POP_DEN","Population density (pop. per km2)","2002","2002","PER","Persons","0","Units",,,168,,
"JPN44","Asahikawa","POP_DEN","Population density (pop. per km2)","2003","2003","PER","Persons","0","Units",,,168,,
"JPN44","Asahikawa","POP_DEN","Population density (pop. per km2)","2004","2004","PER","Persons","0","Units",,,167,,
"JPN44","Asahikawa","POP_DEN","Population density (pop. per km2)","2005","2005","PER","Persons","0","Units",,,166,,
"JPN44","Asahikawa","POP_DEN","Population density (pop. per km2)","2006","2006","PER","Persons","0","Units",,,166,,
"JPN44","Asahikawa","POP_DEN","Population density (pop. per km2)","2007","2007","PER","Persons","0","Units",,,165,,
"JPN44","Asahikawa","POP_DEN","Population density (pop. per km2)","2008","2008","PER","Persons","0","Units",,,165,,
"JPN44","Asahikawa","POP_DEN","Population density (pop. per km2)","2009","2009","PER","Persons","0","Units",,,164,,
"JPN44","Asahikawa","POP_DEN","Population density (pop. per km2)","2010","2010","PER","Persons","0","Units",,,163,,
"JPN44","Asahikawa","POP_DEN","Population density (pop. per km2)","2011","2011","PER","Persons","0","Units",,,162,,
"JPN44","Asahikawa","POP_DEN","Population density (pop. per km2)","2012","2012","PER","Persons","0","Units",,,161,,
"JPN44","Asahikawa","POP_DEN","Population density (pop. per km2)","2013","2013","PER","Persons","0","Units",,,160,,
"JPN44","Asahikawa","POP_DEN","Population density (pop. per km2)","2014","2014","PER","Persons","0","Units",,,160,,
"JPN44","Asahikawa","POP_DEN","Population density (pop. per km2)","2015","2015","PER","Persons","0","Units",,,159,,
"DE028","Regensburg","T_T","Population, All ages. Administrative data","2001","2001","PER","Persons","0","Units",,,411260,,
"DE028","Regensburg","T_T","Population, All ages. Administrative data","2002","2002","PER","Persons","0","Units",,,416215,,
"DE028","Regensburg","T_T","Population, All ages. Administrative data","2003","2003","PER","Persons","0","Units",,,419471,,
"DE028","Regensburg","T_T","Population, All ages. Administrative data","2004","2004","PER","Persons","0","Units",,,421804,,
"DE028","Regensburg","T_T","Population, All ages. Administrative data","2005","2005","PER","Persons","0","Units",,,423261,,
"DE028","Regensburg","T_T","Population, All ages. Administrative data","2006","2006","PER","Persons","0","Units",,,425286,,
"DE028","Regensburg","T_T","Population, All ages. Administrative data","2007","2007","PER","Persons","0","Units",,,426653,,
"DE028","Regensburg","T_T","Population, All ages. Administrative data","2008","2008","PER","Persons","0","Units",,,428299,,
"DE028","Regensburg","T_T","Population, All ages. Administrative data","2009","2009","PER","Persons","0","Units",,,429450,,
"DE028","Regensburg","T_T","Population, All ages. Administrative data","2010","2010","PER","Persons","0","Units",,,430326,,
"DE028","Regensburg","T_T","Population, All ages. Administrative data","2011","2011","PER","Persons","0","Units",,,429801,,
"DE028","Regensburg","T_T","Population, All ages. Administrative data","2012","2012","PER","Persons","0","Units",,,432690,,
"DE028","Regensburg","T_T","Population, All ages. Administrative data","2013","2013","PER","Persons","0","Units",,,436621,,
"DE028","Regensburg","T_T","Population, All ages. Administrative data","2014","2014","PER","Persons","0","Units",,,441470,,
"DE028","Regensburg","T_T","Population, All ages. Administrative data","2015","2015","PER","Persons","0","Units",,,445972,,
"DE028","Regensburg","T_T","Population, All ages. Administrative data","2016","2016","PER","Persons","0","Units",,,453796,,
"USA59","El Paso (TX)","T_T_SH_NAT","Share of population  in metropolitan area over the national value","2001","2001","RATIO","Ratio","0","Units",,,0.2,,
"USA59","El Paso (TX)","T_T_SH_NAT","Share of population  in metropolitan area over the national value","2002","2002","RATIO","Ratio","0","Units",,,0.2,,
"USA59","El Paso (TX)","T_T_SH_NAT","Share of population  in metropolitan area over the national value","2003","2003","RATIO","Ratio","0","Units",,,0.2,,
"USA59","El Paso (TX)","T_T_SH_NAT","Share of population  in metropolitan area over the national value","2004","2004","RATIO","Ratio","0","Units",,,0.3,,
"USA59","El Paso (TX)","T_T_SH_NAT","Share of population  in metropolitan area over the national value","2005","2005","RATIO","Ratio","0","Units",,,0.3,,
"USA59","El Paso (TX)","T_T_SH_NAT","Share of population  in metropolitan area over the national value","2006","2006","RATIO","Ratio","0","Units",,,0.3,,
"USA59","El Paso (TX)","T_T_SH_NAT","Share of population  in metropolitan area over the national value","2007","2007","RATIO","Ratio","0","Units",,,0.3,,
"USA59","El Paso (TX)","T_T_SH_NAT","Share of population  in metropolitan area over the national value","2008","2008","RATIO","Ratio","0","Units",,,0.3,,
"USA59","El Paso (TX)","T_T_SH_NAT","Share of population  in metropolitan area over the national value","2009","2009","RATIO","Ratio","0","Units",,,0.3,,
"USA59","El Paso (TX)","T_T_SH_NAT","Share of population  in metropolitan area over the national value","2010","2010","RATIO","Ratio","0","Units",,,0.3,,
"USA59","El Paso (TX)","T_T_SH_NAT","Share of population  in metropolitan area over the national value","2011","2011","RATIO","Ratio","0","Units",,,0.3,,
"USA59","El Paso (TX)","T_T_SH_NAT","Share of population  in metropolitan area over the national value","2012","2012","RATIO","Ratio","0","Units",,,0.3,,
"USA59","El Paso (TX)","T_T_SH_NAT","Share of population  in metropolitan area over the national value","2013","2013","RATIO","Ratio","0","Units",,,0.3,,
"USA59","El Paso (TX)","T_T_SH_NAT","Share of population  in metropolitan area over the national value","2014","2014","RATIO","Ratio","0","Units",,,0.3,,
"USA59","El Paso (TX)","T_T_SH_NAT","Share of population  in metropolitan area over the national value","2015","2015","RATIO","Ratio","0","Units",,,0.3,,
"USA59","El Paso (TX)","T_T_SH_NAT","Share of population  in metropolitan area over the national value","2016","2016","RATIO","Ratio","0","Units",,,0.3,,
"USA29","Sacramento","POP_DEN","Population density (pop. per km2)","2000","2000","PER","Persons","0","Units",,,131,,
"USA29","Sacramento","POP_DEN","Population density (pop. per km2)","2001","2001","PER","Persons","0","Units",,,136,,
"USA29","Sacramento","POP_DEN","Population density (pop. per km2)","2002","2002","PER","Persons","0","Units",,,140,,
"USA29","Sacramento","POP_DEN","Population density (pop. per km2)","2003","2003","PER","Persons","0","Units",,,143,,
"USA29","Sacramento","POP_DEN","Population density (pop. per km2)","2004","2004","PER","Persons","0","Units",,,146,,
"USA29","Sacramento","POP_DEN","Population density (pop. per km2)","2005","2005","PER","Persons","0","Units",,,148,,
"USA29","Sacramento","POP_DEN","Population density (pop. per km2)","2006","2006","PER","Persons","0","Units",,,150,,
"USA29","Sacramento","POP_DEN","Population density (pop. per km2)","2007","2007","PER","Persons","0","Units",,,151,,
"USA29","Sacramento","POP_DEN","Population density (pop. per km2)","2008","2008","PER","Persons","0","Units",,,153,,
"USA29","Sacramento","POP_DEN","Population density (pop. per km2)","2009","2009","PER","Persons","0","Units",,,155,,
"USA29","Sacramento","POP_DEN","Population density (pop. per km2)","2010","2010","PER","Persons","0","Units",,,156,,
"USA29","Sacramento","POP_DEN","Population density (pop. per km2)","2011","2011","PER","Persons","0","Units",,,158,,
"USA29","Sacramento","POP_DEN","Population density (pop. per km2)","2012","2012","PER","Persons","0","Units",,,159,,
"USA29","Sacramento","POP_DEN","Population density (pop. per km2)","2013","2013","PER","Persons","0","Units",,,161,,
"USA29","Sacramento","POP_DEN","Population density (pop. per km2)","2014","2014","PER","Persons","0","Units",,,163,,
"USA29","Sacramento","POP_DEN","Population density (pop. per km2)","2015","2015","PER","Persons","0","Units",,,165,,
"USA29","Sacramento","POP_DEN","Population density (pop. per km2)","2016","2016","PER","Persons","0","Units",,,167,,
"DE548","Duren, Stadt","T_T_SH_NAT","Share of population  in metropolitan area over the national value","2001","2001","RATIO","Ratio","0","Units",,,0.3,,
"DE548","Duren, Stadt","T_T_SH_NAT","Share of population  in metropolitan area over the national value","2002","2002","RATIO","Ratio","0","Units",,,0.3,,
"DE548","Duren, Stadt","T_T_SH_NAT","Share of population  in metropolitan area over the national value","2003","2003","RATIO","Ratio","0","Units",,,0.3,,
"DE548","Duren, Stadt","T_T_SH_NAT","Share of population  in metropolitan area over the national value","2004","2004","RATIO","Ratio","0","Units",,,0.3,,
"DE548","Duren, Stadt","T_T_SH_NAT","Share of population  in metropolitan area over the national value","2005","2005","RATIO","Ratio","0","Units",,,0.3,,
"DE548","Duren, Stadt","T_T_SH_NAT","Share of population  in metropolitan area over the national value","2006","2006","RATIO","Ratio","0","Units",,,0.3,,
"DE548","Duren, Stadt","T_T_SH_NAT","Share of population  in metropolitan area over the national value","2007","2007","RATIO","Ratio","0","Units",,,0.3,,
"DE548","Duren, Stadt","T_T_SH_NAT","Share of population  in metropolitan area over the national value","2008","2008","RATIO","Ratio","0","Units",,,0.3,,
"DE548","Duren, Stadt","T_T_SH_NAT","Share of population  in metropolitan area over the national value","2009","2009","RATIO","Ratio","0","Units",,,0.3,,
"DE548","Duren, Stadt","T_T_SH_NAT","Share of population  in metropolitan area over the national value","2010","2010","RATIO","Ratio","0","Units",,,0.3,,
"DE548","Duren, Stadt","T_T_SH_NAT","Share of population  in metropolitan area over the national value","2011","2011","RATIO","Ratio","0","Units",,,0.3,,
"DE548","Duren, Stadt","T_T_SH_NAT","Share of population  in metropolitan area over the national value","2012","2012","RATIO","Ratio","0","Units",,,0.3,,
"DE548","Duren, Stadt","T_T_SH_NAT","Share of population  in metropolitan area over the national value","2013","2013","RATIO","Ratio","0","Units",,,0.3,,
"DE548","Duren, Stadt","T_T_SH_NAT","Share of population  in metropolitan area over the national value","2014","2014","RATIO","Ratio","0","Units",,,0.3,,
"DE548","Duren, Stadt","T_T_SH_NAT","Share of population  in metropolitan area over the national value","2015","2015","RATIO","Ratio","0","Units",,,0.3,,
"DE548","Duren, Stadt","T_T_SH_NAT","Share of population  in metropolitan area over the national value","2016","2016","RATIO","Ratio","0","Units",,,0.3,,
"FR036","Angers","T_T_SH_NAT","Share of population  in metropolitan area over the national value","2001","2001","RATIO","Ratio","0","Units",,,0.6,,
"FR036","Angers","T_T_SH_NAT","Share of population  in metropolitan area over the national value","2002","2002","RATIO","Ratio","0","Units",,,0.6,,
"FR036","Angers","T_T_SH_NAT","Share of population  in metropolitan area over the national value","2003","2003","RATIO","Ratio","0","Units",,,0.6,,
"FR036","Angers","T_T_SH_NAT","Share of population  in metropolitan area over the national value","2004","2004","RATIO","Ratio","0","Units",,,0.6,,
"FR036","Angers","T_T_SH_NAT","Share of population  in metropolitan area over the national value","2005","2005","RATIO","Ratio","0","Units",,,0.6,,
"FR036","Angers","T_T_SH_NAT","Share of population  in metropolitan area over the national value","2006","2006","RATIO","Ratio","0","Units",,,0.6,,
"FR036","Angers","T_T_SH_NAT","Share of population  in metropolitan area over the national value","2007","2007","RATIO","Ratio","0","Units",,,0.6,,
"FR036","Angers","T_T_SH_NAT","Share of population  in metropolitan area over the national value","2008","2008","RATIO","Ratio","0","Units",,,0.6,,
"FR036","Angers","T_T_SH_NAT","Share of population  in metropolitan area over the national value","2009","2009","RATIO","Ratio","0","Units",,,0.6,,
"FR036","Angers","T_T_SH_NAT","Share of population  in metropolitan area over the national value","2010","2010","RATIO","Ratio","0","Units",,,0.6,,
"FR036","Angers","T_T_SH_NAT","Share of population  in metropolitan area over the national value","2011","2011","RATIO","Ratio","0","Units",,,0.6,,
"FR036","Angers","T_T_SH_NAT","Share of population  in metropolitan area over the national value","2012","2012","RATIO","Ratio","0","Units",,,0.6,,
"FR036","Angers","T_T_SH_NAT","Share of population  in metropolitan area over the national value","2013","2013","RATIO","Ratio","0","Units",,,0.6,,
"FR036","Angers","T_T_SH_NAT","Share of population  in metropolitan area over the national value","2014","2014","RATIO","Ratio","0","Units",,,0.6,,
"FR036","Angers","T_T_SH_NAT","Share of population  in metropolitan area over the national value","2015","2015","RATIO","Ratio","0","Units",,,0.6,,
"JPN48","Hakodate","T_T","Population, All ages. Administrative data","2000","2000","PER","Persons","0","Units",,,380458,,
"JPN48","Hakodate","T_T","Population, All ages. Administrative data","2001","2001","PER","Persons","0","Units",,,378494,,
"JPN48","Hakodate","T_T","Population, All ages. Administrative data","2002","2002","PER","Persons","0","Units",,,376529,,
"JPN48","Hakodate","T_T","Population, All ages. Administrative data","2003","2003","PER","Persons","0","Units",,,374564,,
"JPN48","Hakodate","T_T","Population, All ages. Administrative data","2004","2004","PER","Persons","0","Units",,,372599,,
"JPN48","Hakodate","T_T","Population, All ages. Administrative data","2005","2005","PER","Persons","0","Units",,,370635,,
"JPN48","Hakodate","T_T","Population, All ages. Administrative data","2006","2006","PER","Persons","0","Units",,,367502,,
"JPN48","Hakodate","T_T","Population, All ages. Administrative data","2007","2007","PER","Persons","0","Units",,,364370,,
"JPN48","Hakodate","T_T","Population, All ages. Administrative data","2008","2008","PER","Persons","0","Units",,,361238,,
"JPN48","Hakodate","T_T","Population, All ages. Administrative data","2009","2009","PER","Persons","0","Units",,,358106,,
"JPN48","Hakodate","T_T","Population, All ages. Administrative data","2010","2010","PER","Persons","0","Units",,,354973,,
"JPN48","Hakodate","T_T","Population, All ages. Administrative data","2011","2011","PER","Persons","0","Units",,,351919,,
"JPN48","Hakodate","T_T","Population, All ages. Administrative data","2012","2012","PER","Persons","0","Units",,,348865,,
"JPN48","Hakodate","T_T","Population, All ages. Administrative data","2013","2013","PER","Persons","0","Units",,,345811,,
"JPN48","Hakodate","T_T","Population, All ages. Administrative data","2014","2014","PER","Persons","0","Units",,,342757,,
"JPN48","Hakodate","T_T","Population, All ages. Administrative data","2015","2015","PER","Persons","0","Units",,,339703,,
"MEX39","Orizaba","T_T","Population, All ages. Administrative data","2000","2000","PER","Persons","0","Units",,,420952,,
"MEX39","Orizaba","T_T","Population, All ages. Administrative data","2005","2005","PER","Persons","0","Units",,,415420,,
"MEX39","Orizaba","T_T","Population, All ages. Administrative data","2010","2010","PER","Persons","0","Units",,,448487,,
"MEX39","Orizaba","T_T","Population, All ages. Administrative data","2015","2015","PER","Persons","0","Units",,,512419,,
"MEX57","La Paz","POP_DEN","Population density (pop. per km2)","2000","2000","PER","Persons","0","Units",,,13,,
"MEX57","La Paz","POP_DEN","Population density (pop. per km2)","2005","2005","PER","Persons","0","Units",,,13,,
"MEX57","La Paz","POP_DEN","Population density (pop. per km2)","2010","2010","PER","Persons","0","Units",,,16,,
"MEX57","La Paz","POP_DEN","Population density (pop. per km2)","2015","2015","PER","Persons","0","Units",,,19,,
"SK002","Kosice","T_T_SH_NAT","Share of population  in metropolitan area over the national value","2001","2001","RATIO","Ratio","0","Units",,,6.4,,
"SK002","Kosice","T_T_SH_NAT","Share of population  in metropolitan area over the national value","2002","2002","RATIO","Ratio","0","Units",,,6.4,,
"SK002","Kosice","T_T_SH_NAT","Share of population  in metropolitan area over the national value","2003","2003","RATIO","Ratio","0","Units",,,6.4,,
"SK002","Kosice","T_T_SH_NAT","Share of population  in metropolitan area over the national value","2004","2004","RATIO","Ratio","0","Units",,,6.4,,
"SK002","Kosice","T_T_SH_NAT","Share of population  in metropolitan area over the national value","2005","2005","RATIO","Ratio","0","Units",,,6.4,,
"SK002","Kosice","T_T_SH_NAT","Share of population  in metropolitan area over the national value","2006","2006","RATIO","Ratio","0","Units",,,6.5,,
"SK002","Kosice","T_T_SH_NAT","Share of population  in metropolitan area over the national value","2007","2007","RATIO","Ratio","0","Units",,,6.5,,
"SK002","Kosice","T_T_SH_NAT","Share of population  in metropolitan area over the national value","2008","2008","RATIO","Ratio","0","Units",,,6.5,,
"SK002","Kosice","T_T_SH_NAT","Share of population  in metropolitan area over the national value","2009","2009","RATIO","Ratio","0","Units",,,6.5,,
"SK002","Kosice","T_T_SH_NAT","Share of population  in metropolitan area over the national value","2010","2010","RATIO","Ratio","0","Units",,,6.5,,
"SK002","Kosice","T_T_SH_NAT","Share of population  in metropolitan area over the national value","2011","2011","RATIO","Ratio","0","Units",,,6.7,,
"SK002","Kosice","T_T_SH_NAT","Share of population  in metropolitan area over the national value","2012","2012","RATIO","Ratio","0","Units",,,6.7,,
"SK002","Kosice","T_T_SH_NAT","Share of population  in metropolitan area over the national value","2013","2013","RATIO","Ratio","0","Units",,,6.7,,
"SK002","Kosice","T_T_SH_NAT","Share of population  in metropolitan area over the national value","2014","2014","RATIO","Ratio","0","Units",,,6.7,,
"SK002","Kosice","T_T_SH_NAT","Share of population  in metropolitan area over the national value","2015","2015","RATIO","Ratio","0","Units",,,6.7,,
"SK002","Kosice","T_T_SH_NAT","Share of population  in metropolitan area over the national value","2016","2016","RATIO","Ratio","0","Units",,,6.7,,
"JPN39","Fukushima","POP_DEN","Population density (pop. per km2)","2000","2000","PER","Persons","0","Units",,,301,,
"JPN39","Fukushima","POP_DEN","Population density (pop. per km2)","2001","2001","PER","Persons","0","Units",,,300,,
"JPN39","Fukushima","POP_DEN","Population density (pop. per km2)","2002","2002","PER","Persons","0","Units",,,299,,
"JPN39","Fukushima","POP_DEN","Population density (pop. per km2)","2003","2003","PER","Persons","0","Units",,,298,,
"JPN39","Fukushima","POP_DEN","Population density (pop. per km2)","2004","2004","PER","Persons","0","Units",,,297,,
"JPN39","Fukushima","POP_DEN","Population density (pop. per km2)","2005","2005","PER","Persons","0","Units",,,296,,
"JPN39","Fukushima","POP_DEN","Population density (pop. per km2)","2006","2006","PER","Persons","0","Units",,,294,,
"JPN39","Fukushima","POP_DEN","Population density (pop. per km2)","2007","2007","PER","Persons","0","Units",,,292,,
"JPN39","Fukushima","POP_DEN","Population density (pop. per km2)","2008","2008","PER","Persons","0","Units",,,290,,
"JPN39","Fukushima","POP_DEN","Population density (pop. per km2)","2009","2009","PER","Persons","0","Units",,,288,,
"JPN39","Fukushima","POP_DEN","Population density (pop. per km2)","2010","2010","PER","Persons","0","Units",,,285,,
"JPN39","Fukushima","POP_DEN","Population density (pop. per km2)","2011","2011","PER","Persons","0","Units",,,284,,
"JPN39","Fukushima","POP_DEN","Population density (pop. per km2)","2012","2012","PER","Persons","0","Units",,,284,,
"JPN39","Fukushima","POP_DEN","Population density (pop. per km2)","2013","2013","PER","Persons","0","Units",,,283,,
"JPN39","Fukushima","POP_DEN","Population density (pop. per km2)","2014","2014","PER","Persons","0","Units",,,282,,
"JPN39","Fukushima","POP_DEN","Population density (pop. per km2)","2015","2015","PER","Persons","0","Units",,,281,,
"DE019","Magdeburg","T_T","Population, All ages. Administrative data","2001","2001","PER","Persons","0","Units",,,538825,,
"DE019","Magdeburg","T_T","Population, All ages. Administrative data","2002","2002","PER","Persons","0","Units",,,533891,,
"DE019","Magdeburg","T_T","Population, All ages. Administrative data","2003","2003","PER","Persons","0","Units",,,529929,,
"DE019","Magdeburg","T_T","Population, All ages. Administrative data","2004","2004","PER","Persons","0","Units",,,526530,,
"DE019","Magdeburg","T_T","Population, All ages. Administrative data","2005","2005","PER","Persons","0","Units",,,522757,,
"DE019","Magdeburg","T_T","Population, All ages. Administrative data","2006","2006","PER","Persons","0","Units",,,521701,,
"DE019","Magdeburg","T_T","Population, All ages. Administrative data","2007","2007","PER","Persons","0","Units",,,518839,,
"DE019","Magdeburg","T_T","Population, All ages. Administrative data","2008","2008","PER","Persons","0","Units",,,515373,,
"DE019","Magdeburg","T_T","Population, All ages. Administrative data","2009","2009","PER","Persons","0","Units",,,511114,,
"DE019","Magdeburg","T_T","Population, All ages. Administrative data","2010","2010","PER","Persons","0","Units",,,508587,,
"DE019","Magdeburg","T_T","Population, All ages. Administrative data","2011","2011","PER","Persons","0","Units",,,499109,,
"DE019","Magdeburg","T_T","Population, All ages. Administrative data","2012","2012","PER","Persons","0","Units",,,497412,,
"DE019","Magdeburg","T_T","Population, All ages. Administrative data","2013","2013","PER","Persons","0","Units",,,496349,,
"DE019","Magdeburg","T_T","Population, All ages. Administrative data","2014","2014","PER","Persons","0","Units",,,495751,,
"DE019","Magdeburg","T_T","Population, All ages. Administrative data","2015","2015","PER","Persons","0","Units",,,496542,,
"DE019","Magdeburg","T_T","Population, All ages. Administrative data","2016","2016","PER","Persons","0","Units",,,500935,,
"AUS14","Geelong","POP_DEN","Population density (pop. per km2)","2001","2001","PER","Persons","0","Units",,,50,,
"AUS14","Geelong","POP_DEN","Population density (pop. per km2)","2002","2002","PER","Persons","0","Units",,,51,,
"AUS14","Geelong","POP_DEN","Population density (pop. per km2)","2003","2003","PER","Persons","0","Units",,,52,,
"AUS14","Geelong","POP_DEN","Population density (pop. per km2)","2004","2004","PER","Persons","0","Units",,,52,,
"AUS14","Geelong","POP_DEN","Population density (pop. per km2)","2005","2005","PER","Persons","0","Units",,,53,,
"AUS14","Geelong","POP_DEN","Population density (pop. per km2)","2006","2006","PER","Persons","0","Units",,,53,,
"AUS14","Geelong","POP_DEN","Population density (pop. per km2)","2007","2007","PER","Persons","0","Units",,,54,,
"AUS14","Geelong","POP_DEN","Population density (pop. per km2)","2008","2008","PER","Persons","0","Units",,,55,,
"AUS14","Geelong","POP_DEN","Population density (pop. per km2)","2009","2009","PER","Persons","0","Units",,,56,,
"AUS14","Geelong","POP_DEN","Population density (pop. per km2)","2010","2010","PER","Persons","0","Units",,,57,,
"AUS14","Geelong","POP_DEN","Population density (pop. per km2)","2011","2011","PER","Persons","0","Units",,,58,,
"AUS14","Geelong","POP_DEN","Population density (pop. per km2)","2012","2012","PER","Persons","0","Units",,,59,,
"AUS14","Geelong","POP_DEN","Population density (pop. per km2)","2013","2013","PER","Persons","0","Units",,,60,,
"AUS14","Geelong","POP_DEN","Population density (pop. per km2)","2014","2014","PER","Persons","0","Units",,,61,,
"AUS14","Geelong","POP_DEN","Population density (pop. per km2)","2015","2015","PER","Persons","0","Units",,,63,,
"AUS14","Geelong","POP_DEN","Population density (pop. per km2)","2016","2016","PER","Persons","0","Units",,,64,,
"FR026","Grenoble","T_T","Population, All ages. Administrative data","2000","2000","PER","Persons","0","Units",,,617824,,
"FR026","Grenoble","T_T","Population, All ages. Administrative data","2001","2001","PER","Persons","0","Units",,,620788,,
"FR026","Grenoble","T_T","Population, All ages. Administrative data","2002","2002","PER","Persons","0","Units",,,623752,,
"FR026","Grenoble","T_T","Population, All ages. Administrative data","2003","2003","PER","Persons","0","Units",,,626716,,
"FR026","Grenoble","T_T","Population, All ages. Administrative data","2004","2004","PER","Persons","0","Units",,,629680,,
"FR026","Grenoble","T_T","Population, All ages. Administrative data","2005","2005","PER","Persons","0","Units",,,632644,,
"FR026","Grenoble","T_T","Population, All ages. Administrative data","2006","2006","PER","Persons","0","Units",,,635608,,
"FR026","Grenoble","T_T","Population, All ages. Administrative data","2007","2007","PER","Persons","0","Units",,,638572,,
"FR026","Grenoble","T_T","Population, All ages. Administrative data","2008","2008","PER","Persons","0","Units",,,641536,,
"FR026","Grenoble","T_T","Population, All ages. Administrative data","2009","2009","PER","Persons","0","Units",,,644500,,
"FR026","Grenoble","T_T","Population, All ages. Administrative data","2010","2010","PER","Persons","0","Units",,,648681,,
"FR026","Grenoble","T_T","Population, All ages. Administrative data","2011","2011","PER","Persons","0","Units",,,652861,,
"FR026","Grenoble","T_T","Population, All ages. Administrative data","2012","2012","PER","Persons","0","Units",,,657041,,
"FR026","Grenoble","T_T","Population, All ages. Administrative data","2013","2013","PER","Persons","0","Units",,,661221,,
"FR026","Grenoble","T_T","Population, All ages. Administrative data","2014","2014","PER","Persons","0","Units",,,665402,,
"FR026","Grenoble","T_T","Population, All ages. Administrative data","2015","2015","PER","Persons","0","Units",,,657900,,
"KOR07","Ulsan","T_T","Population, All ages. Administrative data","2000","2000","PER","Persons","0","Units",,,836380,,
"KOR07","Ulsan","T_T","Population, All ages. Administrative data","2001","2001","PER","Persons","0","Units",,,844965,,
"KOR07","Ulsan","T_T","Population, All ages. Administrative data","2002","2002","PER","Persons","0","Units",,,853550,,
"KOR07","Ulsan","T_T","Population, All ages. Administrative data","2003","2003","PER","Persons","0","Units",,,862135,,
"KOR07","Ulsan","T_T","Population, All ages. Administrative data","2004","2004","PER","Persons","0","Units",,,870720,,
"KOR07","Ulsan","T_T","Population, All ages. Administrative data","2005","2005","PER","Persons","0","Units",,,879305,,
"KOR07","Ulsan","T_T","Population, All ages. Administrative data","2006","2006","PER","Persons","0","Units",,,887889,,
"KOR07","Ulsan","T_T","Population, All ages. Administrative data","2007","2007","PER","Persons","0","Units",,,896474,,
"KOR07","Ulsan","T_T","Population, All ages. Administrative data","2008","2008","PER","Persons","0","Units",,,905059,,
"KOR07","Ulsan","T_T","Population, All ages. Administrative data","2009","2009","PER","Persons","0","Units",,,913644,,
"KOR07","Ulsan","T_T","Population, All ages. Administrative data","2010","2010","PER","Persons","0","Units",,,922229,,
"KOR07","Ulsan","T_T","Population, All ages. Administrative data","2011","2011","PER","Persons","0","Units",,,930814,,
"KOR07","Ulsan","T_T","Population, All ages. Administrative data","2012","2012","PER","Persons","0","Units",,,939416,,
"KOR07","Ulsan","T_T","Population, All ages. Administrative data","2013","2013","PER","Persons","0","Units",,,947834,,
"KOR07","Ulsan","T_T","Population, All ages. Administrative data","2014","2014","PER","Persons","0","Units",,,951985,,
"KOR07","Ulsan","T_T","Population, All ages. Administrative data","2015","2015","PER","Persons","0","Units",,,954105,,
"KOR07","Ulsan","T_T","Population, All ages. Administrative data","2016","2016","PER","Persons","0","Units",,,953049,,
"JPN18","Oita","POP_DEN","Population density (pop. per km2)","2000","2000","PER","Persons","0","Units",,,380,,
"JPN18","Oita","POP_DEN","Population density (pop. per km2)","2001","2001","PER","Persons","0","Units",,,381,,
"JPN18","Oita","POP_DEN","Population density (pop. per km2)","2002","2002","PER","Persons","0","Units",,,381,,
"JPN18","Oita","POP_DEN","Population density (pop. per km2)","2003","2003","PER","Persons","0","Units",,,382,,
"JPN18","Oita","POP_DEN","Population density (pop. per km2)","2004","2004","PER","Persons","0","Units",,,382,,
"JPN18","Oita","POP_DEN","Population density (pop. per km2)","2005","2005","PER","Persons","0","Units",,,383,,
"JPN18","Oita","POP_DEN","Population density (pop. per km2)","2006","2006","PER","Persons","0","Units",,,383,,
"JPN18","Oita","POP_DEN","Population density (pop. per km2)","2007","2007","PER","Persons","0","Units",,,383,,
"JPN18","Oita","POP_DEN","Population density (pop. per km2)","2008","2008","PER","Persons","0","Units",,,384,,
"JPN18","Oita","POP_DEN","Population density (pop. per km2)","2009","2009","PER","Persons","0","Units",,,384,,
"JPN18","Oita","POP_DEN","Population density (pop. per km2)","2010","2010","PER","Persons","0","Units",,,384,,
"JPN18","Oita","POP_DEN","Population density (pop. per km2)","2011","2011","PER","Persons","0","Units",,,383,,
"JPN18","Oita","POP_DEN","Population density (pop. per km2)","2012","2012","PER","Persons","0","Units",,,382,,
"JPN18","Oita","POP_DEN","Population density (pop. per km2)","2013","2013","PER","Persons","0","Units",,,381,,
"JPN18","Oita","POP_DEN","Population density (pop. per km2)","2014","2014","PER","Persons","0","Units",,,381,,
"JPN18","Oita","POP_DEN","Population density (pop. per km2)","2015","2015","PER","Persons","0","Units",,,380,,
"USA127","Madison","T_T_SH_NAT","Share of population  in metropolitan area over the national value","2001","2001","RATIO","Ratio","0","Units",,,0.1,,
"USA127","Madison","T_T_SH_NAT","Share of population  in metropolitan area over the national value","2002","2002","RATIO","Ratio","0","Units",,,0.1,,
"USA127","Madison","T_T_SH_NAT","Share of population  in metropolitan area over the national value","2003","2003","RATIO","Ratio","0","Units",,,0.1,,
"USA127","Madison","T_T_SH_NAT","Share of population  in metropolitan area over the national value","2004","2004","RATIO","Ratio","0","Units",,,0.1,,
"USA127","Madison","T_T_SH_NAT","Share of population  in metropolitan area over the national value","2005","2005","RATIO","Ratio","0","Units",,,0.1,,
"USA127","Madison","T_T_SH_NAT","Share of population  in metropolitan area over the national value","2006","2006","RATIO","Ratio","0","Units",,,0.1,,
"USA127","Madison","T_T_SH_NAT","Share of population  in metropolitan area over the national value","2007","2007","RATIO","Ratio","0","Units",,,0.1,,
"USA127","Madison","T_T_SH_NAT","Share of population  in metropolitan area over the national value","2008","2008","RATIO","Ratio","0","Units",,,0.1,,
"USA127","Madison","T_T_SH_NAT","Share of population  in metropolitan area over the national value","2009","2009","RATIO","Ratio","0","Units",,,0.1,,
"USA127","Madison","T_T_SH_NAT","Share of population  in metropolitan area over the national value","2010","2010","RATIO","Ratio","0","Units",,,0.1,,
"USA127","Madison","T_T_SH_NAT","Share of population  in metropolitan area over the national value","2011","2011","RATIO","Ratio","0","Units",,,0.1,,
"USA127","Madison","T_T_SH_NAT","Share of population  in metropolitan area over the national value","2012","2012","RATIO","Ratio","0","Units",,,0.1,,
"USA127","Madison","T_T_SH_NAT","Share of population  in metropolitan area over the national value","2013","2013","RATIO","Ratio","0","Units",,,0.1,,
"USA127","Madison","T_T_SH_NAT","Share of population  in metropolitan area over the national value","2014","2014","RATIO","Ratio","0","Units",,,0.1,,
"USA127","Madison","T_T_SH_NAT","Share of population  in metropolitan area over the national value","2015","2015","RATIO","Ratio","0","Units",,,0.1,,
"USA127","Madison","T_T_SH_NAT","Share of population  in metropolitan area over the national value","2016","2016","RATIO","Ratio","0","Units",,,0.1,,
"JPN43","Akita","T_T","Population, All ages. Administrative data","2000","2000","PER","Persons","0","Units",,,436427,,
"JPN43","Akita","T_T","Population, All ages. Administrative data","2001","2001","PER","Persons","0","Units",,,434904,,
"JPN43","Akita","T_T","Population, All ages. Administrative data","2002","2002","PER","Persons","0","Units",,,433381,,
"JPN43","Akita","T_T","Population, All ages. Administrative data","2003","2003","PER","Persons","0","Units",,,431859,,
"JPN43","Akita","T_T","Population, All ages. Administrative data","2004","2004","PER","Persons","0","Units",,,430336,,
"JPN43","Akita","T_T","Population, All ages. Administrative data","2005","2005","PER","Persons","0","Units",,,428813,,
"JPN43","Akita","T_T","Population, All ages. Administrative data","2006","2006","PER","Persons","0","Units",,,425421,,
"JPN43","Akita","T_T","Population, All ages. Administrative data","2007","2007","PER","Persons","0","Units",,,422029,,
"JPN43","Akita","T_T","Population, All ages. Administrative data","2008","2008","PER","Persons","0","Units",,,418636,,
"JPN43","Akita","T_T","Population, All ages. Administrative data","2009","2009","PER","Persons","0","Units",,,415244,,
"JPN43","Akita","T_T","Population, All ages. Administrative data","2010","2010","PER","Persons","0","Units",,,411852,,
"JPN43","Akita","T_T","Population, All ages. Administrative data","2011","2011","PER","Persons","0","Units",,,407832,,
"JPN43","Akita","T_T","Population, All ages. Administrative data","2012","2012","PER","Persons","0","Units",,,403814,,
"JPN43","Akita","T_T","Population, All ages. Administrative data","2013","2013","PER","Persons","0","Units",,,399793,,
"JPN43","Akita","T_T","Population, All ages. Administrative data","2014","2014","PER","Persons","0","Units",,,395775,,
"JPN43","Akita","T_T","Population, All ages. Administrative data","2015","2015","PER","Persons","0","Units",,,391755,,
"DE548","Duren, Stadt","T_T","Population, All ages. Administrative data","2001","2001","PER","Persons","0","Units",,,266987,,
"DE548","Duren, Stadt","T_T","Population, All ages. Administrative data","2002","2002","PER","Persons","0","Units",,,269482,,
"DE548","Duren, Stadt","T_T","Population, All ages. Administrative data","2003","2003","PER","Persons","0","Units",,,270874,,
"DE548","Duren, Stadt","T_T","Population, All ages. Administrative data","2004","2004","PER","Persons","0","Units",,,271337,,
"DE548","Duren, Stadt","T_T","Population, All ages. Administrative data","2005","2005","PER","Persons","0","Units",,,271310,,
"DE548","Duren, Stadt","T_T","Population, All ages. Administrative data","2006","2006","PER","Persons","0","Units",,,270883,,
"DE548","Duren, Stadt","T_T","Population, All ages. Administrative data","2007","2007","PER","Persons","0","Units",,,269335,,
"DE548","Duren, Stadt","T_T","Population, All ages. Administrative data","2008","2008","PER","Persons","0","Units",,,269143,,
"DE548","Duren, Stadt","T_T","Population, All ages. Administrative data","2009","2009","PER","Persons","0","Units",,,268032,,
"DE548","Duren, Stadt","T_T","Population, All ages. Administrative data","2010","2010","PER","Persons","0","Units",,,267068,,
"DE548","Duren, Stadt","T_T","Population, All ages. Administrative data","2011","2011","PER","Persons","0","Units",,,257578,,
"DE548","Duren, Stadt","T_T","Population, All ages. Administrative data","2012","2012","PER","Persons","0","Units",,,257018,,
"DE548","Duren, Stadt","T_T","Population, All ages. Administrative data","2013","2013","PER","Persons","0","Units",,,257144,,
"DE548","Duren, Stadt","T_T","Population, All ages. Administrative data","2014","2014","PER","Persons","0","Units",,,256880,,
"DE548","Duren, Stadt","T_T","Population, All ages. Administrative data","2015","2015","PER","Persons","0","Units",,,257565,,
"DE548","Duren, Stadt","T_T","Population, All ages. Administrative data","2016","2016","PER","Persons","0","Units",,,261298,,
"USA61","Worcester","T_T_SH_NAT","Share of population  in metropolitan area over the national value","2001","2001","RATIO","Ratio","0","Units",,,0.3,,
"USA61","Worcester","T_T_SH_NAT","Share of population  in metropolitan area over the national value","2002","2002","RATIO","Ratio","0","Units",,,0.3,,
"USA61","Worcester","T_T_SH_NAT","Share of population  in metropolitan area over the national value","2003","2003","RATIO","Ratio","0","Units",,,0.3,,
"USA61","Worcester","T_T_SH_NAT","Share of population  in metropolitan area over the national value","2004","2004","RATIO","Ratio","0","Units",,,0.3,,
"USA61","Worcester","T_T_SH_NAT","Share of population  in metropolitan area over the national value","2005","2005","RATIO","Ratio","0","Units",,,0.3,,
"USA61","Worcester","T_T_SH_NAT","Share of population  in metropolitan area over the national value","2006","2006","RATIO","Ratio","0","Units",,,0.3,,
"USA61","Worcester","T_T_SH_NAT","Share of population  in metropolitan area over the national value","2007","2007","RATIO","Ratio","0","Units",,,0.3,,
"USA61","Worcester","T_T_SH_NAT","Share of population  in metropolitan area over the national value","2008","2008","RATIO","Ratio","0","Units",,,0.3,,
"USA61","Worcester","T_T_SH_NAT","Share of population  in metropolitan area over the national value","2009","2009","RATIO","Ratio","0","Units",,,0.3,,
"USA61","Worcester","T_T_SH_NAT","Share of population  in metropolitan area over the national value","2010","2010","RATIO","Ratio","0","Units",,,0.3,,
"USA61","Worcester","T_T_SH_NAT","Share of population  in metropolitan area over the national value","2011","2011","RATIO","Ratio","0","Units",,,0.3,,
"USA61","Worcester","T_T_SH_NAT","Share of population  in metropolitan area over the national value","2012","2012","RATIO","Ratio","0","Units",,,0.3,,
"USA61","Worcester","T_T_SH_NAT","Share of population  in metropolitan area over the national value","2013","2013","RATIO","Ratio","0","Units",,,0.3,,
"USA61","Worcester","T_T_SH_NAT","Share of population  in metropolitan area over the national value","2014","2014","RATIO","Ratio","0","Units",,,0.3,,
"USA61","Worcester","T_T_SH_NAT","Share of population  in metropolitan area over the national value","2015","2015","RATIO","Ratio","0","Units",,,0.3,,
"USA61","Worcester","T_T_SH_NAT","Share of population  in metropolitan area over the national value","2016","2016","RATIO","Ratio","0","Units",,,0.3,,
"ES007","Murcia","POP_DEN","Population density (pop. per km2)","2000","2000","PER","Persons","0","Units",,,403,,
"ES007","Murcia","POP_DEN","Population density (pop. per km2)","2001","2001","PER","Persons","0","Units",,,410,,
"ES007","Murcia","POP_DEN","Population density (pop. per km2)","2002","2002","PER","Persons","0","Units",,,417,,
"ES007","Murcia","POP_DEN","Population density (pop. per km2)","2003","2003","PER","Persons","0","Units",,,424,,
"ES007","Murcia","POP_DEN","Population density (pop. per km2)","2004","2004","PER","Persons","0","Units",,,431,,
"ES007","Murcia","POP_DEN","Population density (pop. per km2)","2005","2005","PER","Persons","0","Units",,,438,,
"ES007","Murcia","POP_DEN","Population density (pop. per km2)","2006","2006","PER","Persons","0","Units",,,445,,
"ES007","Murcia","POP_DEN","Population density (pop. per km2)","2007","2007","PER","Persons","0","Units",,,452,,
"ES007","Murcia","POP_DEN","Population density (pop. per km2)","2008","2008","PER","Persons","0","Units",,,458,,
"ES007","Murcia","POP_DEN","Population density (pop. per km2)","2009","2009","PER","Persons","0","Units",,,465,,
"ES007","Murcia","POP_DEN","Population density (pop. per km2)","2010","2010","PER","Persons","0","Units",,,472,,
"ES007","Murcia","POP_DEN","Population density (pop. per km2)","2011","2011","PER","Persons","0","Units",,,479,,
"ES007","Murcia","POP_DEN","Population density (pop. per km2)","2012","2012","PER","Persons","0","Units",,,486,,
"ES007","Murcia","POP_DEN","Population density (pop. per km2)","2013","2013","PER","Persons","0","Units",,,493,,
"ES007","Murcia","POP_DEN","Population density (pop. per km2)","2014","2014","PER","Persons","0","Units",,,500,,
"ES007","Murcia","POP_DEN","Population density (pop. per km2)","2015","2015","PER","Persons","0","Units",,,506,,
"ES007","Murcia","POP_DEN","Population density (pop. per km2)","2016","2016","PER","Persons","0","Units",,,513,,
"CL011","Santiago","POP_DEN","Population density (pop. per km2)","2000","2000","PER","Persons","0","Units",,,523,,
"CL011","Santiago","POP_DEN","Population density (pop. per km2)","2001","2001","PER","Persons","0","Units",,,531,,
"CL011","Santiago","POP_DEN","Population density (pop. per km2)","2002","2002","PER","Persons","0","Units",,,538,,
"CL011","Santiago","POP_DEN","Population density (pop. per km2)","2003","2003","PER","Persons","0","Units",,,545,,
"CL011","Santiago","POP_DEN","Population density (pop. per km2)","2004","2004","PER","Persons","0","Units",,,552,,
"CL011","Santiago","POP_DEN","Population density (pop. per km2)","2005","2005","PER","Persons","0","Units",,,559,,
"CL011","Santiago","POP_DEN","Population density (pop. per km2)","2006","2006","PER","Persons","0","Units",,,566,,
"CL011","Santiago","POP_DEN","Population density (pop. per km2)","2007","2007","PER","Persons","0","Units",,,573,,
"CL011","Santiago","POP_DEN","Population density (pop. per km2)","2008","2008","PER","Persons","0","Units",,,580,,
"CL011","Santiago","POP_DEN","Population density (pop. per km2)","2009","2009","PER","Persons","0","Units",,,587,,
"CL011","Santiago","POP_DEN","Population density (pop. per km2)","2010","2010","PER","Persons","0","Units",,,595,,
"CL011","Santiago","POP_DEN","Population density (pop. per km2)","2011","2011","PER","Persons","0","Units",,,602,,
"CL011","Santiago","POP_DEN","Population density (pop. per km2)","2012","2012","PER","Persons","0","Units",,,609,,
"CL011","Santiago","POP_DEN","Population density (pop. per km2)","2013","2013","PER","Persons","0","Units",,,616,,
"CL011","Santiago","POP_DEN","Population density (pop. per km2)","2014","2014","PER","Persons","0","Units",,,623,,
"CL011","Santiago","POP_DEN","Population density (pop. per km2)","2015","2015","PER","Persons","0","Units",,,630,,
"FR016","Nancy","T_T","Population, All ages. Administrative data","2000","2000","PER","Persons","0","Units",,,465818,,
"FR016","Nancy","T_T","Population, All ages. Administrative data","2001","2001","PER","Persons","0","Units",,,466790,,
"FR016","Nancy","T_T","Population, All ages. Administrative data","2002","2002","PER","Persons","0","Units",,,467762,,
"FR016","Nancy","T_T","Population, All ages. Administrative data","2003","2003","PER","Persons","0","Units",,,468733,,
"FR016","Nancy","T_T","Population, All ages. Administrative data","2004","2004","PER","Persons","0","Units",,,469705,,
"FR016","Nancy","T_T","Population, All ages. Administrative data","2005","2005","PER","Persons","0","Units",,,470676,,
"FR016","Nancy","T_T","Population, All ages. Administrative data","2006","2006","PER","Persons","0","Units",,,471647,,
"FR016","Nancy","T_T","Population, All ages. Administrative data","2007","2007","PER","Persons","0","Units",,,472619,,
"FR016","Nancy","T_T","Population, All ages. Administrative data","2008","2008","PER","Persons","0","Units",,,473591,,
"FR016","Nancy","T_T","Population, All ages. Administrative data","2009","2009","PER","Persons","0","Units",,,474562,,
"FR016","Nancy","T_T","Population, All ages. Administrative data","2010","2010","PER","Persons","0","Units",,,474523,,
"FR016","Nancy","T_T","Population, All ages. Administrative data","2011","2011","PER","Persons","0","Units",,,474484,,
"FR016","Nancy","T_T","Population, All ages. Administrative data","2012","2012","PER","Persons","0","Units",,,474446,,
"FR016","Nancy","T_T","Population, All ages. Administrative data","2013","2013","PER","Persons","0","Units",,,474407,,
"FR016","Nancy","T_T","Population, All ages. Administrative data","2014","2014","PER","Persons","0","Units",,,474368,,
"FR016","Nancy","T_T","Population, All ages. Administrative data","2015","2015","PER","Persons","0","Units",,,475406,,
"MEX22","Acapulco de Juarez","T_T","Population, All ages. Administrative data","2000","2000","PER","Persons","0","Units",,,690634,,
"MEX22","Acapulco de Juarez","T_T","Population, All ages. Administrative data","2005","2005","PER","Persons","0","Units",,,686679,,
"MEX22","Acapulco de Juarez","T_T","Population, All ages. Administrative data","2010","2010","PER","Persons","0","Units",,,783221,,
"MEX22","Acapulco de Juarez","T_T","Population, All ages. Administrative data","2015","2015","PER","Persons","0","Units",,,879332,,
"MEX51","Minatitlan","POP_DEN","Population density (pop. per km2)","2000","2000","PER","Persons","0","Units",,,112,,
"MEX51","Minatitlan","POP_DEN","Population density (pop. per km2)","2005","2005","PER","Persons","0","Units",,,111,,
"MEX51","Minatitlan","POP_DEN","Population density (pop. per km2)","2010","2010","PER","Persons","0","Units",,,119,,
"MEX51","Minatitlan","POP_DEN","Population density (pop. per km2)","2015","2015","PER","Persons","0","Units",,,134,,
"MEX32","Pachuca de Soto","POP_DEN","Population density (pop. per km2)","2000","2000","PER","Persons","0","Units",,,284,,
"MEX32","Pachuca de Soto","POP_DEN","Population density (pop. per km2)","2005","2005","PER","Persons","0","Units",,,284,,
"MEX32","Pachuca de Soto","POP_DEN","Population density (pop. per km2)","2010","2010","PER","Persons","0","Units",,,336,,
"MEX32","Pachuca de Soto","POP_DEN","Population density (pop. per km2)","2015","2015","PER","Persons","0","Units",,,439,,
"DE014","Nuremberg","T_T","Population, All ages. Administrative data","2001","2001","PER","Persons","0","Units",,,1271427,,
"DE014","Nuremberg","T_T","Population, All ages. Administrative data","2002","2002","PER","Persons","0","Units",,,1279442,,
"DE014","Nuremberg","T_T","Population, All ages. Administrative data","2003","2003","PER","Persons","0","Units",,,1283907,,
"DE014","Nuremberg","T_T","Population, All ages. Administrative data","2004","2004","PER","Persons","0","Units",,,1286087,,
"DE014","Nuremberg","T_T","Population, All ages. Administrative data","2005","2005","PER","Persons","0","Units",,,1288306,,
"DE014","Nuremberg","T_T","Population, All ages. Administrative data","2006","2006","PER","Persons","0","Units",,,1292768,,
"DE014","Nuremberg","T_T","Population, All ages. Administrative data","2007","2007","PER","Persons","0","Units",,,1295015,,
"DE014","Nuremberg","T_T","Population, All ages. Administrative data","2008","2008","PER","Persons","0","Units",,,1298192,,
"DE014","Nuremberg","T_T","Population, All ages. Administrative data","2009","2009","PER","Persons","0","Units",,,1298524,,
"DE014","Nuremberg","T_T","Population, All ages. Administrative data","2010","2010","PER","Persons","0","Units",,,1297885,,
"DE014","Nuremberg","T_T","Population, All ages. Administrative data","2011","2011","PER","Persons","0","Units",,,1271107,,
"DE014","Nuremberg","T_T","Population, All ages. Administrative data","2012","2012","PER","Persons","0","Units",,,1280364,,
"DE014","Nuremberg","T_T","Population, All ages. Administrative data","2013","2013","PER","Persons","0","Units",,,1290456,,
"DE014","Nuremberg","T_T","Population, All ages. Administrative data","2014","2014","PER","Persons","0","Units",,,1298318,,
"DE014","Nuremberg","T_T","Population, All ages. Administrative data","2015","2015","PER","Persons","0","Units",,,1304945,,
"DE014","Nuremberg","T_T","Population, All ages. Administrative data","2016","2016","PER","Persons","0","Units",,,1323620,,
"FR009","Lille","POP_DEN","Population density (pop. per km2)","2000","2000","PER","Persons","0","Units",,,895,,
"FR009","Lille","POP_DEN","Population density (pop. per km2)","2001","2001","PER","Persons","0","Units",,,899,,
"FR009","Lille","POP_DEN","Population density (pop. per km2)","2002","2002","PER","Persons","0","Units",,,903,,
"FR009","Lille","POP_DEN","Population density (pop. per km2)","2003","2003","PER","Persons","0","Units",,,907,,
"FR009","Lille","POP_DEN","Population density (pop. per km2)","2004","2004","PER","Persons","0","Units",,,911,,
"FR009","Lille","POP_DEN","Population density (pop. per km2)","2005","2005","PER","Persons","0","Units",,,915,,
"FR009","Lille","POP_DEN","Population density (pop. per km2)","2006","2006","PER","Persons","0","Units",,,919,,
"FR009","Lille","POP_DEN","Population density (pop. per km2)","2007","2007","PER","Persons","0","Units",,,923,,
"FR009","Lille","POP_DEN","Population density (pop. per km2)","2008","2008","PER","Persons","0","Units",,,927,,
"FR009","Lille","POP_DEN","Population density (pop. per km2)","2009","2009","PER","Persons","0","Units",,,931,,
"FR009","Lille","POP_DEN","Population density (pop. per km2)","2010","2010","PER","Persons","0","Units",,,936,,
"FR009","Lille","POP_DEN","Population density (pop. per km2)","2011","2011","PER","Persons","0","Units",,,940,,
"FR009","Lille","POP_DEN","Population density (pop. per km2)","2012","2012","PER","Persons","0","Units",,,944,,
"FR009","Lille","POP_DEN","Population density (pop. per km2)","2013","2013","PER","Persons","0","Units",,,949,,
"FR009","Lille","POP_DEN","Population density (pop. per km2)","2014","2014","PER","Persons","0","Units",,,953,,
"FR009","Lille","POP_DEN","Population density (pop. per km2)","2015","2015","PER","Persons","0","Units",,,933,,
"ES014","Pamplona","POP_DEN","Population density (pop. per km2)","2000","2000","PER","Persons","0","Units",,,178,,
"ES014","Pamplona","POP_DEN","Population density (pop. per km2)","2001","2001","PER","Persons","0","Units",,,181,,
"ES014","Pamplona","POP_DEN","Population density (pop. per km2)","2002","2002","PER","Persons","0","Units",,,184,,
"ES014","Pamplona","POP_DEN","Population density (pop. per km2)","2003","2003","PER","Persons","0","Units",,,186,,
"ES014","Pamplona","POP_DEN","Population density (pop. per km2)","2004","2004","PER","Persons","0","Units",,,189,,
"ES014","Pamplona","POP_DEN","Population density (pop. per km2)","2005","2005","PER","Persons","0","Units",,,192,,
"ES014","Pamplona","POP_DEN","Population density (pop. per km2)","2006","2006","PER","Persons","0","Units",,,195,,
"ES014","Pamplona","POP_DEN","Population density (pop. per km2)","2007","2007","PER","Persons","0","Units",,,197,,
"ES014","Pamplona","POP_DEN","Population density (pop. per km2)","2008","2008","PER","Persons","0","Units",,,200,,
"ES014","Pamplona","POP_DEN","Population density (pop. per km2)","2009","2009","PER","Persons","0","Units",,,203,,
"ES014","Pamplona","POP_DEN","Population density (pop. per km2)","2010","2010","PER","Persons","0","Units",,,206,,
"ES014","Pamplona","POP_DEN","Population density (pop. per km2)","2011","2011","PER","Persons","0","Units",,,208,,
"ES014","Pamplona","POP_DEN","Population density (pop. per km2)","2012","2012","PER","Persons","0","Units",,,211,,
"ES014","Pamplona","POP_DEN","Population density (pop. per km2)","2013","2013","PER","Persons","0","Units",,,214,,
"ES014","Pamplona","POP_DEN","Population density (pop. per km2)","2014","2014","PER","Persons","0","Units",,,217,,
"ES014","Pamplona","POP_DEN","Population density (pop. per km2)","2015","2015","PER","Persons","0","Units",,,220,,
"ES014","Pamplona","POP_DEN","Population density (pop. per km2)","2016","2016","PER","Persons","0","Units",,,222,,
"FR203","Marseille","T_T_SH_NAT","Share of population  in metropolitan area over the national value","2001","2001","RATIO","Ratio","0","Units",,,2.6,,
"FR203","Marseille","T_T_SH_NAT","Share of population  in metropolitan area over the national value","2002","2002","RATIO","Ratio","0","Units",,,2.6,,
"FR203","Marseille","T_T_SH_NAT","Share of population  in metropolitan area over the national value","2003","2003","RATIO","Ratio","0","Units",,,2.7,,
"FR203","Marseille","T_T_SH_NAT","Share of population  in metropolitan area over the national value","2004","2004","RATIO","Ratio","0","Units",,,2.7,,
"FR203","Marseille","T_T_SH_NAT","Share of population  in metropolitan area over the national value","2005","2005","RATIO","Ratio","0","Units",,,2.7,,
"FR203","Marseille","T_T_SH_NAT","Share of population  in metropolitan area over the national value","2006","2006","RATIO","Ratio","0","Units",,,2.7,,
"FR203","Marseille","T_T_SH_NAT","Share of population  in metropolitan area over the national value","2007","2007","RATIO","Ratio","0","Units",,,2.7,,
"FR203","Marseille","T_T_SH_NAT","Share of population  in metropolitan area over the national value","2008","2008","RATIO","Ratio","0","Units",,,2.7,,
"FR203","Marseille","T_T_SH_NAT","Share of population  in metropolitan area over the national value","2009","2009","RATIO","Ratio","0","Units",,,2.7,,
"FR203","Marseille","T_T_SH_NAT","Share of population  in metropolitan area over the national value","2010","2010","RATIO","Ratio","0","Units",,,2.7,,
"FR203","Marseille","T_T_SH_NAT","Share of population  in metropolitan area over the national value","2011","2011","RATIO","Ratio","0","Units",,,2.7,,
"FR203","Marseille","T_T_SH_NAT","Share of population  in metropolitan area over the national value","2012","2012","RATIO","Ratio","0","Units",,,2.7,,
"FR203","Marseille","T_T_SH_NAT","Share of population  in metropolitan area over the national value","2013","2013","RATIO","Ratio","0","Units",,,2.7,,
"FR203","Marseille","T_T_SH_NAT","Share of population  in metropolitan area over the national value","2014","2014","RATIO","Ratio","0","Units",,,2.7,,
"JPN22","Shizuoka","T_T_SH_NAT","Share of population  in metropolitan area over the national value","2001","2001","RATIO","Ratio","0","Units",,,0.6,,
"JPN22","Shizuoka","T_T_SH_NAT","Share of population  in metropolitan area over the national value","2002","2002","RATIO","Ratio","0","Units",,,0.6,,
"JPN22","Shizuoka","T_T_SH_NAT","Share of population  in metropolitan area over the national value","2003","2003","RATIO","Ratio","0","Units",,,0.6,,
"JPN22","Shizuoka","T_T_SH_NAT","Share of population  in metropolitan area over the national value","2004","2004","RATIO","Ratio","0","Units",,,0.6,,
"JPN22","Shizuoka","T_T_SH_NAT","Share of population  in metropolitan area over the national value","2005","2005","RATIO","Ratio","0","Units",,,0.6,,
"JPN22","Shizuoka","T_T_SH_NAT","Share of population  in metropolitan area over the national value","2006","2006","RATIO","Ratio","0","Units",,,0.6,,
"JPN22","Shizuoka","T_T_SH_NAT","Share of population  in metropolitan area over the national value","2007","2007","RATIO","Ratio","0","Units",,,0.6,,
"JPN22","Shizuoka","T_T_SH_NAT","Share of population  in metropolitan area over the national value","2008","2008","RATIO","Ratio","0","Units",,,0.6,,
"JPN22","Shizuoka","T_T_SH_NAT","Share of population  in metropolitan area over the national value","2009","2009","RATIO","Ratio","0","Units",,,0.6,,
"JPN22","Shizuoka","T_T_SH_NAT","Share of population  in metropolitan area over the national value","2010","2010","RATIO","Ratio","0","Units",,,0.6,,
"JPN22","Shizuoka","T_T_SH_NAT","Share of population  in metropolitan area over the national value","2011","2011","RATIO","Ratio","0","Units",,,0.6,,
"JPN22","Shizuoka","T_T_SH_NAT","Share of population  in metropolitan area over the national value","2012","2012","RATIO","Ratio","0","Units",,,0.6,,
"JPN22","Shizuoka","T_T_SH_NAT","Share of population  in metropolitan area over the national value","2013","2013","RATIO","Ratio","0","Units",,,0.6,,
"JPN22","Shizuoka","T_T_SH_NAT","Share of population  in metropolitan area over the national value","2014","2014","RATIO","Ratio","0","Units",,,0.6,,
"JPN22","Shizuoka","T_T_SH_NAT","Share of population  in metropolitan area over the national value","2015","2015","RATIO","Ratio","0","Units",,,0.6,,
"UK539","Bournemouth","POP_DEN","Population density (pop. per km2)","2001","2001","PER","Persons","0","Units",,,513,,
"UK539","Bournemouth","POP_DEN","Population density (pop. per km2)","2002","2002","PER","Persons","0","Units",,,516,,
"UK539","Bournemouth","POP_DEN","Population density (pop. per km2)","2003","2003","PER","Persons","0","Units",,,516,,
"UK539","Bournemouth","POP_DEN","Population density (pop. per km2)","2004","2004","PER","Persons","0","Units",,,517,,
"UK539","Bournemouth","POP_DEN","Population density (pop. per km2)","2005","2005","PER","Persons","0","Units",,,520,,
"UK539","Bournemouth","POP_DEN","Population density (pop. per km2)","2006","2006","PER","Persons","0","Units",,,523,,
"UK539","Bournemouth","POP_DEN","Population density (pop. per km2)","2007","2007","PER","Persons","0","Units",,,530,,
"UK539","Bournemouth","POP_DEN","Population density (pop. per km2)","2008","2008","PER","Persons","0","Units",,,535,,
"UK539","Bournemouth","POP_DEN","Population density (pop. per km2)","2009","2009","PER","Persons","0","Units",,,539,,
"UK539","Bournemouth","POP_DEN","Population density (pop. per km2)","2010","2010","PER","Persons","0","Units",,,546,,
"UK539","Bournemouth","POP_DEN","Population density (pop. per km2)","2011","2011","PER","Persons","0","Units",,,553,,
"UK539","Bournemouth","POP_DEN","Population density (pop. per km2)","2012","2012","PER","Persons","0","Units",,,557,,
"UK539","Bournemouth","POP_DEN","Population density (pop. per km2)","2013","2013","PER","Persons","0","Units",,,560,,
"UK539","Bournemouth","POP_DEN","Population density (pop. per km2)","2014","2014","PER","Persons","0","Units",,,564,,
"UK539","Bournemouth","POP_DEN","Population density (pop. per km2)","2015","2015","PER","Persons","0","Units",,,568,,
"UK539","Bournemouth","POP_DEN","Population density (pop. per km2)","2016","2016","PER","Persons","0","Units",,,571,,
"DE009","Dresden","T_T","Population, All ages. Administrative data","2001","2001","PER","Persons","0","Units",,,1390620,,
"DE009","Dresden","T_T","Population, All ages. Administrative data","2002","2002","PER","Persons","0","Units",,,1380772,,
"DE009","Dresden","T_T","Population, All ages. Administrative data","2003","2003","PER","Persons","0","Units",,,1373260,,
"DE009","Dresden","T_T","Population, All ages. Administrative data","2004","2004","PER","Persons","0","Units",,,1368968,,
"DE009","Dresden","T_T","Population, All ages. Administrative data","2005","2005","PER","Persons","0","Units",,,1366157,,
"DE009","Dresden","T_T","Population, All ages. Administrative data","2006","2006","PER","Persons","0","Units",,,1365701,,
"DE009","Dresden","T_T","Population, All ages. Administrative data","2007","2007","PER","Persons","0","Units",,,1365260,,
"DE009","Dresden","T_T","Population, All ages. Administrative data","2008","2008","PER","Persons","0","Units",,,1358954,,
"DE009","Dresden","T_T","Population, All ages. Administrative data","2009","2009","PER","Persons","0","Units",,,1354279,,
"DE009","Dresden","T_T","Population, All ages. Administrative data","2010","2010","PER","Persons","0","Units",,,1351353,,
"DE009","Dresden","T_T","Population, All ages. Administrative data","2011","2011","PER","Persons","0","Units",,,1324268,,
"DE009","Dresden","T_T","Population, All ages. Administrative data","2012","2012","PER","Persons","0","Units",,,1324793,,
"DE009","Dresden","T_T","Population, All ages. Administrative data","2013","2013","PER","Persons","0","Units",,,1327534,,
"DE009","Dresden","T_T","Population, All ages. Administrative data","2014","2014","PER","Persons","0","Units",,,1329635,,
"DE009","Dresden","T_T","Population, All ages. Administrative data","2015","2015","PER","Persons","0","Units",,,1333447,,
"DE009","Dresden","T_T","Population, All ages. Administrative data","2016","2016","PER","Persons","0","Units",,,1343622,,
"FR044","Nimes","T_T_SH_NAT","Share of population  in metropolitan area over the national value","2001","2001","RATIO","Ratio","0","Units",,,0.5,,
"FR044","Nimes","T_T_SH_NAT","Share of population  in metropolitan area over the national value","2002","2002","RATIO","Ratio","0","Units",,,0.5,,
"FR044","Nimes","T_T_SH_NAT","Share of population  in metropolitan area over the national value","2003","2003","RATIO","Ratio","0","Units",,,0.5,,
"FR044","Nimes","T_T_SH_NAT","Share of population  in metropolitan area over the national value","2004","2004","RATIO","Ratio","0","Units",,,0.5,,
"FR044","Nimes","T_T_SH_NAT","Share of population  in metropolitan area over the national value","2005","2005","RATIO","Ratio","0","Units",,,0.5,,
"FR044","Nimes","T_T_SH_NAT","Share of population  in metropolitan area over the national value","2006","2006","RATIO","Ratio","0","Units",,,0.5,,
"FR044","Nimes","T_T_SH_NAT","Share of population  in metropolitan area over the national value","2007","2007","RATIO","Ratio","0","Units",,,0.5,,
"FR044","Nimes","T_T_SH_NAT","Share of population  in metropolitan area over the national value","2008","2008","RATIO","Ratio","0","Units",,,0.5,,
"FR044","Nimes","T_T_SH_NAT","Share of population  in metropolitan area over the national value","2009","2009","RATIO","Ratio","0","Units",,,0.5,,
"FR044","Nimes","T_T_SH_NAT","Share of population  in metropolitan area over the national value","2010","2010","RATIO","Ratio","0","Units",,,0.5,,
"FR044","Nimes","T_T_SH_NAT","Share of population  in metropolitan area over the national value","2011","2011","RATIO","Ratio","0","Units",,,0.5,,
"FR044","Nimes","T_T_SH_NAT","Share of population  in metropolitan area over the national value","2012","2012","RATIO","Ratio","0","Units",,,0.5,,
"FR044","Nimes","T_T_SH_NAT","Share of population  in metropolitan area over the national value","2013","2013","RATIO","Ratio","0","Units",,,0.5,,
"FR044","Nimes","T_T_SH_NAT","Share of population  in metropolitan area over the national value","2014","2014","RATIO","Ratio","0","Units",,,0.5,,
"FR044","Nimes","T_T_SH_NAT","Share of population  in metropolitan area over the national value","2015","2015","RATIO","Ratio","0","Units",,,0.5,,
"CAN14","Windsor","T_T_SH_NAT","Share of population  in metropolitan area over the national value","2001","2001","RATIO","Ratio","0","Units",,,1.1,,
"CAN14","Windsor","T_T_SH_NAT","Share of population  in metropolitan area over the national value","2002","2002","RATIO","Ratio","0","Units",,,1.1,,
"CAN14","Windsor","T_T_SH_NAT","Share of population  in metropolitan area over the national value","2003","2003","RATIO","Ratio","0","Units",,,1.2,,
"CAN14","Windsor","T_T_SH_NAT","Share of population  in metropolitan area over the national value","2004","2004","RATIO","Ratio","0","Units",,,1.2,,
"CAN14","Windsor","T_T_SH_NAT","Share of population  in metropolitan area over the national value","2005","2005","RATIO","Ratio","0","Units",,,1.1,,
"CAN14","Windsor","T_T_SH_NAT","Share of population  in metropolitan area over the national value","2006","2006","RATIO","Ratio","0","Units",,,1.1,,
"CAN14","Windsor","T_T_SH_NAT","Share of population  in metropolitan area over the national value","2007","2007","RATIO","Ratio","0","Units",,,1.1,,
"CAN14","Windsor","T_T_SH_NAT","Share of population  in metropolitan area over the national value","2008","2008","RATIO","Ratio","0","Units",,,1.1,,
"CAN14","Windsor","T_T_SH_NAT","Share of population  in metropolitan area over the national value","2009","2009","RATIO","Ratio","0","Units",,,1.1,,
"CAN14","Windsor","T_T_SH_NAT","Share of population  in metropolitan area over the national value","2010","2010","RATIO","Ratio","0","Units",,,1.1,,
"CAN14","Windsor","T_T_SH_NAT","Share of population  in metropolitan area over the national value","2011","2011","RATIO","Ratio","0","Units",,,1.1,,
"CAN14","Windsor","T_T_SH_NAT","Share of population  in metropolitan area over the national value","2012","2012","RATIO","Ratio","0","Units",,,1,,
"CAN14","Windsor","T_T_SH_NAT","Share of population  in metropolitan area over the national value","2013","2013","RATIO","Ratio","0","Units",,,1,,
"CAN14","Windsor","T_T_SH_NAT","Share of population  in metropolitan area over the national value","2014","2014","RATIO","Ratio","0","Units",,,1,,
"CAN14","Windsor","T_T_SH_NAT","Share of population  in metropolitan area over the national value","2015","2015","RATIO","Ratio","0","Units",,,1,,
"CAN14","Windsor","T_T_SH_NAT","Share of population  in metropolitan area over the national value","2016","2016","RATIO","Ratio","0","Units",,,1,,
"USA33","Jacksonville","T_T","Population, All ages. Administrative data","2000","2000","PER","Persons","0","Units",,,1206482,,
"USA33","Jacksonville","T_T","Population, All ages. Administrative data","2001","2001","PER","Persons","0","Units",,,1229318,,
"USA33","Jacksonville","T_T","Population, All ages. Administrative data","2002","2002","PER","Persons","0","Units",,,1253878,,
"USA33","Jacksonville","T_T","Population, All ages. Administrative data","2003","2003","PER","Persons","0","Units",,,1275927,,
"USA33","Jacksonville","T_T","Population, All ages. Administrative data","2004","2004","PER","Persons","0","Units",,,1308043,,
"USA33","Jacksonville","T_T","Population, All ages. Administrative data","2005","2005","PER","Persons","0","Units",,,1335478,,
"USA33","Jacksonville","T_T","Population, All ages. Administrative data","2006","2006","PER","Persons","0","Units",,,1369992,,
"USA33","Jacksonville","T_T","Population, All ages. Administrative data","2007","2007","PER","Persons","0","Units",,,1396616,,
"USA33","Jacksonville","T_T","Population, All ages. Administrative data","2008","2008","PER","Persons","0","Units",,,1414006,,
"USA33","Jacksonville","T_T","Population, All ages. Administrative data","2009","2009","PER","Persons","0","Units",,,1426640,,
"USA33","Jacksonville","T_T","Population, All ages. Administrative data","2010","2010","PER","Persons","0","Units",,,1440959,,
"USA33","Jacksonville","T_T","Population, All ages. Administrative data","2011","2011","PER","Persons","0","Units",,,1454164,,
"USA33","Jacksonville","T_T","Population, All ages. Administrative data","2012","2012","PER","Persons","0","Units",,,1469823,,
"USA33","Jacksonville","T_T","Population, All ages. Administrative data","2013","2013","PER","Persons","0","Units",,,1485547,,
"USA33","Jacksonville","T_T","Population, All ages. Administrative data","2014","2014","PER","Persons","0","Units",,,1509263,,
"USA33","Jacksonville","T_T","Population, All ages. Administrative data","2015","2015","PER","Persons","0","Units",,,1538382,,
"USA33","Jacksonville","T_T","Population, All ages. Administrative data","2016","2016","PER","Persons","0","Units",,,1568398,,
"IT010","Catania","T_T_SH_NAT","Share of population  in metropolitan area over the national value","2001","2001","RATIO","Ratio","0","Units",,,1.1,,
"IT010","Catania","T_T_SH_NAT","Share of population  in metropolitan area over the national value","2002","2002","RATIO","Ratio","0","Units",,,1.1,,
"IT010","Catania","T_T_SH_NAT","Share of population  in metropolitan area over the national value","2003","2003","RATIO","Ratio","0","Units",,,1.1,,
"IT010","Catania","T_T_SH_NAT","Share of population  in metropolitan area over the national value","2004","2004","RATIO","Ratio","0","Units",,,1.1,,
"IT010","Catania","T_T_SH_NAT","Share of population  in metropolitan area over the national value","2005","2005","RATIO","Ratio","0","Units",,,1.1,,
"IT010","Catania","T_T_SH_NAT","Share of population  in metropolitan area over the national value","2006","2006","RATIO","Ratio","0","Units",,,1.1,,
"IT010","Catania","T_T_SH_NAT","Share of population  in metropolitan area over the national value","2007","2007","RATIO","Ratio","0","Units",,,1.1,,
"IT010","Catania","T_T_SH_NAT","Share of population  in metropolitan area over the national value","2008","2008","RATIO","Ratio","0","Units",,,1.1,,
"IT010","Catania","T_T_SH_NAT","Share of population  in metropolitan area over the national value","2009","2009","RATIO","Ratio","0","Units",,,1.1,,
"IT010","Catania","T_T_SH_NAT","Share of population  in metropolitan area over the national value","2010","2010","RATIO","Ratio","0","Units",,,1.1,,
"IT010","Catania","T_T_SH_NAT","Share of population  in metropolitan area over the national value","2011","2011","RATIO","Ratio","0","Units",,,1.1,,
"IT010","Catania","T_T_SH_NAT","Share of population  in metropolitan area over the national value","2012","2012","RATIO","Ratio","0","Units",,,1.1,,
"IT010","Catania","T_T_SH_NAT","Share of population  in metropolitan area over the national value","2013","2013","RATIO","Ratio","0","Units",,,1.1,,
"IT010","Catania","T_T_SH_NAT","Share of population  in metropolitan area over the national value","2014","2014","RATIO","Ratio","0","Units",,,1.1,,
"IT010","Catania","T_T_SH_NAT","Share of population  in metropolitan area over the national value","2015","2015","RATIO","Ratio","0","Units",,,1.1,,
"IT010","Catania","T_T_SH_NAT","Share of population  in metropolitan area over the national value","2016","2016","RATIO","Ratio","0","Units",,,1.1,,
"USA93","Forsyth","POP_DEN","Population density (pop. per km2)","2000","2000","PER","Persons","0","Units",,,111,,
"USA93","Forsyth","POP_DEN","Population density (pop. per km2)","2001","2001","PER","Persons","0","Units",,,112,,
"USA93","Forsyth","POP_DEN","Population density (pop. per km2)","2002","2002","PER","Persons","0","Units",,,113,,
"USA93","Forsyth","POP_DEN","Population density (pop. per km2)","2003","2003","PER","Persons","0","Units",,,114,,
"USA93","Forsyth","POP_DEN","Population density (pop. per km2)","2004","2004","PER","Persons","0","Units",,,115,,
"USA93","Forsyth","POP_DEN","Population density (pop. per km2)","2005","2005","PER","Persons","0","Units",,,117,,
"USA93","Forsyth","POP_DEN","Population density (pop. per km2)","2006","2006","PER","Persons","0","Units",,,119,,
"USA93","Forsyth","POP_DEN","Population density (pop. per km2)","2007","2007","PER","Persons","0","Units",,,121,,
"USA93","Forsyth","POP_DEN","Population density (pop. per km2)","2008","2008","PER","Persons","0","Units",,,123,,
"USA93","Forsyth","POP_DEN","Population density (pop. per km2)","2009","2009","PER","Persons","0","Units",,,124,,
"USA93","Forsyth","POP_DEN","Population density (pop. per km2)","2010","2010","PER","Persons","0","Units",,,125,,
"USA93","Forsyth","POP_DEN","Population density (pop. per km2)","2011","2011","PER","Persons","0","Units",,,126,,
"USA93","Forsyth","POP_DEN","Population density (pop. per km2)","2012","2012","PER","Persons","0","Units",,,127,,
"USA93","Forsyth","POP_DEN","Population density (pop. per km2)","2013","2013","PER","Persons","0","Units",,,127,,
"USA93","Forsyth","POP_DEN","Population density (pop. per km2)","2014","2014","PER","Persons","0","Units",,,128,,
"USA93","Forsyth","POP_DEN","Population density (pop. per km2)","2015","2015","PER","Persons","0","Units",,,129,,
"USA93","Forsyth","POP_DEN","Population density (pop. per km2)","2016","2016","PER","Persons","0","Units",,,130,,
"EL002","Thessaloniki","POP_DEN","Population density (pop. per km2)","2002","2002","PER","Persons","0","Units",,,374,,
"EL002","Thessaloniki","POP_DEN","Population density (pop. per km2)","2003","2003","PER","Persons","0","Units",,,377,,
"EL002","Thessaloniki","POP_DEN","Population density (pop. per km2)","2004","2004","PER","Persons","0","Units",,,380,,
"EL002","Thessaloniki","POP_DEN","Population density (pop. per km2)","2005","2005","PER","Persons","0","Units",,,382,,
"EL002","Thessaloniki","POP_DEN","Population density (pop. per km2)","2006","2006","PER","Persons","0","Units",,,385,,
"EL002","Thessaloniki","POP_DEN","Population density (pop. per km2)","2007","2007","PER","Persons","0","Units",,,387,,
"EL002","Thessaloniki","POP_DEN","Population density (pop. per km2)","2008","2008","PER","Persons","0","Units",,,388,,
"EL002","Thessaloniki","POP_DEN","Population density (pop. per km2)","2009","2009","PER","Persons","0","Units",,,390,,
"EL002","Thessaloniki","POP_DEN","Population density (pop. per km2)","2010","2010","PER","Persons","0","Units",,,392,,
"EL002","Thessaloniki","POP_DEN","Population density (pop. per km2)","2011","2011","PER","Persons","0","Units",,,392,,
"EL002","Thessaloniki","POP_DEN","Population density (pop. per km2)","2012","2012","PER","Persons","0","Units",,,391,,
"EL002","Thessaloniki","POP_DEN","Population density (pop. per km2)","2013","2013","PER","Persons","0","Units",,,389,,
"EL002","Thessaloniki","POP_DEN","Population density (pop. per km2)","2014","2014","PER","Persons","0","Units",,,387,,
"EL002","Thessaloniki","POP_DEN","Population density (pop. per km2)","2015","2015","PER","Persons","0","Units",,,385,,
"EL002","Thessaloniki","POP_DEN","Population density (pop. per km2)","2016","2016","PER","Persons","0","Units",,,382,,
"MEX53","Chilpancingo de los Bravo","T_T","Population, All ages. Administrative data","2000","2000","PER","Persons","0","Units",,,254865,,
"MEX53","Chilpancingo de los Bravo","T_T","Population, All ages. Administrative data","2005","2005","PER","Persons","0","Units",,,259500,,
"MEX53","Chilpancingo de los Bravo","T_T","Population, All ages. Administrative data","2010","2010","PER","Persons","0","Units",,,297248,,
"MEX53","Chilpancingo de los Bravo","T_T","Population, All ages. Administrative data","2015","2015","PER","Persons","0","Units",,,348328,,
"JPN41","Yamagata","T_T","Population, All ages. Administrative data","2000","2000","PER","Persons","0","Units",,,437284,,
"JPN41","Yamagata","T_T","Population, All ages. Administrative data","2001","2001","PER","Persons","0","Units",,,437232,,
"JPN41","Yamagata","T_T","Population, All ages. Administrative data","2002","2002","PER","Persons","0","Units",,,437179,,
"JPN41","Yamagata","T_T","Population, All ages. Administrative data","2003","2003","PER","Persons","0","Units",,,437127,,
"JPN41","Yamagata","T_T","Population, All ages. Administrative data","2004","2004","PER","Persons","0","Units",,,437074,,
"JPN41","Yamagata","T_T","Population, All ages. Administrative data","2005","2005","PER","Persons","0","Units",,,437022,,
"JPN41","Yamagata","T_T","Population, All ages. Administrative data","2006","2006","PER","Persons","0","Units",,,434955,,
"JPN41","Yamagata","T_T","Population, All ages. Administrative data","2007","2007","PER","Persons","0","Units",,,432888,,
"JPN41","Yamagata","T_T","Population, All ages. Administrative data","2008","2008","PER","Persons","0","Units",,,430820,,
"JPN41","Yamagata","T_T","Population, All ages. Administrative data","2009","2009","PER","Persons","0","Units",,,428753,,
"JPN41","Yamagata","T_T","Population, All ages. Administrative data","2010","2010","PER","Persons","0","Units",,,426686,,
"JPN41","Yamagata","T_T","Population, All ages. Administrative data","2011","2011","PER","Persons","0","Units",,,425404,,
"JPN41","Yamagata","T_T","Population, All ages. Administrative data","2012","2012","PER","Persons","0","Units",,,424121,,
"JPN41","Yamagata","T_T","Population, All ages. Administrative data","2013","2013","PER","Persons","0","Units",,,422839,,
"JPN41","Yamagata","T_T","Population, All ages. Administrative data","2014","2014","PER","Persons","0","Units",,,421556,,
"JPN41","Yamagata","T_T","Population, All ages. Administrative data","2015","2015","PER","Persons","0","Units",,,420274,,
"JPN49","Hachinohe","POP_DEN","Population density (pop. per km2)","2000","2000","PER","Persons","0","Units",,,318,,
"JPN49","Hachinohe","POP_DEN","Population density (pop. per km2)","2001","2001","PER","Persons","0","Units",,,317,,
"JPN49","Hachinohe","POP_DEN","Population density (pop. per km2)","2002","2002","PER","Persons","0","Units",,,316,,
"JPN49","Hachinohe","POP_DEN","Population density (pop. per km2)","2003","2003","PER","Persons","0","Units",,,314,,
"JPN49","Hachinohe","POP_DEN","Population density (pop. per km2)","2004","2004","PER","Persons","0","Units",,,313,,
"JPN49","Hachinohe","POP_DEN","Population density (pop. per km2)","2005","2005","PER","Persons","0","Units",,,312,,
"JPN49","Hachinohe","POP_DEN","Population density (pop. per km2)","2006","2006","PER","Persons","0","Units",,,310,,
"JPN49","Hachinohe","POP_DEN","Population density (pop. per km2)","2007","2007","PER","Persons","0","Units",,,307,,
"JPN49","Hachinohe","POP_DEN","Population density (pop. per km2)","2008","2008","PER","Persons","0","Units",,,305,,
"JPN49","Hachinohe","POP_DEN","Population density (pop. per km2)","2009","2009","PER","Persons","0","Units",,,303,,
"JPN49","Hachinohe","POP_DEN","Population density (pop. per km2)","2010","2010","PER","Persons","0","Units",,,300,,
"JPN49","Hachinohe","POP_DEN","Population density (pop. per km2)","2011","2011","PER","Persons","0","Units",,,298,,
"JPN49","Hachinohe","POP_DEN","Population density (pop. per km2)","2012","2012","PER","Persons","0","Units",,,295,,
"JPN49","Hachinohe","POP_DEN","Population density (pop. per km2)","2013","2013","PER","Persons","0","Units",,,293,,
"JPN49","Hachinohe","POP_DEN","Population density (pop. per km2)","2014","2014","PER","Persons","0","Units",,,291,,
"JPN49","Hachinohe","POP_DEN","Population density (pop. per km2)","2015","2015","PER","Persons","0","Units",,,288,,
"USA114","Nueces","T_T_SH_NAT","Share of population  in metropolitan area over the national value","2001","2001","RATIO","Ratio","0","Units",,,0.1,,
"USA114","Nueces","T_T_SH_NAT","Share of population  in metropolitan area over the national value","2002","2002","RATIO","Ratio","0","Units",,,0.1,,
"USA114","Nueces","T_T_SH_NAT","Share of population  in metropolitan area over the national value","2003","2003","RATIO","Ratio","0","Units",,,0.1,,
"USA114","Nueces","T_T_SH_NAT","Share of population  in metropolitan area over the national value","2004","2004","RATIO","Ratio","0","Units",,,0.1,,
"USA114","Nueces","T_T_SH_NAT","Share of population  in metropolitan area over the national value","2005","2005","RATIO","Ratio","0","Units",,,0.1,,
"USA114","Nueces","T_T_SH_NAT","Share of population  in metropolitan area over the national value","2006","2006","RATIO","Ratio","0","Units",,,0.1,,
"USA114","Nueces","T_T_SH_NAT","Share of population  in metropolitan area over the national value","2007","2007","RATIO","Ratio","0","Units",,,0.1,,
"USA114","Nueces","T_T_SH_NAT","Share of population  in metropolitan area over the national value","2008","2008","RATIO","Ratio","0","Units",,,0.1,,
"USA114","Nueces","T_T_SH_NAT","Share of population  in metropolitan area over the national value","2009","2009","RATIO","Ratio","0","Units",,,0.1,,
"USA114","Nueces","T_T_SH_NAT","Share of population  in metropolitan area over the national value","2010","2010","RATIO","Ratio","0","Units",,,0.1,,
"USA114","Nueces","T_T_SH_NAT","Share of population  in metropolitan area over the national value","2011","2011","RATIO","Ratio","0","Units",,,0.1,,
"USA114","Nueces","T_T_SH_NAT","Share of population  in metropolitan area over the national value","2012","2012","RATIO","Ratio","0","Units",,,0.1,,
"USA114","Nueces","T_T_SH_NAT","Share of population  in metropolitan area over the national value","2013","2013","RATIO","Ratio","0","Units",,,0.1,,
"USA114","Nueces","T_T_SH_NAT","Share of population  in metropolitan area over the national value","2014","2014","RATIO","Ratio","0","Units",,,0.1,,
"USA114","Nueces","T_T_SH_NAT","Share of population  in metropolitan area over the national value","2015","2015","RATIO","Ratio","0","Units",,,0.1,,
"USA114","Nueces","T_T_SH_NAT","Share of population  in metropolitan area over the national value","2016","2016","RATIO","Ratio","0","Units",,,0.1,,
"MEX10","Juarez","T_T_SH_NAT","Share of population  in metropolitan area over the national value","2005","2005","RATIO","Ratio","0","Units",,,1.1,,
"MEX10","Juarez","T_T_SH_NAT","Share of population  in metropolitan area over the national value","2010","2010","RATIO","Ratio","0","Units",,,1.1,,
"MEX10","Juarez","T_T_SH_NAT","Share of population  in metropolitan area over the national value","2015","2015","RATIO","Ratio","0","Units",,,1.2,,
"KOR19","Gunsan","T_T_SH_NAT","Share of population  in metropolitan area over the national value","2001","2001","RATIO","Ratio","0","Units",,,0.6,,
"KOR19","Gunsan","T_T_SH_NAT","Share of population  in metropolitan area over the national value","2002","2002","RATIO","Ratio","0","Units",,,0.6,,
"KOR19","Gunsan","T_T_SH_NAT","Share of population  in metropolitan area over the national value","2003","2003","RATIO","Ratio","0","Units",,,0.6,,
"KOR19","Gunsan","T_T_SH_NAT","Share of population  in metropolitan area over the national value","2004","2004","RATIO","Ratio","0","Units",,,0.6,,
"KOR19","Gunsan","T_T_SH_NAT","Share of population  in metropolitan area over the national value","2005","2005","RATIO","Ratio","0","Units",,,0.6,,
"KOR19","Gunsan","T_T_SH_NAT","Share of population  in metropolitan area over the national value","2006","2006","RATIO","Ratio","0","Units",,,0.6,,
"KOR19","Gunsan","T_T_SH_NAT","Share of population  in metropolitan area over the national value","2007","2007","RATIO","Ratio","0","Units",,,0.6,,
"KOR19","Gunsan","T_T_SH_NAT","Share of population  in metropolitan area over the national value","2008","2008","RATIO","Ratio","0","Units",,,0.6,,
"KOR19","Gunsan","T_T_SH_NAT","Share of population  in metropolitan area over the national value","2009","2009","RATIO","Ratio","0","Units",,,0.6,,
"KOR19","Gunsan","T_T_SH_NAT","Share of population  in metropolitan area over the national value","2010","2010","RATIO","Ratio","0","Units",,,0.6,,
"KOR19","Gunsan","T_T_SH_NAT","Share of population  in metropolitan area over the national value","2011","2011","RATIO","Ratio","0","Units",,,0.6,,
"KOR19","Gunsan","T_T_SH_NAT","Share of population  in metropolitan area over the national value","2012","2012","RATIO","Ratio","0","Units",,,0.6,,
"KOR19","Gunsan","T_T_SH_NAT","Share of population  in metropolitan area over the national value","2013","2013","RATIO","Ratio","0","Units",,,0.6,,
"KOR19","Gunsan","T_T_SH_NAT","Share of population  in metropolitan area over the national value","2014","2014","RATIO","Ratio","0","Units",,,0.6,,
"KOR19","Gunsan","T_T_SH_NAT","Share of population  in metropolitan area over the national value","2015","2015","RATIO","Ratio","0","Units",,,0.6,,
"KOR19","Gunsan","T_T_SH_NAT","Share of population  in metropolitan area over the national value","2016","2016","RATIO","Ratio","0","Units",,,0.5,,
"USA26","Cuyahoga","T_T","Population, All ages. Administrative data","2000","2000","PER","Persons","0","Units",,,2147532,,
"USA26","Cuyahoga","T_T","Population, All ages. Administrative data","2001","2001","PER","Persons","0","Units",,,2141787,,
"USA26","Cuyahoga","T_T","Population, All ages. Administrative data","2002","2002","PER","Persons","0","Units",,,2136201,,
"USA26","Cuyahoga","T_T","Population, All ages. Administrative data","2003","2003","PER","Persons","0","Units",,,2131150,,
"USA26","Cuyahoga","T_T","Population, All ages. Administrative data","2004","2004","PER","Persons","0","Units",,,2122934,,
"USA26","Cuyahoga","T_T","Population, All ages. Administrative data","2005","2005","PER","Persons","0","Units",,,2111699,,
"USA26","Cuyahoga","T_T","Population, All ages. Administrative data","2006","2006","PER","Persons","0","Units",,,2099415,,
"USA26","Cuyahoga","T_T","Population, All ages. Administrative data","2007","2007","PER","Persons","0","Units",,,2091596,,
"USA26","Cuyahoga","T_T","Population, All ages. Administrative data","2008","2008","PER","Persons","0","Units",,,2085110,,
"USA26","Cuyahoga","T_T","Population, All ages. Administrative data","2009","2009","PER","Persons","0","Units",,,2081063,,
"USA26","Cuyahoga","T_T","Population, All ages. Administrative data","2010","2010","PER","Persons","0","Units",,,2075557,,
"USA26","Cuyahoga","T_T","Population, All ages. Administrative data","2011","2011","PER","Persons","0","Units",,,2068991,,
"USA26","Cuyahoga","T_T","Population, All ages. Administrative data","2012","2012","PER","Persons","0","Units",,,2064711,,
"USA26","Cuyahoga","T_T","Population, All ages. Administrative data","2013","2013","PER","Persons","0","Units",,,2065844,,
"USA26","Cuyahoga","T_T","Population, All ages. Administrative data","2014","2014","PER","Persons","0","Units",,,2066227,,
"USA26","Cuyahoga","T_T","Population, All ages. Administrative data","2015","2015","PER","Persons","0","Units",,,2062842,,
"USA26","Cuyahoga","T_T","Population, All ages. Administrative data","2016","2016","PER","Persons","0","Units",,,2060065,,
"ES010","Palma de Mallorca","T_T","Population, All ages. Administrative data","2000","2000","PER","Persons","0","Units",,,528760,,
"ES010","Palma de Mallorca","T_T","Population, All ages. Administrative data","2001","2001","PER","Persons","0","Units",,,537575,,
"ES010","Palma de Mallorca","T_T","Population, All ages. Administrative data","2002","2002","PER","Persons","0","Units",,,546390,,
"ES010","Palma de Mallorca","T_T","Population, All ages. Administrative data","2003","2003","PER","Persons","0","Units",,,555204,,
"ES010","Palma de Mallorca","T_T","Population, All ages. Administrative data","2004","2004","PER","Persons","0","Units",,,564019,,
"ES010","Palma de Mallorca","T_T","Population, All ages. Administrative data","2005","2005","PER","Persons","0","Units",,,572834,,
"ES010","Palma de Mallorca","T_T","Population, All ages. Administrative data","2006","2006","PER","Persons","0","Units",,,581649,,
"ES010","Palma de Mallorca","T_T","Population, All ages. Administrative data","2007","2007","PER","Persons","0","Units",,,590463,,
"ES010","Palma de Mallorca","T_T","Population, All ages. Administrative data","2008","2008","PER","Persons","0","Units",,,599278,,
"ES010","Palma de Mallorca","T_T","Population, All ages. Administrative data","2009","2009","PER","Persons","0","Units",,,608093,,
"ES010","Palma de Mallorca","T_T","Population, All ages. Administrative data","2010","2010","PER","Persons","0","Units",,,616908,,
"ES010","Palma de Mallorca","T_T","Population, All ages. Administrative data","2011","2011","PER","Persons","0","Units",,,625722,,
"ES010","Palma de Mallorca","T_T","Population, All ages. Administrative data","2012","2012","PER","Persons","0","Units",,,634537,,
"ES010","Palma de Mallorca","T_T","Population, All ages. Administrative data","2013","2013","PER","Persons","0","Units",,,643352,,
"ES010","Palma de Mallorca","T_T","Population, All ages. Administrative data","2014","2014","PER","Persons","0","Units",,,652167,,
"ES010","Palma de Mallorca","T_T","Population, All ages. Administrative data","2015","2015","PER","Persons","0","Units",,,660981,,
"ES010","Palma de Mallorca","T_T","Population, All ages. Administrative data","2016","2016","PER","Persons","0","Units",,,669796,,
"FR010","Montpellier","T_T_SH_NAT","Share of population  in metropolitan area over the national value","2001","2001","RATIO","Ratio","0","Units",,,0.9,,
"FR010","Montpellier","T_T_SH_NAT","Share of population  in metropolitan area over the national value","2002","2002","RATIO","Ratio","0","Units",,,0.9,,
"FR010","Montpellier","T_T_SH_NAT","Share of population  in metropolitan area over the national value","2003","2003","RATIO","Ratio","0","Units",,,0.9,,
"FR010","Montpellier","T_T_SH_NAT","Share of population  in metropolitan area over the national value","2004","2004","RATIO","Ratio","0","Units",,,0.9,,
"FR010","Montpellier","T_T_SH_NAT","Share of population  in metropolitan area over the national value","2005","2005","RATIO","Ratio","0","Units",,,1,,
"FR010","Montpellier","T_T_SH_NAT","Share of population  in metropolitan area over the national value","2006","2006","RATIO","Ratio","0","Units",,,1,,
"FR010","Montpellier","T_T_SH_NAT","Share of population  in metropolitan area over the national value","2007","2007","RATIO","Ratio","0","Units",,,1,,
"FR010","Montpellier","T_T_SH_NAT","Share of population  in metropolitan area over the national value","2008","2008","RATIO","Ratio","0","Units",,,1,,
"FR010","Montpellier","T_T_SH_NAT","Share of population  in metropolitan area over the national value","2009","2009","RATIO","Ratio","0","Units",,,1,,
"FR010","Montpellier","T_T_SH_NAT","Share of population  in metropolitan area over the national value","2010","2010","RATIO","Ratio","0","Units",,,1,,
"FR010","Montpellier","T_T_SH_NAT","Share of population  in metropolitan area over the national value","2011","2011","RATIO","Ratio","0","Units",,,1,,
"FR010","Montpellier","T_T_SH_NAT","Share of population  in metropolitan area over the national value","2012","2012","RATIO","Ratio","0","Units",,,1,,
"FR010","Montpellier","T_T_SH_NAT","Share of population  in metropolitan area over the national value","2013","2013","RATIO","Ratio","0","Units",,,1,,
"FR010","Montpellier","T_T_SH_NAT","Share of population  in metropolitan area over the national value","2014","2014","RATIO","Ratio","0","Units",,,1,,
"FR010","Montpellier","T_T_SH_NAT","Share of population  in metropolitan area over the national value","2015","2015","RATIO","Ratio","0","Units",,,1,,
"IT030","Modena","POP_DEN","Population density (pop. per km2)","2000","2000","PER","Persons","0","Units",,,469,,
"IT030","Modena","POP_DEN","Population density (pop. per km2)","2001","2001","PER","Persons","0","Units",,,473,,
"IT030","Modena","POP_DEN","Population density (pop. per km2)","2002","2002","PER","Persons","0","Units",,,477,,
"IT030","Modena","POP_DEN","Population density (pop. per km2)","2003","2003","PER","Persons","0","Units",,,480,,
"IT030","Modena","POP_DEN","Population density (pop. per km2)","2004","2004","PER","Persons","0","Units",,,484,,
"IT030","Modena","POP_DEN","Population density (pop. per km2)","2005","2005","PER","Persons","0","Units",,,488,,
"IT030","Modena","POP_DEN","Population density (pop. per km2)","2006","2006","PER","Persons","0","Units",,,492,,
"IT030","Modena","POP_DEN","Population density (pop. per km2)","2007","2007","PER","Persons","0","Units",,,496,,
"IT030","Modena","POP_DEN","Population density (pop. per km2)","2008","2008","PER","Persons","0","Units",,,499,,
"IT030","Modena","POP_DEN","Population density (pop. per km2)","2009","2009","PER","Persons","0","Units",,,503,,
"IT030","Modena","POP_DEN","Population density (pop. per km2)","2010","2010","PER","Persons","0","Units",,,507,,
"IT030","Modena","POP_DEN","Population density (pop. per km2)","2011","2011","PER","Persons","0","Units",,,511,,
"IT030","Modena","POP_DEN","Population density (pop. per km2)","2012","2012","PER","Persons","0","Units",,,514,,
"IT030","Modena","POP_DEN","Population density (pop. per km2)","2013","2013","PER","Persons","0","Units",,,518,,
"IT030","Modena","POP_DEN","Population density (pop. per km2)","2014","2014","PER","Persons","0","Units",,,529,,
"IT030","Modena","POP_DEN","Population density (pop. per km2)","2015","2015","PER","Persons","0","Units",,,531,,
"IT030","Modena","POP_DEN","Population density (pop. per km2)","2016","2016","PER","Persons","0","Units",,,531,,
"JPN27","Kofu","T_T_SH_NAT","Share of population  in metropolitan area over the national value","2001","2001","RATIO","Ratio","0","Units",,,0.5,,
"JPN27","Kofu","T_T_SH_NAT","Share of population  in metropolitan area over the national value","2002","2002","RATIO","Ratio","0","Units",,,0.5,,
"JPN27","Kofu","T_T_SH_NAT","Share of population  in metropolitan area over the national value","2003","2003","RATIO","Ratio","0","Units",,,0.5,,
"JPN27","Kofu","T_T_SH_NAT","Share of population  in metropolitan area over the national value","2004","2004","RATIO","Ratio","0","Units",,,0.5,,
"JPN27","Kofu","T_T_SH_NAT","Share of population  in metropolitan area over the national value","2005","2005","RATIO","Ratio","0","Units",,,0.5,,
"JPN27","Kofu","T_T_SH_NAT","Share of population  in metropolitan area over the national value","2006","2006","RATIO","Ratio","0","Units",,,0.5,,
"JPN27","Kofu","T_T_SH_NAT","Share of population  in metropolitan area over the national value","2007","2007","RATIO","Ratio","0","Units",,,0.5,,
"JPN27","Kofu","T_T_SH_NAT","Share of population  in metropolitan area over the national value","2008","2008","RATIO","Ratio","0","Units",,,0.5,,
"JPN27","Kofu","T_T_SH_NAT","Share of population  in metropolitan area over the national value","2009","2009","RATIO","Ratio","0","Units",,,0.5,,
"JPN27","Kofu","T_T_SH_NAT","Share of population  in metropolitan area over the national value","2010","2010","RATIO","Ratio","0","Units",,,0.5,,
"JPN27","Kofu","T_T_SH_NAT","Share of population  in metropolitan area over the national value","2011","2011","RATIO","Ratio","0","Units",,,0.5,,
"JPN27","Kofu","T_T_SH_NAT","Share of population  in metropolitan area over the national value","2012","2012","RATIO","Ratio","0","Units",,,0.5,,
"JPN27","Kofu","T_T_SH_NAT","Share of population  in metropolitan area over the national value","2013","2013","RATIO","Ratio","0","Units",,,0.5,,
"JPN27","Kofu","T_T_SH_NAT","Share of population  in metropolitan area over the national value","2014","2014","RATIO","Ratio","0","Units",,,0.5,,
"JPN27","Kofu","T_T_SH_NAT","Share of population  in metropolitan area over the national value","2015","2015","RATIO","Ratio","0","Units",,,0.5,,
"USA86","Stanislaus","POP_DEN","Population density (pop. per km2)","2000","2000","PER","Persons","0","Units",,,114,,
"USA86","Stanislaus","POP_DEN","Population density (pop. per km2)","2001","2001","PER","Persons","0","Units",,,118,,
"USA86","Stanislaus","POP_DEN","Population density (pop. per km2)","2002","2002","PER","Persons","0","Units",,,122,,
"USA86","Stanislaus","POP_DEN","Population density (pop. per km2)","2003","2003","PER","Persons","0","Units",,,124,,
"USA86","Stanislaus","POP_DEN","Population density (pop. per km2)","2004","2004","PER","Persons","0","Units",,,125,,
"USA86","Stanislaus","POP_DEN","Population density (pop. per km2)","2005","2005","PER","Persons","0","Units",,,127,,
"USA86","Stanislaus","POP_DEN","Population density (pop. per km2)","2006","2006","PER","Persons","0","Units",,,128,,
"USA86","Stanislaus","POP_DEN","Population density (pop. per km2)","2007","2007","PER","Persons","0","Units",,,129,,
"USA86","Stanislaus","POP_DEN","Population density (pop. per km2)","2008","2008","PER","Persons","0","Units",,,130,,
"USA86","Stanislaus","POP_DEN","Population density (pop. per km2)","2009","2009","PER","Persons","0","Units",,,130,,
"USA86","Stanislaus","POP_DEN","Population density (pop. per km2)","2010","2010","PER","Persons","0","Units",,,131,,
"USA86","Stanislaus","POP_DEN","Population density (pop. per km2)","2011","2011","PER","Persons","0","Units",,,132,,
"USA86","Stanislaus","POP_DEN","Population density (pop. per km2)","2012","2012","PER","Persons","0","Units",,,133,,
"USA86","Stanislaus","POP_DEN","Population density (pop. per km2)","2013","2013","PER","Persons","0","Units",,,134,,
"USA86","Stanislaus","POP_DEN","Population density (pop. per km2)","2014","2014","PER","Persons","0","Units",,,135,,
"USA86","Stanislaus","POP_DEN","Population density (pop. per km2)","2015","2015","PER","Persons","0","Units",,,136,,
"USA86","Stanislaus","POP_DEN","Population density (pop. per km2)","2016","2016","PER","Persons","0","Units",,,138,,
"DE522","Heidelberg","T_T_SH_NAT","Share of population  in metropolitan area over the national value","2001","2001","RATIO","Ratio","0","Units",,,0.8,,
"DE522","Heidelberg","T_T_SH_NAT","Share of population  in metropolitan area over the national value","2002","2002","RATIO","Ratio","0","Units",,,0.8,,
"DE522","Heidelberg","T_T_SH_NAT","Share of population  in metropolitan area over the national value","2003","2003","RATIO","Ratio","0","Units",,,0.8,,
"DE522","Heidelberg","T_T_SH_NAT","Share of population  in metropolitan area over the national value","2004","2004","RATIO","Ratio","0","Units",,,0.8,,
"DE522","Heidelberg","T_T_SH_NAT","Share of population  in metropolitan area over the national value","2005","2005","RATIO","Ratio","0","Units",,,0.8,,
"DE522","Heidelberg","T_T_SH_NAT","Share of population  in metropolitan area over the national value","2006","2006","RATIO","Ratio","0","Units",,,0.8,,
"DE522","Heidelberg","T_T_SH_NAT","Share of population  in metropolitan area over the national value","2007","2007","RATIO","Ratio","0","Units",,,0.8,,
"DE522","Heidelberg","T_T_SH_NAT","Share of population  in metropolitan area over the national value","2008","2008","RATIO","Ratio","0","Units",,,0.8,,
"DE522","Heidelberg","T_T_SH_NAT","Share of population  in metropolitan area over the national value","2009","2009","RATIO","Ratio","0","Units",,,0.8,,
"DE522","Heidelberg","T_T_SH_NAT","Share of population  in metropolitan area over the national value","2010","2010","RATIO","Ratio","0","Units",,,0.8,,
"DE522","Heidelberg","T_T_SH_NAT","Share of population  in metropolitan area over the national value","2011","2011","RATIO","Ratio","0","Units",,,0.8,,
"DE522","Heidelberg","T_T_SH_NAT","Share of population  in metropolitan area over the national value","2012","2012","RATIO","Ratio","0","Units",,,0.8,,
"DE522","Heidelberg","T_T_SH_NAT","Share of population  in metropolitan area over the national value","2013","2013","RATIO","Ratio","0","Units",,,0.8,,
"DE522","Heidelberg","T_T_SH_NAT","Share of population  in metropolitan area over the national value","2014","2014","RATIO","Ratio","0","Units",,,0.9,,
"DE522","Heidelberg","T_T_SH_NAT","Share of population  in metropolitan area over the national value","2015","2015","RATIO","Ratio","0","Units",,,0.9,,
"DE522","Heidelberg","T_T_SH_NAT","Share of population  in metropolitan area over the national value","2016","2016","RATIO","Ratio","0","Units",,,0.9,,
"JPN15","Niigata","T_T","Population, All ages. Administrative data","2000","2000","PER","Persons","0","Units",,,806588,,
"JPN15","Niigata","T_T","Population, All ages. Administrative data","2001","2001","PER","Persons","0","Units",,,807340,,
"JPN15","Niigata","T_T","Population, All ages. Administrative data","2002","2002","PER","Persons","0","Units",,,808093,,
"JPN15","Niigata","T_T","Population, All ages. Administrative data","2003","2003","PER","Persons","0","Units",,,808845,,
"JPN15","Niigata","T_T","Population, All ages. Administrative data","2004","2004","PER","Persons","0","Units",,,809598,,
"JPN15","Niigata","T_T","Population, All ages. Administrative data","2005","2005","PER","Persons","0","Units",,,810350,,
"JPN15","Niigata","T_T","Population, All ages. Administrative data","2006","2006","PER","Persons","0","Units",,,809685,,
"JPN15","Niigata","T_T","Population, All ages. Administrative data","2007","2007","PER","Persons","0","Units",,,809021,,
"JPN15","Niigata","T_T","Population, All ages. Administrative data","2008","2008","PER","Persons","0","Units",,,808357,,
"JPN15","Niigata","T_T","Population, All ages. Administrative data","2009","2009","PER","Persons","0","Units",,,807693,,
"JPN15","Niigata","T_T","Population, All ages. Administrative data","2010","2010","PER","Persons","0","Units",,,807028,,
"JPN15","Niigata","T_T","Population, All ages. Administrative data","2011","2011","PER","Persons","0","Units",,,806480,,
"JPN15","Niigata","T_T","Population, All ages. Administrative data","2012","2012","PER","Persons","0","Units",,,805932,,
"JPN15","Niigata","T_T","Population, All ages. Administrative data","2013","2013","PER","Persons","0","Units",,,805385,,
"JPN15","Niigata","T_T","Population, All ages. Administrative data","2014","2014","PER","Persons","0","Units",,,804837,,
"JPN15","Niigata","T_T","Population, All ages. Administrative data","2015","2015","PER","Persons","0","Units",,,804289,,
"UK518","Derby","T_T","Population, All ages. Administrative data","2001","2001","PER","Persons","0","Units",,,429024,,
"UK518","Derby","T_T","Population, All ages. Administrative data","2002","2002","PER","Persons","0","Units",,,432724,,
"UK518","Derby","T_T","Population, All ages. Administrative data","2003","2003","PER","Persons","0","Units",,,436037,,
"UK518","Derby","T_T","Population, All ages. Administrative data","2004","2004","PER","Persons","0","Units",,,439428,,
"UK518","Derby","T_T","Population, All ages. Administrative data","2005","2005","PER","Persons","0","Units",,,443454,,
"UK518","Derby","T_T","Population, All ages. Administrative data","2006","2006","PER","Persons","0","Units",,,447443,,
"UK518","Derby","T_T","Population, All ages. Administrative data","2007","2007","PER","Persons","0","Units",,,451008,,
"UK518","Derby","T_T","Population, All ages. Administrative data","2008","2008","PER","Persons","0","Units",,,455058,,
"UK518","Derby","T_T","Population, All ages. Administrative data","2009","2009","PER","Persons","0","Units",,,458527,,
"UK518","Derby","T_T","Population, All ages. Administrative data","2010","2010","PER","Persons","0","Units",,,463211,,
"UK518","Derby","T_T","Population, All ages. Administrative data","2011","2011","PER","Persons","0","Units",,,466379,,
"UK518","Derby","T_T","Population, All ages. Administrative data","2012","2012","PER","Persons","0","Units",,,469314,,
"UK518","Derby","T_T","Population, All ages. Administrative data","2013","2013","PER","Persons","0","Units",,,472015,,
"UK518","Derby","T_T","Population, All ages. Administrative data","2014","2014","PER","Persons","0","Units",,,474758,,
"UK518","Derby","T_T","Population, All ages. Administrative data","2015","2015","PER","Persons","0","Units",,,477408,,
"UK518","Derby","T_T","Population, All ages. Administrative data","2016","2016","PER","Persons","0","Units",,,481426,,
"MEX33","Irapuato","T_T_SH_NAT","Share of population  in metropolitan area over the national value","2005","2005","RATIO","Ratio","0","Units",,,0.4,,
"MEX33","Irapuato","T_T_SH_NAT","Share of population  in metropolitan area over the national value","2010","2010","RATIO","Ratio","0","Units",,,0.5,,
"MEX33","Irapuato","T_T_SH_NAT","Share of population  in metropolitan area over the national value","2015","2015","RATIO","Ratio","0","Units",,,0.5,,
"DE036","Monchengladbach","POP_DEN","Population density (pop. per km2)","2001","2001","PER","Persons","0","Units",,,1549,,
"DE036","Monchengladbach","POP_DEN","Population density (pop. per km2)","2002","2002","PER","Persons","0","Units",,,1549,,
"DE036","Monchengladbach","POP_DEN","Population density (pop. per km2)","2003","2003","PER","Persons","0","Units",,,1549,,
"DE036","Monchengladbach","POP_DEN","Population density (pop. per km2)","2004","2004","PER","Persons","0","Units",,,1545,,
"DE036","Monchengladbach","POP_DEN","Population density (pop. per km2)","2005","2005","PER","Persons","0","Units",,,1543,,
"DE036","Monchengladbach","POP_DEN","Population density (pop. per km2)","2006","2006","PER","Persons","0","Units",,,1540,,
"DE036","Monchengladbach","POP_DEN","Population density (pop. per km2)","2007","2007","PER","Persons","0","Units",,,1537,,
"DE036","Monchengladbach","POP_DEN","Population density (pop. per km2)","2008","2008","PER","Persons","0","Units",,,1531,,
"DE036","Monchengladbach","POP_DEN","Population density (pop. per km2)","2009","2009","PER","Persons","0","Units",,,1525,,
"DE036","Monchengladbach","POP_DEN","Population density (pop. per km2)","2010","2010","PER","Persons","0","Units",,,1521,,
"DE036","Monchengladbach","POP_DEN","Population density (pop. per km2)","2011","2011","PER","Persons","0","Units",,,1506,,
"DE036","Monchengladbach","POP_DEN","Population density (pop. per km2)","2012","2012","PER","Persons","0","Units",,,1501,,
"DE036","Monchengladbach","POP_DEN","Population density (pop. per km2)","2013","2013","PER","Persons","0","Units",,,1502,,
"DE036","Monchengladbach","POP_DEN","Population density (pop. per km2)","2014","2014","PER","Persons","0","Units",,,1504,,
"DE036","Monchengladbach","POP_DEN","Population density (pop. per km2)","2015","2015","PER","Persons","0","Units",,,1513,,
"DE036","Monchengladbach","POP_DEN","Population density (pop. per km2)","2016","2016","PER","Persons","0","Units",,,1531,,
"UK001","London","T_T","Population, All ages. Administrative data","2001","2001","PER","Persons","0","Units",,,10173203,,
"UK001","London","T_T","Population, All ages. Administrative data","2002","2002","PER","Persons","0","Units",,,10238736,,
"UK001","London","T_T","Population, All ages. Administrative data","2003","2003","PER","Persons","0","Units",,,10270064,,
"UK001","London","T_T","Population, All ages. Administrative data","2004","2004","PER","Persons","0","Units",,,10321595,,
"UK001","London","T_T","Population, All ages. Administrative data","2005","2005","PER","Persons","0","Units",,,10432081,,
"UK001","London","T_T","Population, All ages. Administrative data","2006","2006","PER","Persons","0","Units",,,10536547,,
"UK001","London","T_T","Population, All ages. Administrative data","2007","2007","PER","Persons","0","Units",,,10660305,,
"UK001","London","T_T","Population, All ages. Administrative data","2008","2008","PER","Persons","0","Units",,,10808225,,
"UK001","London","T_T","Population, All ages. Administrative data","2009","2009","PER","Persons","0","Units",,,10963847,,
"UK001","London","T_T","Population, All ages. Administrative data","2010","2010","PER","Persons","0","Units",,,11110751,,
"UK001","London","T_T","Population, All ages. Administrative data","2011","2011","PER","Persons","0","Units",,,11278838,,
"UK001","London","T_T","Population, All ages. Administrative data","2012","2012","PER","Persons","0","Units",,,11407304,,
"UK001","London","T_T","Population, All ages. Administrative data","2013","2013","PER","Persons","0","Units",,,11544026,,
"UK001","London","T_T","Population, All ages. Administrative data","2014","2014","PER","Persons","0","Units",,,11701236,,
"UK001","London","T_T","Population, All ages. Administrative data","2015","2015","PER","Persons","0","Units",,,11853946,,
"UK001","London","T_T","Population, All ages. Administrative data","2016","2016","PER","Persons","0","Units",,,11984435,,
"USA66","Montgomery (OH)","T_T_SH_NAT","Share of population  in metropolitan area over the national value","2001","2001","RATIO","Ratio","0","Units",,,0.3,,
"USA66","Montgomery (OH)","T_T_SH_NAT","Share of population  in metropolitan area over the national value","2002","2002","RATIO","Ratio","0","Units",,,0.3,,
"USA66","Montgomery (OH)","T_T_SH_NAT","Share of population  in metropolitan area over the national value","2003","2003","RATIO","Ratio","0","Units",,,0.2,,
"USA66","Montgomery (OH)","T_T_SH_NAT","Share of population  in metropolitan area over the national value","2004","2004","RATIO","Ratio","0","Units",,,0.2,,
"USA66","Montgomery (OH)","T_T_SH_NAT","Share of population  in metropolitan area over the national value","2005","2005","RATIO","Ratio","0","Units",,,0.2,,
"USA66","Montgomery (OH)","T_T_SH_NAT","Share of population  in metropolitan area over the national value","2006","2006","RATIO","Ratio","0","Units",,,0.2,,
"USA66","Montgomery (OH)","T_T_SH_NAT","Share of population  in metropolitan area over the national value","2007","2007","RATIO","Ratio","0","Units",,,0.2,,
"USA66","Montgomery (OH)","T_T_SH_NAT","Share of population  in metropolitan area over the national value","2008","2008","RATIO","Ratio","0","Units",,,0.2,,
"USA66","Montgomery (OH)","T_T_SH_NAT","Share of population  in metropolitan area over the national value","2009","2009","RATIO","Ratio","0","Units",,,0.2,,
"USA66","Montgomery (OH)","T_T_SH_NAT","Share of population  in metropolitan area over the national value","2010","2010","RATIO","Ratio","0","Units",,,0.2,,
"USA66","Montgomery (OH)","T_T_SH_NAT","Share of population  in metropolitan area over the national value","2011","2011","RATIO","Ratio","0","Units",,,0.2,,
"USA66","Montgomery (OH)","T_T_SH_NAT","Share of population  in metropolitan area over the national value","2012","2012","RATIO","Ratio","0","Units",,,0.2,,
"USA66","Montgomery (OH)","T_T_SH_NAT","Share of population  in metropolitan area over the national value","2013","2013","RATIO","Ratio","0","Units",,,0.2,,
"USA66","Montgomery (OH)","T_T_SH_NAT","Share of population  in metropolitan area over the national value","2014","2014","RATIO","Ratio","0","Units",,,0.2,,
"USA66","Montgomery (OH)","T_T_SH_NAT","Share of population  in metropolitan area over the national value","2015","2015","RATIO","Ratio","0","Units",,,0.2,,
"USA66","Montgomery (OH)","T_T_SH_NAT","Share of population  in metropolitan area over the national value","2016","2016","RATIO","Ratio","0","Units",,,0.2,,
"DE003","Munich","T_T","Population, All ages. Administrative data","2001","2001","PER","Persons","0","Units",,,2446488,,
"DE003","Munich","T_T","Population, All ages. Administrative data","2002","2002","PER","Persons","0","Units",,,2483492,,
"DE003","Munich","T_T","Population, All ages. Administrative data","2003","2003","PER","Persons","0","Units",,,2502075,,
"DE003","Munich","T_T","Population, All ages. Administrative data","2004","2004","PER","Persons","0","Units",,,2521816,,
"DE003","Munich","T_T","Population, All ages. Administrative data","2005","2005","PER","Persons","0","Units",,,2532191,,
"DE003","Munich","T_T","Population, All ages. Administrative data","2006","2006","PER","Persons","0","Units",,,2552223,,
"DE003","Munich","T_T","Population, All ages. Administrative data","2007","2007","PER","Persons","0","Units",,,2594189,,
"DE003","Munich","T_T","Population, All ages. Administrative data","2008","2008","PER","Persons","0","Units",,,2623730,,
"DE003","Munich","T_T","Population, All ages. Administrative data","2009","2009","PER","Persons","0","Units",,,2645286,,
"DE003","Munich","T_T","Population, All ages. Administrative data","2010","2010","PER","Persons","0","Units",,,2655203,,
"DE003","Munich","T_T","Population, All ages. Administrative data","2011","2011","PER","Persons","0","Units",,,2650329,,
"DE003","Munich","T_T","Population, All ages. Administrative data","2012","2012","PER","Persons","0","Units",,,2690620,,
"DE003","Munich","T_T","Population, All ages. Administrative data","2013","2013","PER","Persons","0","Units",,,2731074,,
"DE003","Munich","T_T","Population, All ages. Administrative data","2014","2014","PER","Persons","0","Units",,,2768962,,
"DE003","Munich","T_T","Population, All ages. Administrative data","2015","2015","PER","Persons","0","Units",,,2804480,,
"DE003","Munich","T_T","Population, All ages. Administrative data","2016","2016","PER","Persons","0","Units",,,2849393,,
"UK002","West Midlands urban area","T_T_SH_NAT","Share of population  in metropolitan area over the national value","2001","2001","RATIO","Ratio","0","Units",,,4.6,,
"UK002","West Midlands urban area","T_T_SH_NAT","Share of population  in metropolitan area over the national value","2002","2002","RATIO","Ratio","0","Units",,,4.6,,
"UK002","West Midlands urban area","T_T_SH_NAT","Share of population  in metropolitan area over the national value","2003","2003","RATIO","Ratio","0","Units",,,4.6,,
"UK002","West Midlands urban area","T_T_SH_NAT","Share of population  in metropolitan area over the national value","2004","2004","RATIO","Ratio","0","Units",,,4.6,,
"UK002","West Midlands urban area","T_T_SH_NAT","Share of population  in metropolitan area over the national value","2005","2005","RATIO","Ratio","0","Units",,,4.6,,
"UK002","West Midlands urban area","T_T_SH_NAT","Share of population  in metropolitan area over the national value","2006","2006","RATIO","Ratio","0","Units",,,4.5,,
"UK002","West Midlands urban area","T_T_SH_NAT","Share of population  in metropolitan area over the national value","2007","2007","RATIO","Ratio","0","Units",,,4.5,,
"UK002","West Midlands urban area","T_T_SH_NAT","Share of population  in metropolitan area over the national value","2008","2008","RATIO","Ratio","0","Units",,,4.5,,
"UK002","West Midlands urban area","T_T_SH_NAT","Share of population  in metropolitan area over the national value","2009","2009","RATIO","Ratio","0","Units",,,4.5,,
"UK002","West Midlands urban area","T_T_SH_NAT","Share of population  in metropolitan area over the national value","2010","2010","RATIO","Ratio","0","Units",,,4.5,,
"UK002","West Midlands urban area","T_T_SH_NAT","Share of population  in metropolitan area over the national value","2011","2011","RATIO","Ratio","0","Units",,,4.5,,
"UK002","West Midlands urban area","T_T_SH_NAT","Share of population  in metropolitan area over the national value","2012","2012","RATIO","Ratio","0","Units",,,4.5,,
"UK002","West Midlands urban area","T_T_SH_NAT","Share of population  in metropolitan area over the national value","2013","2013","RATIO","Ratio","0","Units",,,4.5,,
"UK002","West Midlands urban area","T_T_SH_NAT","Share of population  in metropolitan area over the national value","2014","2014","RATIO","Ratio","0","Units",,,4.5,,
"UK002","West Midlands urban area","T_T_SH_NAT","Share of population  in metropolitan area over the national value","2015","2015","RATIO","Ratio","0","Units",,,4.5,,
"UK002","West Midlands urban area","T_T_SH_NAT","Share of population  in metropolitan area over the national value","2016","2016","RATIO","Ratio","0","Units",,,4.5,,
"DE061","Aschaffenburg","POP_DEN","Population density (pop. per km2)","2001","2001","PER","Persons","0","Units",,,253,,
"DE061","Aschaffenburg","POP_DEN","Population density (pop. per km2)","2002","2002","PER","Persons","0","Units",,,254,,
"DE061","Aschaffenburg","POP_DEN","Population density (pop. per km2)","2003","2003","PER","Persons","0","Units",,,254,,
"DE061","Aschaffenburg","POP_DEN","Population density (pop. per km2)","2004","2004","PER","Persons","0","Units",,,255,,
"DE061","Aschaffenburg","POP_DEN","Population density (pop. per km2)","2005","2005","PER","Persons","0","Units",,,255,,
"DE061","Aschaffenburg","POP_DEN","Population density (pop. per km2)","2006","2006","PER","Persons","0","Units",,,254,,
"DE061","Aschaffenburg","POP_DEN","Population density (pop. per km2)","2007","2007","PER","Persons","0","Units",,,254,,
"DE061","Aschaffenburg","POP_DEN","Population density (pop. per km2)","2008","2008","PER","Persons","0","Units",,,253,,
"DE061","Aschaffenburg","POP_DEN","Population density (pop. per km2)","2009","2009","PER","Persons","0","Units",,,252,,
"DE061","Aschaffenburg","POP_DEN","Population density (pop. per km2)","2010","2010","PER","Persons","0","Units",,,252,,
"DE061","Aschaffenburg","POP_DEN","Population density (pop. per km2)","2011","2011","PER","Persons","0","Units",,,250,,
"DE061","Aschaffenburg","POP_DEN","Population density (pop. per km2)","2012","2012","PER","Persons","0","Units",,,250,,
"DE061","Aschaffenburg","POP_DEN","Population density (pop. per km2)","2013","2013","PER","Persons","0","Units",,,250,,
"DE061","Aschaffenburg","POP_DEN","Population density (pop. per km2)","2014","2014","PER","Persons","0","Units",,,250,,
"DE061","Aschaffenburg","POP_DEN","Population density (pop. per km2)","2015","2015","PER","Persons","0","Units",,,250,,
"DE061","Aschaffenburg","POP_DEN","Population density (pop. per km2)","2016","2016","PER","Persons","0","Units",,,252,,
"DE533","Pforzheim","T_T","Population, All ages. Administrative data","2001","2001","PER","Persons","0","Units",,,308834,,
"DE533","Pforzheim","T_T","Population, All ages. Administrative data","2002","2002","PER","Persons","0","Units",,,310696,,
"DE533","Pforzheim","T_T","Population, All ages. Administrative data","2003","2003","PER","Persons","0","Units",,,312439,,
"DE533","Pforzheim","T_T","Population, All ages. Administrative data","2004","2004","PER","Persons","0","Units",,,313237,,
"DE533","Pforzheim","T_T","Population, All ages. Administrative data","2005","2005","PER","Persons","0","Units",,,313738,,
"DE533","Pforzheim","T_T","Population, All ages. Administrative data","2006","2006","PER","Persons","0","Units",,,314244,,
"DE533","Pforzheim","T_T","Population, All ages. Administrative data","2007","2007","PER","Persons","0","Units",,,314122,,
"DE533","Pforzheim","T_T","Population, All ages. Administrative data","2008","2008","PER","Persons","0","Units",,,313694,,
"DE533","Pforzheim","T_T","Population, All ages. Administrative data","2009","2009","PER","Persons","0","Units",,,313968,,
"DE533","Pforzheim","T_T","Population, All ages. Administrative data","2010","2010","PER","Persons","0","Units",,,313163,,
"DE533","Pforzheim","T_T","Population, All ages. Administrative data","2011","2011","PER","Persons","0","Units",,,304569,,
"DE533","Pforzheim","T_T","Population, All ages. Administrative data","2012","2012","PER","Persons","0","Units",,,305511,,
"DE533","Pforzheim","T_T","Population, All ages. Administrative data","2013","2013","PER","Persons","0","Units",,,307352,,
"DE533","Pforzheim","T_T","Population, All ages. Administrative data","2014","2014","PER","Persons","0","Units",,,309396,,
"DE533","Pforzheim","T_T","Population, All ages. Administrative data","2015","2015","PER","Persons","0","Units",,,311845,,
"DE533","Pforzheim","T_T","Population, All ages. Administrative data","2016","2016","PER","Persons","0","Units",,,317125,,
"USA53","Providence","T_T_SH_NAT","Share of population  in metropolitan area over the national value","2001","2001","RATIO","Ratio","0","Units",,,0.3,,
"USA53","Providence","T_T_SH_NAT","Share of population  in metropolitan area over the national value","2002","2002","RATIO","Ratio","0","Units",,,0.3,,
"USA53","Providence","T_T_SH_NAT","Share of population  in metropolitan area over the national value","2003","2003","RATIO","Ratio","0","Units",,,0.3,,
"USA53","Providence","T_T_SH_NAT","Share of population  in metropolitan area over the national value","2004","2004","RATIO","Ratio","0","Units",,,0.3,,
"USA53","Providence","T_T_SH_NAT","Share of population  in metropolitan area over the national value","2005","2005","RATIO","Ratio","0","Units",,,0.3,,
"USA53","Providence","T_T_SH_NAT","Share of population  in metropolitan area over the national value","2006","2006","RATIO","Ratio","0","Units",,,0.3,,
"USA53","Providence","T_T_SH_NAT","Share of population  in metropolitan area over the national value","2007","2007","RATIO","Ratio","0","Units",,,0.3,,
"USA53","Providence","T_T_SH_NAT","Share of population  in metropolitan area over the national value","2008","2008","RATIO","Ratio","0","Units",,,0.3,,
"USA53","Providence","T_T_SH_NAT","Share of population  in metropolitan area over the national value","2009","2009","RATIO","Ratio","0","Units",,,0.3,,
"USA53","Providence","T_T_SH_NAT","Share of population  in metropolitan area over the national value","2010","2010","RATIO","Ratio","0","Units",,,0.3,,
"USA53","Providence","T_T_SH_NAT","Share of population  in metropolitan area over the national value","2011","2011","RATIO","Ratio","0","Units",,,0.3,,
"USA53","Providence","T_T_SH_NAT","Share of population  in metropolitan area over the national value","2012","2012","RATIO","Ratio","0","Units",,,0.3,,
"USA53","Providence","T_T_SH_NAT","Share of population  in metropolitan area over the national value","2013","2013","RATIO","Ratio","0","Units",,,0.3,,
"USA53","Providence","T_T_SH_NAT","Share of population  in metropolitan area over the national value","2014","2014","RATIO","Ratio","0","Units",,,0.3,,
"USA53","Providence","T_T_SH_NAT","Share of population  in metropolitan area over the national value","2015","2015","RATIO","Ratio","0","Units",,,0.3,,
"USA53","Providence","T_T_SH_NAT","Share of population  in metropolitan area over the national value","2016","2016","RATIO","Ratio","0","Units",,,0.3,,
"JPN06","Sendai","POP_DEN","Population density (pop. per km2)","2000","2000","PER","Persons","0","Units",,,751,,
"JPN06","Sendai","POP_DEN","Population density (pop. per km2)","2001","2001","PER","Persons","0","Units",,,753,,
"JPN06","Sendai","POP_DEN","Population density (pop. per km2)","2002","2002","PER","Persons","0","Units",,,754,,
"JPN06","Sendai","POP_DEN","Population density (pop. per km2)","2003","2003","PER","Persons","0","Units",,,756,,
"JPN06","Sendai","POP_DEN","Population density (pop. per km2)","2004","2004","PER","Persons","0","Units",,,758,,
"JPN06","Sendai","POP_DEN","Population density (pop. per km2)","2005","2005","PER","Persons","0","Units",,,760,,
"JPN06","Sendai","POP_DEN","Population density (pop. per km2)","2006","2006","PER","Persons","0","Units",,,761,,
"JPN06","Sendai","POP_DEN","Population density (pop. per km2)","2007","2007","PER","Persons","0","Units",,,762,,
"JPN06","Sendai","POP_DEN","Population density (pop. per km2)","2008","2008","PER","Persons","0","Units",,,763,,
"JPN06","Sendai","POP_DEN","Population density (pop. per km2)","2009","2009","PER","Persons","0","Units",,,764,,
"JPN06","Sendai","POP_DEN","Population density (pop. per km2)","2010","2010","PER","Persons","0","Units",,,765,,
"JPN06","Sendai","POP_DEN","Population density (pop. per km2)","2011","2011","PER","Persons","0","Units",,,766,,
"JPN06","Sendai","POP_DEN","Population density (pop. per km2)","2012","2012","PER","Persons","0","Units",,,767,,
"JPN06","Sendai","POP_DEN","Population density (pop. per km2)","2013","2013","PER","Persons","0","Units",,,768,,
"JPN06","Sendai","POP_DEN","Population density (pop. per km2)","2014","2014","PER","Persons","0","Units",,,769,,
"JPN06","Sendai","POP_DEN","Population density (pop. per km2)","2015","2015","PER","Persons","0","Units",,,769,,
"ES510","Donostia-San Sebastian","T_T","Population, All ages. Administrative data","2000","2000","PER","Persons","0","Units",,,323093,,
"ES510","Donostia-San Sebastian","T_T","Population, All ages. Administrative data","2001","2001","PER","Persons","0","Units",,,323986,,
"ES510","Donostia-San Sebastian","T_T","Population, All ages. Administrative data","2002","2002","PER","Persons","0","Units",,,324878,,
"ES510","Donostia-San Sebastian","T_T","Population, All ages. Administrative data","2003","2003","PER","Persons","0","Units",,,325772,,
"ES510","Donostia-San Sebastian","T_T","Population, All ages. Administrative data","2004","2004","PER","Persons","0","Units",,,326664,,
"ES510","Donostia-San Sebastian","T_T","Population, All ages. Administrative data","2005","2005","PER","Persons","0","Units",,,327556,,
"ES510","Donostia-San Sebastian","T_T","Population, All ages. Administrative data","2006","2006","PER","Persons","0","Units",,,328448,,
"ES510","Donostia-San Sebastian","T_T","Population, All ages. Administrative data","2007","2007","PER","Persons","0","Units",,,329341,,
"ES510","Donostia-San Sebastian","T_T","Population, All ages. Administrative data","2008","2008","PER","Persons","0","Units",,,330233,,
"ES510","Donostia-San Sebastian","T_T","Population, All ages. Administrative data","2009","2009","PER","Persons","0","Units",,,331127,,
"ES510","Donostia-San Sebastian","T_T","Population, All ages. Administrative data","2010","2010","PER","Persons","0","Units",,,332019,,
"ES510","Donostia-San Sebastian","T_T","Population, All ages. Administrative data","2011","2011","PER","Persons","0","Units",,,332912,,
"ES510","Donostia-San Sebastian","T_T","Population, All ages. Administrative data","2012","2012","PER","Persons","0","Units",,,333804,,
"ES510","Donostia-San Sebastian","T_T","Population, All ages. Administrative data","2013","2013","PER","Persons","0","Units",,,334696,,
"ES510","Donostia-San Sebastian","T_T","Population, All ages. Administrative data","2014","2014","PER","Persons","0","Units",,,335588,,
"ES510","Donostia-San Sebastian","T_T","Population, All ages. Administrative data","2015","2015","PER","Persons","0","Units",,,336482,,
"ES510","Donostia-San Sebastian","T_T","Population, All ages. Administrative data","2016","2016","PER","Persons","0","Units",,,337374,,
"USA12","Phoenix","T_T_SH_NAT","Share of population  in metropolitan area over the national value","2001","2001","RATIO","Ratio","0","Units",,,1.2,,
"USA12","Phoenix","T_T_SH_NAT","Share of population  in metropolitan area over the national value","2002","2002","RATIO","Ratio","0","Units",,,1.2,,
"USA12","Phoenix","T_T_SH_NAT","Share of population  in metropolitan area over the national value","2003","2003","RATIO","Ratio","0","Units",,,1.2,,
"USA12","Phoenix","T_T_SH_NAT","Share of population  in metropolitan area over the national value","2004","2004","RATIO","Ratio","0","Units",,,1.2,,
"USA12","Phoenix","T_T_SH_NAT","Share of population  in metropolitan area over the national value","2005","2005","RATIO","Ratio","0","Units",,,1.3,,
"USA12","Phoenix","T_T_SH_NAT","Share of population  in metropolitan area over the national value","2006","2006","RATIO","Ratio","0","Units",,,1.3,,
"USA12","Phoenix","T_T_SH_NAT","Share of population  in metropolitan area over the national value","2007","2007","RATIO","Ratio","0","Units",,,1.3,,
"USA12","Phoenix","T_T_SH_NAT","Share of population  in metropolitan area over the national value","2008","2008","RATIO","Ratio","0","Units",,,1.4,,
"USA12","Phoenix","T_T_SH_NAT","Share of population  in metropolitan area over the national value","2009","2009","RATIO","Ratio","0","Units",,,1.4,,
"USA12","Phoenix","T_T_SH_NAT","Share of population  in metropolitan area over the national value","2010","2010","RATIO","Ratio","0","Units",,,1.4,,
"USA12","Phoenix","T_T_SH_NAT","Share of population  in metropolitan area over the national value","2011","2011","RATIO","Ratio","0","Units",,,1.4,,
"USA12","Phoenix","T_T_SH_NAT","Share of population  in metropolitan area over the national value","2012","2012","RATIO","Ratio","0","Units",,,1.4,,
"USA12","Phoenix","T_T_SH_NAT","Share of population  in metropolitan area over the national value","2013","2013","RATIO","Ratio","0","Units",,,1.4,,
"USA12","Phoenix","T_T_SH_NAT","Share of population  in metropolitan area over the national value","2014","2014","RATIO","Ratio","0","Units",,,1.4,,
"USA12","Phoenix","T_T_SH_NAT","Share of population  in metropolitan area over the national value","2015","2015","RATIO","Ratio","0","Units",,,1.4,,
"USA12","Phoenix","T_T_SH_NAT","Share of population  in metropolitan area over the national value","2016","2016","RATIO","Ratio","0","Units",,,1.4,,
"JPN35","Kochi","T_T","Population, All ages. Administrative data","2000","2000","PER","Persons","0","Units",,,541197,,
"JPN35","Kochi","T_T","Population, All ages. Administrative data","2001","2001","PER","Persons","0","Units",,,541128,,
"JPN35","Kochi","T_T","Population, All ages. Administrative data","2002","2002","PER","Persons","0","Units",,,541059,,
"JPN35","Kochi","T_T","Population, All ages. Administrative data","2003","2003","PER","Persons","0","Units",,,540987,,
"JPN35","Kochi","T_T","Population, All ages. Administrative data","2004","2004","PER","Persons","0","Units",,,540918,,
"JPN35","Kochi","T_T","Population, All ages. Administrative data","2005","2005","PER","Persons","0","Units",,,540849,,
"JPN35","Kochi","T_T","Population, All ages. Administrative data","2006","2006","PER","Persons","0","Units",,,537259,,
"JPN35","Kochi","T_T","Population, All ages. Administrative data","2007","2007","PER","Persons","0","Units",,,533670,,
"JPN35","Kochi","T_T","Population, All ages. Administrative data","2008","2008","PER","Persons","0","Units",,,530081,,
"JPN35","Kochi","T_T","Population, All ages. Administrative data","2009","2009","PER","Persons","0","Units",,,526492,,
"JPN35","Kochi","T_T","Population, All ages. Administrative data","2010","2010","PER","Persons","0","Units",,,522902,,
"JPN35","Kochi","T_T","Population, All ages. Administrative data","2011","2011","PER","Persons","0","Units",,,519756,,
"JPN35","Kochi","T_T","Population, All ages. Administrative data","2012","2012","PER","Persons","0","Units",,,516611,,
"JPN35","Kochi","T_T","Population, All ages. Administrative data","2013","2013","PER","Persons","0","Units",,,513465,,
"JPN35","Kochi","T_T","Population, All ages. Administrative data","2014","2014","PER","Persons","0","Units",,,510320,,
"JPN35","Kochi","T_T","Population, All ages. Administrative data","2015","2015","PER","Persons","0","Units",,,507174,,
"DE084","Mannheim-Ludwigshafen","T_T_SH_NAT","Share of population  in metropolitan area over the national value","2001","2001","RATIO","Ratio","0","Units",,,1.4,,
"DE084","Mannheim-Ludwigshafen","T_T_SH_NAT","Share of population  in metropolitan area over the national value","2002","2002","RATIO","Ratio","0","Units",,,1.4,,
"DE084","Mannheim-Ludwigshafen","T_T_SH_NAT","Share of population  in metropolitan area over the national value","2003","2003","RATIO","Ratio","0","Units",,,1.4,,
"DE084","Mannheim-Ludwigshafen","T_T_SH_NAT","Share of population  in metropolitan area over the national value","2004","2004","RATIO","Ratio","0","Units",,,1.4,,
"DE084","Mannheim-Ludwigshafen","T_T_SH_NAT","Share of population  in metropolitan area over the national value","2005","2005","RATIO","Ratio","0","Units",,,1.4,,
"DE084","Mannheim-Ludwigshafen","T_T_SH_NAT","Share of population  in metropolitan area over the national value","2006","2006","RATIO","Ratio","0","Units",,,1.4,,
"DE084","Mannheim-Ludwigshafen","T_T_SH_NAT","Share of population  in metropolitan area over the national value","2007","2007","RATIO","Ratio","0","Units",,,1.4,,
"DE084","Mannheim-Ludwigshafen","T_T_SH_NAT","Share of population  in metropolitan area over the national value","2008","2008","RATIO","Ratio","0","Units",,,1.4,,
"DE084","Mannheim-Ludwigshafen","T_T_SH_NAT","Share of population  in metropolitan area over the national value","2009","2009","RATIO","Ratio","0","Units",,,1.4,,
"DE084","Mannheim-Ludwigshafen","T_T_SH_NAT","Share of population  in metropolitan area over the national value","2010","2010","RATIO","Ratio","0","Units",,,1.4,,
"DE084","Mannheim-Ludwigshafen","T_T_SH_NAT","Share of population  in metropolitan area over the national value","2011","2011","RATIO","Ratio","0","Units",,,1.4,,
"DE084","Mannheim-Ludwigshafen","T_T_SH_NAT","Share of population  in metropolitan area over the national value","2012","2012","RATIO","Ratio","0","Units",,,1.4,,
"DE084","Mannheim-Ludwigshafen","T_T_SH_NAT","Share of population  in metropolitan area over the national value","2013","2013","RATIO","Ratio","0","Units",,,1.4,,
"DE084","Mannheim-Ludwigshafen","T_T_SH_NAT","Share of population  in metropolitan area over the national value","2014","2014","RATIO","Ratio","0","Units",,,1.4,,
"DE084","Mannheim-Ludwigshafen","T_T_SH_NAT","Share of population  in metropolitan area over the national value","2015","2015","RATIO","Ratio","0","Units",,,1.4,,
"DE084","Mannheim-Ludwigshafen","T_T_SH_NAT","Share of population  in metropolitan area over the national value","2016","2016","RATIO","Ratio","0","Units",,,1.4,,
"DE021","Gottingen","POP_DEN","Population density (pop. per km2)","2001","2001","PER","Persons","0","Units",,,175,,
"DE021","Gottingen","POP_DEN","Population density (pop. per km2)","2002","2002","PER","Persons","0","Units",,,174,,
"DE021","Gottingen","POP_DEN","Population density (pop. per km2)","2003","2003","PER","Persons","0","Units",,,174,,
"DE021","Gottingen","POP_DEN","Population density (pop. per km2)","2004","2004","PER","Persons","0","Units",,,173,,
"DE021","Gottingen","POP_DEN","Population density (pop. per km2)","2005","2005","PER","Persons","0","Units",,,172,,
"DE021","Gottingen","POP_DEN","Population density (pop. per km2)","2006","2006","PER","Persons","0","Units",,,171,,
"DE021","Gottingen","POP_DEN","Population density (pop. per km2)","2007","2007","PER","Persons","0","Units",,,170,,
"DE021","Gottingen","POP_DEN","Population density (pop. per km2)","2008","2008","PER","Persons","0","Units",,,170,,
"DE021","Gottingen","POP_DEN","Population density (pop. per km2)","2009","2009","PER","Persons","0","Units",,,169,,
"DE021","Gottingen","POP_DEN","Population density (pop. per km2)","2010","2010","PER","Persons","0","Units",,,168,,
"DE021","Gottingen","POP_DEN","Population density (pop. per km2)","2011","2011","PER","Persons","0","Units",,,162,,
"DE021","Gottingen","POP_DEN","Population density (pop. per km2)","2012","2012","PER","Persons","0","Units",,,161,,
"DE021","Gottingen","POP_DEN","Population density (pop. per km2)","2013","2013","PER","Persons","0","Units",,,161,,
"DE021","Gottingen","POP_DEN","Population density (pop. per km2)","2014","2014","PER","Persons","0","Units",,,160,,
"DE021","Gottingen","POP_DEN","Population density (pop. per km2)","2015","2015","PER","Persons","0","Units",,,161,,
"DE021","Gottingen","POP_DEN","Population density (pop. per km2)","2016","2016","PER","Persons","0","Units",,,164,,
"FR215","Rouen","POP_DEN","Population density (pop. per km2)","2000","2000","PER","Persons","0","Units",,,230,,
"FR215","Rouen","POP_DEN","Population density (pop. per km2)","2001","2001","PER","Persons","0","Units",,,231,,
"FR215","Rouen","POP_DEN","Population density (pop. per km2)","2002","2002","PER","Persons","0","Units",,,232,,
"FR215","Rouen","POP_DEN","Population density (pop. per km2)","2003","2003","PER","Persons","0","Units",,,233,,
"FR215","Rouen","POP_DEN","Population density (pop. per km2)","2004","2004","PER","Persons","0","Units",,,233,,
"FR215","Rouen","POP_DEN","Population density (pop. per km2)","2005","2005","PER","Persons","0","Units",,,234,,
"FR215","Rouen","POP_DEN","Population density (pop. per km2)","2006","2006","PER","Persons","0","Units",,,235,,
"FR215","Rouen","POP_DEN","Population density (pop. per km2)","2007","2007","PER","Persons","0","Units",,,235,,
"FR215","Rouen","POP_DEN","Population density (pop. per km2)","2008","2008","PER","Persons","0","Units",,,236,,
"FR215","Rouen","POP_DEN","Population density (pop. per km2)","2009","2009","PER","Persons","0","Units",,,237,,
"FR215","Rouen","POP_DEN","Population density (pop. per km2)","2010","2010","PER","Persons","0","Units",,,238,,
"FR215","Rouen","POP_DEN","Population density (pop. per km2)","2011","2011","PER","Persons","0","Units",,,239,,
"FR215","Rouen","POP_DEN","Population density (pop. per km2)","2012","2012","PER","Persons","0","Units",,,240,,
"FR215","Rouen","POP_DEN","Population density (pop. per km2)","2013","2013","PER","Persons","0","Units",,,240,,
"FR215","Rouen","POP_DEN","Population density (pop. per km2)","2014","2014","PER","Persons","0","Units",,,241,,
"FR215","Rouen","POP_DEN","Population density (pop. per km2)","2015","2015","PER","Persons","0","Units",,,242,,
"HU001","Budapest","T_T_SH_NAT","Share of population  in metropolitan area over the national value","2001","2001","RATIO","Ratio","0","Units",,,27.7,,
"HU001","Budapest","T_T_SH_NAT","Share of population  in metropolitan area over the national value","2002","2002","RATIO","Ratio","0","Units",,,27.7,,
"HU001","Budapest","T_T_SH_NAT","Share of population  in metropolitan area over the national value","2003","2003","RATIO","Ratio","0","Units",,,27.7,,
"HU001","Budapest","T_T_SH_NAT","Share of population  in metropolitan area over the national value","2004","2004","RATIO","Ratio","0","Units",,,27.8,,
"HU001","Budapest","T_T_SH_NAT","Share of population  in metropolitan area over the national value","2005","2005","RATIO","Ratio","0","Units",,,28,,
"HU001","Budapest","T_T_SH_NAT","Share of population  in metropolitan area over the national value","2006","2006","RATIO","Ratio","0","Units",,,28.2,,
"HU001","Budapest","T_T_SH_NAT","Share of population  in metropolitan area over the national value","2007","2007","RATIO","Ratio","0","Units",,,28.4,,
"HU001","Budapest","T_T_SH_NAT","Share of population  in metropolitan area over the national value","2008","2008","RATIO","Ratio","0","Units",,,28.6,,
"HU001","Budapest","T_T_SH_NAT","Share of population  in metropolitan area over the national value","2009","2009","RATIO","Ratio","0","Units",,,28.9,,
"HU001","Budapest","T_T_SH_NAT","Share of population  in metropolitan area over the national value","2010","2010","RATIO","Ratio","0","Units",,,29.2,,
"HU001","Budapest","T_T_SH_NAT","Share of population  in metropolitan area over the national value","2011","2011","RATIO","Ratio","0","Units",,,29.5,,
"HU001","Budapest","T_T_SH_NAT","Share of population  in metropolitan area over the national value","2012","2012","RATIO","Ratio","0","Units",,,29.4,,
"HU001","Budapest","T_T_SH_NAT","Share of population  in metropolitan area over the national value","2013","2013","RATIO","Ratio","0","Units",,,29.6,,
"HU001","Budapest","T_T_SH_NAT","Share of population  in metropolitan area over the national value","2014","2014","RATIO","Ratio","0","Units",,,29.8,,
"HU001","Budapest","T_T_SH_NAT","Share of population  in metropolitan area over the national value","2015","2015","RATIO","Ratio","0","Units",,,30,,
"HU001","Budapest","T_T_SH_NAT","Share of population  in metropolitan area over the national value","2016","2016","RATIO","Ratio","0","Units",,,30.2,,
"MEX57","La Paz","T_T_SH_NAT","Share of population  in metropolitan area over the national value","2005","2005","RATIO","Ratio","0","Units",,,0.2,,
"MEX57","La Paz","T_T_SH_NAT","Share of population  in metropolitan area over the national value","2010","2010","RATIO","Ratio","0","Units",,,0.2,,
"MEX57","La Paz","T_T_SH_NAT","Share of population  in metropolitan area over the national value","2015","2015","RATIO","Ratio","0","Units",,,0.2,,
"IS001","Reykjavik","T_T_SH_NAT","Share of population  in metropolitan area over the national value","2001","2001","RATIO","Ratio","0","Units",,,72.8,,
"IS001","Reykjavik","T_T_SH_NAT","Share of population  in metropolitan area over the national value","2002","2002","RATIO","Ratio","0","Units",,,73.1,,
"IS001","Reykjavik","T_T_SH_NAT","Share of population  in metropolitan area over the national value","2003","2003","RATIO","Ratio","0","Units",,,73.6,,
"IS001","Reykjavik","T_T_SH_NAT","Share of population  in metropolitan area over the national value","2004","2004","RATIO","Ratio","0","Units",,,73.8,,
"IS001","Reykjavik","T_T_SH_NAT","Share of population  in metropolitan area over the national value","2005","2005","RATIO","Ratio","0","Units",,,74,,
"IS001","Reykjavik","T_T_SH_NAT","Share of population  in metropolitan area over the national value","2006","2006","RATIO","Ratio","0","Units",,,74,,
"IS001","Reykjavik","T_T_SH_NAT","Share of population  in metropolitan area over the national value","2007","2007","RATIO","Ratio","0","Units",,,74.7,,
"IS001","Reykjavik","T_T_SH_NAT","Share of population  in metropolitan area over the national value","2008","2008","RATIO","Ratio","0","Units",,,75.7,,
"IS001","Reykjavik","T_T_SH_NAT","Share of population  in metropolitan area over the national value","2009","2009","RATIO","Ratio","0","Units",,,76.2,,
"IS001","Reykjavik","T_T_SH_NAT","Share of population  in metropolitan area over the national value","2010","2010","RATIO","Ratio","0","Units",,,76.3,,
"IS001","Reykjavik","T_T_SH_NAT","Share of population  in metropolitan area over the national value","2011","2011","RATIO","Ratio","0","Units",,,76.4,,
"IS001","Reykjavik","T_T_SH_NAT","Share of population  in metropolitan area over the national value","2012","2012","RATIO","Ratio","0","Units",,,76.6,,
"IS001","Reykjavik","T_T_SH_NAT","Share of population  in metropolitan area over the national value","2013","2013","RATIO","Ratio","0","Units",,,77.5,,
"IS001","Reykjavik","T_T_SH_NAT","Share of population  in metropolitan area over the national value","2014","2014","RATIO","Ratio","0","Units",,,77.7,,
"IS001","Reykjavik","T_T_SH_NAT","Share of population  in metropolitan area over the national value","2015","2015","RATIO","Ratio","0","Units",,,77.9,,
"IS001","Reykjavik","T_T_SH_NAT","Share of population  in metropolitan area over the national value","2016","2016","RATIO","Ratio","0","Units",,,78.1,,
"CAN07","Quebec","T_T_SH_NAT","Share of population  in metropolitan area over the national value","2001","2001","RATIO","Ratio","0","Units",,,2.5,,
"CAN07","Quebec","T_T_SH_NAT","Share of population  in metropolitan area over the national value","2002","2002","RATIO","Ratio","0","Units",,,2.5,,
"CAN07","Quebec","T_T_SH_NAT","Share of population  in metropolitan area over the national value","2003","2003","RATIO","Ratio","0","Units",,,2.5,,
"CAN07","Quebec","T_T_SH_NAT","Share of population  in metropolitan area over the national value","2004","2004","RATIO","Ratio","0","Units",,,2.5,,
"CAN07","Quebec","T_T_SH_NAT","Share of population  in metropolitan area over the national value","2005","2005","RATIO","Ratio","0","Units",,,2.5,,
"CAN07","Quebec","T_T_SH_NAT","Share of population  in metropolitan area over the national value","2006","2006","RATIO","Ratio","0","Units",,,2.4,,
"CAN07","Quebec","T_T_SH_NAT","Share of population  in metropolitan area over the national value","2007","2007","RATIO","Ratio","0","Units",,,2.5,,
"CAN07","Quebec","T_T_SH_NAT","Share of population  in metropolitan area over the national value","2008","2008","RATIO","Ratio","0","Units",,,2.5,,
"CAN07","Quebec","T_T_SH_NAT","Share of population  in metropolitan area over the national value","2009","2009","RATIO","Ratio","0","Units",,,2.5,,
"CAN07","Quebec","T_T_SH_NAT","Share of population  in metropolitan area over the national value","2010","2010","RATIO","Ratio","0","Units",,,2.5,,
"CAN07","Quebec","T_T_SH_NAT","Share of population  in metropolitan area over the national value","2011","2011","RATIO","Ratio","0","Units",,,2.5,,
"CAN07","Quebec","T_T_SH_NAT","Share of population  in metropolitan area over the national value","2012","2012","RATIO","Ratio","0","Units",,,2.5,,
"CAN07","Quebec","T_T_SH_NAT","Share of population  in metropolitan area over the national value","2013","2013","RATIO","Ratio","0","Units",,,2.5,,
"CAN07","Quebec","T_T_SH_NAT","Share of population  in metropolitan area over the national value","2014","2014","RATIO","Ratio","0","Units",,,2.4,,
"CAN07","Quebec","T_T_SH_NAT","Share of population  in metropolitan area over the national value","2015","2015","RATIO","Ratio","0","Units",,,2.4,,
"CAN07","Quebec","T_T_SH_NAT","Share of population  in metropolitan area over the national value","2016","2016","RATIO","Ratio","0","Units",,,2.4,,
"MEX16","Culiacan","T_T_SH_NAT","Share of population  in metropolitan area over the national value","2005","2005","RATIO","Ratio","0","Units",,,0.7,,
"MEX16","Culiacan","T_T_SH_NAT","Share of population  in metropolitan area over the national value","2010","2010","RATIO","Ratio","0","Units",,,0.8,,
"MEX16","Culiacan","T_T_SH_NAT","Share of population  in metropolitan area over the national value","2015","2015","RATIO","Ratio","0","Units",,,0.8,,
"SE003","Malmo","T_T","Population, All ages. Administrative data","2000","2000","PER","Persons","0","Units",,,536571,,
"SE003","Malmo","T_T","Population, All ages. Administrative data","2001","2001","PER","Persons","0","Units",,,541506,,
"SE003","Malmo","T_T","Population, All ages. Administrative data","2002","2002","PER","Persons","0","Units",,,546623,,
"SE003","Malmo","T_T","Population, All ages. Administrative data","2003","2003","PER","Persons","0","Units",,,550289,,
"SE003","Malmo","T_T","Population, All ages. Administrative data","2004","2004","PER","Persons","0","Units",,,554730,,
"SE003","Malmo","T_T","Population, All ages. Administrative data","2005","2005","PER","Persons","0","Units",,,559691,,
"SE003","Malmo","T_T","Population, All ages. Administrative data","2006","2006","PER","Persons","0","Units",,,569116,,
"SE003","Malmo","T_T","Population, All ages. Administrative data","2007","2007","PER","Persons","0","Units",,,578537,,
"SE003","Malmo","T_T","Population, All ages. Administrative data","2008","2008","PER","Persons","0","Units",,,589062,,
"SE003","Malmo","T_T","Population, All ages. Administrative data","2009","2009","PER","Persons","0","Units",,,600762,,
"SE003","Malmo","T_T","Population, All ages. Administrative data","2010","2010","PER","Persons","0","Units",,,609308,,
"SE003","Malmo","T_T","Population, All ages. Administrative data","2011","2011","PER","Persons","0","Units",,,615721,,
"SE003","Malmo","T_T","Population, All ages. Administrative data","2012","2012","PER","Persons","0","Units",,,623124,,
"SE003","Malmo","T_T","Population, All ages. Administrative data","2013","2013","PER","Persons","0","Units",,,630903,,
"SE003","Malmo","T_T","Population, All ages. Administrative data","2014","2014","PER","Persons","0","Units",,,639532,,
"SE003","Malmo","T_T","Population, All ages. Administrative data","2015","2015","PER","Persons","0","Units",,,647022,,
"SE003","Malmo","T_T","Population, All ages. Administrative data","2016","2016","PER","Persons","0","Units",,,658050,,
"DE546","Wuppertal","T_T_SH_NAT","Share of population  in metropolitan area over the national value","2001","2001","RATIO","Ratio","0","Units",,,0.5,,
"DE546","Wuppertal","T_T_SH_NAT","Share of population  in metropolitan area over the national value","2002","2002","RATIO","Ratio","0","Units",,,0.4,,
"DE546","Wuppertal","T_T_SH_NAT","Share of population  in metropolitan area over the national value","2003","2003","RATIO","Ratio","0","Units",,,0.4,,
"DE546","Wuppertal","T_T_SH_NAT","Share of population  in metropolitan area over the national value","2004","2004","RATIO","Ratio","0","Units",,,0.4,,
"DE546","Wuppertal","T_T_SH_NAT","Share of population  in metropolitan area over the national value","2005","2005","RATIO","Ratio","0","Units",,,0.4,,
"DE546","Wuppertal","T_T_SH_NAT","Share of population  in metropolitan area over the national value","2006","2006","RATIO","Ratio","0","Units",,,0.4,,
"DE546","Wuppertal","T_T_SH_NAT","Share of population  in metropolitan area over the national value","2007","2007","RATIO","Ratio","0","Units",,,0.4,,
"DE546","Wuppertal","T_T_SH_NAT","Share of population  in metropolitan area over the national value","2008","2008","RATIO","Ratio","0","Units",,,0.4,,
"DE546","Wuppertal","T_T_SH_NAT","Share of population  in metropolitan area over the national value","2009","2009","RATIO","Ratio","0","Units",,,0.4,,
"DE546","Wuppertal","T_T_SH_NAT","Share of population  in metropolitan area over the national value","2010","2010","RATIO","Ratio","0","Units",,,0.4,,
"DE546","Wuppertal","T_T_SH_NAT","Share of population  in metropolitan area over the national value","2011","2011","RATIO","Ratio","0","Units",,,0.4,,
"DE546","Wuppertal","T_T_SH_NAT","Share of population  in metropolitan area over the national value","2012","2012","RATIO","Ratio","0","Units",,,0.4,,
"DE546","Wuppertal","T_T_SH_NAT","Share of population  in metropolitan area over the national value","2013","2013","RATIO","Ratio","0","Units",,,0.4,,
"DE546","Wuppertal","T_T_SH_NAT","Share of population  in metropolitan area over the national value","2014","2014","RATIO","Ratio","0","Units",,,0.4,,
"DE546","Wuppertal","T_T_SH_NAT","Share of population  in metropolitan area over the national value","2015","2015","RATIO","Ratio","0","Units",,,0.4,,
"DE546","Wuppertal","T_T_SH_NAT","Share of population  in metropolitan area over the national value","2016","2016","RATIO","Ratio","0","Units",,,0.4,,
"PL016","Opole","T_T_SH_NAT","Share of population  in metropolitan area over the national value","2001","2001","RATIO","Ratio","0","Units",,,0.7,,
"PL016","Opole","T_T_SH_NAT","Share of population  in metropolitan area over the national value","2002","2002","RATIO","Ratio","0","Units",,,0.7,,
"PL016","Opole","T_T_SH_NAT","Share of population  in metropolitan area over the national value","2003","2003","RATIO","Ratio","0","Units",,,0.7,,
"PL016","Opole","T_T_SH_NAT","Share of population  in metropolitan area over the national value","2004","2004","RATIO","Ratio","0","Units",,,0.7,,
"PL016","Opole","T_T_SH_NAT","Share of population  in metropolitan area over the national value","2005","2005","RATIO","Ratio","0","Units",,,0.7,,
"PL016","Opole","T_T_SH_NAT","Share of population  in metropolitan area over the national value","2006","2006","RATIO","Ratio","0","Units",,,0.7,,
"PL016","Opole","T_T_SH_NAT","Share of population  in metropolitan area over the national value","2007","2007","RATIO","Ratio","0","Units",,,0.7,,
"PL016","Opole","T_T_SH_NAT","Share of population  in metropolitan area over the national value","2008","2008","RATIO","Ratio","0","Units",,,0.7,,
"PL016","Opole","T_T_SH_NAT","Share of population  in metropolitan area over the national value","2009","2009","RATIO","Ratio","0","Units",,,0.7,,
"PL016","Opole","T_T_SH_NAT","Share of population  in metropolitan area over the national value","2010","2010","RATIO","Ratio","0","Units",,,0.7,,
"PL016","Opole","T_T_SH_NAT","Share of population  in metropolitan area over the national value","2011","2011","RATIO","Ratio","0","Units",,,0.7,,
"PL016","Opole","T_T_SH_NAT","Share of population  in metropolitan area over the national value","2012","2012","RATIO","Ratio","0","Units",,,0.7,,
"PL016","Opole","T_T_SH_NAT","Share of population  in metropolitan area over the national value","2013","2013","RATIO","Ratio","0","Units",,,0.7,,
"PL016","Opole","T_T_SH_NAT","Share of population  in metropolitan area over the national value","2014","2014","RATIO","Ratio","0","Units",,,0.7,,
"PL016","Opole","T_T_SH_NAT","Share of population  in metropolitan area over the national value","2015","2015","RATIO","Ratio","0","Units",,,0.7,,
"PL016","Opole","T_T_SH_NAT","Share of population  in metropolitan area over the national value","2016","2016","RATIO","Ratio","0","Units",,,0.7,,
"FR007","Bordeaux","T_T","Population, All ages. Administrative data","2000","2000","PER","Persons","0","Units",,,1005650,,
"FR007","Bordeaux","T_T","Population, All ages. Administrative data","2001","2001","PER","Persons","0","Units",,,1017112,,
"FR007","Bordeaux","T_T","Population, All ages. Administrative data","2002","2002","PER","Persons","0","Units",,,1028573,,
"FR007","Bordeaux","T_T","Population, All ages. Administrative data","2003","2003","PER","Persons","0","Units",,,1040035,,
"FR007","Bordeaux","T_T","Population, All ages. Administrative data","2004","2004","PER","Persons","0","Units",,,1051497,,
"FR007","Bordeaux","T_T","Population, All ages. Administrative data","2005","2005","PER","Persons","0","Units",,,1062958,,
"FR007","Bordeaux","T_T","Population, All ages. Administrative data","2006","2006","PER","Persons","0","Units",,,1074420,,
"FR007","Bordeaux","T_T","Population, All ages. Administrative data","2007","2007","PER","Persons","0","Units",,,1085881,,
"FR007","Bordeaux","T_T","Population, All ages. Administrative data","2008","2008","PER","Persons","0","Units",,,1097343,,
"FR007","Bordeaux","T_T","Population, All ages. Administrative data","2009","2009","PER","Persons","0","Units",,,1108804,,
"FR007","Bordeaux","T_T","Population, All ages. Administrative data","2010","2010","PER","Persons","0","Units",,,1125106,,
"FR007","Bordeaux","T_T","Population, All ages. Administrative data","2011","2011","PER","Persons","0","Units",,,1141409,,
"FR007","Bordeaux","T_T","Population, All ages. Administrative data","2012","2012","PER","Persons","0","Units",,,1157709,,
"FR007","Bordeaux","T_T","Population, All ages. Administrative data","2013","2013","PER","Persons","0","Units",,,1174012,,
"FR007","Bordeaux","T_T","Population, All ages. Administrative data","2014","2014","PER","Persons","0","Units",,,1190314,,
"FR007","Bordeaux","T_T","Population, All ages. Administrative data","2015","2015","PER","Persons","0","Units",,,1170258,,
"USA96","Montgomery (AL)","T_T","Population, All ages. Administrative data","2000","2000","PER","Persons","0","Units",,,426148,,
"USA96","Montgomery (AL)","T_T","Population, All ages. Administrative data","2001","2001","PER","Persons","0","Units",,,427576,,
"USA96","Montgomery (AL)","T_T","Population, All ages. Administrative data","2002","2002","PER","Persons","0","Units",,,429133,,
"USA96","Montgomery (AL)","T_T","Population, All ages. Administrative data","2003","2003","PER","Persons","0","Units",,,430539,,
"USA96","Montgomery (AL)","T_T","Population, All ages. Administrative data","2004","2004","PER","Persons","0","Units",,,433070,,
"USA96","Montgomery (AL)","T_T","Population, All ages. Administrative data","2005","2005","PER","Persons","0","Units",,,436529,,
"USA96","Montgomery (AL)","T_T","Population, All ages. Administrative data","2006","2006","PER","Persons","0","Units",,,444181,,
"USA96","Montgomery (AL)","T_T","Population, All ages. Administrative data","2007","2007","PER","Persons","0","Units",,,448060,,
"USA96","Montgomery (AL)","T_T","Population, All ages. Administrative data","2008","2008","PER","Persons","0","Units",,,448870,,
"USA96","Montgomery (AL)","T_T","Population, All ages. Administrative data","2009","2009","PER","Persons","0","Units",,,450621,,
"USA96","Montgomery (AL)","T_T","Population, All ages. Administrative data","2010","2010","PER","Persons","0","Units",,,454356,,
"USA96","Montgomery (AL)","T_T","Population, All ages. Administrative data","2011","2011","PER","Persons","0","Units",,,454321,,
"USA96","Montgomery (AL)","T_T","Population, All ages. Administrative data","2012","2012","PER","Persons","0","Units",,,452919,,
"USA96","Montgomery (AL)","T_T","Population, All ages. Administrative data","2013","2013","PER","Persons","0","Units",,,451815,,
"USA96","Montgomery (AL)","T_T","Population, All ages. Administrative data","2014","2014","PER","Persons","0","Units",,,450403,,
"USA96","Montgomery (AL)","T_T","Population, All ages. Administrative data","2015","2015","PER","Persons","0","Units",,,450043,,
"USA96","Montgomery (AL)","T_T","Population, All ages. Administrative data","2016","2016","PER","Persons","0","Units",,,450110,,
"JPN05","Sapporo","T_T_SH_NAT","Share of population  in metropolitan area over the national value","2001","2001","RATIO","Ratio","0","Units",,,1.6,,
"JPN05","Sapporo","T_T_SH_NAT","Share of population  in metropolitan area over the national value","2002","2002","RATIO","Ratio","0","Units",,,1.7,,
"JPN05","Sapporo","T_T_SH_NAT","Share of population  in metropolitan area over the national value","2003","2003","RATIO","Ratio","0","Units",,,1.7,,
"JPN05","Sapporo","T_T_SH_NAT","Share of population  in metropolitan area over the national value","2004","2004","RATIO","Ratio","0","Units",,,1.7,,
"JPN05","Sapporo","T_T_SH_NAT","Share of population  in metropolitan area over the national value","2005","2005","RATIO","Ratio","0","Units",,,1.7,,
"JPN05","Sapporo","T_T_SH_NAT","Share of population  in metropolitan area over the national value","2006","2006","RATIO","Ratio","0","Units",,,1.7,,
"JPN05","Sapporo","T_T_SH_NAT","Share of population  in metropolitan area over the national value","2007","2007","RATIO","Ratio","0","Units",,,1.7,,
"JPN05","Sapporo","T_T_SH_NAT","Share of population  in metropolitan area over the national value","2008","2008","RATIO","Ratio","0","Units",,,1.7,,
"JPN05","Sapporo","T_T_SH_NAT","Share of population  in metropolitan area over the national value","2009","2009","RATIO","Ratio","0","Units",,,1.7,,
"JPN05","Sapporo","T_T_SH_NAT","Share of population  in metropolitan area over the national value","2010","2010","RATIO","Ratio","0","Units",,,1.7,,
"JPN05","Sapporo","T_T_SH_NAT","Share of population  in metropolitan area over the national value","2011","2011","RATIO","Ratio","0","Units",,,1.7,,
"JPN05","Sapporo","T_T_SH_NAT","Share of population  in metropolitan area over the national value","2012","2012","RATIO","Ratio","0","Units",,,1.7,,
"JPN05","Sapporo","T_T_SH_NAT","Share of population  in metropolitan area over the national value","2013","2013","RATIO","Ratio","0","Units",,,1.7,,
"JPN05","Sapporo","T_T_SH_NAT","Share of population  in metropolitan area over the national value","2014","2014","RATIO","Ratio","0","Units",,,1.7,,
"JPN05","Sapporo","T_T_SH_NAT","Share of population  in metropolitan area over the national value","2015","2015","RATIO","Ratio","0","Units",,,1.7,,
"USA138","Alachua","POP_DEN","Population density (pop. per km2)","2000","2000","PER","Persons","0","Units",,,42,,
"USA138","Alachua","POP_DEN","Population density (pop. per km2)","2001","2001","PER","Persons","0","Units",,,42,,
"USA138","Alachua","POP_DEN","Population density (pop. per km2)","2002","2002","PER","Persons","0","Units",,,43,,
"USA138","Alachua","POP_DEN","Population density (pop. per km2)","2003","2003","PER","Persons","0","Units",,,43,,
"USA138","Alachua","POP_DEN","Population density (pop. per km2)","2004","2004","PER","Persons","0","Units",,,44,,
"USA138","Alachua","POP_DEN","Population density (pop. per km2)","2005","2005","PER","Persons","0","Units",,,45,,
"USA138","Alachua","POP_DEN","Population density (pop. per km2)","2006","2006","PER","Persons","0","Units",,,46,,
"USA138","Alachua","POP_DEN","Population density (pop. per km2)","2007","2007","PER","Persons","0","Units",,,47,,
"USA138","Alachua","POP_DEN","Population density (pop. per km2)","2008","2008","PER","Persons","0","Units",,,47,,
"USA138","Alachua","POP_DEN","Population density (pop. per km2)","2009","2009","PER","Persons","0","Units",,,47,,
"USA138","Alachua","POP_DEN","Population density (pop. per km2)","2010","2010","PER","Persons","0","Units",,,47,,
"USA138","Alachua","POP_DEN","Population density (pop. per km2)","2011","2011","PER","Persons","0","Units",,,48,,
"USA138","Alachua","POP_DEN","Population density (pop. per km2)","2012","2012","PER","Persons","0","Units",,,48,,
"USA138","Alachua","POP_DEN","Population density (pop. per km2)","2013","2013","PER","Persons","0","Units",,,48,,
"USA138","Alachua","POP_DEN","Population density (pop. per km2)","2014","2014","PER","Persons","0","Units",,,48,,
"USA138","Alachua","POP_DEN","Population density (pop. per km2)","2015","2015","PER","Persons","0","Units",,,49,,
"USA138","Alachua","POP_DEN","Population density (pop. per km2)","2016","2016","PER","Persons","0","Units",,,50,,
"DE012","Bremen","POP_DEN","Population density (pop. per km2)","2001","2001","PER","Persons","0","Units",,,209,,
"DE012","Bremen","POP_DEN","Population density (pop. per km2)","2002","2002","PER","Persons","0","Units",,,210,,
"DE012","Bremen","POP_DEN","Population density (pop. per km2)","2003","2003","PER","Persons","0","Units",,,210,,
"DE012","Bremen","POP_DEN","Population density (pop. per km2)","2004","2004","PER","Persons","0","Units",,,211,,
"DE012","Bremen","POP_DEN","Population density (pop. per km2)","2005","2005","PER","Persons","0","Units",,,212,,
"DE012","Bremen","POP_DEN","Population density (pop. per km2)","2006","2006","PER","Persons","0","Units",,,212,,
"DE012","Bremen","POP_DEN","Population density (pop. per km2)","2007","2007","PER","Persons","0","Units",,,212,,
"DE012","Bremen","POP_DEN","Population density (pop. per km2)","2008","2008","PER","Persons","0","Units",,,212,,
"DE012","Bremen","POP_DEN","Population density (pop. per km2)","2009","2009","PER","Persons","0","Units",,,211,,
"DE012","Bremen","POP_DEN","Population density (pop. per km2)","2010","2010","PER","Persons","0","Units",,,211,,
"DE012","Bremen","POP_DEN","Population density (pop. per km2)","2011","2011","PER","Persons","0","Units",,,209,,
"DE012","Bremen","POP_DEN","Population density (pop. per km2)","2012","2012","PER","Persons","0","Units",,,209,,
"DE012","Bremen","POP_DEN","Population density (pop. per km2)","2013","2013","PER","Persons","0","Units",,,209,,
"DE012","Bremen","POP_DEN","Population density (pop. per km2)","2014","2014","PER","Persons","0","Units",,,210,,
"DE012","Bremen","POP_DEN","Population density (pop. per km2)","2015","2015","PER","Persons","0","Units",,,211,,
"DE012","Bremen","POP_DEN","Population density (pop. per km2)","2016","2016","PER","Persons","0","Units",,,213,,
"MEX34","Ahome","T_T_SH_NAT","Share of population  in metropolitan area over the national value","2005","2005","RATIO","Ratio","0","Units",,,0.4,,
"MEX34","Ahome","T_T_SH_NAT","Share of population  in metropolitan area over the national value","2010","2010","RATIO","Ratio","0","Units",,,0.5,,
"MEX34","Ahome","T_T_SH_NAT","Share of population  in metropolitan area over the national value","2015","2015","RATIO","Ratio","0","Units",,,0.5,,
"MEX06","Tijuana","T_T_SH_NAT","Share of population  in metropolitan area over the national value","2005","2005","RATIO","Ratio","0","Units",,,1.2,,
"MEX06","Tijuana","T_T_SH_NAT","Share of population  in metropolitan area over the national value","2010","2010","RATIO","Ratio","0","Units",,,1.4,,
"MEX06","Tijuana","T_T_SH_NAT","Share of population  in metropolitan area over the national value","2015","2015","RATIO","Ratio","0","Units",,,1.4,,
"USA132","Lancaster (NE)","POP_DEN","Population density (pop. per km2)","2000","2000","PER","Persons","0","Units",,,54,,
"USA132","Lancaster (NE)","POP_DEN","Population density (pop. per km2)","2001","2001","PER","Persons","0","Units",,,55,,
"USA132","Lancaster (NE)","POP_DEN","Population density (pop. per km2)","2002","2002","PER","Persons","0","Units",,,56,,
"USA132","Lancaster (NE)","POP_DEN","Population density (pop. per km2)","2003","2003","PER","Persons","0","Units",,,57,,
"USA132","Lancaster (NE)","POP_DEN","Population density (pop. per km2)","2004","2004","PER","Persons","0","Units",,,57,,
"USA132","Lancaster (NE)","POP_DEN","Population density (pop. per km2)","2005","2005","PER","Persons","0","Units",,,58,,
"USA132","Lancaster (NE)","POP_DEN","Population density (pop. per km2)","2006","2006","PER","Persons","0","Units",,,58,,
"USA132","Lancaster (NE)","POP_DEN","Population density (pop. per km2)","2007","2007","PER","Persons","0","Units",,,59,,
"USA132","Lancaster (NE)","POP_DEN","Population density (pop. per km2)","2008","2008","PER","Persons","0","Units",,,60,,
"USA132","Lancaster (NE)","POP_DEN","Population density (pop. per km2)","2009","2009","PER","Persons","0","Units",,,61,,
"USA132","Lancaster (NE)","POP_DEN","Population density (pop. per km2)","2010","2010","PER","Persons","0","Units",,,61,,
"USA132","Lancaster (NE)","POP_DEN","Population density (pop. per km2)","2011","2011","PER","Persons","0","Units",,,62,,
"USA132","Lancaster (NE)","POP_DEN","Population density (pop. per km2)","2012","2012","PER","Persons","0","Units",,,63,,
"USA132","Lancaster (NE)","POP_DEN","Population density (pop. per km2)","2013","2013","PER","Persons","0","Units",,,63,,
"USA132","Lancaster (NE)","POP_DEN","Population density (pop. per km2)","2014","2014","PER","Persons","0","Units",,,64,,
"USA132","Lancaster (NE)","POP_DEN","Population density (pop. per km2)","2015","2015","PER","Persons","0","Units",,,65,,
"USA132","Lancaster (NE)","POP_DEN","Population density (pop. per km2)","2016","2016","PER","Persons","0","Units",,,66,,
"NL008","Enschede","T_T","Population, All ages. Administrative data","2000","2000","PER","Persons","0","Units",,,386122,,
"NL008","Enschede","T_T","Population, All ages. Administrative data","2001","2001","PER","Persons","0","Units",,,388008,,
"NL008","Enschede","T_T","Population, All ages. Administrative data","2002","2002","PER","Persons","0","Units",,,389894,,
"NL008","Enschede","T_T","Population, All ages. Administrative data","2003","2003","PER","Persons","0","Units",,,391781,,
"NL008","Enschede","T_T","Population, All ages. Administrative data","2004","2004","PER","Persons","0","Units",,,393667,,
"NL008","Enschede","T_T","Population, All ages. Administrative data","2005","2005","PER","Persons","0","Units",,,394509,,
"NL008","Enschede","T_T","Population, All ages. Administrative data","2006","2006","PER","Persons","0","Units",,,395486,,
"NL008","Enschede","T_T","Population, All ages. Administrative data","2007","2007","PER","Persons","0","Units",,,395922,,
"NL008","Enschede","T_T","Population, All ages. Administrative data","2008","2008","PER","Persons","0","Units",,,396356,,
"NL008","Enschede","T_T","Population, All ages. Administrative data","2009","2009","PER","Persons","0","Units",,,398167,,
"NL008","Enschede","T_T","Population, All ages. Administrative data","2010","2010","PER","Persons","0","Units",,,399787,,
"NL008","Enschede","T_T","Population, All ages. Administrative data","2011","2011","PER","Persons","0","Units",,,401070,,
"NL008","Enschede","T_T","Population, All ages. Administrative data","2012","2012","PER","Persons","0","Units",,,401513,,
"NL008","Enschede","T_T","Population, All ages. Administrative data","2013","2013","PER","Persons","0","Units",,,401696,,
"NL008","Enschede","T_T","Population, All ages. Administrative data","2014","2014","PER","Persons","0","Units",,,401464,,
"NL008","Enschede","T_T","Population, All ages. Administrative data","2015","2015","PER","Persons","0","Units",,,401343,,
"NL008","Enschede","T_T","Population, All ages. Administrative data","2016","2016","PER","Persons","0","Units",,,401656,,
"USA125","Washtenaw","T_T","Population, All ages. Administrative data","2000","2000","PER","Persons","0","Units",,,324372,,
"USA125","Washtenaw","T_T","Population, All ages. Administrative data","2001","2001","PER","Persons","0","Units",,,328749,,
"USA125","Washtenaw","T_T","Population, All ages. Administrative data","2002","2002","PER","Persons","0","Units",,,332763,,
"USA125","Washtenaw","T_T","Population, All ages. Administrative data","2003","2003","PER","Persons","0","Units",,,336154,,
"USA125","Washtenaw","T_T","Population, All ages. Administrative data","2004","2004","PER","Persons","0","Units",,,339422,,
"USA125","Washtenaw","T_T","Population, All ages. Administrative data","2005","2005","PER","Persons","0","Units",,,342234,,
"USA125","Washtenaw","T_T","Population, All ages. Administrative data","2006","2006","PER","Persons","0","Units",,,344018,,
"USA125","Washtenaw","T_T","Population, All ages. Administrative data","2007","2007","PER","Persons","0","Units",,,345310,,
"USA125","Washtenaw","T_T","Population, All ages. Administrative data","2008","2008","PER","Persons","0","Units",,,341595,,
"USA125","Washtenaw","T_T","Population, All ages. Administrative data","2009","2009","PER","Persons","0","Units",,,343520,,
"USA125","Washtenaw","T_T","Population, All ages. Administrative data","2010","2010","PER","Persons","0","Units",,,345515,,
"USA125","Washtenaw","T_T","Population, All ages. Administrative data","2011","2011","PER","Persons","0","Units",,,349102,,
"USA125","Washtenaw","T_T","Population, All ages. Administrative data","2012","2012","PER","Persons","0","Units",,,351333,,
"USA125","Washtenaw","T_T","Population, All ages. Administrative data","2013","2013","PER","Persons","0","Units",,,354714,,
"USA125","Washtenaw","T_T","Population, All ages. Administrative data","2014","2014","PER","Persons","0","Units",,,358635,,
"USA125","Washtenaw","T_T","Population, All ages. Administrative data","2015","2015","PER","Persons","0","Units",,,361815,,
"USA125","Washtenaw","T_T","Population, All ages. Administrative data","2016","2016","PER","Persons","0","Units",,,364752,,
"DE042","Koblenz","T_T","Population, All ages. Administrative data","2001","2001","PER","Persons","0","Units",,,318904,,
"DE042","Koblenz","T_T","Population, All ages. Administrative data","2002","2002","PER","Persons","0","Units",,,320217,,
"DE042","Koblenz","T_T","Population, All ages. Administrative data","2003","2003","PER","Persons","0","Units",,,321084,,
"DE042","Koblenz","T_T","Population, All ages. Administrative data","2004","2004","PER","Persons","0","Units",,,320998,,
"DE042","Koblenz","T_T","Population, All ages. Administrative data","2005","2005","PER","Persons","0","Units",,,321142,,
"DE042","Koblenz","T_T","Population, All ages. Administrative data","2006","2006","PER","Persons","0","Units",,,320308,,
"DE042","Koblenz","T_T","Population, All ages. Administrative data","2007","2007","PER","Persons","0","Units",,,319262,,
"DE042","Koblenz","T_T","Population, All ages. Administrative data","2008","2008","PER","Persons","0","Units",,,319168,,
"DE042","Koblenz","T_T","Population, All ages. Administrative data","2009","2009","PER","Persons","0","Units",,,318530,,
"DE042","Koblenz","T_T","Population, All ages. Administrative data","2010","2010","PER","Persons","0","Units",,,317658,,
"DE042","Koblenz","T_T","Population, All ages. Administrative data","2011","2011","PER","Persons","0","Units",,,318527,,
"DE042","Koblenz","T_T","Population, All ages. Administrative data","2012","2012","PER","Persons","0","Units",,,318332,,
"DE042","Koblenz","T_T","Population, All ages. Administrative data","2013","2013","PER","Persons","0","Units",,,319944,,
"DE042","Koblenz","T_T","Population, All ages. Administrative data","2014","2014","PER","Persons","0","Units",,,320558,,
"DE042","Koblenz","T_T","Population, All ages. Administrative data","2015","2015","PER","Persons","0","Units",,,322003,,
"DE042","Koblenz","T_T","Population, All ages. Administrative data","2016","2016","PER","Persons","0","Units",,,324639,,
"AT001","Vienna","T_T","Population, All ages. Administrative data","2000","2000","PER","Persons","0","Units",,,2445293,,
"AT001","Vienna","T_T","Population, All ages. Administrative data","2001","2001","PER","Persons","0","Units",,,2467083,,
"AT001","Vienna","T_T","Population, All ages. Administrative data","2002","2002","PER","Persons","0","Units",,,2488872,,
"AT001","Vienna","T_T","Population, All ages. Administrative data","2003","2003","PER","Persons","0","Units",,,2510662,,
"AT001","Vienna","T_T","Population, All ages. Administrative data","2004","2004","PER","Persons","0","Units",,,2532451,,
"AT001","Vienna","T_T","Population, All ages. Administrative data","2005","2005","PER","Persons","0","Units",,,2554241,,
"AT001","Vienna","T_T","Population, All ages. Administrative data","2006","2006","PER","Persons","0","Units",,,2573719,,
"AT001","Vienna","T_T","Population, All ages. Administrative data","2007","2007","PER","Persons","0","Units",,,2593197,,
"AT001","Vienna","T_T","Population, All ages. Administrative data","2008","2008","PER","Persons","0","Units",,,2612674,,
"AT001","Vienna","T_T","Population, All ages. Administrative data","2009","2009","PER","Persons","0","Units",,,2632152,,
"AT001","Vienna","T_T","Population, All ages. Administrative data","2010","2010","PER","Persons","0","Units",,,2651630,,
"AT001","Vienna","T_T","Population, All ages. Administrative data","2011","2011","PER","Persons","0","Units",,,2680006,,
"AT001","Vienna","T_T","Population, All ages. Administrative data","2012","2012","PER","Persons","0","Units",,,2708382,,
"AT001","Vienna","T_T","Population, All ages. Administrative data","2013","2013","PER","Persons","0","Units",,,2736758,,
"AT001","Vienna","T_T","Population, All ages. Administrative data","2014","2014","PER","Persons","0","Units",,,2765134,,
"AT001","Vienna","T_T","Population, All ages. Administrative data","2015","2015","PER","Persons","0","Units",,,2793510,,
"MEX44","Coatzacoalcos","POP_DEN","Population density (pop. per km2)","2000","2000","PER","Persons","0","Units",,,385,,
"MEX44","Coatzacoalcos","POP_DEN","Population density (pop. per km2)","2005","2005","PER","Persons","0","Units",,,388,,
"MEX44","Coatzacoalcos","POP_DEN","Population density (pop. per km2)","2010","2010","PER","Persons","0","Units",,,422,,
"MEX44","Coatzacoalcos","POP_DEN","Population density (pop. per km2)","2015","2015","PER","Persons","0","Units",,,473,,
"ES026","Coruna (A)","POP_DEN","Population density (pop. per km2)","2000","2000","PER","Persons","0","Units",,,499,,
"ES026","Coruna (A)","POP_DEN","Population density (pop. per km2)","2001","2001","PER","Persons","0","Units",,,502,,
"ES026","Coruna (A)","POP_DEN","Population density (pop. per km2)","2002","2002","PER","Persons","0","Units",,,505,,
"ES026","Coruna (A)","POP_DEN","Population density (pop. per km2)","2003","2003","PER","Persons","0","Units",,,508,,
"ES026","Coruna (A)","POP_DEN","Population density (pop. per km2)","2004","2004","PER","Persons","0","Units",,,511,,
"ES026","Coruna (A)","POP_DEN","Population density (pop. per km2)","2005","2005","PER","Persons","0","Units",,,514,,
"ES026","Coruna (A)","POP_DEN","Population density (pop. per km2)","2006","2006","PER","Persons","0","Units",,,517,,
"ES026","Coruna (A)","POP_DEN","Population density (pop. per km2)","2007","2007","PER","Persons","0","Units",,,520,,
"ES026","Coruna (A)","POP_DEN","Population density (pop. per km2)","2008","2008","PER","Persons","0","Units",,,523,,
"ES026","Coruna (A)","POP_DEN","Population density (pop. per km2)","2009","2009","PER","Persons","0","Units",,,526,,
"ES026","Coruna (A)","POP_DEN","Population density (pop. per km2)","2010","2010","PER","Persons","0","Units",,,528,,
"ES026","Coruna (A)","POP_DEN","Population density (pop. per km2)","2011","2011","PER","Persons","0","Units",,,531,,
"ES026","Coruna (A)","POP_DEN","Population density (pop. per km2)","2012","2012","PER","Persons","0","Units",,,534,,
"ES026","Coruna (A)","POP_DEN","Population density (pop. per km2)","2013","2013","PER","Persons","0","Units",,,537,,
"ES026","Coruna (A)","POP_DEN","Population density (pop. per km2)","2014","2014","PER","Persons","0","Units",,,540,,
"ES026","Coruna (A)","POP_DEN","Population density (pop. per km2)","2015","2015","PER","Persons","0","Units",,,543,,
"ES026","Coruna (A)","POP_DEN","Population density (pop. per km2)","2016","2016","PER","Persons","0","Units",,,546,,
"MEX18","Chihuahua","T_T_SH_NAT","Share of population  in metropolitan area over the national value","2005","2005","RATIO","Ratio","0","Units",,,0.7,,
"MEX18","Chihuahua","T_T_SH_NAT","Share of population  in metropolitan area over the national value","2010","2010","RATIO","Ratio","0","Units",,,0.7,,
"MEX18","Chihuahua","T_T_SH_NAT","Share of population  in metropolitan area over the national value","2015","2015","RATIO","Ratio","0","Units",,,0.8,,
"USA79","Pulaski","POP_DEN","Population density (pop. per km2)","2000","2000","PER","Persons","0","Units",,,82,,
"USA79","Pulaski","POP_DEN","Population density (pop. per km2)","2001","2001","PER","Persons","0","Units",,,83,,
"USA79","Pulaski","POP_DEN","Population density (pop. per km2)","2002","2002","PER","Persons","0","Units",,,83,,
"USA79","Pulaski","POP_DEN","Population density (pop. per km2)","2003","2003","PER","Persons","0","Units",,,84,,
"USA79","Pulaski","POP_DEN","Population density (pop. per km2)","2004","2004","PER","Persons","0","Units",,,85,,
"USA79","Pulaski","POP_DEN","Population density (pop. per km2)","2005","2005","PER","Persons","0","Units",,,86,,
"USA79","Pulaski","POP_DEN","Population density (pop. per km2)","2006","2006","PER","Persons","0","Units",,,87,,
"USA79","Pulaski","POP_DEN","Population density (pop. per km2)","2007","2007","PER","Persons","0","Units",,,88,,
"USA79","Pulaski","POP_DEN","Population density (pop. per km2)","2008","2008","PER","Persons","0","Units",,,90,,
"USA79","Pulaski","POP_DEN","Population density (pop. per km2)","2009","2009","PER","Persons","0","Units",,,91,,
"USA79","Pulaski","POP_DEN","Population density (pop. per km2)","2010","2010","PER","Persons","0","Units",,,92,,
"USA79","Pulaski","POP_DEN","Population density (pop. per km2)","2011","2011","PER","Persons","0","Units",,,93,,
"USA79","Pulaski","POP_DEN","Population density (pop. per km2)","2012","2012","PER","Persons","0","Units",,,94,,
"USA79","Pulaski","POP_DEN","Population density (pop. per km2)","2013","2013","PER","Persons","0","Units",,,95,,
"USA79","Pulaski","POP_DEN","Population density (pop. per km2)","2014","2014","PER","Persons","0","Units",,,95,,
"USA79","Pulaski","POP_DEN","Population density (pop. per km2)","2015","2015","PER","Persons","0","Units",,,96,,
"USA79","Pulaski","POP_DEN","Population density (pop. per km2)","2016","2016","PER","Persons","0","Units",,,96,,
"ES008","Las Palmas","POP_DEN","Population density (pop. per km2)","2000","2000","PER","Persons","0","Units",,,781,,
"ES008","Las Palmas","POP_DEN","Population density (pop. per km2)","2001","2001","PER","Persons","0","Units",,,785,,
"ES008","Las Palmas","POP_DEN","Population density (pop. per km2)","2002","2002","PER","Persons","0","Units",,,788,,
"ES008","Las Palmas","POP_DEN","Population density (pop. per km2)","2003","2003","PER","Persons","0","Units",,,791,,
"ES008","Las Palmas","POP_DEN","Population density (pop. per km2)","2004","2004","PER","Persons","0","Units",,,794,,
"ES008","Las Palmas","POP_DEN","Population density (pop. per km2)","2005","2005","PER","Persons","0","Units",,,797,,
"ES008","Las Palmas","POP_DEN","Population density (pop. per km2)","2006","2006","PER","Persons","0","Units",,,800,,
"ES008","Las Palmas","POP_DEN","Population density (pop. per km2)","2007","2007","PER","Persons","0","Units",,,804,,
"ES008","Las Palmas","POP_DEN","Population density (pop. per km2)","2008","2008","PER","Persons","0","Units",,,807,,
"ES008","Las Palmas","POP_DEN","Population density (pop. per km2)","2009","2009","PER","Persons","0","Units",,,810,,
"ES008","Las Palmas","POP_DEN","Population density (pop. per km2)","2010","2010","PER","Persons","0","Units",,,813,,
"ES008","Las Palmas","POP_DEN","Population density (pop. per km2)","2011","2011","PER","Persons","0","Units",,,816,,
"ES008","Las Palmas","POP_DEN","Population density (pop. per km2)","2012","2012","PER","Persons","0","Units",,,819,,
"ES008","Las Palmas","POP_DEN","Population density (pop. per km2)","2013","2013","PER","Persons","0","Units",,,823,,
"ES008","Las Palmas","POP_DEN","Population density (pop. per km2)","2014","2014","PER","Persons","0","Units",,,826,,
"ES008","Las Palmas","POP_DEN","Population density (pop. per km2)","2015","2015","PER","Persons","0","Units",,,829,,
"ES008","Las Palmas","POP_DEN","Population density (pop. per km2)","2016","2016","PER","Persons","0","Units",,,832,,
"USA155","Benton (WA)","T_T_SH_NAT","Share of population  in metropolitan area over the national value","2001","2001","RATIO","Ratio","0","Units",,,0.1,,
"USA155","Benton (WA)","T_T_SH_NAT","Share of population  in metropolitan area over the national value","2002","2002","RATIO","Ratio","0","Units",,,0.1,,
"USA155","Benton (WA)","T_T_SH_NAT","Share of population  in metropolitan area over the national value","2003","2003","RATIO","Ratio","0","Units",,,0.1,,
"USA155","Benton (WA)","T_T_SH_NAT","Share of population  in metropolitan area over the national value","2004","2004","RATIO","Ratio","0","Units",,,0.1,,
"USA155","Benton (WA)","T_T_SH_NAT","Share of population  in metropolitan area over the national value","2005","2005","RATIO","Ratio","0","Units",,,0.1,,
"USA155","Benton (WA)","T_T_SH_NAT","Share of population  in metropolitan area over the national value","2006","2006","RATIO","Ratio","0","Units",,,0.1,,
"USA155","Benton (WA)","T_T_SH_NAT","Share of population  in metropolitan area over the national value","2007","2007","RATIO","Ratio","0","Units",,,0.1,,
"USA155","Benton (WA)","T_T_SH_NAT","Share of population  in metropolitan area over the national value","2008","2008","RATIO","Ratio","0","Units",,,0.1,,
"USA155","Benton (WA)","T_T_SH_NAT","Share of population  in metropolitan area over the national value","2009","2009","RATIO","Ratio","0","Units",,,0.1,,
"USA155","Benton (WA)","T_T_SH_NAT","Share of population  in metropolitan area over the national value","2010","2010","RATIO","Ratio","0","Units",,,0.1,,
"USA155","Benton (WA)","T_T_SH_NAT","Share of population  in metropolitan area over the national value","2011","2011","RATIO","Ratio","0","Units",,,0.1,,
"USA155","Benton (WA)","T_T_SH_NAT","Share of population  in metropolitan area over the national value","2012","2012","RATIO","Ratio","0","Units",,,0.1,,
"USA155","Benton (WA)","T_T_SH_NAT","Share of population  in metropolitan area over the national value","2013","2013","RATIO","Ratio","0","Units",,,0.1,,
"USA155","Benton (WA)","T_T_SH_NAT","Share of population  in metropolitan area over the national value","2014","2014","RATIO","Ratio","0","Units",,,0.1,,
"USA155","Benton (WA)","T_T_SH_NAT","Share of population  in metropolitan area over the national value","2015","2015","RATIO","Ratio","0","Units",,,0.1,,
"USA155","Benton (WA)","T_T_SH_NAT","Share of population  in metropolitan area over the national value","2016","2016","RATIO","Ratio","0","Units",,,0.1,,
"USA90","Volusia-Daytona Beach","T_T","Population, All ages. Administrative data","2000","2000","PER","Persons","0","Units",,,444935,,
"USA90","Volusia-Daytona Beach","T_T","Population, All ages. Administrative data","2001","2001","PER","Persons","0","Units",,,451103,,
"USA90","Volusia-Daytona Beach","T_T","Population, All ages. Administrative data","2002","2002","PER","Persons","0","Units",,,458248,,
"USA90","Volusia-Daytona Beach","T_T","Population, All ages. Administrative data","2003","2003","PER","Persons","0","Units",,,466074,,
"USA90","Volusia-Daytona Beach","T_T","Population, All ages. Administrative data","2004","2004","PER","Persons","0","Units",,,476845,,
"USA90","Volusia-Daytona Beach","T_T","Population, All ages. Administrative data","2005","2005","PER","Persons","0","Units",,,486297,,
"USA90","Volusia-Daytona Beach","T_T","Population, All ages. Administrative data","2006","2006","PER","Persons","0","Units",,,494748,,
"USA90","Volusia-Daytona Beach","T_T","Population, All ages. Administrative data","2007","2007","PER","Persons","0","Units",,,498935,,
"USA90","Volusia-Daytona Beach","T_T","Population, All ages. Administrative data","2008","2008","PER","Persons","0","Units",,,497366,,
"USA90","Volusia-Daytona Beach","T_T","Population, All ages. Administrative data","2009","2009","PER","Persons","0","Units",,,494688,,
"USA90","Volusia-Daytona Beach","T_T","Population, All ages. Administrative data","2010","2010","PER","Persons","0","Units",,,494444,,
"USA90","Volusia-Daytona Beach","T_T","Population, All ages. Administrative data","2011","2011","PER","Persons","0","Units",,,494479,,
"USA90","Volusia-Daytona Beach","T_T","Population, All ages. Administrative data","2012","2012","PER","Persons","0","Units",,,496740,,
"USA90","Volusia-Daytona Beach","T_T","Population, All ages. Administrative data","2013","2013","PER","Persons","0","Units",,,500780,,
"USA90","Volusia-Daytona Beach","T_T","Population, All ages. Administrative data","2014","2014","PER","Persons","0","Units",,,507276,,
"USA90","Volusia-Daytona Beach","T_T","Population, All ages. Administrative data","2015","2015","PER","Persons","0","Units",,,517512,,
"USA90","Volusia-Daytona Beach","T_T","Population, All ages. Administrative data","2016","2016","PER","Persons","0","Units",,,529038,,
"DE534","Ingolstadt","T_T_SH_NAT","Share of population  in metropolitan area over the national value","2001","2001","RATIO","Ratio","0","Units",,,0.5,,
"DE534","Ingolstadt","T_T_SH_NAT","Share of population  in metropolitan area over the national value","2002","2002","RATIO","Ratio","0","Units",,,0.5,,
"DE534","Ingolstadt","T_T_SH_NAT","Share of population  in metropolitan area over the national value","2003","2003","RATIO","Ratio","0","Units",,,0.5,,
"DE534","Ingolstadt","T_T_SH_NAT","Share of population  in metropolitan area over the national value","2004","2004","RATIO","Ratio","0","Units",,,0.5,,
"DE534","Ingolstadt","T_T_SH_NAT","Share of population  in metropolitan area over the national value","2005","2005","RATIO","Ratio","0","Units",,,0.6,,
"DE534","Ingolstadt","T_T_SH_NAT","Share of population  in metropolitan area over the national value","2006","2006","RATIO","Ratio","0","Units",,,0.6,,
"DE534","Ingolstadt","T_T_SH_NAT","Share of population  in metropolitan area over the national value","2007","2007","RATIO","Ratio","0","Units",,,0.6,,
"DE534","Ingolstadt","T_T_SH_NAT","Share of population  in metropolitan area over the national value","2008","2008","RATIO","Ratio","0","Units",,,0.6,,
"DE534","Ingolstadt","T_T_SH_NAT","Share of population  in metropolitan area over the national value","2009","2009","RATIO","Ratio","0","Units",,,0.6,,
"DE534","Ingolstadt","T_T_SH_NAT","Share of population  in metropolitan area over the national value","2010","2010","RATIO","Ratio","0","Units",,,0.6,,
"DE534","Ingolstadt","T_T_SH_NAT","Share of population  in metropolitan area over the national value","2011","2011","RATIO","Ratio","0","Units",,,0.6,,
"DE534","Ingolstadt","T_T_SH_NAT","Share of population  in metropolitan area over the national value","2012","2012","RATIO","Ratio","0","Units",,,0.6,,
"DE534","Ingolstadt","T_T_SH_NAT","Share of population  in metropolitan area over the national value","2013","2013","RATIO","Ratio","0","Units",,,0.6,,
"DE534","Ingolstadt","T_T_SH_NAT","Share of population  in metropolitan area over the national value","2014","2014","RATIO","Ratio","0","Units",,,0.6,,
"DE534","Ingolstadt","T_T_SH_NAT","Share of population  in metropolitan area over the national value","2015","2015","RATIO","Ratio","0","Units",,,0.6,,
"DE534","Ingolstadt","T_T_SH_NAT","Share of population  in metropolitan area over the national value","2016","2016","RATIO","Ratio","0","Units",,,0.6,,
"UK008","Manchester","T_T","Population, All ages. Administrative data","2001","2001","PER","Persons","0","Units",,,3023247,,
"UK008","Manchester","T_T","Population, All ages. Administrative data","2002","2002","PER","Persons","0","Units",,,3031441,,
"UK008","Manchester","T_T","Population, All ages. Administrative data","2003","2003","PER","Persons","0","Units",,,3048998,,
"UK008","Manchester","T_T","Population, All ages. Administrative data","2004","2004","PER","Persons","0","Units",,,3061990,,
"UK008","Manchester","T_T","Population, All ages. Administrative data","2005","2005","PER","Persons","0","Units",,,3079361,,
"UK008","Manchester","T_T","Population, All ages. Administrative data","2006","2006","PER","Persons","0","Units",,,3100558,,
"UK008","Manchester","T_T","Population, All ages. Administrative data","2007","2007","PER","Persons","0","Units",,,3120798,,
"UK008","Manchester","T_T","Population, All ages. Administrative data","2008","2008","PER","Persons","0","Units",,,3145088,,
"UK008","Manchester","T_T","Population, All ages. Administrative data","2009","2009","PER","Persons","0","Units",,,3166382,,
"UK008","Manchester","T_T","Population, All ages. Administrative data","2010","2010","PER","Persons","0","Units",,,3189779,,
"UK008","Manchester","T_T","Population, All ages. Administrative data","2011","2011","PER","Persons","0","Units",,,3215157,,
"UK008","Manchester","T_T","Population, All ages. Administrative data","2012","2012","PER","Persons","0","Units",,,3233252,,
"UK008","Manchester","T_T","Population, All ages. Administrative data","2013","2013","PER","Persons","0","Units",,,3246448,,
"UK008","Manchester","T_T","Population, All ages. Administrative data","2014","2014","PER","Persons","0","Units",,,3265250,,
"UK008","Manchester","T_T","Population, All ages. Administrative data","2015","2015","PER","Persons","0","Units",,,3290680,,
"UK008","Manchester","T_T","Population, All ages. Administrative data","2016","2016","PER","Persons","0","Units",,,3319654,,
"MEX56","Colima","T_T","Population, All ages. Administrative data","2000","2000","PER","Persons","0","Units",,,218168,,
"MEX56","Colima","T_T","Population, All ages. Administrative data","2005","2005","PER","Persons","0","Units",,,222567,,
"MEX56","Colima","T_T","Population, All ages. Administrative data","2010","2010","PER","Persons","0","Units",,,262013,,
"MEX56","Colima","T_T","Population, All ages. Administrative data","2015","2015","PER","Persons","0","Units",,,315285,,
"IS001","Reykjavik","POP_DEN","Population density (pop. per km2)","2000","2000","PER","Persons","0","Units",,,16,,
"IS001","Reykjavik","POP_DEN","Population density (pop. per km2)","2001","2001","PER","Persons","0","Units",,,16,,
"IS001","Reykjavik","POP_DEN","Population density (pop. per km2)","2002","2002","PER","Persons","0","Units",,,16,,
"IS001","Reykjavik","POP_DEN","Population density (pop. per km2)","2003","2003","PER","Persons","0","Units",,,17,,
"IS001","Reykjavik","POP_DEN","Population density (pop. per km2)","2004","2004","PER","Persons","0","Units",,,17,,
"IS001","Reykjavik","POP_DEN","Population density (pop. per km2)","2005","2005","PER","Persons","0","Units",,,17,,
"IS001","Reykjavik","POP_DEN","Population density (pop. per km2)","2006","2006","PER","Persons","0","Units",,,17,,
"IS001","Reykjavik","POP_DEN","Population density (pop. per km2)","2007","2007","PER","Persons","0","Units",,,18,,
"IS001","Reykjavik","POP_DEN","Population density (pop. per km2)","2008","2008","PER","Persons","0","Units",,,19,,
"IS001","Reykjavik","POP_DEN","Population density (pop. per km2)","2009","2009","PER","Persons","0","Units",,,19,,
"IS001","Reykjavik","POP_DEN","Population density (pop. per km2)","2010","2010","PER","Persons","0","Units",,,19,,
"IS001","Reykjavik","POP_DEN","Population density (pop. per km2)","2011","2011","PER","Persons","0","Units",,,19,,
"IS001","Reykjavik","POP_DEN","Population density (pop. per km2)","2012","2012","PER","Persons","0","Units",,,19,,
"IS001","Reykjavik","POP_DEN","Population density (pop. per km2)","2013","2013","PER","Persons","0","Units",,,19,,
"IS001","Reykjavik","POP_DEN","Population density (pop. per km2)","2014","2014","PER","Persons","0","Units",,,20,,
"IS001","Reykjavik","POP_DEN","Population density (pop. per km2)","2015","2015","PER","Persons","0","Units",,,20,,
"IS001","Reykjavik","POP_DEN","Population density (pop. per km2)","2016","2016","PER","Persons","0","Units",,,20,,
"USA73","Hampden","T_T_SH_NAT","Share of population  in metropolitan area over the national value","2001","2001","RATIO","Ratio","0","Units",,,0.2,,
"USA73","Hampden","T_T_SH_NAT","Share of population  in metropolitan area over the national value","2002","2002","RATIO","Ratio","0","Units",,,0.2,,
"USA73","Hampden","T_T_SH_NAT","Share of population  in metropolitan area over the national value","2003","2003","RATIO","Ratio","0","Units",,,0.2,,
"USA73","Hampden","T_T_SH_NAT","Share of population  in metropolitan area over the national value","2004","2004","RATIO","Ratio","0","Units",,,0.2,,
"USA73","Hampden","T_T_SH_NAT","Share of population  in metropolitan area over the national value","2005","2005","RATIO","Ratio","0","Units",,,0.2,,
"USA73","Hampden","T_T_SH_NAT","Share of population  in metropolitan area over the national value","2006","2006","RATIO","Ratio","0","Units",,,0.2,,
"USA73","Hampden","T_T_SH_NAT","Share of population  in metropolitan area over the national value","2007","2007","RATIO","Ratio","0","Units",,,0.2,,
"USA73","Hampden","T_T_SH_NAT","Share of population  in metropolitan area over the national value","2008","2008","RATIO","Ratio","0","Units",,,0.2,,
"USA73","Hampden","T_T_SH_NAT","Share of population  in metropolitan area over the national value","2009","2009","RATIO","Ratio","0","Units",,,0.2,,
"USA73","Hampden","T_T_SH_NAT","Share of population  in metropolitan area over the national value","2010","2010","RATIO","Ratio","0","Units",,,0.2,,
"USA73","Hampden","T_T_SH_NAT","Share of population  in metropolitan area over the national value","2011","2011","RATIO","Ratio","0","Units",,,0.2,,
"USA73","Hampden","T_T_SH_NAT","Share of population  in metropolitan area over the national value","2012","2012","RATIO","Ratio","0","Units",,,0.2,,
"USA73","Hampden","T_T_SH_NAT","Share of population  in metropolitan area over the national value","2013","2013","RATIO","Ratio","0","Units",,,0.2,,
"USA73","Hampden","T_T_SH_NAT","Share of population  in metropolitan area over the national value","2014","2014","RATIO","Ratio","0","Units",,,0.2,,
"USA73","Hampden","T_T_SH_NAT","Share of population  in metropolitan area over the national value","2015","2015","RATIO","Ratio","0","Units",,,0.2,,
"USA73","Hampden","T_T_SH_NAT","Share of population  in metropolitan area over the national value","2016","2016","RATIO","Ratio","0","Units",,,0.2,,
"SE006","Uppsala","T_T_SH_NAT","Share of population  in metropolitan area over the national value","2001","2001","RATIO","Ratio","0","Units",,,2.8,,
"SE006","Uppsala","T_T_SH_NAT","Share of population  in metropolitan area over the national value","2002","2002","RATIO","Ratio","0","Units",,,2.8,,
"SE006","Uppsala","T_T_SH_NAT","Share of population  in metropolitan area over the national value","2003","2003","RATIO","Ratio","0","Units",,,2.8,,
"SE006","Uppsala","T_T_SH_NAT","Share of population  in metropolitan area over the national value","2004","2004","RATIO","Ratio","0","Units",,,2.8,,
"SE006","Uppsala","T_T_SH_NAT","Share of population  in metropolitan area over the national value","2005","2005","RATIO","Ratio","0","Units",,,2.8,,
"SE006","Uppsala","T_T_SH_NAT","Share of population  in metropolitan area over the national value","2006","2006","RATIO","Ratio","0","Units",,,2.8,,
"SE006","Uppsala","T_T_SH_NAT","Share of population  in metropolitan area over the national value","2007","2007","RATIO","Ratio","0","Units",,,2.8,,
"SE006","Uppsala","T_T_SH_NAT","Share of population  in metropolitan area over the national value","2008","2008","RATIO","Ratio","0","Units",,,2.8,,
"SE006","Uppsala","T_T_SH_NAT","Share of population  in metropolitan area over the national value","2009","2009","RATIO","Ratio","0","Units",,,2.9,,
"SE006","Uppsala","T_T_SH_NAT","Share of population  in metropolitan area over the national value","2010","2010","RATIO","Ratio","0","Units",,,2.9,,
"SE006","Uppsala","T_T_SH_NAT","Share of population  in metropolitan area over the national value","2011","2011","RATIO","Ratio","0","Units",,,2.9,,
"SE006","Uppsala","T_T_SH_NAT","Share of population  in metropolitan area over the national value","2012","2012","RATIO","Ratio","0","Units",,,2.9,,
"SE006","Uppsala","T_T_SH_NAT","Share of population  in metropolitan area over the national value","2013","2013","RATIO","Ratio","0","Units",,,2.9,,
"SE006","Uppsala","T_T_SH_NAT","Share of population  in metropolitan area over the national value","2014","2014","RATIO","Ratio","0","Units",,,2.9,,
"SE006","Uppsala","T_T_SH_NAT","Share of population  in metropolitan area over the national value","2015","2015","RATIO","Ratio","0","Units",,,2.9,,
"SE006","Uppsala","T_T_SH_NAT","Share of population  in metropolitan area over the national value","2016","2016","RATIO","Ratio","0","Units",,,2.9,,
"UK560","Oxford","POP_DEN","Population density (pop. per km2)","2001","2001","PER","Persons","0","Units",,,249,,
"UK560","Oxford","POP_DEN","Population density (pop. per km2)","2002","2002","PER","Persons","0","Units",,,250,,
"UK560","Oxford","POP_DEN","Population density (pop. per km2)","2003","2003","PER","Persons","0","Units",,,253,,
"UK560","Oxford","POP_DEN","Population density (pop. per km2)","2004","2004","PER","Persons","0","Units",,,255,,
"UK560","Oxford","POP_DEN","Population density (pop. per km2)","2005","2005","PER","Persons","0","Units",,,258,,
"UK560","Oxford","POP_DEN","Population density (pop. per km2)","2006","2006","PER","Persons","0","Units",,,260,,
"UK560","Oxford","POP_DEN","Population density (pop. per km2)","2007","2007","PER","Persons","0","Units",,,261,,
"UK560","Oxford","POP_DEN","Population density (pop. per km2)","2008","2008","PER","Persons","0","Units",,,263,,
"UK560","Oxford","POP_DEN","Population density (pop. per km2)","2009","2009","PER","Persons","0","Units",,,265,,
"UK560","Oxford","POP_DEN","Population density (pop. per km2)","2010","2010","PER","Persons","0","Units",,,267,,
"UK560","Oxford","POP_DEN","Population density (pop. per km2)","2011","2011","PER","Persons","0","Units",,,270,,
"UK560","Oxford","POP_DEN","Population density (pop. per km2)","2012","2012","PER","Persons","0","Units",,,272,,
"UK560","Oxford","POP_DEN","Population density (pop. per km2)","2013","2013","PER","Persons","0","Units",,,274,,
"UK560","Oxford","POP_DEN","Population density (pop. per km2)","2014","2014","PER","Persons","0","Units",,,276,,
"UK560","Oxford","POP_DEN","Population density (pop. per km2)","2015","2015","PER","Persons","0","Units",,,278,,
"UK560","Oxford","POP_DEN","Population density (pop. per km2)","2016","2016","PER","Persons","0","Units",,,280,,
"UK528","Northampton","T_T","Population, All ages. Administrative data","2001","2001","PER","Persons","0","Units",,,418440,,
"UK528","Northampton","T_T","Population, All ages. Administrative data","2002","2002","PER","Persons","0","Units",,,422098,,
"UK528","Northampton","T_T","Population, All ages. Administrative data","2003","2003","PER","Persons","0","Units",,,424667,,
"UK528","Northampton","T_T","Population, All ages. Administrative data","2004","2004","PER","Persons","0","Units",,,426289,,
"UK528","Northampton","T_T","Population, All ages. Administrative data","2005","2005","PER","Persons","0","Units",,,431434,,
"UK528","Northampton","T_T","Population, All ages. Administrative data","2006","2006","PER","Persons","0","Units",,,436895,,
"UK528","Northampton","T_T","Population, All ages. Administrative data","2007","2007","PER","Persons","0","Units",,,440645,,
"UK528","Northampton","T_T","Population, All ages. Administrative data","2008","2008","PER","Persons","0","Units",,,443535,,
"UK528","Northampton","T_T","Population, All ages. Administrative data","2009","2009","PER","Persons","0","Units",,,446377,,
"UK528","Northampton","T_T","Population, All ages. Administrative data","2010","2010","PER","Persons","0","Units",,,448635,,
"UK528","Northampton","T_T","Population, All ages. Administrative data","2011","2011","PER","Persons","0","Units",,,451645,,
"UK528","Northampton","T_T","Population, All ages. Administrative data","2012","2012","PER","Persons","0","Units",,,454937,,
"UK528","Northampton","T_T","Population, All ages. Administrative data","2013","2013","PER","Persons","0","Units",,,457540,,
"UK528","Northampton","T_T","Population, All ages. Administrative data","2014","2014","PER","Persons","0","Units",,,461908,,
"UK528","Northampton","T_T","Population, All ages. Administrative data","2015","2015","PER","Persons","0","Units",,,467601,,
"UK528","Northampton","T_T","Population, All ages. Administrative data","2016","2016","PER","Persons","0","Units",,,473828,,
"SK001","Bratislava","T_T","Population, All ages. Administrative data","2000","2000","PER","Persons","0","Units",,,617049,,
"SK001","Bratislava","T_T","Population, All ages. Administrative data","2001","2001","PER","Persons","0","Units",,,599042,,
"SK001","Bratislava","T_T","Population, All ages. Administrative data","2002","2002","PER","Persons","0","Units",,,599736,,
"SK001","Bratislava","T_T","Population, All ages. Administrative data","2003","2003","PER","Persons","0","Units",,,599787,,
"SK001","Bratislava","T_T","Population, All ages. Administrative data","2004","2004","PER","Persons","0","Units",,,601132,,
"SK001","Bratislava","T_T","Population, All ages. Administrative data","2005","2005","PER","Persons","0","Units",,,603699,,
"SK001","Bratislava","T_T","Population, All ages. Administrative data","2006","2006","PER","Persons","0","Units",,,606753,,
"SK001","Bratislava","T_T","Population, All ages. Administrative data","2007","2007","PER","Persons","0","Units",,,610850,,
"SK001","Bratislava","T_T","Population, All ages. Administrative data","2008","2008","PER","Persons","0","Units",,,616578,,
"SK001","Bratislava","T_T","Population, All ages. Administrative data","2009","2009","PER","Persons","0","Units",,,622706,,
"SK001","Bratislava","T_T","Population, All ages. Administrative data","2010","2010","PER","Persons","0","Units",,,628686,,
"SK001","Bratislava","T_T","Population, All ages. Administrative data","2011","2011","PER","Persons","0","Units",,,606537,,
"SK001","Bratislava","T_T","Population, All ages. Administrative data","2012","2012","PER","Persons","0","Units",,,612682,,
"SK001","Bratislava","T_T","Population, All ages. Administrative data","2013","2013","PER","Persons","0","Units",,,618380,,
"SK001","Bratislava","T_T","Population, All ages. Administrative data","2014","2014","PER","Persons","0","Units",,,625167,,
"SK001","Bratislava","T_T","Population, All ages. Administrative data","2015","2015","PER","Persons","0","Units",,,633288,,
"SK001","Bratislava","T_T","Population, All ages. Administrative data","2016","2016","PER","Persons","0","Units",,,641892,,
"USA40","Hartford","T_T","Population, All ages. Administrative data","2000","2000","PER","Persons","0","Units",,,1150872,,
"USA40","Hartford","T_T","Population, All ages. Administrative data","2001","2001","PER","Persons","0","Units",,,1158513,,
"USA40","Hartford","T_T","Population, All ages. Administrative data","2002","2002","PER","Persons","0","Units",,,1169000,,
"USA40","Hartford","T_T","Population, All ages. Administrative data","2003","2003","PER","Persons","0","Units",,,1179394,,
"USA40","Hartford","T_T","Population, All ages. Administrative data","2004","2004","PER","Persons","0","Units",,,1182605,,
"USA40","Hartford","T_T","Population, All ages. Administrative data","2005","2005","PER","Persons","0","Units",,,1187929,,
"USA40","Hartford","T_T","Population, All ages. Administrative data","2006","2006","PER","Persons","0","Units",,,1193725,,
"USA40","Hartford","T_T","Population, All ages. Administrative data","2007","2007","PER","Persons","0","Units",,,1198395,,
"USA40","Hartford","T_T","Population, All ages. Administrative data","2008","2008","PER","Persons","0","Units",,,1204436,,
"USA40","Hartford","T_T","Population, All ages. Administrative data","2009","2009","PER","Persons","0","Units",,,1209604,,
"USA40","Hartford","T_T","Population, All ages. Administrative data","2010","2010","PER","Persons","0","Units",,,1214343,,
"USA40","Hartford","T_T","Population, All ages. Administrative data","2011","2011","PER","Persons","0","Units",,,1217106,,
"USA40","Hartford","T_T","Population, All ages. Administrative data","2012","2012","PER","Persons","0","Units",,,1216064,,
"USA40","Hartford","T_T","Population, All ages. Administrative data","2013","2013","PER","Persons","0","Units",,,1216966,,
"USA40","Hartford","T_T","Population, All ages. Administrative data","2014","2014","PER","Persons","0","Units",,,1215275,,
"USA40","Hartford","T_T","Population, All ages. Administrative data","2015","2015","PER","Persons","0","Units",,,1213041,,
"USA40","Hartford","T_T","Population, All ages. Administrative data","2016","2016","PER","Persons","0","Units",,,1210075,,
"USA134","Sebastian","POP_DEN","Population density (pop. per km2)","2000","2000","PER","Persons","0","Units",,,22,,
"USA134","Sebastian","POP_DEN","Population density (pop. per km2)","2001","2001","PER","Persons","0","Units",,,22,,
"USA134","Sebastian","POP_DEN","Population density (pop. per km2)","2002","2002","PER","Persons","0","Units",,,22,,
"USA134","Sebastian","POP_DEN","Population density (pop. per km2)","2003","2003","PER","Persons","0","Units",,,22,,
"USA134","Sebastian","POP_DEN","Population density (pop. per km2)","2004","2004","PER","Persons","0","Units",,,23,,
"USA134","Sebastian","POP_DEN","Population density (pop. per km2)","2005","2005","PER","Persons","0","Units",,,23,,
"USA134","Sebastian","POP_DEN","Population density (pop. per km2)","2006","2006","PER","Persons","0","Units",,,23,,
"USA134","Sebastian","POP_DEN","Population density (pop. per km2)","2007","2007","PER","Persons","0","Units",,,23,,
"USA134","Sebastian","POP_DEN","Population density (pop. per km2)","2008","2008","PER","Persons","0","Units",,,24,,
"USA134","Sebastian","POP_DEN","Population density (pop. per km2)","2009","2009","PER","Persons","0","Units",,,24,,
"USA134","Sebastian","POP_DEN","Population density (pop. per km2)","2010","2010","PER","Persons","0","Units",,,24,,
"USA134","Sebastian","POP_DEN","Population density (pop. per km2)","2011","2011","PER","Persons","0","Units",,,24,,
"USA134","Sebastian","POP_DEN","Population density (pop. per km2)","2012","2012","PER","Persons","0","Units",,,24,,
"USA134","Sebastian","POP_DEN","Population density (pop. per km2)","2013","2013","PER","Persons","0","Units",,,24,,
"USA134","Sebastian","POP_DEN","Population density (pop. per km2)","2014","2014","PER","Persons","0","Units",,,24,,
"USA134","Sebastian","POP_DEN","Population density (pop. per km2)","2015","2015","PER","Persons","0","Units",,,24,,
"USA134","Sebastian","POP_DEN","Population density (pop. per km2)","2016","2016","PER","Persons","0","Units",,,24,,
"DE044","Kaiserslautern","T_T","Population, All ages. Administrative data","2001","2001","PER","Persons","0","Units",,,288864,,
"DE044","Kaiserslautern","T_T","Population, All ages. Administrative data","2002","2002","PER","Persons","0","Units",,,288781,,
"DE044","Kaiserslautern","T_T","Population, All ages. Administrative data","2003","2003","PER","Persons","0","Units",,,287975,,
"DE044","Kaiserslautern","T_T","Population, All ages. Administrative data","2004","2004","PER","Persons","0","Units",,,287041,,
"DE044","Kaiserslautern","T_T","Population, All ages. Administrative data","2005","2005","PER","Persons","0","Units",,,286253,,
"DE044","Kaiserslautern","T_T","Population, All ages. Administrative data","2006","2006","PER","Persons","0","Units",,,284363,,
"DE044","Kaiserslautern","T_T","Population, All ages. Administrative data","2007","2007","PER","Persons","0","Units",,,282464,,
"DE044","Kaiserslautern","T_T","Population, All ages. Administrative data","2008","2008","PER","Persons","0","Units",,,280768,,
"DE044","Kaiserslautern","T_T","Population, All ages. Administrative data","2009","2009","PER","Persons","0","Units",,,278860,,
"DE044","Kaiserslautern","T_T","Population, All ages. Administrative data","2010","2010","PER","Persons","0","Units",,,278972,,
"DE044","Kaiserslautern","T_T","Population, All ages. Administrative data","2011","2011","PER","Persons","0","Units",,,275527,,
"DE044","Kaiserslautern","T_T","Population, All ages. Administrative data","2012","2012","PER","Persons","0","Units",,,274566,,
"DE044","Kaiserslautern","T_T","Population, All ages. Administrative data","2013","2013","PER","Persons","0","Units",,,273554,,
"DE044","Kaiserslautern","T_T","Population, All ages. Administrative data","2014","2014","PER","Persons","0","Units",,,272611,,
"DE044","Kaiserslautern","T_T","Population, All ages. Administrative data","2015","2015","PER","Persons","0","Units",,,272786,,
"DE044","Kaiserslautern","T_T","Population, All ages. Administrative data","2016","2016","PER","Persons","0","Units",,,274717,,
"JPN42","Kurume","T_T_SH_NAT","Share of population  in metropolitan area over the national value","2001","2001","RATIO","Ratio","0","Units",,,0.3,,
"JPN42","Kurume","T_T_SH_NAT","Share of population  in metropolitan area over the national value","2002","2002","RATIO","Ratio","0","Units",,,0.3,,
"JPN42","Kurume","T_T_SH_NAT","Share of population  in metropolitan area over the national value","2003","2003","RATIO","Ratio","0","Units",,,0.3,,
"JPN42","Kurume","T_T_SH_NAT","Share of population  in metropolitan area over the national value","2004","2004","RATIO","Ratio","0","Units",,,0.3,,
"JPN42","Kurume","T_T_SH_NAT","Share of population  in metropolitan area over the national value","2005","2005","RATIO","Ratio","0","Units",,,0.3,,
"JPN42","Kurume","T_T_SH_NAT","Share of population  in metropolitan area over the national value","2006","2006","RATIO","Ratio","0","Units",,,0.3,,
"JPN42","Kurume","T_T_SH_NAT","Share of population  in metropolitan area over the national value","2007","2007","RATIO","Ratio","0","Units",,,0.3,,
"JPN42","Kurume","T_T_SH_NAT","Share of population  in metropolitan area over the national value","2008","2008","RATIO","Ratio","0","Units",,,0.3,,
"JPN42","Kurume","T_T_SH_NAT","Share of population  in metropolitan area over the national value","2009","2009","RATIO","Ratio","0","Units",,,0.3,,
"JPN42","Kurume","T_T_SH_NAT","Share of population  in metropolitan area over the national value","2010","2010","RATIO","Ratio","0","Units",,,0.3,,
"JPN42","Kurume","T_T_SH_NAT","Share of population  in metropolitan area over the national value","2011","2011","RATIO","Ratio","0","Units",,,0.3,,
"JPN42","Kurume","T_T_SH_NAT","Share of population  in metropolitan area over the national value","2012","2012","RATIO","Ratio","0","Units",,,0.3,,
"JPN42","Kurume","T_T_SH_NAT","Share of population  in metropolitan area over the national value","2013","2013","RATIO","Ratio","0","Units",,,0.3,,
"JPN42","Kurume","T_T_SH_NAT","Share of population  in metropolitan area over the national value","2014","2014","RATIO","Ratio","0","Units",,,0.3,,
"JPN42","Kurume","T_T_SH_NAT","Share of population  in metropolitan area over the national value","2015","2015","RATIO","Ratio","0","Units",,,0.3,,
"USA73","Hampden","POP_DEN","Population density (pop. per km2)","2000","2000","PER","Persons","0","Units",,,199,,
"USA73","Hampden","POP_DEN","Population density (pop. per km2)","2001","2001","PER","Persons","0","Units",,,199,,
"USA73","Hampden","POP_DEN","Population density (pop. per km2)","2002","2002","PER","Persons","0","Units",,,200,,
"USA73","Hampden","POP_DEN","Population density (pop. per km2)","2003","2003","PER","Persons","0","Units",,,201,,
"USA73","Hampden","POP_DEN","Population density (pop. per km2)","2004","2004","PER","Persons","0","Units",,,201,,
"USA73","Hampden","POP_DEN","Population density (pop. per km2)","2005","2005","PER","Persons","0","Units",,,202,,
"USA73","Hampden","POP_DEN","Population density (pop. per km2)","2006","2006","PER","Persons","0","Units",,,202,,
"USA73","Hampden","POP_DEN","Population density (pop. per km2)","2007","2007","PER","Persons","0","Units",,,202,,
"USA73","Hampden","POP_DEN","Population density (pop. per km2)","2008","2008","PER","Persons","0","Units",,,203,,
"USA73","Hampden","POP_DEN","Population density (pop. per km2)","2009","2009","PER","Persons","0","Units",,,203,,
"USA73","Hampden","POP_DEN","Population density (pop. per km2)","2010","2010","PER","Persons","0","Units",,,204,,
"USA73","Hampden","POP_DEN","Population density (pop. per km2)","2011","2011","PER","Persons","0","Units",,,205,,
"USA73","Hampden","POP_DEN","Population density (pop. per km2)","2012","2012","PER","Persons","0","Units",,,205,,
"USA73","Hampden","POP_DEN","Population density (pop. per km2)","2013","2013","PER","Persons","0","Units",,,206,,
"USA73","Hampden","POP_DEN","Population density (pop. per km2)","2014","2014","PER","Persons","0","Units",,,206,,
"USA73","Hampden","POP_DEN","Population density (pop. per km2)","2015","2015","PER","Persons","0","Units",,,206,,
"USA73","Hampden","POP_DEN","Population density (pop. per km2)","2016","2016","PER","Persons","0","Units",,,206,,
"USA16","San Diego","T_T","Population, All ages. Administrative data","2000","2000","PER","Persons","0","Units",,,2827366,,
"USA16","San Diego","T_T","Population, All ages. Administrative data","2001","2001","PER","Persons","0","Units",,,2869672,,
"USA16","San Diego","T_T","Population, All ages. Administrative data","2002","2002","PER","Persons","0","Units",,,2900355,,
"USA16","San Diego","T_T","Population, All ages. Administrative data","2003","2003","PER","Persons","0","Units",,,2914702,,
"USA16","San Diego","T_T","Population, All ages. Administrative data","2004","2004","PER","Persons","0","Units",,,2930007,,
"USA16","San Diego","T_T","Population, All ages. Administrative data","2005","2005","PER","Persons","0","Units",,,2938375,,
"USA16","San Diego","T_T","Population, All ages. Administrative data","2006","2006","PER","Persons","0","Units",,,2947289,,
"USA16","San Diego","T_T","Population, All ages. Administrative data","2007","2007","PER","Persons","0","Units",,,2975742,,
"USA16","San Diego","T_T","Population, All ages. Administrative data","2008","2008","PER","Persons","0","Units",,,3022116,,
"USA16","San Diego","T_T","Population, All ages. Administrative data","2009","2009","PER","Persons","0","Units",,,3061203,,
"USA16","San Diego","T_T","Population, All ages. Administrative data","2010","2010","PER","Persons","0","Units",,,3103793,,
"USA16","San Diego","T_T","Population, All ages. Administrative data","2011","2011","PER","Persons","0","Units",,,3139767,,
"USA16","San Diego","T_T","Population, All ages. Administrative data","2012","2012","PER","Persons","0","Units",,,3179798,,
"USA16","San Diego","T_T","Population, All ages. Administrative data","2013","2013","PER","Persons","0","Units",,,3216522,,
"USA16","San Diego","T_T","Population, All ages. Administrative data","2014","2014","PER","Persons","0","Units",,,3256875,,
"USA16","San Diego","T_T","Population, All ages. Administrative data","2015","2015","PER","Persons","0","Units",,,3290044,,
"USA16","San Diego","T_T","Population, All ages. Administrative data","2016","2016","PER","Persons","0","Units",,,3317200,,
"MEX01","Mexico City","T_T_SH_NAT","Share of population  in metropolitan area over the national value","2005","2005","RATIO","Ratio","0","Units",,,16.4,,
"MEX01","Mexico City","T_T_SH_NAT","Share of population  in metropolitan area over the national value","2010","2010","RATIO","Ratio","0","Units",,,16.4,,
"MEX01","Mexico City","T_T_SH_NAT","Share of population  in metropolitan area over the national value","2015","2015","RATIO","Ratio","0","Units",,,17,,
"DK001","Copenhagen","T_T_SH_NAT","Share of population  in metropolitan area over the national value","2001","2001","RATIO","Ratio","0","Units",,,34.8,,
"DK001","Copenhagen","T_T_SH_NAT","Share of population  in metropolitan area over the national value","2002","2002","RATIO","Ratio","0","Units",,,34.8,,
"DK001","Copenhagen","T_T_SH_NAT","Share of population  in metropolitan area over the national value","2003","2003","RATIO","Ratio","0","Units",,,34.8,,
"DK001","Copenhagen","T_T_SH_NAT","Share of population  in metropolitan area over the national value","2004","2004","RATIO","Ratio","0","Units",,,34.8,,
"DK001","Copenhagen","T_T_SH_NAT","Share of population  in metropolitan area over the national value","2005","2005","RATIO","Ratio","0","Units",,,34.8,,
"DK001","Copenhagen","T_T_SH_NAT","Share of population  in metropolitan area over the national value","2006","2006","RATIO","Ratio","0","Units",,,34.9,,
"DK001","Copenhagen","T_T_SH_NAT","Share of population  in metropolitan area over the national value","2007","2007","RATIO","Ratio","0","Units",,,34.9,,
"DK001","Copenhagen","T_T_SH_NAT","Share of population  in metropolitan area over the national value","2008","2008","RATIO","Ratio","0","Units",,,34.9,,
"DK001","Copenhagen","T_T_SH_NAT","Share of population  in metropolitan area over the national value","2009","2009","RATIO","Ratio","0","Units",,,34.9,,
"DK001","Copenhagen","T_T_SH_NAT","Share of population  in metropolitan area over the national value","2010","2010","RATIO","Ratio","0","Units",,,34.9,,
"DK001","Copenhagen","T_T_SH_NAT","Share of population  in metropolitan area over the national value","2011","2011","RATIO","Ratio","0","Units",,,35.1,,
"DK001","Copenhagen","T_T_SH_NAT","Share of population  in metropolitan area over the national value","2012","2012","RATIO","Ratio","0","Units",,,35.3,,
"DK001","Copenhagen","T_T_SH_NAT","Share of population  in metropolitan area over the national value","2013","2013","RATIO","Ratio","0","Units",,,35.5,,
"DK001","Copenhagen","T_T_SH_NAT","Share of population  in metropolitan area over the national value","2014","2014","RATIO","Ratio","0","Units",,,35.7,,
"DK001","Copenhagen","T_T_SH_NAT","Share of population  in metropolitan area over the national value","2015","2015","RATIO","Ratio","0","Units",,,35.9,,
"DK001","Copenhagen","T_T_SH_NAT","Share of population  in metropolitan area over the national value","2016","2016","RATIO","Ratio","0","Units",,,36,,
"USA141","Potter","T_T","Population, All ages. Administrative data","2000","2000","PER","Persons","0","Units",,,261334,,
"USA141","Potter","T_T","Population, All ages. Administrative data","2001","2001","PER","Persons","0","Units",,,261846,,
"USA141","Potter","T_T","Population, All ages. Administrative data","2002","2002","PER","Persons","0","Units",,,263513,,
"USA141","Potter","T_T","Population, All ages. Administrative data","2003","2003","PER","Persons","0","Units",,,265973,,
"USA141","Potter","T_T","Population, All ages. Administrative data","2004","2004","PER","Persons","0","Units",,,268048,,
"USA141","Potter","T_T","Population, All ages. Administrative data","2005","2005","PER","Persons","0","Units",,,270499,,
"USA141","Potter","T_T","Population, All ages. Administrative data","2006","2006","PER","Persons","0","Units",,,272733,,
"USA141","Potter","T_T","Population, All ages. Administrative data","2007","2007","PER","Persons","0","Units",,,274601,,
"USA141","Potter","T_T","Population, All ages. Administrative data","2008","2008","PER","Persons","0","Units",,,276111,,
"USA141","Potter","T_T","Population, All ages. Administrative data","2009","2009","PER","Persons","0","Units",,,279237,,
"USA141","Potter","T_T","Population, All ages. Administrative data","2010","2010","PER","Persons","0","Units",,,282797,,
"USA141","Potter","T_T","Population, All ages. Administrative data","2011","2011","PER","Persons","0","Units",,,285805,,
"USA141","Potter","T_T","Population, All ages. Administrative data","2012","2012","PER","Persons","0","Units",,,287623,,
"USA141","Potter","T_T","Population, All ages. Administrative data","2013","2013","PER","Persons","0","Units",,,288458,,
"USA141","Potter","T_T","Population, All ages. Administrative data","2014","2014","PER","Persons","0","Units",,,290112,,
"USA141","Potter","T_T","Population, All ages. Administrative data","2015","2015","PER","Persons","0","Units",,,290770,,
"USA141","Potter","T_T","Population, All ages. Administrative data","2016","2016","PER","Persons","0","Units",,,292046,,
"MEX34","Ahome","POP_DEN","Population density (pop. per km2)","2000","2000","PER","Persons","0","Units",,,59,,
"MEX34","Ahome","POP_DEN","Population density (pop. per km2)","2005","2005","PER","Persons","0","Units",,,57,,
"MEX34","Ahome","POP_DEN","Population density (pop. per km2)","2010","2010","PER","Persons","0","Units",,,63,,
"MEX34","Ahome","POP_DEN","Population density (pop. per km2)","2015","2015","PER","Persons","0","Units",,,69,,
"MEX06","Tijuana","POP_DEN","Population density (pop. per km2)","2000","2000","PER","Persons","0","Units",,,1095,,
"MEX06","Tijuana","POP_DEN","Population density (pop. per km2)","2005","2005","PER","Persons","0","Units",,,1033,,
"MEX06","Tijuana","POP_DEN","Population density (pop. per km2)","2010","2010","PER","Persons","0","Units",,,1249,,
"MEX06","Tijuana","POP_DEN","Population density (pop. per km2)","2015","2015","PER","Persons","0","Units",,,1414,,
"USA120","Cumberland (NC)","POP_DEN","Population density (pop. per km2)","2000","2000","PER","Persons","0","Units",,,124,,
"USA120","Cumberland (NC)","POP_DEN","Population density (pop. per km2)","2001","2001","PER","Persons","0","Units",,,124,,
"USA120","Cumberland (NC)","POP_DEN","Population density (pop. per km2)","2002","2002","PER","Persons","0","Units",,,125,,
"USA120","Cumberland (NC)","POP_DEN","Population density (pop. per km2)","2003","2003","PER","Persons","0","Units",,,125,,
"USA120","Cumberland (NC)","POP_DEN","Population density (pop. per km2)","2004","2004","PER","Persons","0","Units",,,127,,
"USA120","Cumberland (NC)","POP_DEN","Population density (pop. per km2)","2005","2005","PER","Persons","0","Units",,,126,,
"USA120","Cumberland (NC)","POP_DEN","Population density (pop. per km2)","2006","2006","PER","Persons","0","Units",,,128,,
"USA120","Cumberland (NC)","POP_DEN","Population density (pop. per km2)","2007","2007","PER","Persons","0","Units",,,129,,
"USA120","Cumberland (NC)","POP_DEN","Population density (pop. per km2)","2008","2008","PER","Persons","0","Units",,,130,,
"USA120","Cumberland (NC)","POP_DEN","Population density (pop. per km2)","2009","2009","PER","Persons","0","Units",,,133,,
"USA120","Cumberland (NC)","POP_DEN","Population density (pop. per km2)","2010","2010","PER","Persons","0","Units",,,137,,
"USA120","Cumberland (NC)","POP_DEN","Population density (pop. per km2)","2011","2011","PER","Persons","0","Units",,,139,,
"USA120","Cumberland (NC)","POP_DEN","Population density (pop. per km2)","2012","2012","PER","Persons","0","Units",,,140,,
"USA120","Cumberland (NC)","POP_DEN","Population density (pop. per km2)","2013","2013","PER","Persons","0","Units",,,141,,
"USA120","Cumberland (NC)","POP_DEN","Population density (pop. per km2)","2014","2014","PER","Persons","0","Units",,,141,,
"USA120","Cumberland (NC)","POP_DEN","Population density (pop. per km2)","2015","2015","PER","Persons","0","Units",,,141,,
"USA120","Cumberland (NC)","POP_DEN","Population density (pop. per km2)","2016","2016","PER","Persons","0","Units",,,142,,
"SE001","Stockholm","T_T","Population, All ages. Administrative data","2000","2000","PER","Persons","0","Units",,,1823210,,
"SE001","Stockholm","T_T","Population, All ages. Administrative data","2001","2001","PER","Persons","0","Units",,,1838882,,
"SE001","Stockholm","T_T","Population, All ages. Administrative data","2002","2002","PER","Persons","0","Units",,,1850467,,
"SE001","Stockholm","T_T","Population, All ages. Administrative data","2003","2003","PER","Persons","0","Units",,,1860872,,
"SE001","Stockholm","T_T","Population, All ages. Administrative data","2004","2004","PER","Persons","0","Units",,,1872900,,
"SE001","Stockholm","T_T","Population, All ages. Administrative data","2005","2005","PER","Persons","0","Units",,,1889945,,
"SE001","Stockholm","T_T","Population, All ages. Administrative data","2006","2006","PER","Persons","0","Units",,,1918104,,
"SE001","Stockholm","T_T","Population, All ages. Administrative data","2007","2007","PER","Persons","0","Units",,,1949516,,
"SE001","Stockholm","T_T","Population, All ages. Administrative data","2008","2008","PER","Persons","0","Units",,,1981263,,
"SE001","Stockholm","T_T","Population, All ages. Administrative data","2009","2009","PER","Persons","0","Units",,,2019182,,
"SE001","Stockholm","T_T","Population, All ages. Administrative data","2010","2010","PER","Persons","0","Units",,,2054343,,
"SE001","Stockholm","T_T","Population, All ages. Administrative data","2011","2011","PER","Persons","0","Units",,,2091473,,
"SE001","Stockholm","T_T","Population, All ages. Administrative data","2012","2012","PER","Persons","0","Units",,,2127006,,
"SE001","Stockholm","T_T","Population, All ages. Administrative data","2013","2013","PER","Persons","0","Units",,,2163042,,
"SE001","Stockholm","T_T","Population, All ages. Administrative data","2014","2014","PER","Persons","0","Units",,,2198044,,
"SE001","Stockholm","T_T","Population, All ages. Administrative data","2015","2015","PER","Persons","0","Units",,,2231439,,
"SE001","Stockholm","T_T","Population, All ages. Administrative data","2016","2016","PER","Persons","0","Units",,,2269060,,
"CH002","Geneva","POP_DEN","Population density (pop. per km2)","2000","2000","PER","Persons","0","Units",,,863,,
"CH002","Geneva","POP_DEN","Population density (pop. per km2)","2001","2001","PER","Persons","0","Units",,,878,,
"CH002","Geneva","POP_DEN","Population density (pop. per km2)","2002","2002","PER","Persons","0","Units",,,893,,
"CH002","Geneva","POP_DEN","Population density (pop. per km2)","2003","2003","PER","Persons","0","Units",,,908,,
"CH002","Geneva","POP_DEN","Population density (pop. per km2)","2004","2004","PER","Persons","0","Units",,,923,,
"CH002","Geneva","POP_DEN","Population density (pop. per km2)","2005","2005","PER","Persons","0","Units",,,938,,
"CH002","Geneva","POP_DEN","Population density (pop. per km2)","2006","2006","PER","Persons","0","Units",,,953,,
"CH002","Geneva","POP_DEN","Population density (pop. per km2)","2007","2007","PER","Persons","0","Units",,,968,,
"CH002","Geneva","POP_DEN","Population density (pop. per km2)","2008","2008","PER","Persons","0","Units",,,983,,
"CH002","Geneva","POP_DEN","Population density (pop. per km2)","2009","2009","PER","Persons","0","Units",,,998,,
"CH002","Geneva","POP_DEN","Population density (pop. per km2)","2010","2010","PER","Persons","0","Units",,,1013,,
"CH002","Geneva","POP_DEN","Population density (pop. per km2)","2011","2011","PER","Persons","0","Units",,,1022,,
"CH002","Geneva","POP_DEN","Population density (pop. per km2)","2012","2012","PER","Persons","0","Units",,,1027,,
"CH002","Geneva","POP_DEN","Population density (pop. per km2)","2013","2013","PER","Persons","0","Units",,,1042,,
"CH002","Geneva","POP_DEN","Population density (pop. per km2)","2014","2014","PER","Persons","0","Units",,,1060,,
"CH002","Geneva","POP_DEN","Population density (pop. per km2)","2015","2015","PER","Persons","0","Units",,,1077,,
"CH002","Geneva","POP_DEN","Population density (pop. per km2)","2016","2016","PER","Persons","0","Units",,,1088,,
"FR039","Avignon","T_T_SH_NAT","Share of population  in metropolitan area over the national value","2001","2001","RATIO","Ratio","0","Units",,,0.5,,
"FR039","Avignon","T_T_SH_NAT","Share of population  in metropolitan area over the national value","2002","2002","RATIO","Ratio","0","Units",,,0.5,,
"FR039","Avignon","T_T_SH_NAT","Share of population  in metropolitan area over the national value","2003","2003","RATIO","Ratio","0","Units",,,0.5,,
"FR039","Avignon","T_T_SH_NAT","Share of population  in metropolitan area over the national value","2004","2004","RATIO","Ratio","0","Units",,,0.5,,
"FR039","Avignon","T_T_SH_NAT","Share of population  in metropolitan area over the national value","2005","2005","RATIO","Ratio","0","Units",,,0.5,,
"FR039","Avignon","T_T_SH_NAT","Share of population  in metropolitan area over the national value","2006","2006","RATIO","Ratio","0","Units",,,0.5,,
"FR039","Avignon","T_T_SH_NAT","Share of population  in metropolitan area over the national value","2007","2007","RATIO","Ratio","0","Units",,,0.5,,
"FR039","Avignon","T_T_SH_NAT","Share of population  in metropolitan area over the national value","2008","2008","RATIO","Ratio","0","Units",,,0.5,,
"FR039","Avignon","T_T_SH_NAT","Share of population  in metropolitan area over the national value","2009","2009","RATIO","Ratio","0","Units",,,0.5,,
"FR039","Avignon","T_T_SH_NAT","Share of population  in metropolitan area over the national value","2010","2010","RATIO","Ratio","0","Units",,,0.5,,
"FR039","Avignon","T_T_SH_NAT","Share of population  in metropolitan area over the national value","2011","2011","RATIO","Ratio","0","Units",,,0.5,,
"FR039","Avignon","T_T_SH_NAT","Share of population  in metropolitan area over the national value","2012","2012","RATIO","Ratio","0","Units",,,0.5,,
"FR039","Avignon","T_T_SH_NAT","Share of population  in metropolitan area over the national value","2013","2013","RATIO","Ratio","0","Units",,,0.5,,
"FR039","Avignon","T_T_SH_NAT","Share of population  in metropolitan area over the national value","2014","2014","RATIO","Ratio","0","Units",,,0.5,,
"FR039","Avignon","T_T_SH_NAT","Share of population  in metropolitan area over the national value","2015","2015","RATIO","Ratio","0","Units",,,0.5,,
"CL025","Puerto Montt","T_T_SH_NAT","Share of population  in metropolitan area over the national value","2001","2001","RATIO","Ratio","0","Units",,,1.1,,
"CL025","Puerto Montt","T_T_SH_NAT","Share of population  in metropolitan area over the national value","2002","2002","RATIO","Ratio","0","Units",,,1.1,,
"CL025","Puerto Montt","T_T_SH_NAT","Share of population  in metropolitan area over the national value","2003","2003","RATIO","Ratio","0","Units",,,1.2,,
"CL025","Puerto Montt","T_T_SH_NAT","Share of population  in metropolitan area over the national value","2004","2004","RATIO","Ratio","0","Units",,,1.2,,
"CL025","Puerto Montt","T_T_SH_NAT","Share of population  in metropolitan area over the national value","2005","2005","RATIO","Ratio","0","Units",,,1.2,,
"CL025","Puerto Montt","T_T_SH_NAT","Share of population  in metropolitan area over the national value","2006","2006","RATIO","Ratio","0","Units",,,1.2,,
"CL025","Puerto Montt","T_T_SH_NAT","Share of population  in metropolitan area over the national value","2007","2007","RATIO","Ratio","0","Units",,,1.3,,
"CL025","Puerto Montt","T_T_SH_NAT","Share of population  in metropolitan area over the national value","2008","2008","RATIO","Ratio","0","Units",,,1.3,,
"CL025","Puerto Montt","T_T_SH_NAT","Share of population  in metropolitan area over the national value","2009","2009","RATIO","Ratio","0","Units",,,1.3,,
"CL025","Puerto Montt","T_T_SH_NAT","Share of population  in metropolitan area over the national value","2010","2010","RATIO","Ratio","0","Units",,,1.4,,
"CL025","Puerto Montt","T_T_SH_NAT","Share of population  in metropolitan area over the national value","2011","2011","RATIO","Ratio","0","Units",,,1.4,,
"CL025","Puerto Montt","T_T_SH_NAT","Share of population  in metropolitan area over the national value","2012","2012","RATIO","Ratio","0","Units",,,1.4,,
"CL025","Puerto Montt","T_T_SH_NAT","Share of population  in metropolitan area over the national value","2013","2013","RATIO","Ratio","0","Units",,,1.4,,
"CL025","Puerto Montt","T_T_SH_NAT","Share of population  in metropolitan area over the national value","2014","2014","RATIO","Ratio","0","Units",,,1.4,,
"CL025","Puerto Montt","T_T_SH_NAT","Share of population  in metropolitan area over the national value","2015","2015","RATIO","Ratio","0","Units",,,1.5,,
"IT007","Florence","T_T","Population, All ages. Administrative data","2000","2000","PER","Persons","0","Units",,,729618,,
"IT007","Florence","T_T","Population, All ages. Administrative data","2001","2001","PER","Persons","0","Units",,,732088,,
"IT007","Florence","T_T","Population, All ages. Administrative data","2002","2002","PER","Persons","0","Units",,,734559,,
"IT007","Florence","T_T","Population, All ages. Administrative data","2003","2003","PER","Persons","0","Units",,,737029,,
"IT007","Florence","T_T","Population, All ages. Administrative data","2004","2004","PER","Persons","0","Units",,,739499,,
"IT007","Florence","T_T","Population, All ages. Administrative data","2005","2005","PER","Persons","0","Units",,,741969,,
"IT007","Florence","T_T","Population, All ages. Administrative data","2006","2006","PER","Persons","0","Units",,,744440,,
"IT007","Florence","T_T","Population, All ages. Administrative data","2007","2007","PER","Persons","0","Units",,,746910,,
"IT007","Florence","T_T","Population, All ages. Administrative data","2008","2008","PER","Persons","0","Units",,,749381,,
"IT007","Florence","T_T","Population, All ages. Administrative data","2009","2009","PER","Persons","0","Units",,,751851,,
"IT007","Florence","T_T","Population, All ages. Administrative data","2010","2010","PER","Persons","0","Units",,,754322,,
"IT007","Florence","T_T","Population, All ages. Administrative data","2011","2011","PER","Persons","0","Units",,,756792,,
"IT007","Florence","T_T","Population, All ages. Administrative data","2012","2012","PER","Persons","0","Units",,,759262,,
"IT007","Florence","T_T","Population, All ages. Administrative data","2013","2013","PER","Persons","0","Units",,,771374,,
"IT007","Florence","T_T","Population, All ages. Administrative data","2014","2014","PER","Persons","0","Units",,,789593,,
"IT007","Florence","T_T","Population, All ages. Administrative data","2015","2015","PER","Persons","0","Units",,,770438,,
"IT007","Florence","T_T","Population, All ages. Administrative data","2016","2016","PER","Persons","0","Units",,,772264,,
"FR030","Fort-de-France","T_T","Population, All ages. Administrative data","2015","2015","PER","Persons","0","Units",,,335373,,
"CH001","Zurich","T_T_SH_NAT","Share of population  in metropolitan area over the national value","2001","2001","RATIO","Ratio","0","Units",,,15.2,,
"CH001","Zurich","T_T_SH_NAT","Share of population  in metropolitan area over the national value","2002","2002","RATIO","Ratio","0","Units",,,15.3,,
"CH001","Zurich","T_T_SH_NAT","Share of population  in metropolitan area over the national value","2003","2003","RATIO","Ratio","0","Units",,,15.4,,
"CH001","Zurich","T_T_SH_NAT","Share of population  in metropolitan area over the national value","2004","2004","RATIO","Ratio","0","Units",,,15.5,,
"CH001","Zurich","T_T_SH_NAT","Share of population  in metropolitan area over the national value","2005","2005","RATIO","Ratio","0","Units",,,15.6,,
"CH001","Zurich","T_T_SH_NAT","Share of population  in metropolitan area over the national value","2006","2006","RATIO","Ratio","0","Units",,,15.7,,
"CH001","Zurich","T_T_SH_NAT","Share of population  in metropolitan area over the national value","2007","2007","RATIO","Ratio","0","Units",,,15.8,,
"CH001","Zurich","T_T_SH_NAT","Share of population  in metropolitan area over the national value","2008","2008","RATIO","Ratio","0","Units",,,15.8,,
"CH001","Zurich","T_T_SH_NAT","Share of population  in metropolitan area over the national value","2009","2009","RATIO","Ratio","0","Units",,,15.8,,
"CH001","Zurich","T_T_SH_NAT","Share of population  in metropolitan area over the national value","2010","2010","RATIO","Ratio","0","Units",,,15.9,,
"CH001","Zurich","T_T_SH_NAT","Share of population  in metropolitan area over the national value","2011","2011","RATIO","Ratio","0","Units",,,15.9,,
"CH001","Zurich","T_T_SH_NAT","Share of population  in metropolitan area over the national value","2012","2012","RATIO","Ratio","0","Units",,,15.9,,
"CH001","Zurich","T_T_SH_NAT","Share of population  in metropolitan area over the national value","2013","2013","RATIO","Ratio","0","Units",,,15.9,,
"CH001","Zurich","T_T_SH_NAT","Share of population  in metropolitan area over the national value","2014","2014","RATIO","Ratio","0","Units",,,16,,
"CH001","Zurich","T_T_SH_NAT","Share of population  in metropolitan area over the national value","2015","2015","RATIO","Ratio","0","Units",,,16,,
"CH001","Zurich","T_T_SH_NAT","Share of population  in metropolitan area over the national value","2016","2016","RATIO","Ratio","0","Units",,,16.1,,
"MEX18","Chihuahua","POP_DEN","Population density (pop. per km2)","2000","2000","PER","Persons","0","Units",,,90,,
"MEX18","Chihuahua","POP_DEN","Population density (pop. per km2)","2005","2005","PER","Persons","0","Units",,,85,,
"MEX18","Chihuahua","POP_DEN","Population density (pop. per km2)","2010","2010","PER","Persons","0","Units",,,94,,
"MEX18","Chihuahua","POP_DEN","Population density (pop. per km2)","2015","2015","PER","Persons","0","Units",,,108,,
"DE045","Iserlohn","T_T_SH_NAT","Share of population  in metropolitan area over the national value","2001","2001","RATIO","Ratio","0","Units",,,0.6,,
"DE045","Iserlohn","T_T_SH_NAT","Share of population  in metropolitan area over the national value","2002","2002","RATIO","Ratio","0","Units",,,0.6,,
"DE045","Iserlohn","T_T_SH_NAT","Share of population  in metropolitan area over the national value","2003","2003","RATIO","Ratio","0","Units",,,0.6,,
"DE045","Iserlohn","T_T_SH_NAT","Share of population  in metropolitan area over the national value","2004","2004","RATIO","Ratio","0","Units",,,0.6,,
"DE045","Iserlohn","T_T_SH_NAT","Share of population  in metropolitan area over the national value","2005","2005","RATIO","Ratio","0","Units",,,0.6,,
"DE045","Iserlohn","T_T_SH_NAT","Share of population  in metropolitan area over the national value","2006","2006","RATIO","Ratio","0","Units",,,0.6,,
"DE045","Iserlohn","T_T_SH_NAT","Share of population  in metropolitan area over the national value","2007","2007","RATIO","Ratio","0","Units",,,0.5,,
"DE045","Iserlohn","T_T_SH_NAT","Share of population  in metropolitan area over the national value","2008","2008","RATIO","Ratio","0","Units",,,0.5,,
"DE045","Iserlohn","T_T_SH_NAT","Share of population  in metropolitan area over the national value","2009","2009","RATIO","Ratio","0","Units",,,0.5,,
"DE045","Iserlohn","T_T_SH_NAT","Share of population  in metropolitan area over the national value","2010","2010","RATIO","Ratio","0","Units",,,0.5,,
"DE045","Iserlohn","T_T_SH_NAT","Share of population  in metropolitan area over the national value","2011","2011","RATIO","Ratio","0","Units",,,0.5,,
"DE045","Iserlohn","T_T_SH_NAT","Share of population  in metropolitan area over the national value","2012","2012","RATIO","Ratio","0","Units",,,0.5,,
"DE045","Iserlohn","T_T_SH_NAT","Share of population  in metropolitan area over the national value","2013","2013","RATIO","Ratio","0","Units",,,0.5,,
"DE045","Iserlohn","T_T_SH_NAT","Share of population  in metropolitan area over the national value","2014","2014","RATIO","Ratio","0","Units",,,0.5,,
"DE045","Iserlohn","T_T_SH_NAT","Share of population  in metropolitan area over the national value","2015","2015","RATIO","Ratio","0","Units",,,0.5,,
"DE045","Iserlohn","T_T_SH_NAT","Share of population  in metropolitan area over the national value","2016","2016","RATIO","Ratio","0","Units",,,0.5,,
"BE001","Brussels","T_T","Population, All ages. Administrative data","2000","2000","PER","Persons","0","Units",,,2248100,,
"BE001","Brussels","T_T","Population, All ages. Administrative data","2001","2001","PER","Persons","0","Units",,,2258787,,
"BE001","Brussels","T_T","Population, All ages. Administrative data","2002","2002","PER","Persons","0","Units",,,2280153,,
"BE001","Brussels","T_T","Population, All ages. Administrative data","2003","2003","PER","Persons","0","Units",,,2300550,,
"BE001","Brussels","T_T","Population, All ages. Administrative data","2004","2004","PER","Persons","0","Units",,,2315983,,
"BE001","Brussels","T_T","Population, All ages. Administrative data","2005","2005","PER","Persons","0","Units",,,2332077,,
"BE001","Brussels","T_T","Population, All ages. Administrative data","2006","2006","PER","Persons","0","Units",,,2353227,,
"BE001","Brussels","T_T","Population, All ages. Administrative data","2007","2007","PER","Persons","0","Units",,,2377347,,
"BE001","Brussels","T_T","Population, All ages. Administrative data","2008","2008","PER","Persons","0","Units",,,2405245,,
"BE001","Brussels","T_T","Population, All ages. Administrative data","2009","2009","PER","Persons","0","Units",,,2435036,,
"BE001","Brussels","T_T","Population, All ages. Administrative data","2010","2010","PER","Persons","0","Units",,,2468014,,
"BE001","Brussels","T_T","Population, All ages. Administrative data","2011","2011","PER","Persons","0","Units",,,2510625,,
"BE001","Brussels","T_T","Population, All ages. Administrative data","2012","2012","PER","Persons","0","Units",,,2541629,,
"BE001","Brussels","T_T","Population, All ages. Administrative data","2013","2013","PER","Persons","0","Units",,,2567078,,
"BE001","Brussels","T_T","Population, All ages. Administrative data","2014","2014","PER","Persons","0","Units",,,2584902,,
"BE001","Brussels","T_T","Population, All ages. Administrative data","2015","2015","PER","Persons","0","Units",,,2605984,,
"BE001","Brussels","T_T","Population, All ages. Administrative data","2016","2016","PER","Persons","0","Units",,,2628971,,
"DE027","Freiburg im Breisgau","POP_DEN","Population density (pop. per km2)","2001","2001","PER","Persons","0","Units",,,270,,
"DE027","Freiburg im Breisgau","POP_DEN","Population density (pop. per km2)","2002","2002","PER","Persons","0","Units",,,273,,
"DE027","Freiburg im Breisgau","POP_DEN","Population density (pop. per km2)","2003","2003","PER","Persons","0","Units",,,276,,
"DE027","Freiburg im Breisgau","POP_DEN","Population density (pop. per km2)","2004","2004","PER","Persons","0","Units",,,278,,
"DE027","Freiburg im Breisgau","POP_DEN","Population density (pop. per km2)","2005","2005","PER","Persons","0","Units",,,280,,
"DE027","Freiburg im Breisgau","POP_DEN","Population density (pop. per km2)","2006","2006","PER","Persons","0","Units",,,282,,
"DE027","Freiburg im Breisgau","POP_DEN","Population density (pop. per km2)","2007","2007","PER","Persons","0","Units",,,283,,
"DE027","Freiburg im Breisgau","POP_DEN","Population density (pop. per km2)","2008","2008","PER","Persons","0","Units",,,284,,
"DE027","Freiburg im Breisgau","POP_DEN","Population density (pop. per km2)","2009","2009","PER","Persons","0","Units",,,284,,
"DE027","Freiburg im Breisgau","POP_DEN","Population density (pop. per km2)","2010","2010","PER","Persons","0","Units",,,285,,
"DE027","Freiburg im Breisgau","POP_DEN","Population density (pop. per km2)","2011","2011","PER","Persons","0","Units",,,276,,
"DE027","Freiburg im Breisgau","POP_DEN","Population density (pop. per km2)","2012","2012","PER","Persons","0","Units",,,279,,
"DE027","Freiburg im Breisgau","POP_DEN","Population density (pop. per km2)","2013","2013","PER","Persons","0","Units",,,282,,
"DE027","Freiburg im Breisgau","POP_DEN","Population density (pop. per km2)","2014","2014","PER","Persons","0","Units",,,284,,
"DE027","Freiburg im Breisgau","POP_DEN","Population density (pop. per km2)","2015","2015","PER","Persons","0","Units",,,287,,
"DE027","Freiburg im Breisgau","POP_DEN","Population density (pop. per km2)","2016","2016","PER","Persons","0","Units",,,292,,
"USA98","Greenville","T_T","Population, All ages. Administrative data","2000","2000","PER","Persons","0","Units",,,380949,,
"USA98","Greenville","T_T","Population, All ages. Administrative data","2001","2001","PER","Persons","0","Units",,,385780,,
"USA98","Greenville","T_T","Population, All ages. Administrative data","2002","2002","PER","Persons","0","Units",,,390197,,
"USA98","Greenville","T_T","Population, All ages. Administrative data","2003","2003","PER","Persons","0","Units",,,394242,,
"USA98","Greenville","T_T","Population, All ages. Administrative data","2004","2004","PER","Persons","0","Units",,,399319,,
"USA98","Greenville","T_T","Population, All ages. Administrative data","2005","2005","PER","Persons","0","Units",,,405608,,
"USA98","Greenville","T_T","Population, All ages. Administrative data","2006","2006","PER","Persons","0","Units",,,415957,,
"USA98","Greenville","T_T","Population, All ages. Administrative data","2007","2007","PER","Persons","0","Units",,,427970,,
"USA98","Greenville","T_T","Population, All ages. Administrative data","2008","2008","PER","Persons","0","Units",,,438742,,
"USA98","Greenville","T_T","Population, All ages. Administrative data","2009","2009","PER","Persons","0","Units",,,446655,,
"USA98","Greenville","T_T","Population, All ages. Administrative data","2010","2010","PER","Persons","0","Units",,,452752,,
"USA98","Greenville","T_T","Population, All ages. Administrative data","2011","2011","PER","Persons","0","Units",,,459193,,
"USA98","Greenville","T_T","Population, All ages. Administrative data","2012","2012","PER","Persons","0","Units",,,466326,,
"USA98","Greenville","T_T","Population, All ages. Administrative data","2013","2013","PER","Persons","0","Units",,,473315,,
"USA98","Greenville","T_T","Population, All ages. Administrative data","2014","2014","PER","Persons","0","Units",,,481656,,
"USA98","Greenville","T_T","Population, All ages. Administrative data","2015","2015","PER","Persons","0","Units",,,490816,,
"USA98","Greenville","T_T","Population, All ages. Administrative data","2016","2016","PER","Persons","0","Units",,,499034,,
"USA75","Sedgwick","POP_DEN","Population density (pop. per km2)","2000","2000","PER","Persons","0","Units",,,57,,
"USA75","Sedgwick","POP_DEN","Population density (pop. per km2)","2001","2001","PER","Persons","0","Units",,,57,,
"USA75","Sedgwick","POP_DEN","Population density (pop. per km2)","2002","2002","PER","Persons","0","Units",,,58,,
"USA75","Sedgwick","POP_DEN","Population density (pop. per km2)","2003","2003","PER","Persons","0","Units",,,58,,
"USA75","Sedgwick","POP_DEN","Population density (pop. per km2)","2004","2004","PER","Persons","0","Units",,,58,,
"USA75","Sedgwick","POP_DEN","Population density (pop. per km2)","2005","2005","PER","Persons","0","Units",,,59,,
"USA75","Sedgwick","POP_DEN","Population density (pop. per km2)","2006","2006","PER","Persons","0","Units",,,59,,
"USA75","Sedgwick","POP_DEN","Population density (pop. per km2)","2007","2007","PER","Persons","0","Units",,,60,,
"USA75","Sedgwick","POP_DEN","Population density (pop. per km2)","2008","2008","PER","Persons","0","Units",,,61,,
"USA75","Sedgwick","POP_DEN","Population density (pop. per km2)","2009","2009","PER","Persons","0","Units",,,62,,
"USA75","Sedgwick","POP_DEN","Population density (pop. per km2)","2010","2010","PER","Persons","0","Units",,,62,,
"USA75","Sedgwick","POP_DEN","Population density (pop. per km2)","2011","2011","PER","Persons","0","Units",,,63,,
"USA75","Sedgwick","POP_DEN","Population density (pop. per km2)","2012","2012","PER","Persons","0","Units",,,63,,
"USA75","Sedgwick","POP_DEN","Population density (pop. per km2)","2013","2013","PER","Persons","0","Units",,,63,,
"USA75","Sedgwick","POP_DEN","Population density (pop. per km2)","2014","2014","PER","Persons","0","Units",,,63,,
"USA75","Sedgwick","POP_DEN","Population density (pop. per km2)","2015","2015","PER","Persons","0","Units",,,64,,
"USA75","Sedgwick","POP_DEN","Population density (pop. per km2)","2016","2016","PER","Persons","0","Units",,,64,,
"USA86","Stanislaus","T_T_SH_NAT","Share of population  in metropolitan area over the national value","2001","2001","RATIO","Ratio","0","Units",,,0.2,,
"USA86","Stanislaus","T_T_SH_NAT","Share of population  in metropolitan area over the national value","2002","2002","RATIO","Ratio","0","Units",,,0.2,,
"USA86","Stanislaus","T_T_SH_NAT","Share of population  in metropolitan area over the national value","2003","2003","RATIO","Ratio","0","Units",,,0.2,,
"USA86","Stanislaus","T_T_SH_NAT","Share of population  in metropolitan area over the national value","2004","2004","RATIO","Ratio","0","Units",,,0.2,,
"USA86","Stanislaus","T_T_SH_NAT","Share of population  in metropolitan area over the national value","2005","2005","RATIO","Ratio","0","Units",,,0.2,,
"USA86","Stanislaus","T_T_SH_NAT","Share of population  in metropolitan area over the national value","2006","2006","RATIO","Ratio","0","Units",,,0.2,,
"USA86","Stanislaus","T_T_SH_NAT","Share of population  in metropolitan area over the national value","2007","2007","RATIO","Ratio","0","Units",,,0.2,,
"USA86","Stanislaus","T_T_SH_NAT","Share of population  in metropolitan area over the national value","2008","2008","RATIO","Ratio","0","Units",,,0.2,,
"USA86","Stanislaus","T_T_SH_NAT","Share of population  in metropolitan area over the national value","2009","2009","RATIO","Ratio","0","Units",,,0.2,,
"USA86","Stanislaus","T_T_SH_NAT","Share of population  in metropolitan area over the national value","2010","2010","RATIO","Ratio","0","Units",,,0.2,,
"USA86","Stanislaus","T_T_SH_NAT","Share of population  in metropolitan area over the national value","2011","2011","RATIO","Ratio","0","Units",,,0.2,,
"USA86","Stanislaus","T_T_SH_NAT","Share of population  in metropolitan area over the national value","2012","2012","RATIO","Ratio","0","Units",,,0.2,,
"USA86","Stanislaus","T_T_SH_NAT","Share of population  in metropolitan area over the national value","2013","2013","RATIO","Ratio","0","Units",,,0.2,,
"USA86","Stanislaus","T_T_SH_NAT","Share of population  in metropolitan area over the national value","2014","2014","RATIO","Ratio","0","Units",,,0.2,,
"USA86","Stanislaus","T_T_SH_NAT","Share of population  in metropolitan area over the national value","2015","2015","RATIO","Ratio","0","Units",,,0.2,,
"USA86","Stanislaus","T_T_SH_NAT","Share of population  in metropolitan area over the national value","2016","2016","RATIO","Ratio","0","Units",,,0.2,,
"UK017","Cambridge","T_T","Population, All ages. Administrative data","2001","2001","PER","Persons","0","Units",,,313828,,
"UK017","Cambridge","T_T","Population, All ages. Administrative data","2002","2002","PER","Persons","0","Units",,,315764,,
"UK017","Cambridge","T_T","Population, All ages. Administrative data","2003","2003","PER","Persons","0","Units",,,322821,,
"UK017","Cambridge","T_T","Population, All ages. Administrative data","2004","2004","PER","Persons","0","Units",,,323808,,
"UK017","Cambridge","T_T","Population, All ages. Administrative data","2005","2005","PER","Persons","0","Units",,,331861,,
"UK017","Cambridge","T_T","Population, All ages. Administrative data","2006","2006","PER","Persons","0","Units",,,334347,,
"UK017","Cambridge","T_T","Population, All ages. Administrative data","2007","2007","PER","Persons","0","Units",,,336861,,
"UK017","Cambridge","T_T","Population, All ages. Administrative data","2008","2008","PER","Persons","0","Units",,,340809,,
"UK017","Cambridge","T_T","Population, All ages. Administrative data","2009","2009","PER","Persons","0","Units",,,344782,,
"UK017","Cambridge","T_T","Population, All ages. Administrative data","2010","2010","PER","Persons","0","Units",,,351412,,
"UK017","Cambridge","T_T","Population, All ages. Administrative data","2011","2011","PER","Persons","0","Units",,,356812,,
"UK017","Cambridge","T_T","Population, All ages. Administrative data","2012","2012","PER","Persons","0","Units",,,358727,,
"UK017","Cambridge","T_T","Population, All ages. Administrative data","2013","2013","PER","Persons","0","Units",,,360154,,
"UK017","Cambridge","T_T","Population, All ages. Administrative data","2014","2014","PER","Persons","0","Units",,,363712,,
"UK017","Cambridge","T_T","Population, All ages. Administrative data","2015","2015","PER","Persons","0","Units",,,367376,,
"UK017","Cambridge","T_T","Population, All ages. Administrative data","2016","2016","PER","Persons","0","Units",,,368844,,
"USA122","Winnebago (IL)","POP_DEN","Population density (pop. per km2)","2000","2000","PER","Persons","0","Units",,,155,,
"USA122","Winnebago (IL)","POP_DEN","Population density (pop. per km2)","2001","2001","PER","Persons","0","Units",,,156,,
"USA122","Winnebago (IL)","POP_DEN","Population density (pop. per km2)","2002","2002","PER","Persons","0","Units",,,157,,
"USA122","Winnebago (IL)","POP_DEN","Population density (pop. per km2)","2003","2003","PER","Persons","0","Units",,,159,,
"USA122","Winnebago (IL)","POP_DEN","Population density (pop. per km2)","2004","2004","PER","Persons","0","Units",,,160,,
"USA122","Winnebago (IL)","POP_DEN","Population density (pop. per km2)","2005","2005","PER","Persons","0","Units",,,162,,
"USA122","Winnebago (IL)","POP_DEN","Population density (pop. per km2)","2006","2006","PER","Persons","0","Units",,,164,,
"USA122","Winnebago (IL)","POP_DEN","Population density (pop. per km2)","2007","2007","PER","Persons","0","Units",,,167,,
"USA122","Winnebago (IL)","POP_DEN","Population density (pop. per km2)","2008","2008","PER","Persons","0","Units",,,169,,
"USA122","Winnebago (IL)","POP_DEN","Population density (pop. per km2)","2009","2009","PER","Persons","0","Units",,,168,,
"USA122","Winnebago (IL)","POP_DEN","Population density (pop. per km2)","2010","2010","PER","Persons","0","Units",,,168,,
"USA122","Winnebago (IL)","POP_DEN","Population density (pop. per km2)","2011","2011","PER","Persons","0","Units",,,167,,
"USA122","Winnebago (IL)","POP_DEN","Population density (pop. per km2)","2012","2012","PER","Persons","0","Units",,,167,,
"USA122","Winnebago (IL)","POP_DEN","Population density (pop. per km2)","2013","2013","PER","Persons","0","Units",,,166,,
"USA122","Winnebago (IL)","POP_DEN","Population density (pop. per km2)","2014","2014","PER","Persons","0","Units",,,165,,
"USA122","Winnebago (IL)","POP_DEN","Population density (pop. per km2)","2015","2015","PER","Persons","0","Units",,,164,,
"USA122","Winnebago (IL)","POP_DEN","Population density (pop. per km2)","2016","2016","PER","Persons","0","Units",,,164,,
"USA143","Erie (PA)","T_T","Population, All ages. Administrative data","2000","2000","PER","Persons","0","Units",,,280803,,
"USA143","Erie (PA)","T_T","Population, All ages. Administrative data","2001","2001","PER","Persons","0","Units",,,280647,,
"USA143","Erie (PA)","T_T","Population, All ages. Administrative data","2002","2002","PER","Persons","0","Units",,,280379,,
"USA143","Erie (PA)","T_T","Population, All ages. Administrative data","2003","2003","PER","Persons","0","Units",,,280153,,
"USA143","Erie (PA)","T_T","Population, All ages. Administrative data","2004","2004","PER","Persons","0","Units",,,277864,,
"USA143","Erie (PA)","T_T","Population, All ages. Administrative data","2005","2005","PER","Persons","0","Units",,,277211,,
"USA143","Erie (PA)","T_T","Population, All ages. Administrative data","2006","2006","PER","Persons","0","Units",,,278389,,
"USA143","Erie (PA)","T_T","Population, All ages. Administrative data","2007","2007","PER","Persons","0","Units",,,278573,,
"USA143","Erie (PA)","T_T","Population, All ages. Administrative data","2008","2008","PER","Persons","0","Units",,,278686,,
"USA143","Erie (PA)","T_T","Population, All ages. Administrative data","2009","2009","PER","Persons","0","Units",,,279838,,
"USA143","Erie (PA)","T_T","Population, All ages. Administrative data","2010","2010","PER","Persons","0","Units",,,280775,,
"USA143","Erie (PA)","T_T","Population, All ages. Administrative data","2011","2011","PER","Persons","0","Units",,,281288,,
"USA143","Erie (PA)","T_T","Population, All ages. Administrative data","2012","2012","PER","Persons","0","Units",,,281503,,
"USA143","Erie (PA)","T_T","Population, All ages. Administrative data","2013","2013","PER","Persons","0","Units",,,280647,,
"USA143","Erie (PA)","T_T","Population, All ages. Administrative data","2014","2014","PER","Persons","0","Units",,,279351,,
"USA143","Erie (PA)","T_T","Population, All ages. Administrative data","2015","2015","PER","Persons","0","Units",,,278111,,
"USA143","Erie (PA)","T_T","Population, All ages. Administrative data","2016","2016","PER","Persons","0","Units",,,276321,,
"JPN23","Toyohashi","T_T_SH_NAT","Share of population  in metropolitan area over the national value","2001","2001","RATIO","Ratio","0","Units",,,0.5,,
"JPN23","Toyohashi","T_T_SH_NAT","Share of population  in metropolitan area over the national value","2002","2002","RATIO","Ratio","0","Units",,,0.5,,
"JPN23","Toyohashi","T_T_SH_NAT","Share of population  in metropolitan area over the national value","2003","2003","RATIO","Ratio","0","Units",,,0.5,,
"JPN23","Toyohashi","T_T_SH_NAT","Share of population  in metropolitan area over the national value","2004","2004","RATIO","Ratio","0","Units",,,0.5,,
"JPN23","Toyohashi","T_T_SH_NAT","Share of population  in metropolitan area over the national value","2005","2005","RATIO","Ratio","0","Units",,,0.5,,
"JPN23","Toyohashi","T_T_SH_NAT","Share of population  in metropolitan area over the national value","2006","2006","RATIO","Ratio","0","Units",,,0.5,,
"JPN23","Toyohashi","T_T_SH_NAT","Share of population  in metropolitan area over the national value","2007","2007","RATIO","Ratio","0","Units",,,0.5,,
"JPN23","Toyohashi","T_T_SH_NAT","Share of population  in metropolitan area over the national value","2008","2008","RATIO","Ratio","0","Units",,,0.5,,
"JPN23","Toyohashi","T_T_SH_NAT","Share of population  in metropolitan area over the national value","2009","2009","RATIO","Ratio","0","Units",,,0.5,,
"JPN23","Toyohashi","T_T_SH_NAT","Share of population  in metropolitan area over the national value","2010","2010","RATIO","Ratio","0","Units",,,0.5,,
"JPN23","Toyohashi","T_T_SH_NAT","Share of population  in metropolitan area over the national value","2011","2011","RATIO","Ratio","0","Units",,,0.5,,
"JPN23","Toyohashi","T_T_SH_NAT","Share of population  in metropolitan area over the national value","2012","2012","RATIO","Ratio","0","Units",,,0.5,,
"JPN23","Toyohashi","T_T_SH_NAT","Share of population  in metropolitan area over the national value","2013","2013","RATIO","Ratio","0","Units",,,0.5,,
"JPN23","Toyohashi","T_T_SH_NAT","Share of population  in metropolitan area over the national value","2014","2014","RATIO","Ratio","0","Units",,,0.5,,
"JPN23","Toyohashi","T_T_SH_NAT","Share of population  in metropolitan area over the national value","2015","2015","RATIO","Ratio","0","Units",,,0.5,,
"NL012","Breda","T_T_SH_NAT","Share of population  in metropolitan area over the national value","2001","2001","RATIO","Ratio","0","Units",,,2.1,,
"NL012","Breda","T_T_SH_NAT","Share of population  in metropolitan area over the national value","2002","2002","RATIO","Ratio","0","Units",,,2.1,,
"NL012","Breda","T_T_SH_NAT","Share of population  in metropolitan area over the national value","2003","2003","RATIO","Ratio","0","Units",,,2.1,,
"NL012","Breda","T_T_SH_NAT","Share of population  in metropolitan area over the national value","2004","2004","RATIO","Ratio","0","Units",,,2.1,,
"NL012","Breda","T_T_SH_NAT","Share of population  in metropolitan area over the national value","2005","2005","RATIO","Ratio","0","Units",,,2.1,,
"NL012","Breda","T_T_SH_NAT","Share of population  in metropolitan area over the national value","2006","2006","RATIO","Ratio","0","Units",,,2.1,,
"NL012","Breda","T_T_SH_NAT","Share of population  in metropolitan area over the national value","2007","2007","RATIO","Ratio","0","Units",,,2.2,,
"NL012","Breda","T_T_SH_NAT","Share of population  in metropolitan area over the national value","2008","2008","RATIO","Ratio","0","Units",,,2.2,,
"NL012","Breda","T_T_SH_NAT","Share of population  in metropolitan area over the national value","2009","2009","RATIO","Ratio","0","Units",,,2.2,,
"NL012","Breda","T_T_SH_NAT","Share of population  in metropolitan area over the national value","2010","2010","RATIO","Ratio","0","Units",,,2.2,,
"NL012","Breda","T_T_SH_NAT","Share of population  in metropolitan area over the national value","2011","2011","RATIO","Ratio","0","Units",,,2.2,,
"NL012","Breda","T_T_SH_NAT","Share of population  in metropolitan area over the national value","2012","2012","RATIO","Ratio","0","Units",,,2.2,,
"NL012","Breda","T_T_SH_NAT","Share of population  in metropolitan area over the national value","2013","2013","RATIO","Ratio","0","Units",,,2.2,,
"NL012","Breda","T_T_SH_NAT","Share of population  in metropolitan area over the national value","2014","2014","RATIO","Ratio","0","Units",,,2.2,,
"NL012","Breda","T_T_SH_NAT","Share of population  in metropolitan area over the national value","2015","2015","RATIO","Ratio","0","Units",,,2.2,,
"NL012","Breda","T_T_SH_NAT","Share of population  in metropolitan area over the national value","2016","2016","RATIO","Ratio","0","Units",,,2.2,,
"USA79","Pulaski","T_T","Population, All ages. Administrative data","2000","2000","PER","Persons","0","Units",,,499113,,
"USA79","Pulaski","T_T","Population, All ages. Administrative data","2001","2001","PER","Persons","0","Units",,,502382,,
"USA79","Pulaski","T_T","Population, All ages. Administrative data","2002","2002","PER","Persons","0","Units",,,506542,,
"USA79","Pulaski","T_T","Population, All ages. Administrative data","2003","2003","PER","Persons","0","Units",,,510337,,
"USA79","Pulaski","T_T","Population, All ages. Administrative data","2004","2004","PER","Persons","0","Units",,,516018,,
"USA79","Pulaski","T_T","Population, All ages. Administrative data","2005","2005","PER","Persons","0","Units",,,521992,,
"USA79","Pulaski","T_T","Population, All ages. Administrative data","2006","2006","PER","Persons","0","Units",,,530956,,
"USA79","Pulaski","T_T","Population, All ages. Administrative data","2007","2007","PER","Persons","0","Units",,,537825,,
"USA79","Pulaski","T_T","Population, All ages. Administrative data","2008","2008","PER","Persons","0","Units",,,545252,,
"USA79","Pulaski","T_T","Population, All ages. Administrative data","2009","2009","PER","Persons","0","Units",,,552896,,
"USA79","Pulaski","T_T","Population, All ages. Administrative data","2010","2010","PER","Persons","0","Units",,,559891,,
"USA79","Pulaski","T_T","Population, All ages. Administrative data","2011","2011","PER","Persons","0","Units",,,565646,,
"USA79","Pulaski","T_T","Population, All ages. Administrative data","2012","2012","PER","Persons","0","Units",,,570111,,
"USA79","Pulaski","T_T","Population, All ages. Administrative data","2013","2013","PER","Persons","0","Units",,,574995,,
"USA79","Pulaski","T_T","Population, All ages. Administrative data","2014","2014","PER","Persons","0","Units",,,578479,,
"USA79","Pulaski","T_T","Population, All ages. Administrative data","2015","2015","PER","Persons","0","Units",,,580679,,
"USA79","Pulaski","T_T","Population, All ages. Administrative data","2016","2016","PER","Persons","0","Units",,,583011,,
"DE510","Lubeck","T_T_SH_NAT","Share of population  in metropolitan area over the national value","2001","2001","RATIO","Ratio","0","Units",,,0.5,,
"DE510","Lubeck","T_T_SH_NAT","Share of population  in metropolitan area over the national value","2002","2002","RATIO","Ratio","0","Units",,,0.5,,
"DE510","Lubeck","T_T_SH_NAT","Share of population  in metropolitan area over the national value","2003","2003","RATIO","Ratio","0","Units",,,0.5,,
"DE510","Lubeck","T_T_SH_NAT","Share of population  in metropolitan area over the national value","2004","2004","RATIO","Ratio","0","Units",,,0.5,,
"DE510","Lubeck","T_T_SH_NAT","Share of population  in metropolitan area over the national value","2005","2005","RATIO","Ratio","0","Units",,,0.5,,
"DE510","Lubeck","T_T_SH_NAT","Share of population  in metropolitan area over the national value","2006","2006","RATIO","Ratio","0","Units",,,0.5,,
"DE510","Lubeck","T_T_SH_NAT","Share of population  in metropolitan area over the national value","2007","2007","RATIO","Ratio","0","Units",,,0.5,,
"DE510","Lubeck","T_T_SH_NAT","Share of population  in metropolitan area over the national value","2008","2008","RATIO","Ratio","0","Units",,,0.5,,
"DE510","Lubeck","T_T_SH_NAT","Share of population  in metropolitan area over the national value","2009","2009","RATIO","Ratio","0","Units",,,0.5,,
"DE510","Lubeck","T_T_SH_NAT","Share of population  in metropolitan area over the national value","2010","2010","RATIO","Ratio","0","Units",,,0.5,,
"DE510","Lubeck","T_T_SH_NAT","Share of population  in metropolitan area over the national value","2011","2011","RATIO","Ratio","0","Units",,,0.5,,
"DE510","Lubeck","T_T_SH_NAT","Share of population  in metropolitan area over the national value","2012","2012","RATIO","Ratio","0","Units",,,0.5,,
"DE510","Lubeck","T_T_SH_NAT","Share of population  in metropolitan area over the national value","2013","2013","RATIO","Ratio","0","Units",,,0.5,,
"DE510","Lubeck","T_T_SH_NAT","Share of population  in metropolitan area over the national value","2014","2014","RATIO","Ratio","0","Units",,,0.5,,
"DE510","Lubeck","T_T_SH_NAT","Share of population  in metropolitan area over the national value","2015","2015","RATIO","Ratio","0","Units",,,0.5,,
"DE510","Lubeck","T_T_SH_NAT","Share of population  in metropolitan area over the national value","2016","2016","RATIO","Ratio","0","Units",,,0.5,,
"UK016","Aberdeen","T_T","Population, All ages. Administrative data","2001","2001","PER","Persons","0","Units",,,438850,,
"UK016","Aberdeen","T_T","Population, All ages. Administrative data","2002","2002","PER","Persons","0","Units",,,439510,,
"UK016","Aberdeen","T_T","Population, All ages. Administrative data","2003","2003","PER","Persons","0","Units",,,440530,,
"UK016","Aberdeen","T_T","Population, All ages. Administrative data","2004","2004","PER","Persons","0","Units",,,442510,,
"UK016","Aberdeen","T_T","Population, All ages. Administrative data","2005","2005","PER","Persons","0","Units",,,446260,,
"UK016","Aberdeen","T_T","Population, All ages. Administrative data","2006","2006","PER","Persons","0","Units",,,450800,,
"UK016","Aberdeen","T_T","Population, All ages. Administrative data","2007","2007","PER","Persons","0","Units",,,456850,,
"UK016","Aberdeen","T_T","Population, All ages. Administrative data","2008","2008","PER","Persons","0","Units",,,460860,,
"UK016","Aberdeen","T_T","Population, All ages. Administrative data","2009","2009","PER","Persons","0","Units",,,466040,,
"UK016","Aberdeen","T_T","Population, All ages. Administrative data","2010","2010","PER","Persons","0","Units",,,471160,,
"UK016","Aberdeen","T_T","Population, All ages. Administrative data","2011","2011","PER","Persons","0","Units",,,476110,,
"UK016","Aberdeen","T_T","Population, All ages. Administrative data","2012","2012","PER","Persons","0","Units",,,480470,,
"UK016","Aberdeen","T_T","Population, All ages. Administrative data","2013","2013","PER","Persons","0","Units",,,484840,,
"UK016","Aberdeen","T_T","Population, All ages. Administrative data","2014","2014","PER","Persons","0","Units",,,489450,,
"UK016","Aberdeen","T_T","Population, All ages. Administrative data","2015","2015","PER","Persons","0","Units",,,492310,,
"UK016","Aberdeen","T_T","Population, All ages. Administrative data","2016","2016","PER","Persons","0","Units",,,492030,,
"USA56","Rochester (NY)","POP_DEN","Population density (pop. per km2)","2000","2000","PER","Persons","0","Units",,,192,,
"USA56","Rochester (NY)","POP_DEN","Population density (pop. per km2)","2001","2001","PER","Persons","0","Units",,,193,,
"USA56","Rochester (NY)","POP_DEN","Population density (pop. per km2)","2002","2002","PER","Persons","0","Units",,,193,,
"USA56","Rochester (NY)","POP_DEN","Population density (pop. per km2)","2003","2003","PER","Persons","0","Units",,,193,,
"USA56","Rochester (NY)","POP_DEN","Population density (pop. per km2)","2004","2004","PER","Persons","0","Units",,,193,,
"USA56","Rochester (NY)","POP_DEN","Population density (pop. per km2)","2005","2005","PER","Persons","0","Units",,,192,,
"USA56","Rochester (NY)","POP_DEN","Population density (pop. per km2)","2006","2006","PER","Persons","0","Units",,,192,,
"USA56","Rochester (NY)","POP_DEN","Population density (pop. per km2)","2007","2007","PER","Persons","0","Units",,,193,,
"USA56","Rochester (NY)","POP_DEN","Population density (pop. per km2)","2008","2008","PER","Persons","0","Units",,,193,,
"USA56","Rochester (NY)","POP_DEN","Population density (pop. per km2)","2009","2009","PER","Persons","0","Units",,,193,,
"USA56","Rochester (NY)","POP_DEN","Population density (pop. per km2)","2010","2010","PER","Persons","0","Units",,,194,,
"USA56","Rochester (NY)","POP_DEN","Population density (pop. per km2)","2011","2011","PER","Persons","0","Units",,,194,,
"USA56","Rochester (NY)","POP_DEN","Population density (pop. per km2)","2012","2012","PER","Persons","0","Units",,,194,,
"USA56","Rochester (NY)","POP_DEN","Population density (pop. per km2)","2013","2013","PER","Persons","0","Units",,,195,,
"USA56","Rochester (NY)","POP_DEN","Population density (pop. per km2)","2014","2014","PER","Persons","0","Units",,,194,,
"USA56","Rochester (NY)","POP_DEN","Population density (pop. per km2)","2015","2015","PER","Persons","0","Units",,,194,,
"USA56","Rochester (NY)","POP_DEN","Population density (pop. per km2)","2016","2016","PER","Persons","0","Units",,,194,,
"ES014","Pamplona","T_T_SH_NAT","Share of population  in metropolitan area over the national value","2001","2001","RATIO","Ratio","0","Units",,,0.8,,
"ES014","Pamplona","T_T_SH_NAT","Share of population  in metropolitan area over the national value","2002","2002","RATIO","Ratio","0","Units",,,0.8,,
"ES014","Pamplona","T_T_SH_NAT","Share of population  in metropolitan area over the national value","2003","2003","RATIO","Ratio","0","Units",,,0.8,,
"ES014","Pamplona","T_T_SH_NAT","Share of population  in metropolitan area over the national value","2004","2004","RATIO","Ratio","0","Units",,,0.8,,
"ES014","Pamplona","T_T_SH_NAT","Share of population  in metropolitan area over the national value","2005","2005","RATIO","Ratio","0","Units",,,0.8,,
"ES014","Pamplona","T_T_SH_NAT","Share of population  in metropolitan area over the national value","2006","2006","RATIO","Ratio","0","Units",,,0.8,,
"ES014","Pamplona","T_T_SH_NAT","Share of population  in metropolitan area over the national value","2007","2007","RATIO","Ratio","0","Units",,,0.8,,
"ES014","Pamplona","T_T_SH_NAT","Share of population  in metropolitan area over the national value","2008","2008","RATIO","Ratio","0","Units",,,0.7,,
"ES014","Pamplona","T_T_SH_NAT","Share of population  in metropolitan area over the national value","2009","2009","RATIO","Ratio","0","Units",,,0.7,,
"ES014","Pamplona","T_T_SH_NAT","Share of population  in metropolitan area over the national value","2010","2010","RATIO","Ratio","0","Units",,,0.8,,
"ES014","Pamplona","T_T_SH_NAT","Share of population  in metropolitan area over the national value","2011","2011","RATIO","Ratio","0","Units",,,0.8,,
"ES014","Pamplona","T_T_SH_NAT","Share of population  in metropolitan area over the national value","2012","2012","RATIO","Ratio","0","Units",,,0.8,,
"ES014","Pamplona","T_T_SH_NAT","Share of population  in metropolitan area over the national value","2013","2013","RATIO","Ratio","0","Units",,,0.8,,
"ES014","Pamplona","T_T_SH_NAT","Share of population  in metropolitan area over the national value","2014","2014","RATIO","Ratio","0","Units",,,0.8,,
"ES014","Pamplona","T_T_SH_NAT","Share of population  in metropolitan area over the national value","2015","2015","RATIO","Ratio","0","Units",,,0.8,,
"ES014","Pamplona","T_T_SH_NAT","Share of population  in metropolitan area over the national value","2016","2016","RATIO","Ratio","0","Units",,,0.8,,
"MEX45","Tapachula","POP_DEN","Population density (pop. per km2)","2000","2000","PER","Persons","0","Units",,,268,,
"MEX45","Tapachula","POP_DEN","Population density (pop. per km2)","2005","2005","PER","Persons","0","Units",,,280,,
"MEX45","Tapachula","POP_DEN","Population density (pop. per km2)","2010","2010","PER","Persons","0","Units",,,325,,
"MEX45","Tapachula","POP_DEN","Population density (pop. per km2)","2015","2015","PER","Persons","0","Units",,,374,,
"MEX49","Uruapan","T_T_SH_NAT","Share of population  in metropolitan area over the national value","2005","2005","RATIO","Ratio","0","Units",,,0.3,,
"MEX49","Uruapan","T_T_SH_NAT","Share of population  in metropolitan area over the national value","2010","2010","RATIO","Ratio","0","Units",,,0.3,,
"MEX49","Uruapan","T_T_SH_NAT","Share of population  in metropolitan area over the national value","2015","2015","RATIO","Ratio","0","Units",,,0.3,,
"IT505","Reggio nell'Emilia","T_T","Population, All ages. Administrative data","2000","2000","PER","Persons","0","Units",,,235388,,
"IT505","Reggio nell'Emilia","T_T","Population, All ages. Administrative data","2001","2001","PER","Persons","0","Units",,,238631,,
"IT505","Reggio nell'Emilia","T_T","Population, All ages. Administrative data","2002","2002","PER","Persons","0","Units",,,241874,,
"IT505","Reggio nell'Emilia","T_T","Population, All ages. Administrative data","2003","2003","PER","Persons","0","Units",,,245116,,
"IT505","Reggio nell'Emilia","T_T","Population, All ages. Administrative data","2004","2004","PER","Persons","0","Units",,,248358,,
"IT505","Reggio nell'Emilia","T_T","Population, All ages. Administrative data","2005","2005","PER","Persons","0","Units",,,251601,,
"IT505","Reggio nell'Emilia","T_T","Population, All ages. Administrative data","2006","2006","PER","Persons","0","Units",,,254843,,
"IT505","Reggio nell'Emilia","T_T","Population, All ages. Administrative data","2007","2007","PER","Persons","0","Units",,,258085,,
"IT505","Reggio nell'Emilia","T_T","Population, All ages. Administrative data","2008","2008","PER","Persons","0","Units",,,261327,,
"IT505","Reggio nell'Emilia","T_T","Population, All ages. Administrative data","2009","2009","PER","Persons","0","Units",,,264570,,
"IT505","Reggio nell'Emilia","T_T","Population, All ages. Administrative data","2010","2010","PER","Persons","0","Units",,,267813,,
"IT505","Reggio nell'Emilia","T_T","Population, All ages. Administrative data","2011","2011","PER","Persons","0","Units",,,271054,,
"IT505","Reggio nell'Emilia","T_T","Population, All ages. Administrative data","2012","2012","PER","Persons","0","Units",,,274297,,
"IT505","Reggio nell'Emilia","T_T","Population, All ages. Administrative data","2013","2013","PER","Persons","0","Units",,,276809,,
"IT505","Reggio nell'Emilia","T_T","Population, All ages. Administrative data","2014","2014","PER","Persons","0","Units",,,286148,,
"IT505","Reggio nell'Emilia","T_T","Population, All ages. Administrative data","2015","2015","PER","Persons","0","Units",,,285072,,
"IT505","Reggio nell'Emilia","T_T","Population, All ages. Administrative data","2016","2016","PER","Persons","0","Units",,,284958,,
"JPN07","Kurashiki","POP_DEN","Population density (pop. per km2)","2000","2000","PER","Persons","0","Units",,,552,,
"JPN07","Kurashiki","POP_DEN","Population density (pop. per km2)","2001","2001","PER","Persons","0","Units",,,553,,
"JPN07","Kurashiki","POP_DEN","Population density (pop. per km2)","2002","2002","PER","Persons","0","Units",,,554,,
"JPN07","Kurashiki","POP_DEN","Population density (pop. per km2)","2003","2003","PER","Persons","0","Units",,,556,,
"JPN07","Kurashiki","POP_DEN","Population density (pop. per km2)","2004","2004","PER","Persons","0","Units",,,557,,
"JPN07","Kurashiki","POP_DEN","Population density (pop. per km2)","2005","2005","PER","Persons","0","Units",,,558,,
"JPN07","Kurashiki","POP_DEN","Population density (pop. per km2)","2006","2006","PER","Persons","0","Units",,,558,,
"JPN07","Kurashiki","POP_DEN","Population density (pop. per km2)","2007","2007","PER","Persons","0","Units",,,558,,
"JPN07","Kurashiki","POP_DEN","Population density (pop. per km2)","2008","2008","PER","Persons","0","Units",,,558,,
"JPN07","Kurashiki","POP_DEN","Population density (pop. per km2)","2009","2009","PER","Persons","0","Units",,,558,,
"JPN07","Kurashiki","POP_DEN","Population density (pop. per km2)","2010","2010","PER","Persons","0","Units",,,558,,
"JPN07","Kurashiki","POP_DEN","Population density (pop. per km2)","2011","2011","PER","Persons","0","Units",,,557,,
"JPN07","Kurashiki","POP_DEN","Population density (pop. per km2)","2012","2012","PER","Persons","0","Units",,,555,,
"JPN07","Kurashiki","POP_DEN","Population density (pop. per km2)","2013","2013","PER","Persons","0","Units",,,554,,
"JPN07","Kurashiki","POP_DEN","Population density (pop. per km2)","2014","2014","PER","Persons","0","Units",,,553,,
"JPN07","Kurashiki","POP_DEN","Population density (pop. per km2)","2015","2015","PER","Persons","0","Units",,,551,,
"FR032","Toulon","T_T_SH_NAT","Share of population  in metropolitan area over the national value","2001","2001","RATIO","Ratio","0","Units",,,0.9,,
"FR032","Toulon","T_T_SH_NAT","Share of population  in metropolitan area over the national value","2002","2002","RATIO","Ratio","0","Units",,,0.9,,
"FR032","Toulon","T_T_SH_NAT","Share of population  in metropolitan area over the national value","2003","2003","RATIO","Ratio","0","Units",,,0.9,,
"FR032","Toulon","T_T_SH_NAT","Share of population  in metropolitan area over the national value","2004","2004","RATIO","Ratio","0","Units",,,0.9,,
"FR032","Toulon","T_T_SH_NAT","Share of population  in metropolitan area over the national value","2005","2005","RATIO","Ratio","0","Units",,,0.9,,
"FR032","Toulon","T_T_SH_NAT","Share of population  in metropolitan area over the national value","2006","2006","RATIO","Ratio","0","Units",,,0.9,,
"FR032","Toulon","T_T_SH_NAT","Share of population  in metropolitan area over the national value","2007","2007","RATIO","Ratio","0","Units",,,0.9,,
"FR032","Toulon","T_T_SH_NAT","Share of population  in metropolitan area over the national value","2008","2008","RATIO","Ratio","0","Units",,,0.9,,
"FR032","Toulon","T_T_SH_NAT","Share of population  in metropolitan area over the national value","2009","2009","RATIO","Ratio","0","Units",,,0.9,,
"FR032","Toulon","T_T_SH_NAT","Share of population  in metropolitan area over the national value","2010","2010","RATIO","Ratio","0","Units",,,0.9,,
"FR032","Toulon","T_T_SH_NAT","Share of population  in metropolitan area over the national value","2011","2011","RATIO","Ratio","0","Units",,,0.9,,
"FR032","Toulon","T_T_SH_NAT","Share of population  in metropolitan area over the national value","2012","2012","RATIO","Ratio","0","Units",,,0.9,,
"FR032","Toulon","T_T_SH_NAT","Share of population  in metropolitan area over the national value","2013","2013","RATIO","Ratio","0","Units",,,0.8,,
"FR032","Toulon","T_T_SH_NAT","Share of population  in metropolitan area over the national value","2014","2014","RATIO","Ratio","0","Units",,,0.8,,
"FR032","Toulon","T_T_SH_NAT","Share of population  in metropolitan area over the national value","2015","2015","RATIO","Ratio","0","Units",,,0.8,,
"IT016","Perugia","T_T_SH_NAT","Share of population  in metropolitan area over the national value","2001","2001","RATIO","Ratio","0","Units",,,0.5,,
"IT016","Perugia","T_T_SH_NAT","Share of population  in metropolitan area over the national value","2002","2002","RATIO","Ratio","0","Units",,,0.5,,
"IT016","Perugia","T_T_SH_NAT","Share of population  in metropolitan area over the national value","2003","2003","RATIO","Ratio","0","Units",,,0.5,,
"IT016","Perugia","T_T_SH_NAT","Share of population  in metropolitan area over the national value","2004","2004","RATIO","Ratio","0","Units",,,0.5,,
"IT016","Perugia","T_T_SH_NAT","Share of population  in metropolitan area over the national value","2005","2005","RATIO","Ratio","0","Units",,,0.5,,
"IT016","Perugia","T_T_SH_NAT","Share of population  in metropolitan area over the national value","2006","2006","RATIO","Ratio","0","Units",,,0.5,,
"IT016","Perugia","T_T_SH_NAT","Share of population  in metropolitan area over the national value","2007","2007","RATIO","Ratio","0","Units",,,0.5,,
"IT016","Perugia","T_T_SH_NAT","Share of population  in metropolitan area over the national value","2008","2008","RATIO","Ratio","0","Units",,,0.5,,
"IT016","Perugia","T_T_SH_NAT","Share of population  in metropolitan area over the national value","2009","2009","RATIO","Ratio","0","Units",,,0.5,,
"IT016","Perugia","T_T_SH_NAT","Share of population  in metropolitan area over the national value","2010","2010","RATIO","Ratio","0","Units",,,0.5,,
"IT016","Perugia","T_T_SH_NAT","Share of population  in metropolitan area over the national value","2011","2011","RATIO","Ratio","0","Units",,,0.5,,
"IT016","Perugia","T_T_SH_NAT","Share of population  in metropolitan area over the national value","2012","2012","RATIO","Ratio","0","Units",,,0.5,,
"IT016","Perugia","T_T_SH_NAT","Share of population  in metropolitan area over the national value","2013","2013","RATIO","Ratio","0","Units",,,0.5,,
"IT016","Perugia","T_T_SH_NAT","Share of population  in metropolitan area over the national value","2014","2014","RATIO","Ratio","0","Units",,,0.5,,
"IT016","Perugia","T_T_SH_NAT","Share of population  in metropolitan area over the national value","2015","2015","RATIO","Ratio","0","Units",,,0.5,,
"IT016","Perugia","T_T_SH_NAT","Share of population  in metropolitan area over the national value","2016","2016","RATIO","Ratio","0","Units",,,0.5,,
"USA105","Genesee","POP_DEN","Population density (pop. per km2)","2000","2000","PER","Persons","0","Units",,,260,,
"USA105","Genesee","POP_DEN","Population density (pop. per km2)","2001","2001","PER","Persons","0","Units",,,261,,
"USA105","Genesee","POP_DEN","Population density (pop. per km2)","2002","2002","PER","Persons","0","Units",,,261,,
"USA105","Genesee","POP_DEN","Population density (pop. per km2)","2003","2003","PER","Persons","0","Units",,,262,,
"USA105","Genesee","POP_DEN","Population density (pop. per km2)","2004","2004","PER","Persons","0","Units",,,263,,
"USA105","Genesee","POP_DEN","Population density (pop. per km2)","2005","2005","PER","Persons","0","Units",,,263,,
"USA105","Genesee","POP_DEN","Population density (pop. per km2)","2006","2006","PER","Persons","0","Units",,,262,,
"USA105","Genesee","POP_DEN","Population density (pop. per km2)","2007","2007","PER","Persons","0","Units",,,260,,
"USA105","Genesee","POP_DEN","Population density (pop. per km2)","2008","2008","PER","Persons","0","Units",,,257,,
"USA105","Genesee","POP_DEN","Population density (pop. per km2)","2009","2009","PER","Persons","0","Units",,,254,,
"USA105","Genesee","POP_DEN","Population density (pop. per km2)","2010","2010","PER","Persons","0","Units",,,252,,
"USA105","Genesee","POP_DEN","Population density (pop. per km2)","2011","2011","PER","Persons","0","Units",,,251,,
"USA105","Genesee","POP_DEN","Population density (pop. per km2)","2012","2012","PER","Persons","0","Units",,,248,,
"USA105","Genesee","POP_DEN","Population density (pop. per km2)","2013","2013","PER","Persons","0","Units",,,247,,
"USA105","Genesee","POP_DEN","Population density (pop. per km2)","2014","2014","PER","Persons","0","Units",,,245,,
"USA105","Genesee","POP_DEN","Population density (pop. per km2)","2015","2015","PER","Persons","0","Units",,,244,,
"USA105","Genesee","POP_DEN","Population density (pop. per km2)","2016","2016","PER","Persons","0","Units",,,243,,
"USA08","Houston","T_T","Population, All ages. Administrative data","2000","2000","PER","Persons","0","Units",,,4801921,,
"USA08","Houston","T_T","Population, All ages. Administrative data","2001","2001","PER","Persons","0","Units",,,4903782,,
"USA08","Houston","T_T","Population, All ages. Administrative data","2002","2002","PER","Persons","0","Units",,,5024752,,
"USA08","Houston","T_T","Population, All ages. Administrative data","2003","2003","PER","Persons","0","Units",,,5125779,,
"USA08","Houston","T_T","Population, All ages. Administrative data","2004","2004","PER","Persons","0","Units",,,5223123,,
"USA08","Houston","T_T","Population, All ages. Administrative data","2005","2005","PER","Persons","0","Units",,,5324708,,
"USA08","Houston","T_T","Population, All ages. Administrative data","2006","2006","PER","Persons","0","Units",,,5514869,,
"USA08","Houston","T_T","Population, All ages. Administrative data","2007","2007","PER","Persons","0","Units",,,5632976,,
"USA08","Houston","T_T","Population, All ages. Administrative data","2008","2008","PER","Persons","0","Units",,,5768882,,
"USA08","Houston","T_T","Population, All ages. Administrative data","2009","2009","PER","Persons","0","Units",,,5918515,,
"USA08","Houston","T_T","Population, All ages. Administrative data","2010","2010","PER","Persons","0","Units",,,6040208,,
"USA08","Houston","T_T","Population, All ages. Administrative data","2011","2011","PER","Persons","0","Units",,,6151093,,
"USA08","Houston","T_T","Population, All ages. Administrative data","2012","2012","PER","Persons","0","Units",,,6276882,,
"USA08","Houston","T_T","Population, All ages. Administrative data","2013","2013","PER","Persons","0","Units",,,6422530,,
"USA08","Houston","T_T","Population, All ages. Administrative data","2014","2014","PER","Persons","0","Units",,,6590430,,
"USA08","Houston","T_T","Population, All ages. Administrative data","2015","2015","PER","Persons","0","Units",,,6759072,,
"USA08","Houston","T_T","Population, All ages. Administrative data","2016","2016","PER","Persons","0","Units",,,6894529,,
"UK517","Swansea","POP_DEN","Population density (pop. per km2)","2001","2001","PER","Persons","0","Units",,,435,,
"UK517","Swansea","POP_DEN","Population density (pop. per km2)","2002","2002","PER","Persons","0","Units",,,437,,
"UK517","Swansea","POP_DEN","Population density (pop. per km2)","2003","2003","PER","Persons","0","Units",,,441,,
"UK517","Swansea","POP_DEN","Population density (pop. per km2)","2004","2004","PER","Persons","0","Units",,,444,,
"UK517","Swansea","POP_DEN","Population density (pop. per km2)","2005","2005","PER","Persons","0","Units",,,446,,
"UK517","Swansea","POP_DEN","Population density (pop. per km2)","2006","2006","PER","Persons","0","Units",,,449,,
"UK517","Swansea","POP_DEN","Population density (pop. per km2)","2007","2007","PER","Persons","0","Units",,,451,,
"UK517","Swansea","POP_DEN","Population density (pop. per km2)","2008","2008","PER","Persons","0","Units",,,454,,
"UK517","Swansea","POP_DEN","Population density (pop. per km2)","2009","2009","PER","Persons","0","Units",,,456,,
"UK517","Swansea","POP_DEN","Population density (pop. per km2)","2010","2010","PER","Persons","0","Units",,,458,,
"UK517","Swansea","POP_DEN","Population density (pop. per km2)","2011","2011","PER","Persons","0","Units",,,460,,
"UK517","Swansea","POP_DEN","Population density (pop. per km2)","2012","2012","PER","Persons","0","Units",,,461,,
"UK517","Swansea","POP_DEN","Population density (pop. per km2)","2013","2013","PER","Persons","0","Units",,,462,,
"UK517","Swansea","POP_DEN","Population density (pop. per km2)","2014","2014","PER","Persons","0","Units",,,464,,
"UK517","Swansea","POP_DEN","Population density (pop. per km2)","2015","2015","PER","Persons","0","Units",,,466,,
"UK517","Swansea","POP_DEN","Population density (pop. per km2)","2016","2016","PER","Persons","0","Units",,,469,,
"FR017","Metz","T_T_SH_NAT","Share of population  in metropolitan area over the national value","2001","2001","RATIO","Ratio","0","Units",,,0.6,,
"FR017","Metz","T_T_SH_NAT","Share of population  in metropolitan area over the national value","2002","2002","RATIO","Ratio","0","Units",,,0.6,,
"FR017","Metz","T_T_SH_NAT","Share of population  in metropolitan area over the national value","2003","2003","RATIO","Ratio","0","Units",,,0.6,,
"FR017","Metz","T_T_SH_NAT","Share of population  in metropolitan area over the national value","2004","2004","RATIO","Ratio","0","Units",,,0.6,,
"FR017","Metz","T_T_SH_NAT","Share of population  in metropolitan area over the national value","2005","2005","RATIO","Ratio","0","Units",,,0.6,,
"FR017","Metz","T_T_SH_NAT","Share of population  in metropolitan area over the national value","2006","2006","RATIO","Ratio","0","Units",,,0.6,,
"FR017","Metz","T_T_SH_NAT","Share of population  in metropolitan area over the national value","2007","2007","RATIO","Ratio","0","Units",,,0.6,,
"FR017","Metz","T_T_SH_NAT","Share of population  in metropolitan area over the national value","2008","2008","RATIO","Ratio","0","Units",,,0.6,,
"FR017","Metz","T_T_SH_NAT","Share of population  in metropolitan area over the national value","2009","2009","RATIO","Ratio","0","Units",,,0.6,,
"FR017","Metz","T_T_SH_NAT","Share of population  in metropolitan area over the national value","2010","2010","RATIO","Ratio","0","Units",,,0.6,,
"FR017","Metz","T_T_SH_NAT","Share of population  in metropolitan area over the national value","2011","2011","RATIO","Ratio","0","Units",,,0.6,,
"FR017","Metz","T_T_SH_NAT","Share of population  in metropolitan area over the national value","2012","2012","RATIO","Ratio","0","Units",,,0.6,,
"FR017","Metz","T_T_SH_NAT","Share of population  in metropolitan area over the national value","2013","2013","RATIO","Ratio","0","Units",,,0.6,,
"FR017","Metz","T_T_SH_NAT","Share of population  in metropolitan area over the national value","2014","2014","RATIO","Ratio","0","Units",,,0.6,,
"FR017","Metz","T_T_SH_NAT","Share of population  in metropolitan area over the national value","2015","2015","RATIO","Ratio","0","Units",,,0.6,,
"UK560","Oxford","T_T_SH_NAT","Share of population  in metropolitan area over the national value","2001","2001","RATIO","Ratio","0","Units",,,0.8,,
"UK560","Oxford","T_T_SH_NAT","Share of population  in metropolitan area over the national value","2002","2002","RATIO","Ratio","0","Units",,,0.8,,
"UK560","Oxford","T_T_SH_NAT","Share of population  in metropolitan area over the national value","2003","2003","RATIO","Ratio","0","Units",,,0.8,,
"UK560","Oxford","T_T_SH_NAT","Share of population  in metropolitan area over the national value","2004","2004","RATIO","Ratio","0","Units",,,0.8,,
"UK560","Oxford","T_T_SH_NAT","Share of population  in metropolitan area over the national value","2005","2005","RATIO","Ratio","0","Units",,,0.8,,
"UK560","Oxford","T_T_SH_NAT","Share of population  in metropolitan area over the national value","2006","2006","RATIO","Ratio","0","Units",,,0.8,,
"UK560","Oxford","T_T_SH_NAT","Share of population  in metropolitan area over the national value","2007","2007","RATIO","Ratio","0","Units",,,0.8,,
"UK560","Oxford","T_T_SH_NAT","Share of population  in metropolitan area over the national value","2008","2008","RATIO","Ratio","0","Units",,,0.8,,
"UK560","Oxford","T_T_SH_NAT","Share of population  in metropolitan area over the national value","2009","2009","RATIO","Ratio","0","Units",,,0.8,,
"UK560","Oxford","T_T_SH_NAT","Share of population  in metropolitan area over the national value","2010","2010","RATIO","Ratio","0","Units",,,0.8,,
"UK560","Oxford","T_T_SH_NAT","Share of population  in metropolitan area over the national value","2011","2011","RATIO","Ratio","0","Units",,,0.8,,
"UK560","Oxford","T_T_SH_NAT","Share of population  in metropolitan area over the national value","2012","2012","RATIO","Ratio","0","Units",,,0.8,,
"UK560","Oxford","T_T_SH_NAT","Share of population  in metropolitan area over the national value","2013","2013","RATIO","Ratio","0","Units",,,0.8,,
"UK560","Oxford","T_T_SH_NAT","Share of population  in metropolitan area over the national value","2014","2014","RATIO","Ratio","0","Units",,,0.8,,
"UK560","Oxford","T_T_SH_NAT","Share of population  in metropolitan area over the national value","2015","2015","RATIO","Ratio","0","Units",,,0.8,,
"UK560","Oxford","T_T_SH_NAT","Share of population  in metropolitan area over the national value","2016","2016","RATIO","Ratio","0","Units",,,0.8,,
"KOR09","Deokjin","POP_DEN","Population density (pop. per km2)","2000","2000","PER","Persons","0","Units",,,679,,
"KOR09","Deokjin","POP_DEN","Population density (pop. per km2)","2001","2001","PER","Persons","0","Units",,,682,,
"KOR09","Deokjin","POP_DEN","Population density (pop. per km2)","2002","2002","PER","Persons","0","Units",,,685,,
"KOR09","Deokjin","POP_DEN","Population density (pop. per km2)","2003","2003","PER","Persons","0","Units",,,687,,
"KOR09","Deokjin","POP_DEN","Population density (pop. per km2)","2004","2004","PER","Persons","0","Units",,,690,,
"KOR09","Deokjin","POP_DEN","Population density (pop. per km2)","2005","2005","PER","Persons","0","Units",,,693,,
"KOR09","Deokjin","POP_DEN","Population density (pop. per km2)","2006","2006","PER","Persons","0","Units",,,696,,
"KOR09","Deokjin","POP_DEN","Population density (pop. per km2)","2007","2007","PER","Persons","0","Units",,,699,,
"KOR09","Deokjin","POP_DEN","Population density (pop. per km2)","2008","2008","PER","Persons","0","Units",,,701,,
"KOR09","Deokjin","POP_DEN","Population density (pop. per km2)","2009","2009","PER","Persons","0","Units",,,704,,
"KOR09","Deokjin","POP_DEN","Population density (pop. per km2)","2010","2010","PER","Persons","0","Units",,,707,,
"KOR09","Deokjin","POP_DEN","Population density (pop. per km2)","2011","2011","PER","Persons","0","Units",,,710,,
"KOR09","Deokjin","POP_DEN","Population density (pop. per km2)","2012","2012","PER","Persons","0","Units",,,714,,
"KOR09","Deokjin","POP_DEN","Population density (pop. per km2)","2013","2013","PER","Persons","0","Units",,,716,,
"KOR09","Deokjin","POP_DEN","Population density (pop. per km2)","2014","2014","PER","Persons","0","Units",,,722,,
"KOR09","Deokjin","POP_DEN","Population density (pop. per km2)","2015","2015","PER","Persons","0","Units",,,726,,
"KOR09","Deokjin","POP_DEN","Population density (pop. per km2)","2016","2016","PER","Persons","0","Units",,,726,,
"MEX23","Tampico","T_T","Population, All ages. Administrative data","2000","2000","PER","Persons","0","Units",,,725109,,
"MEX23","Tampico","T_T","Population, All ages. Administrative data","2005","2005","PER","Persons","0","Units",,,698974,,
"MEX23","Tampico","T_T","Population, All ages. Administrative data","2010","2010","PER","Persons","0","Units",,,753034,,
"MEX23","Tampico","T_T","Population, All ages. Administrative data","2015","2015","PER","Persons","0","Units",,,850259,,
"JPN45","Kusatsu","POP_DEN","Population density (pop. per km2)","2000","2000","PER","Persons","0","Units",,,1031,,
"JPN45","Kusatsu","POP_DEN","Population density (pop. per km2)","2001","2001","PER","Persons","0","Units",,,1042,,
"JPN45","Kusatsu","POP_DEN","Population density (pop. per km2)","2002","2002","PER","Persons","0","Units",,,1054,,
"JPN45","Kusatsu","POP_DEN","Population density (pop. per km2)","2003","2003","PER","Persons","0","Units",,,1065,,
"JPN45","Kusatsu","POP_DEN","Population density (pop. per km2)","2004","2004","PER","Persons","0","Units",,,1076,,
"JPN45","Kusatsu","POP_DEN","Population density (pop. per km2)","2005","2005","PER","Persons","0","Units",,,1088,,
"JPN45","Kusatsu","POP_DEN","Population density (pop. per km2)","2006","2006","PER","Persons","0","Units",,,1097,,
"JPN45","Kusatsu","POP_DEN","Population density (pop. per km2)","2007","2007","PER","Persons","0","Units",,,1106,,
"JPN45","Kusatsu","POP_DEN","Population density (pop. per km2)","2008","2008","PER","Persons","0","Units",,,1116,,
"JPN45","Kusatsu","POP_DEN","Population density (pop. per km2)","2009","2009","PER","Persons","0","Units",,,1125,,
"JPN45","Kusatsu","POP_DEN","Population density (pop. per km2)","2010","2010","PER","Persons","0","Units",,,1134,,
"JPN45","Kusatsu","POP_DEN","Population density (pop. per km2)","2011","2011","PER","Persons","0","Units",,,1141,,
"JPN45","Kusatsu","POP_DEN","Population density (pop. per km2)","2012","2012","PER","Persons","0","Units",,,1148,,
"JPN45","Kusatsu","POP_DEN","Population density (pop. per km2)","2013","2013","PER","Persons","0","Units",,,1154,,
"JPN45","Kusatsu","POP_DEN","Population density (pop. per km2)","2014","2014","PER","Persons","0","Units",,,1161,,
"JPN45","Kusatsu","POP_DEN","Population density (pop. per km2)","2015","2015","PER","Persons","0","Units",,,1168,,
"KOR13","Gumi","T_T","Population, All ages. Administrative data","2000","2000","PER","Persons","0","Units",,,381949,,
"KOR13","Gumi","T_T","Population, All ages. Administrative data","2001","2001","PER","Persons","0","Units",,,395616,,
"KOR13","Gumi","T_T","Population, All ages. Administrative data","2002","2002","PER","Persons","0","Units",,,409283,,
"KOR13","Gumi","T_T","Population, All ages. Administrative data","2003","2003","PER","Persons","0","Units",,,422949,,
"KOR13","Gumi","T_T","Population, All ages. Administrative data","2004","2004","PER","Persons","0","Units",,,436616,,
"KOR13","Gumi","T_T","Population, All ages. Administrative data","2005","2005","PER","Persons","0","Units",,,450283,,
"KOR13","Gumi","T_T","Population, All ages. Administrative data","2006","2006","PER","Persons","0","Units",,,463950,,
"KOR13","Gumi","T_T","Population, All ages. Administrative data","2007","2007","PER","Persons","0","Units",,,477617,,
"KOR13","Gumi","T_T","Population, All ages. Administrative data","2008","2008","PER","Persons","0","Units",,,491284,,
"KOR13","Gumi","T_T","Population, All ages. Administrative data","2009","2009","PER","Persons","0","Units",,,504950,,
"KOR13","Gumi","T_T","Population, All ages. Administrative data","2010","2010","PER","Persons","0","Units",,,518617,,
"KOR13","Gumi","T_T","Population, All ages. Administrative data","2011","2011","PER","Persons","0","Units",,,532284,,
"KOR13","Gumi","T_T","Population, All ages. Administrative data","2012","2012","PER","Persons","0","Units",,,536735,,
"KOR13","Gumi","T_T","Population, All ages. Administrative data","2013","2013","PER","Persons","0","Units",,,540610,,
"KOR13","Gumi","T_T","Population, All ages. Administrative data","2014","2014","PER","Persons","0","Units",,,542378,,
"KOR13","Gumi","T_T","Population, All ages. Administrative data","2015","2015","PER","Persons","0","Units",,,542744,,
"KOR13","Gumi","T_T","Population, All ages. Administrative data","2016","2016","PER","Persons","0","Units",,,543090,,
"PL025","Radom","T_T_SH_NAT","Share of population  in metropolitan area over the national value","2001","2001","RATIO","Ratio","0","Units",,,0.8,,
"PL025","Radom","T_T_SH_NAT","Share of population  in metropolitan area over the national value","2002","2002","RATIO","Ratio","0","Units",,,0.8,,
"PL025","Radom","T_T_SH_NAT","Share of population  in metropolitan area over the national value","2003","2003","RATIO","Ratio","0","Units",,,0.8,,
"PL025","Radom","T_T_SH_NAT","Share of population  in metropolitan area over the national value","2004","2004","RATIO","Ratio","0","Units",,,0.8,,
"PL025","Radom","T_T_SH_NAT","Share of population  in metropolitan area over the national value","2005","2005","RATIO","Ratio","0","Units",,,0.8,,
"PL025","Radom","T_T_SH_NAT","Share of population  in metropolitan area over the national value","2006","2006","RATIO","Ratio","0","Units",,,0.8,,
"PL025","Radom","T_T_SH_NAT","Share of population  in metropolitan area over the national value","2007","2007","RATIO","Ratio","0","Units",,,0.8,,
"PL025","Radom","T_T_SH_NAT","Share of population  in metropolitan area over the national value","2008","2008","RATIO","Ratio","0","Units",,,0.8,,
"PL025","Radom","T_T_SH_NAT","Share of population  in metropolitan area over the national value","2009","2009","RATIO","Ratio","0","Units",,,0.8,,
"PL025","Radom","T_T_SH_NAT","Share of population  in metropolitan area over the national value","2010","2010","RATIO","Ratio","0","Units",,,0.8,,
"PL025","Radom","T_T_SH_NAT","Share of population  in metropolitan area over the national value","2011","2011","RATIO","Ratio","0","Units",,,0.8,,
"PL025","Radom","T_T_SH_NAT","Share of population  in metropolitan area over the national value","2012","2012","RATIO","Ratio","0","Units",,,0.8,,
"PL025","Radom","T_T_SH_NAT","Share of population  in metropolitan area over the national value","2013","2013","RATIO","Ratio","0","Units",,,0.8,,
"PL025","Radom","T_T_SH_NAT","Share of population  in metropolitan area over the national value","2014","2014","RATIO","Ratio","0","Units",,,0.8,,
"PL025","Radom","T_T_SH_NAT","Share of population  in metropolitan area over the national value","2015","2015","RATIO","Ratio","0","Units",,,0.8,,
"PL025","Radom","T_T_SH_NAT","Share of population  in metropolitan area over the national value","2016","2016","RATIO","Ratio","0","Units",,,0.8,,
"ES533","Marbella","T_T","Population, All ages. Administrative data","2000","2000","PER","Persons","0","Units",,,204773,,
"ES533","Marbella","T_T","Population, All ages. Administrative data","2001","2001","PER","Persons","0","Units",,,210969,,
"ES533","Marbella","T_T","Population, All ages. Administrative data","2002","2002","PER","Persons","0","Units",,,217166,,
"ES533","Marbella","T_T","Population, All ages. Administrative data","2003","2003","PER","Persons","0","Units",,,223362,,
"ES533","Marbella","T_T","Population, All ages. Administrative data","2004","2004","PER","Persons","0","Units",,,229558,,
"ES533","Marbella","T_T","Population, All ages. Administrative data","2005","2005","PER","Persons","0","Units",,,235755,,
"ES533","Marbella","T_T","Population, All ages. Administrative data","2006","2006","PER","Persons","0","Units",,,241951,,
"ES533","Marbella","T_T","Population, All ages. Administrative data","2007","2007","PER","Persons","0","Units",,,248147,,
"ES533","Marbella","T_T","Population, All ages. Administrative data","2008","2008","PER","Persons","0","Units",,,254344,,
"ES533","Marbella","T_T","Population, All ages. Administrative data","2009","2009","PER","Persons","0","Units",,,260540,,
"ES533","Marbella","T_T","Population, All ages. Administrative data","2010","2010","PER","Persons","0","Units",,,266737,,
"ES533","Marbella","T_T","Population, All ages. Administrative data","2011","2011","PER","Persons","0","Units",,,272933,,
"ES533","Marbella","T_T","Population, All ages. Administrative data","2012","2012","PER","Persons","0","Units",,,279129,,
"ES533","Marbella","T_T","Population, All ages. Administrative data","2013","2013","PER","Persons","0","Units",,,285326,,
"ES533","Marbella","T_T","Population, All ages. Administrative data","2014","2014","PER","Persons","0","Units",,,291522,,
"ES533","Marbella","T_T","Population, All ages. Administrative data","2015","2015","PER","Persons","0","Units",,,297718,,
"ES533","Marbella","T_T","Population, All ages. Administrative data","2016","2016","PER","Persons","0","Units",,,303915,,
"UK539","Bournemouth","T_T","Population, All ages. Administrative data","2001","2001","PER","Persons","0","Units",,,475184,,
"UK539","Bournemouth","T_T","Population, All ages. Administrative data","2002","2002","PER","Persons","0","Units",,,478107,,
"UK539","Bournemouth","T_T","Population, All ages. Administrative data","2003","2003","PER","Persons","0","Units",,,478124,,
"UK539","Bournemouth","T_T","Population, All ages. Administrative data","2004","2004","PER","Persons","0","Units",,,478802,,
"UK539","Bournemouth","T_T","Population, All ages. Administrative data","2005","2005","PER","Persons","0","Units",,,482218,,
"UK539","Bournemouth","T_T","Population, All ages. Administrative data","2006","2006","PER","Persons","0","Units",,,484856,,
"UK539","Bournemouth","T_T","Population, All ages. Administrative data","2007","2007","PER","Persons","0","Units",,,491466,,
"UK539","Bournemouth","T_T","Population, All ages. Administrative data","2008","2008","PER","Persons","0","Units",,,495636,,
"UK539","Bournemouth","T_T","Population, All ages. Administrative data","2009","2009","PER","Persons","0","Units",,,499045,,
"UK539","Bournemouth","T_T","Population, All ages. Administrative data","2010","2010","PER","Persons","0","Units",,,506090,,
"UK539","Bournemouth","T_T","Population, All ages. Administrative data","2011","2011","PER","Persons","0","Units",,,511926,,
"UK539","Bournemouth","T_T","Population, All ages. Administrative data","2012","2012","PER","Persons","0","Units",,,515824,,
"UK539","Bournemouth","T_T","Population, All ages. Administrative data","2013","2013","PER","Persons","0","Units",,,518568,,
"UK539","Bournemouth","T_T","Population, All ages. Administrative data","2014","2014","PER","Persons","0","Units",,,522265,,
"UK539","Bournemouth","T_T","Population, All ages. Administrative data","2015","2015","PER","Persons","0","Units",,,525828,,
"UK539","Bournemouth","T_T","Population, All ages. Administrative data","2016","2016","PER","Persons","0","Units",,,529430,,
"FR018","Reims","POP_DEN","Population density (pop. per km2)","2000","2000","PER","Persons","0","Units",,,129,,
"FR018","Reims","POP_DEN","Population density (pop. per km2)","2001","2001","PER","Persons","0","Units",,,129,,
"FR018","Reims","POP_DEN","Population density (pop. per km2)","2002","2002","PER","Persons","0","Units",,,129,,
"FR018","Reims","POP_DEN","Population density (pop. per km2)","2003","2003","PER","Persons","0","Units",,,130,,
"FR018","Reims","POP_DEN","Population density (pop. per km2)","2004","2004","PER","Persons","0","Units",,,130,,
"FR018","Reims","POP_DEN","Population density (pop. per km2)","2005","2005","PER","Persons","0","Units",,,130,,
"FR018","Reims","POP_DEN","Population density (pop. per km2)","2006","2006","PER","Persons","0","Units",,,130,,
"FR018","Reims","POP_DEN","Population density (pop. per km2)","2007","2007","PER","Persons","0","Units",,,130,,
"FR018","Reims","POP_DEN","Population density (pop. per km2)","2008","2008","PER","Persons","0","Units",,,130,,
"FR018","Reims","POP_DEN","Population density (pop. per km2)","2009","2009","PER","Persons","0","Units",,,130,,
"FR018","Reims","POP_DEN","Population density (pop. per km2)","2010","2010","PER","Persons","0","Units",,,131,,
"FR018","Reims","POP_DEN","Population density (pop. per km2)","2011","2011","PER","Persons","0","Units",,,131,,
"FR018","Reims","POP_DEN","Population density (pop. per km2)","2012","2012","PER","Persons","0","Units",,,132,,
"FR018","Reims","POP_DEN","Population density (pop. per km2)","2013","2013","PER","Persons","0","Units",,,132,,
"FR018","Reims","POP_DEN","Population density (pop. per km2)","2014","2014","PER","Persons","0","Units",,,133,,
"FR018","Reims","POP_DEN","Population density (pop. per km2)","2015","2015","PER","Persons","0","Units",,,130,,
"CZ003","Ostrava","T_T_SH_NAT","Share of population  in metropolitan area over the national value","2001","2001","RATIO","Ratio","0","Units",,,7.5,,
"CZ003","Ostrava","T_T_SH_NAT","Share of population  in metropolitan area over the national value","2002","2002","RATIO","Ratio","0","Units",,,7.5,,
"CZ003","Ostrava","T_T_SH_NAT","Share of population  in metropolitan area over the national value","2003","2003","RATIO","Ratio","0","Units",,,7.4,,
"CZ003","Ostrava","T_T_SH_NAT","Share of population  in metropolitan area over the national value","2004","2004","RATIO","Ratio","0","Units",,,7.4,,
"CZ003","Ostrava","T_T_SH_NAT","Share of population  in metropolitan area over the national value","2005","2005","RATIO","Ratio","0","Units",,,7.4,,
"CZ003","Ostrava","T_T_SH_NAT","Share of population  in metropolitan area over the national value","2006","2006","RATIO","Ratio","0","Units",,,7.4,,
"CZ003","Ostrava","T_T_SH_NAT","Share of population  in metropolitan area over the national value","2007","2007","RATIO","Ratio","0","Units",,,7.3,,
"CZ003","Ostrava","T_T_SH_NAT","Share of population  in metropolitan area over the national value","2008","2008","RATIO","Ratio","0","Units",,,7.3,,
"CZ003","Ostrava","T_T_SH_NAT","Share of population  in metropolitan area over the national value","2009","2009","RATIO","Ratio","0","Units",,,7.2,,
"CZ003","Ostrava","T_T_SH_NAT","Share of population  in metropolitan area over the national value","2010","2010","RATIO","Ratio","0","Units",,,7.1,,
"CZ003","Ostrava","T_T_SH_NAT","Share of population  in metropolitan area over the national value","2011","2011","RATIO","Ratio","0","Units",,,7,,
"CZ003","Ostrava","T_T_SH_NAT","Share of population  in metropolitan area over the national value","2012","2012","RATIO","Ratio","0","Units",,,6.9,,
"CZ003","Ostrava","T_T_SH_NAT","Share of population  in metropolitan area over the national value","2013","2013","RATIO","Ratio","0","Units",,,6.9,,
"CZ003","Ostrava","T_T_SH_NAT","Share of population  in metropolitan area over the national value","2014","2014","RATIO","Ratio","0","Units",,,6.9,,
"CZ003","Ostrava","T_T_SH_NAT","Share of population  in metropolitan area over the national value","2015","2015","RATIO","Ratio","0","Units",,,6.8,,
"CZ003","Ostrava","T_T_SH_NAT","Share of population  in metropolitan area over the national value","2016","2016","RATIO","Ratio","0","Units",,,6.8,,
"JPN09","Kitakyushu","POP_DEN","Population density (pop. per km2)","2000","2000","PER","Persons","0","Units",,,1383,,
"JPN09","Kitakyushu","POP_DEN","Population density (pop. per km2)","2001","2001","PER","Persons","0","Units",,,1379,,
"JPN09","Kitakyushu","POP_DEN","Population density (pop. per km2)","2002","2002","PER","Persons","0","Units",,,1374,,
"JPN09","Kitakyushu","POP_DEN","Population density (pop. per km2)","2003","2003","PER","Persons","0","Units",,,1369,,
"JPN09","Kitakyushu","POP_DEN","Population density (pop. per km2)","2004","2004","PER","Persons","0","Units",,,1364,,
"JPN09","Kitakyushu","POP_DEN","Population density (pop. per km2)","2005","2005","PER","Persons","0","Units",,,1360,,
"JPN09","Kitakyushu","POP_DEN","Population density (pop. per km2)","2006","2006","PER","Persons","0","Units",,,1354,,
"JPN09","Kitakyushu","POP_DEN","Population density (pop. per km2)","2007","2007","PER","Persons","0","Units",,,1348,,
"JPN09","Kitakyushu","POP_DEN","Population density (pop. per km2)","2008","2008","PER","Persons","0","Units",,,1343,,
"JPN09","Kitakyushu","POP_DEN","Population density (pop. per km2)","2009","2009","PER","Persons","0","Units",,,1337,,
"JPN09","Kitakyushu","POP_DEN","Population density (pop. per km2)","2010","2010","PER","Persons","0","Units",,,1332,,
"JPN09","Kitakyushu","POP_DEN","Population density (pop. per km2)","2011","2011","PER","Persons","0","Units",,,1325,,
"JPN09","Kitakyushu","POP_DEN","Population density (pop. per km2)","2012","2012","PER","Persons","0","Units",,,1317,,
"JPN09","Kitakyushu","POP_DEN","Population density (pop. per km2)","2013","2013","PER","Persons","0","Units",,,1310,,
"JPN09","Kitakyushu","POP_DEN","Population density (pop. per km2)","2014","2014","PER","Persons","0","Units",,,1303,,
"JPN09","Kitakyushu","POP_DEN","Population density (pop. per km2)","2015","2015","PER","Persons","0","Units",,,1296,,
"JPN44","Asahikawa","T_T_SH_NAT","Share of population  in metropolitan area over the national value","2001","2001","RATIO","Ratio","0","Units",,,0.3,,
"JPN44","Asahikawa","T_T_SH_NAT","Share of population  in metropolitan area over the national value","2002","2002","RATIO","Ratio","0","Units",,,0.3,,
"JPN44","Asahikawa","T_T_SH_NAT","Share of population  in metropolitan area over the national value","2003","2003","RATIO","Ratio","0","Units",,,0.3,,
"JPN44","Asahikawa","T_T_SH_NAT","Share of population  in metropolitan area over the national value","2004","2004","RATIO","Ratio","0","Units",,,0.3,,
"JPN44","Asahikawa","T_T_SH_NAT","Share of population  in metropolitan area over the national value","2005","2005","RATIO","Ratio","0","Units",,,0.3,,
"JPN44","Asahikawa","T_T_SH_NAT","Share of population  in metropolitan area over the national value","2006","2006","RATIO","Ratio","0","Units",,,0.3,,
"JPN44","Asahikawa","T_T_SH_NAT","Share of population  in metropolitan area over the national value","2007","2007","RATIO","Ratio","0","Units",,,0.3,,
"JPN44","Asahikawa","T_T_SH_NAT","Share of population  in metropolitan area over the national value","2008","2008","RATIO","Ratio","0","Units",,,0.3,,
"JPN44","Asahikawa","T_T_SH_NAT","Share of population  in metropolitan area over the national value","2009","2009","RATIO","Ratio","0","Units",,,0.3,,
"JPN44","Asahikawa","T_T_SH_NAT","Share of population  in metropolitan area over the national value","2010","2010","RATIO","Ratio","0","Units",,,0.3,,
"JPN44","Asahikawa","T_T_SH_NAT","Share of population  in metropolitan area over the national value","2011","2011","RATIO","Ratio","0","Units",,,0.3,,
"JPN44","Asahikawa","T_T_SH_NAT","Share of population  in metropolitan area over the national value","2012","2012","RATIO","Ratio","0","Units",,,0.3,,
"JPN44","Asahikawa","T_T_SH_NAT","Share of population  in metropolitan area over the national value","2013","2013","RATIO","Ratio","0","Units",,,0.3,,
"JPN44","Asahikawa","T_T_SH_NAT","Share of population  in metropolitan area over the national value","2014","2014","RATIO","Ratio","0","Units",,,0.3,,
"JPN44","Asahikawa","T_T_SH_NAT","Share of population  in metropolitan area over the national value","2015","2015","RATIO","Ratio","0","Units",,,0.3,,
"DK002","Aarhus","POP_DEN","Population density (pop. per km2)","2000","2000","PER","Persons","0","Units",,,189,,
"DK002","Aarhus","POP_DEN","Population density (pop. per km2)","2001","2001","PER","Persons","0","Units",,,190,,
"DK002","Aarhus","POP_DEN","Population density (pop. per km2)","2002","2002","PER","Persons","0","Units",,,191,,
"DK002","Aarhus","POP_DEN","Population density (pop. per km2)","2003","2003","PER","Persons","0","Units",,,193,,
"DK002","Aarhus","POP_DEN","Population density (pop. per km2)","2004","2004","PER","Persons","0","Units",,,195,,
"DK002","Aarhus","POP_DEN","Population density (pop. per km2)","2005","2005","PER","Persons","0","Units",,,196,,
"DK002","Aarhus","POP_DEN","Population density (pop. per km2)","2006","2006","PER","Persons","0","Units",,,197,,
"DK002","Aarhus","POP_DEN","Population density (pop. per km2)","2007","2007","PER","Persons","0","Units",,,197,,
"DK002","Aarhus","POP_DEN","Population density (pop. per km2)","2008","2008","PER","Persons","0","Units",,,197,,
"DK002","Aarhus","POP_DEN","Population density (pop. per km2)","2009","2009","PER","Persons","0","Units",,,198,,
"DK002","Aarhus","POP_DEN","Population density (pop. per km2)","2010","2010","PER","Persons","0","Units",,,198,,
"DK002","Aarhus","POP_DEN","Population density (pop. per km2)","2011","2011","PER","Persons","0","Units",,,201,,
"DK002","Aarhus","POP_DEN","Population density (pop. per km2)","2012","2012","PER","Persons","0","Units",,,202,,
"DK002","Aarhus","POP_DEN","Population density (pop. per km2)","2013","2013","PER","Persons","0","Units",,,204,,
"DK002","Aarhus","POP_DEN","Population density (pop. per km2)","2014","2014","PER","Persons","0","Units",,,206,,
"DK002","Aarhus","POP_DEN","Population density (pop. per km2)","2015","2015","PER","Persons","0","Units",,,208,,
"DK002","Aarhus","POP_DEN","Population density (pop. per km2)","2016","2016","PER","Persons","0","Units",,,210,,
"PL506","Bielsko-Biala","POP_DEN","Population density (pop. per km2)","2000","2000","PER","Persons","0","Units",,,482,,
"PL506","Bielsko-Biala","POP_DEN","Population density (pop. per km2)","2001","2001","PER","Persons","0","Units",,,483,,
"PL506","Bielsko-Biala","POP_DEN","Population density (pop. per km2)","2002","2002","PER","Persons","0","Units",,,483,,
"PL506","Bielsko-Biala","POP_DEN","Population density (pop. per km2)","2003","2003","PER","Persons","0","Units",,,484,,
"PL506","Bielsko-Biala","POP_DEN","Population density (pop. per km2)","2004","2004","PER","Persons","0","Units",,,485,,
"PL506","Bielsko-Biala","POP_DEN","Population density (pop. per km2)","2005","2005","PER","Persons","0","Units",,,486,,
"PL506","Bielsko-Biala","POP_DEN","Population density (pop. per km2)","2006","2006","PER","Persons","0","Units",,,487,,
"PL506","Bielsko-Biala","POP_DEN","Population density (pop. per km2)","2007","2007","PER","Persons","0","Units",,,488,,
"PL506","Bielsko-Biala","POP_DEN","Population density (pop. per km2)","2008","2008","PER","Persons","0","Units",,,490,,
"PL506","Bielsko-Biala","POP_DEN","Population density (pop. per km2)","2009","2009","PER","Persons","0","Units",,,493,,
"PL506","Bielsko-Biala","POP_DEN","Population density (pop. per km2)","2010","2010","PER","Persons","0","Units",,,494,,
"PL506","Bielsko-Biala","POP_DEN","Population density (pop. per km2)","2011","2011","PER","Persons","0","Units",,,496,,
"PL506","Bielsko-Biala","POP_DEN","Population density (pop. per km2)","2012","2012","PER","Persons","0","Units",,,497,,
"PL506","Bielsko-Biala","POP_DEN","Population density (pop. per km2)","2013","2013","PER","Persons","0","Units",,,498,,
"PL506","Bielsko-Biala","POP_DEN","Population density (pop. per km2)","2014","2014","PER","Persons","0","Units",,,498,,
"PL506","Bielsko-Biala","POP_DEN","Population density (pop. per km2)","2015","2015","PER","Persons","0","Units",,,499,,
"PL506","Bielsko-Biala","POP_DEN","Population density (pop. per km2)","2016","2016","PER","Persons","0","Units",,,500,,
"USA55","Douglas (NE)","T_T_SH_NAT","Share of population  in metropolitan area over the national value","2001","2001","RATIO","Ratio","0","Units",,,0.3,,
"USA55","Douglas (NE)","T_T_SH_NAT","Share of population  in metropolitan area over the national value","2002","2002","RATIO","Ratio","0","Units",,,0.3,,
"USA55","Douglas (NE)","T_T_SH_NAT","Share of population  in metropolitan area over the national value","2003","2003","RATIO","Ratio","0","Units",,,0.3,,
"USA55","Douglas (NE)","T_T_SH_NAT","Share of population  in metropolitan area over the national value","2004","2004","RATIO","Ratio","0","Units",,,0.3,,
"USA55","Douglas (NE)","T_T_SH_NAT","Share of population  in metropolitan area over the national value","2005","2005","RATIO","Ratio","0","Units",,,0.3,,
"USA55","Douglas (NE)","T_T_SH_NAT","Share of population  in metropolitan area over the national value","2006","2006","RATIO","Ratio","0","Units",,,0.3,,
"USA55","Douglas (NE)","T_T_SH_NAT","Share of population  in metropolitan area over the national value","2007","2007","RATIO","Ratio","0","Units",,,0.3,,
"USA55","Douglas (NE)","T_T_SH_NAT","Share of population  in metropolitan area over the national value","2008","2008","RATIO","Ratio","0","Units",,,0.3,,
"USA55","Douglas (NE)","T_T_SH_NAT","Share of population  in metropolitan area over the national value","2009","2009","RATIO","Ratio","0","Units",,,0.3,,
"USA55","Douglas (NE)","T_T_SH_NAT","Share of population  in metropolitan area over the national value","2010","2010","RATIO","Ratio","0","Units",,,0.3,,
"USA55","Douglas (NE)","T_T_SH_NAT","Share of population  in metropolitan area over the national value","2011","2011","RATIO","Ratio","0","Units",,,0.3,,
"USA55","Douglas (NE)","T_T_SH_NAT","Share of population  in metropolitan area over the national value","2012","2012","RATIO","Ratio","0","Units",,,0.3,,
"USA55","Douglas (NE)","T_T_SH_NAT","Share of population  in metropolitan area over the national value","2013","2013","RATIO","Ratio","0","Units",,,0.3,,
"USA55","Douglas (NE)","T_T_SH_NAT","Share of population  in metropolitan area over the national value","2014","2014","RATIO","Ratio","0","Units",,,0.3,,
"USA55","Douglas (NE)","T_T_SH_NAT","Share of population  in metropolitan area over the national value","2015","2015","RATIO","Ratio","0","Units",,,0.3,,
"USA55","Douglas (NE)","T_T_SH_NAT","Share of population  in metropolitan area over the national value","2016","2016","RATIO","Ratio","0","Units",,,0.3,,
"AUS10","Wollongong","T_T","Population, All ages. Administrative data","2001","2001","PER","Persons","0","Units",,,252537,,
"AUS10","Wollongong","T_T","Population, All ages. Administrative data","2002","2002","PER","Persons","0","Units",,,254785,,
"AUS10","Wollongong","T_T","Population, All ages. Administrative data","2003","2003","PER","Persons","0","Units",,,256147,,
"AUS10","Wollongong","T_T","Population, All ages. Administrative data","2004","2004","PER","Persons","0","Units",,,256712,,
"AUS10","Wollongong","T_T","Population, All ages. Administrative data","2005","2005","PER","Persons","0","Units",,,257196,,
"AUS10","Wollongong","T_T","Population, All ages. Administrative data","2006","2006","PER","Persons","0","Units",,,257646,,
"AUS10","Wollongong","T_T","Population, All ages. Administrative data","2007","2007","PER","Persons","0","Units",,,260133,,
"AUS10","Wollongong","T_T","Population, All ages. Administrative data","2008","2008","PER","Persons","0","Units",,,263853,,
"AUS10","Wollongong","T_T","Population, All ages. Administrative data","2009","2009","PER","Persons","0","Units",,,267219,,
"AUS10","Wollongong","T_T","Population, All ages. Administrative data","2010","2010","PER","Persons","0","Units",,,270661,,
"AUS10","Wollongong","T_T","Population, All ages. Administrative data","2011","2011","PER","Persons","0","Units",,,272923,,
"AUS10","Wollongong","T_T","Population, All ages. Administrative data","2012","2012","PER","Persons","0","Units",,,274855,,
"AUS10","Wollongong","T_T","Population, All ages. Administrative data","2013","2013","PER","Persons","0","Units",,,277614,,
"AUS10","Wollongong","T_T","Population, All ages. Administrative data","2014","2014","PER","Persons","0","Units",,,280650,,
"AUS10","Wollongong","T_T","Population, All ages. Administrative data","2015","2015","PER","Persons","0","Units",,,283645,,
"AUS10","Wollongong","T_T","Population, All ages. Administrative data","2016","2016","PER","Persons","0","Units",,,286624,,
"JPN11","Kumamoto","T_T_SH_NAT","Share of population  in metropolitan area over the national value","2001","2001","RATIO","Ratio","0","Units",,,0.9,,
"JPN11","Kumamoto","T_T_SH_NAT","Share of population  in metropolitan area over the national value","2002","2002","RATIO","Ratio","0","Units",,,0.9,,
"JPN11","Kumamoto","T_T_SH_NAT","Share of population  in metropolitan area over the national value","2003","2003","RATIO","Ratio","0","Units",,,0.9,,
"JPN11","Kumamoto","T_T_SH_NAT","Share of population  in metropolitan area over the national value","2004","2004","RATIO","Ratio","0","Units",,,0.9,,
"JPN11","Kumamoto","T_T_SH_NAT","Share of population  in metropolitan area over the national value","2005","2005","RATIO","Ratio","0","Units",,,0.9,,
"JPN11","Kumamoto","T_T_SH_NAT","Share of population  in metropolitan area over the national value","2006","2006","RATIO","Ratio","0","Units",,,0.9,,
"JPN11","Kumamoto","T_T_SH_NAT","Share of population  in metropolitan area over the national value","2007","2007","RATIO","Ratio","0","Units",,,0.9,,
"JPN11","Kumamoto","T_T_SH_NAT","Share of population  in metropolitan area over the national value","2008","2008","RATIO","Ratio","0","Units",,,0.9,,
"JPN11","Kumamoto","T_T_SH_NAT","Share of population  in metropolitan area over the national value","2009","2009","RATIO","Ratio","0","Units",,,0.9,,
"JPN11","Kumamoto","T_T_SH_NAT","Share of population  in metropolitan area over the national value","2010","2010","RATIO","Ratio","0","Units",,,0.9,,
"JPN11","Kumamoto","T_T_SH_NAT","Share of population  in metropolitan area over the national value","2011","2011","RATIO","Ratio","0","Units",,,0.9,,
"JPN11","Kumamoto","T_T_SH_NAT","Share of population  in metropolitan area over the national value","2012","2012","RATIO","Ratio","0","Units",,,0.9,,
"JPN11","Kumamoto","T_T_SH_NAT","Share of population  in metropolitan area over the national value","2013","2013","RATIO","Ratio","0","Units",,,0.9,,
"JPN11","Kumamoto","T_T_SH_NAT","Share of population  in metropolitan area over the national value","2014","2014","RATIO","Ratio","0","Units",,,0.9,,
"JPN11","Kumamoto","T_T_SH_NAT","Share of population  in metropolitan area over the national value","2015","2015","RATIO","Ratio","0","Units",,,0.9,,
"DE040","Saarbrucken","T_T","Population, All ages. Administrative data","2001","2001","PER","Persons","0","Units",,,866070,,
"DE040","Saarbrucken","T_T","Population, All ages. Administrative data","2002","2002","PER","Persons","0","Units",,,863746,,
"DE040","Saarbrucken","T_T","Population, All ages. Administrative data","2003","2003","PER","Persons","0","Units",,,862230,,
"DE040","Saarbrucken","T_T","Population, All ages. Administrative data","2004","2004","PER","Persons","0","Units",,,858960,,
"DE040","Saarbrucken","T_T","Population, All ages. Administrative data","2005","2005","PER","Persons","0","Units",,,854043,,
"DE040","Saarbrucken","T_T","Population, All ages. Administrative data","2006","2006","PER","Persons","0","Units",,,848656,,
"DE040","Saarbrucken","T_T","Population, All ages. Administrative data","2007","2007","PER","Persons","0","Units",,,842622,,
"DE040","Saarbrucken","T_T","Population, All ages. Administrative data","2008","2008","PER","Persons","0","Units",,,836583,,
"DE040","Saarbrucken","T_T","Population, All ages. Administrative data","2009","2009","PER","Persons","0","Units",,,831375,,
"DE040","Saarbrucken","T_T","Population, All ages. Administrative data","2010","2010","PER","Persons","0","Units",,,824952,,
"DE040","Saarbrucken","T_T","Population, All ages. Administrative data","2011","2011","PER","Persons","0","Units",,,806428,,
"DE040","Saarbrucken","T_T","Population, All ages. Administrative data","2012","2012","PER","Persons","0","Units",,,803318,,
"DE040","Saarbrucken","T_T","Population, All ages. Administrative data","2013","2013","PER","Persons","0","Units",,,800458,,
"DE040","Saarbrucken","T_T","Population, All ages. Administrative data","2014","2014","PER","Persons","0","Units",,,797850,,
"DE040","Saarbrucken","T_T","Population, All ages. Administrative data","2015","2015","PER","Persons","0","Units",,,796614,,
"DE040","Saarbrucken","T_T","Population, All ages. Administrative data","2016","2016","PER","Persons","0","Units",,,801525,,
"MEX27","Saltillo","T_T","Population, All ages. Administrative data","2000","2000","PER","Persons","0","Units",,,619648,,
"MEX27","Saltillo","T_T","Population, All ages. Administrative data","2005","2005","PER","Persons","0","Units",,,635530,,
"MEX27","Saltillo","T_T","Population, All ages. Administrative data","2010","2010","PER","Persons","0","Units",,,714837,,
"MEX27","Saltillo","T_T","Population, All ages. Administrative data","2015","2015","PER","Persons","0","Units",,,827359,,
"COL04","Barranquilla","POP_DEN","Population density (pop. per km2)","2000","2000","PER","Persons","0","Units",,,1314,,
"COL04","Barranquilla","POP_DEN","Population density (pop. per km2)","2001","2001","PER","Persons","0","Units",,,1333,,
"COL04","Barranquilla","POP_DEN","Population density (pop. per km2)","2002","2002","PER","Persons","0","Units",,,1352,,
"COL04","Barranquilla","POP_DEN","Population density (pop. per km2)","2003","2003","PER","Persons","0","Units",,,1371,,
"COL04","Barranquilla","POP_DEN","Population density (pop. per km2)","2004","2004","PER","Persons","0","Units",,,1390,,
"COL04","Barranquilla","POP_DEN","Population density (pop. per km2)","2005","2005","PER","Persons","0","Units",,,1409,,
"COL04","Barranquilla","POP_DEN","Population density (pop. per km2)","2006","2006","PER","Persons","0","Units",,,1428,,
"COL04","Barranquilla","POP_DEN","Population density (pop. per km2)","2007","2007","PER","Persons","0","Units",,,1447,,
"COL04","Barranquilla","POP_DEN","Population density (pop. per km2)","2008","2008","PER","Persons","0","Units",,,1466,,
"COL04","Barranquilla","POP_DEN","Population density (pop. per km2)","2009","2009","PER","Persons","0","Units",,,1485,,
"COL04","Barranquilla","POP_DEN","Population density (pop. per km2)","2010","2010","PER","Persons","0","Units",,,1504,,
"COL04","Barranquilla","POP_DEN","Population density (pop. per km2)","2011","2011","PER","Persons","0","Units",,,1523,,
"COL04","Barranquilla","POP_DEN","Population density (pop. per km2)","2012","2012","PER","Persons","0","Units",,,1542,,
"COL04","Barranquilla","POP_DEN","Population density (pop. per km2)","2013","2013","PER","Persons","0","Units",,,1561,,
"COL04","Barranquilla","POP_DEN","Population density (pop. per km2)","2014","2014","PER","Persons","0","Units",,,1580,,
"COL04","Barranquilla","POP_DEN","Population density (pop. per km2)","2015","2015","PER","Persons","0","Units",,,1599,,
"IT022","Taranto","POP_DEN","Population density (pop. per km2)","2000","2000","PER","Persons","0","Units",,,390,,
"IT022","Taranto","POP_DEN","Population density (pop. per km2)","2001","2001","PER","Persons","0","Units",,,391,,
"IT022","Taranto","POP_DEN","Population density (pop. per km2)","2002","2002","PER","Persons","0","Units",,,391,,
"IT022","Taranto","POP_DEN","Population density (pop. per km2)","2003","2003","PER","Persons","0","Units",,,392,,
"IT022","Taranto","POP_DEN","Population density (pop. per km2)","2004","2004","PER","Persons","0","Units",,,393,,
"IT022","Taranto","POP_DEN","Population density (pop. per km2)","2005","2005","PER","Persons","0","Units",,,393,,
"IT022","Taranto","POP_DEN","Population density (pop. per km2)","2006","2006","PER","Persons","0","Units",,,394,,
"IT022","Taranto","POP_DEN","Population density (pop. per km2)","2007","2007","PER","Persons","0","Units",,,394,,
"IT022","Taranto","POP_DEN","Population density (pop. per km2)","2008","2008","PER","Persons","0","Units",,,395,,
"IT022","Taranto","POP_DEN","Population density (pop. per km2)","2009","2009","PER","Persons","0","Units",,,395,,
"IT022","Taranto","POP_DEN","Population density (pop. per km2)","2010","2010","PER","Persons","0","Units",,,396,,
"IT022","Taranto","POP_DEN","Population density (pop. per km2)","2011","2011","PER","Persons","0","Units",,,397,,
"IT022","Taranto","POP_DEN","Population density (pop. per km2)","2012","2012","PER","Persons","0","Units",,,397,,
"IT022","Taranto","POP_DEN","Population density (pop. per km2)","2013","2013","PER","Persons","0","Units",,,396,,
"IT022","Taranto","POP_DEN","Population density (pop. per km2)","2014","2014","PER","Persons","0","Units",,,401,,
"IT022","Taranto","POP_DEN","Population density (pop. per km2)","2015","2015","PER","Persons","0","Units",,,400,,
"IT022","Taranto","POP_DEN","Population density (pop. per km2)","2016","2016","PER","Persons","0","Units",,,399,,
"USA104","York","T_T_SH_NAT","Share of population  in metropolitan area over the national value","2001","2001","RATIO","Ratio","0","Units",,,0.1,,
"USA104","York","T_T_SH_NAT","Share of population  in metropolitan area over the national value","2002","2002","RATIO","Ratio","0","Units",,,0.1,,
"USA104","York","T_T_SH_NAT","Share of population  in metropolitan area over the national value","2003","2003","RATIO","Ratio","0","Units",,,0.1,,
"USA104","York","T_T_SH_NAT","Share of population  in metropolitan area over the national value","2004","2004","RATIO","Ratio","0","Units",,,0.1,,
"USA104","York","T_T_SH_NAT","Share of population  in metropolitan area over the national value","2005","2005","RATIO","Ratio","0","Units",,,0.1,,
"USA104","York","T_T_SH_NAT","Share of population  in metropolitan area over the national value","2006","2006","RATIO","Ratio","0","Units",,,0.1,,
"USA104","York","T_T_SH_NAT","Share of population  in metropolitan area over the national value","2007","2007","RATIO","Ratio","0","Units",,,0.1,,
"USA104","York","T_T_SH_NAT","Share of population  in metropolitan area over the national value","2008","2008","RATIO","Ratio","0","Units",,,0.1,,
"USA104","York","T_T_SH_NAT","Share of population  in metropolitan area over the national value","2009","2009","RATIO","Ratio","0","Units",,,0.1,,
"USA104","York","T_T_SH_NAT","Share of population  in metropolitan area over the national value","2010","2010","RATIO","Ratio","0","Units",,,0.1,,
"USA104","York","T_T_SH_NAT","Share of population  in metropolitan area over the national value","2011","2011","RATIO","Ratio","0","Units",,,0.1,,
"USA104","York","T_T_SH_NAT","Share of population  in metropolitan area over the national value","2012","2012","RATIO","Ratio","0","Units",,,0.1,,
"USA104","York","T_T_SH_NAT","Share of population  in metropolitan area over the national value","2013","2013","RATIO","Ratio","0","Units",,,0.1,,
"USA104","York","T_T_SH_NAT","Share of population  in metropolitan area over the national value","2014","2014","RATIO","Ratio","0","Units",,,0.1,,
"USA104","York","T_T_SH_NAT","Share of population  in metropolitan area over the national value","2015","2015","RATIO","Ratio","0","Units",,,0.1,,
"USA104","York","T_T_SH_NAT","Share of population  in metropolitan area over the national value","2016","2016","RATIO","Ratio","0","Units",,,0.1,,
"USA36","Jefferson (KY)","T_T_SH_NAT","Share of population  in metropolitan area over the national value","2001","2001","RATIO","Ratio","0","Units",,,0.4,,
"USA36","Jefferson (KY)","T_T_SH_NAT","Share of population  in metropolitan area over the national value","2002","2002","RATIO","Ratio","0","Units",,,0.4,,
"USA36","Jefferson (KY)","T_T_SH_NAT","Share of population  in metropolitan area over the national value","2003","2003","RATIO","Ratio","0","Units",,,0.4,,
"USA36","Jefferson (KY)","T_T_SH_NAT","Share of population  in metropolitan area over the national value","2004","2004","RATIO","Ratio","0","Units",,,0.4,,
"USA36","Jefferson (KY)","T_T_SH_NAT","Share of population  in metropolitan area over the national value","2005","2005","RATIO","Ratio","0","Units",,,0.4,,
"USA36","Jefferson (KY)","T_T_SH_NAT","Share of population  in metropolitan area over the national value","2006","2006","RATIO","Ratio","0","Units",,,0.4,,
"USA36","Jefferson (KY)","T_T_SH_NAT","Share of population  in metropolitan area over the national value","2007","2007","RATIO","Ratio","0","Units",,,0.4,,
"USA36","Jefferson (KY)","T_T_SH_NAT","Share of population  in metropolitan area over the national value","2008","2008","RATIO","Ratio","0","Units",,,0.4,,
"USA36","Jefferson (KY)","T_T_SH_NAT","Share of population  in metropolitan area over the national value","2009","2009","RATIO","Ratio","0","Units",,,0.4,,
"USA36","Jefferson (KY)","T_T_SH_NAT","Share of population  in metropolitan area over the national value","2010","2010","RATIO","Ratio","0","Units",,,0.4,,
"USA36","Jefferson (KY)","T_T_SH_NAT","Share of population  in metropolitan area over the national value","2011","2011","RATIO","Ratio","0","Units",,,0.4,,
"USA36","Jefferson (KY)","T_T_SH_NAT","Share of population  in metropolitan area over the national value","2012","2012","RATIO","Ratio","0","Units",,,0.4,,
"USA36","Jefferson (KY)","T_T_SH_NAT","Share of population  in metropolitan area over the national value","2013","2013","RATIO","Ratio","0","Units",,,0.4,,
"USA36","Jefferson (KY)","T_T_SH_NAT","Share of population  in metropolitan area over the national value","2014","2014","RATIO","Ratio","0","Units",,,0.4,,
"USA36","Jefferson (KY)","T_T_SH_NAT","Share of population  in metropolitan area over the national value","2015","2015","RATIO","Ratio","0","Units",,,0.4,,
"USA36","Jefferson (KY)","T_T_SH_NAT","Share of population  in metropolitan area over the national value","2016","2016","RATIO","Ratio","0","Units",,,0.4,,
"DE513","Kassel","POP_DEN","Population density (pop. per km2)","2001","2001","PER","Persons","0","Units",,,316,,
"DE513","Kassel","POP_DEN","Population density (pop. per km2)","2002","2002","PER","Persons","0","Units",,,315,,
"DE513","Kassel","POP_DEN","Population density (pop. per km2)","2003","2003","PER","Persons","0","Units",,,315,,
"DE513","Kassel","POP_DEN","Population density (pop. per km2)","2004","2004","PER","Persons","0","Units",,,315,,
"DE513","Kassel","POP_DEN","Population density (pop. per km2)","2005","2005","PER","Persons","0","Units",,,315,,
"DE513","Kassel","POP_DEN","Population density (pop. per km2)","2006","2006","PER","Persons","0","Units",,,314,,
"DE513","Kassel","POP_DEN","Population density (pop. per km2)","2007","2007","PER","Persons","0","Units",,,312,,
"DE513","Kassel","POP_DEN","Population density (pop. per km2)","2008","2008","PER","Persons","0","Units",,,311,,
"DE513","Kassel","POP_DEN","Population density (pop. per km2)","2009","2009","PER","Persons","0","Units",,,310,,
"DE513","Kassel","POP_DEN","Population density (pop. per km2)","2010","2010","PER","Persons","0","Units",,,310,,
"DE513","Kassel","POP_DEN","Population density (pop. per km2)","2011","2011","PER","Persons","0","Units",,,305,,
"DE513","Kassel","POP_DEN","Population density (pop. per km2)","2012","2012","PER","Persons","0","Units",,,305,,
"DE513","Kassel","POP_DEN","Population density (pop. per km2)","2013","2013","PER","Persons","0","Units",,,306,,
"DE513","Kassel","POP_DEN","Population density (pop. per km2)","2014","2014","PER","Persons","0","Units",,,306,,
"DE513","Kassel","POP_DEN","Population density (pop. per km2)","2015","2015","PER","Persons","0","Units",,,307,,
"DE513","Kassel","POP_DEN","Population density (pop. per km2)","2016","2016","PER","Persons","0","Units",,,311,,
"ES003","Valencia","T_T","Population, All ages. Administrative data","2000","2000","PER","Persons","0","Units",,,1467071,,
"ES003","Valencia","T_T","Population, All ages. Administrative data","2001","2001","PER","Persons","0","Units",,,1482180,,
"ES003","Valencia","T_T","Population, All ages. Administrative data","2002","2002","PER","Persons","0","Units",,,1497289,,
"ES003","Valencia","T_T","Population, All ages. Administrative data","2003","2003","PER","Persons","0","Units",,,1512401,,
"ES003","Valencia","T_T","Population, All ages. Administrative data","2004","2004","PER","Persons","0","Units",,,1527510,,
"ES003","Valencia","T_T","Population, All ages. Administrative data","2005","2005","PER","Persons","0","Units",,,1542619,,
"ES003","Valencia","T_T","Population, All ages. Administrative data","2006","2006","PER","Persons","0","Units",,,1557728,,
"ES003","Valencia","T_T","Population, All ages. Administrative data","2007","2007","PER","Persons","0","Units",,,1572839,,
"ES003","Valencia","T_T","Population, All ages. Administrative data","2008","2008","PER","Persons","0","Units",,,1587948,,
"ES003","Valencia","T_T","Population, All ages. Administrative data","2009","2009","PER","Persons","0","Units",,,1603058,,
"ES003","Valencia","T_T","Population, All ages. Administrative data","2010","2010","PER","Persons","0","Units",,,1618167,,
"ES003","Valencia","T_T","Population, All ages. Administrative data","2011","2011","PER","Persons","0","Units",,,1633278,,
"ES003","Valencia","T_T","Population, All ages. Administrative data","2012","2012","PER","Persons","0","Units",,,1648387,,
"ES003","Valencia","T_T","Population, All ages. Administrative data","2013","2013","PER","Persons","0","Units",,,1663496,,
"ES003","Valencia","T_T","Population, All ages. Administrative data","2014","2014","PER","Persons","0","Units",,,1678605,,
"ES003","Valencia","T_T","Population, All ages. Administrative data","2015","2015","PER","Persons","0","Units",,,1693717,,
"ES003","Valencia","T_T","Population, All ages. Administrative data","2016","2016","PER","Persons","0","Units",,,1708826,,
"FR203","Marseille","POP_DEN","Population density (pop. per km2)","2000","2000","PER","Persons","0","Units",,,379,,
"FR203","Marseille","POP_DEN","Population density (pop. per km2)","2001","2001","PER","Persons","0","Units",,,382,,
"FR203","Marseille","POP_DEN","Population density (pop. per km2)","2002","2002","PER","Persons","0","Units",,,385,,
"FR203","Marseille","POP_DEN","Population density (pop. per km2)","2003","2003","PER","Persons","0","Units",,,388,,
"FR203","Marseille","POP_DEN","Population density (pop. per km2)","2004","2004","PER","Persons","0","Units",,,391,,
"FR203","Marseille","POP_DEN","Population density (pop. per km2)","2005","2005","PER","Persons","0","Units",,,394,,
"FR203","Marseille","POP_DEN","Population density (pop. per km2)","2006","2006","PER","Persons","0","Units",,,397,,
"FR203","Marseille","POP_DEN","Population density (pop. per km2)","2007","2007","PER","Persons","0","Units",,,400,,
"FR203","Marseille","POP_DEN","Population density (pop. per km2)","2008","2008","PER","Persons","0","Units",,,403,,
"FR203","Marseille","POP_DEN","Population density (pop. per km2)","2009","2009","PER","Persons","0","Units",,,406,,
"FR203","Marseille","POP_DEN","Population density (pop. per km2)","2010","2010","PER","Persons","0","Units",,,407,,
"FR203","Marseille","POP_DEN","Population density (pop. per km2)","2011","2011","PER","Persons","0","Units",,,409,,
"FR203","Marseille","POP_DEN","Population density (pop. per km2)","2012","2012","PER","Persons","0","Units",,,410,,
"FR203","Marseille","POP_DEN","Population density (pop. per km2)","2013","2013","PER","Persons","0","Units",,,412,,
"FR203","Marseille","POP_DEN","Population density (pop. per km2)","2014","2014","PER","Persons","0","Units",,,413,,
"EL002","Thessaloniki","T_T","Population, All ages. Administrative data","2002","2002","PER","Persons","0","Units",,,1032837,,
"EL002","Thessaloniki","T_T","Population, All ages. Administrative data","2003","2003","PER","Persons","0","Units",,,1040721,,
"EL002","Thessaloniki","T_T","Population, All ages. Administrative data","2004","2004","PER","Persons","0","Units",,,1048150,,
"EL002","Thessaloniki","T_T","Population, All ages. Administrative data","2005","2005","PER","Persons","0","Units",,,1055141,,
"EL002","Thessaloniki","T_T","Population, All ages. Administrative data","2006","2006","PER","Persons","0","Units",,,1062500,,
"EL002","Thessaloniki","T_T","Population, All ages. Administrative data","2007","2007","PER","Persons","0","Units",,,1068235,,
"EL002","Thessaloniki","T_T","Population, All ages. Administrative data","2008","2008","PER","Persons","0","Units",,,1072105,,
"EL002","Thessaloniki","T_T","Population, All ages. Administrative data","2009","2009","PER","Persons","0","Units",,,1076799,,
"EL002","Thessaloniki","T_T","Population, All ages. Administrative data","2010","2010","PER","Persons","0","Units",,,1081031,,
"EL002","Thessaloniki","T_T","Population, All ages. Administrative data","2011","2011","PER","Persons","0","Units",,,1082411,,
"EL002","Thessaloniki","T_T","Population, All ages. Administrative data","2012","2012","PER","Persons","0","Units",,,1080086,,
"EL002","Thessaloniki","T_T","Population, All ages. Administrative data","2013","2013","PER","Persons","0","Units",,,1073660,,
"EL002","Thessaloniki","T_T","Population, All ages. Administrative data","2014","2014","PER","Persons","0","Units",,,1067524,,
"EL002","Thessaloniki","T_T","Population, All ages. Administrative data","2015","2015","PER","Persons","0","Units",,,1061357,,
"EL002","Thessaloniki","T_T","Population, All ages. Administrative data","2016","2016","PER","Persons","0","Units",,,1054673,,
"MEX44","Coatzacoalcos","T_T_SH_NAT","Share of population  in metropolitan area over the national value","2005","2005","RATIO","Ratio","0","Units",,,0.3,,
"MEX44","Coatzacoalcos","T_T_SH_NAT","Share of population  in metropolitan area over the national value","2010","2010","RATIO","Ratio","0","Units",,,0.3,,
"MEX44","Coatzacoalcos","T_T_SH_NAT","Share of population  in metropolitan area over the national value","2015","2015","RATIO","Ratio","0","Units",,,0.3,,
"MEX22","Acapulco de Juarez","T_T_SH_NAT","Share of population  in metropolitan area over the national value","2005","2005","RATIO","Ratio","0","Units",,,0.6,,
"MEX22","Acapulco de Juarez","T_T_SH_NAT","Share of population  in metropolitan area over the national value","2010","2010","RATIO","Ratio","0","Units",,,0.7,,
"MEX22","Acapulco de Juarez","T_T_SH_NAT","Share of population  in metropolitan area over the national value","2015","2015","RATIO","Ratio","0","Units",,,0.7,,
"UK007","Edinburgh","POP_DEN","Population density (pop. per km2)","2001","2001","PER","Persons","0","Units",,,452,,
"UK007","Edinburgh","POP_DEN","Population density (pop. per km2)","2002","2002","PER","Persons","0","Units",,,452,,
"UK007","Edinburgh","POP_DEN","Population density (pop. per km2)","2003","2003","PER","Persons","0","Units",,,452,,
"UK007","Edinburgh","POP_DEN","Population density (pop. per km2)","2004","2004","PER","Persons","0","Units",,,453,,
"UK007","Edinburgh","POP_DEN","Population density (pop. per km2)","2005","2005","PER","Persons","0","Units",,,457,,
"UK007","Edinburgh","POP_DEN","Population density (pop. per km2)","2006","2006","PER","Persons","0","Units",,,460,,
"UK007","Edinburgh","POP_DEN","Population density (pop. per km2)","2007","2007","PER","Persons","0","Units",,,465,,
"UK007","Edinburgh","POP_DEN","Population density (pop. per km2)","2008","2008","PER","Persons","0","Units",,,469,,
"UK007","Edinburgh","POP_DEN","Population density (pop. per km2)","2009","2009","PER","Persons","0","Units",,,474,,
"UK007","Edinburgh","POP_DEN","Population density (pop. per km2)","2010","2010","PER","Persons","0","Units",,,479,,
"UK007","Edinburgh","POP_DEN","Population density (pop. per km2)","2011","2011","PER","Persons","0","Units",,,485,,
"UK007","Edinburgh","POP_DEN","Population density (pop. per km2)","2012","2012","PER","Persons","0","Units",,,489,,
"UK007","Edinburgh","POP_DEN","Population density (pop. per km2)","2013","2013","PER","Persons","0","Units",,,493,,
"UK007","Edinburgh","POP_DEN","Population density (pop. per km2)","2014","2014","PER","Persons","0","Units",,,498,,
"UK007","Edinburgh","POP_DEN","Population density (pop. per km2)","2015","2015","PER","Persons","0","Units",,,503,,
"UK007","Edinburgh","POP_DEN","Population density (pop. per km2)","2016","2016","PER","Persons","0","Units",,,510,,
"JPN47","Isesaki","POP_DEN","Population density (pop. per km2)","2000","2000","PER","Persons","0","Units",,,609,,
"JPN47","Isesaki","POP_DEN","Population density (pop. per km2)","2001","2001","PER","Persons","0","Units",,,610,,
"JPN47","Isesaki","POP_DEN","Population density (pop. per km2)","2002","2002","PER","Persons","0","Units",,,611,,
"JPN47","Isesaki","POP_DEN","Population density (pop. per km2)","2003","2003","PER","Persons","0","Units",,,612,,
"JPN47","Isesaki","POP_DEN","Population density (pop. per km2)","2004","2004","PER","Persons","0","Units",,,612,,
"JPN47","Isesaki","POP_DEN","Population density (pop. per km2)","2005","2005","PER","Persons","0","Units",,,613,,
"JPN47","Isesaki","POP_DEN","Population density (pop. per km2)","2006","2006","PER","Persons","0","Units",,,612,,
"JPN47","Isesaki","POP_DEN","Population density (pop. per km2)","2007","2007","PER","Persons","0","Units",,,611,,
"JPN47","Isesaki","POP_DEN","Population density (pop. per km2)","2008","2008","PER","Persons","0","Units",,,610,,
"JPN47","Isesaki","POP_DEN","Population density (pop. per km2)","2009","2009","PER","Persons","0","Units",,,609,,
"JPN47","Isesaki","POP_DEN","Population density (pop. per km2)","2010","2010","PER","Persons","0","Units",,,608,,
"JPN47","Isesaki","POP_DEN","Population density (pop. per km2)","2011","2011","PER","Persons","0","Units",,,606,,
"JPN47","Isesaki","POP_DEN","Population density (pop. per km2)","2012","2012","PER","Persons","0","Units",,,604,,
"JPN47","Isesaki","POP_DEN","Population density (pop. per km2)","2013","2013","PER","Persons","0","Units",,,601,,
"JPN47","Isesaki","POP_DEN","Population density (pop. per km2)","2014","2014","PER","Persons","0","Units",,,599,,
"JPN47","Isesaki","POP_DEN","Population density (pop. per km2)","2015","2015","PER","Persons","0","Units",,,597,,
"CAN10","London","T_T_SH_NAT","Share of population  in metropolitan area over the national value","2001","2001","RATIO","Ratio","0","Units",,,1.7,,
"CAN10","London","T_T_SH_NAT","Share of population  in metropolitan area over the national value","2002","2002","RATIO","Ratio","0","Units",,,1.7,,
"CAN10","London","T_T_SH_NAT","Share of population  in metropolitan area over the national value","2003","2003","RATIO","Ratio","0","Units",,,1.7,,
"CAN10","London","T_T_SH_NAT","Share of population  in metropolitan area over the national value","2004","2004","RATIO","Ratio","0","Units",,,1.7,,
"CAN10","London","T_T_SH_NAT","Share of population  in metropolitan area over the national value","2005","2005","RATIO","Ratio","0","Units",,,1.7,,
"CAN10","London","T_T_SH_NAT","Share of population  in metropolitan area over the national value","2006","2006","RATIO","Ratio","0","Units",,,1.7,,
"CAN10","London","T_T_SH_NAT","Share of population  in metropolitan area over the national value","2007","2007","RATIO","Ratio","0","Units",,,1.7,,
"CAN10","London","T_T_SH_NAT","Share of population  in metropolitan area over the national value","2008","2008","RATIO","Ratio","0","Units",,,1.7,,
"CAN10","London","T_T_SH_NAT","Share of population  in metropolitan area over the national value","2009","2009","RATIO","Ratio","0","Units",,,1.6,,
"CAN10","London","T_T_SH_NAT","Share of population  in metropolitan area over the national value","2010","2010","RATIO","Ratio","0","Units",,,1.6,,
"CAN10","London","T_T_SH_NAT","Share of population  in metropolitan area over the national value","2011","2011","RATIO","Ratio","0","Units",,,1.6,,
"CAN10","London","T_T_SH_NAT","Share of population  in metropolitan area over the national value","2012","2012","RATIO","Ratio","0","Units",,,1.6,,
"CAN10","London","T_T_SH_NAT","Share of population  in metropolitan area over the national value","2013","2013","RATIO","Ratio","0","Units",,,1.6,,
"CAN10","London","T_T_SH_NAT","Share of population  in metropolitan area over the national value","2014","2014","RATIO","Ratio","0","Units",,,1.6,,
"CAN10","London","T_T_SH_NAT","Share of population  in metropolitan area over the national value","2015","2015","RATIO","Ratio","0","Units",,,1.5,,
"CAN10","London","T_T_SH_NAT","Share of population  in metropolitan area over the national value","2016","2016","RATIO","Ratio","0","Units",,,1.5,,
"KOR03","Dalseong","T_T_SH_NAT","Share of population  in metropolitan area over the national value","2001","2001","RATIO","Ratio","0","Units",,,4.9,,
"KOR03","Dalseong","T_T_SH_NAT","Share of population  in metropolitan area over the national value","2002","2002","RATIO","Ratio","0","Units",,,4.9,,
"KOR03","Dalseong","T_T_SH_NAT","Share of population  in metropolitan area over the national value","2003","2003","RATIO","Ratio","0","Units",,,4.9,,
"KOR03","Dalseong","T_T_SH_NAT","Share of population  in metropolitan area over the national value","2004","2004","RATIO","Ratio","0","Units",,,4.9,,
"KOR03","Dalseong","T_T_SH_NAT","Share of population  in metropolitan area over the national value","2005","2005","RATIO","Ratio","0","Units",,,4.9,,
"KOR03","Dalseong","T_T_SH_NAT","Share of population  in metropolitan area over the national value","2006","2006","RATIO","Ratio","0","Units",,,5,,
"KOR03","Dalseong","T_T_SH_NAT","Share of population  in metropolitan area over the national value","2007","2007","RATIO","Ratio","0","Units",,,5,,
"KOR03","Dalseong","T_T_SH_NAT","Share of population  in metropolitan area over the national value","2008","2008","RATIO","Ratio","0","Units",,,5,,
"KOR03","Dalseong","T_T_SH_NAT","Share of population  in metropolitan area over the national value","2009","2009","RATIO","Ratio","0","Units",,,5,,
"KOR03","Dalseong","T_T_SH_NAT","Share of population  in metropolitan area over the national value","2010","2010","RATIO","Ratio","0","Units",,,5,,
"KOR03","Dalseong","T_T_SH_NAT","Share of population  in metropolitan area over the national value","2011","2011","RATIO","Ratio","0","Units",,,5,,
"KOR03","Dalseong","T_T_SH_NAT","Share of population  in metropolitan area over the national value","2012","2012","RATIO","Ratio","0","Units",,,5,,
"KOR03","Dalseong","T_T_SH_NAT","Share of population  in metropolitan area over the national value","2013","2013","RATIO","Ratio","0","Units",,,5,,
"KOR03","Dalseong","T_T_SH_NAT","Share of population  in metropolitan area over the national value","2014","2014","RATIO","Ratio","0","Units",,,4.9,,
"KOR03","Dalseong","T_T_SH_NAT","Share of population  in metropolitan area over the national value","2015","2015","RATIO","Ratio","0","Units",,,4.9,,
"KOR03","Dalseong","T_T_SH_NAT","Share of population  in metropolitan area over the national value","2016","2016","RATIO","Ratio","0","Units",,,4.9,,
"CAN11","Kitchener","POP_DEN","Population density (pop. per km2)","2000","2000","PER","Persons","0","Units",,,184,,
"CAN11","Kitchener","POP_DEN","Population density (pop. per km2)","2001","2001","PER","Persons","0","Units",,,187,,
"CAN11","Kitchener","POP_DEN","Population density (pop. per km2)","2002","2002","PER","Persons","0","Units",,,191,,
"CAN11","Kitchener","POP_DEN","Population density (pop. per km2)","2003","2003","PER","Persons","0","Units",,,194,,
"CAN11","Kitchener","POP_DEN","Population density (pop. per km2)","2004","2004","PER","Persons","0","Units",,,198,,
"CAN11","Kitchener","POP_DEN","Population density (pop. per km2)","2005","2005","PER","Persons","0","Units",,,201,,
"CAN11","Kitchener","POP_DEN","Population density (pop. per km2)","2006","2006","PER","Persons","0","Units",,,204,,
"CAN11","Kitchener","POP_DEN","Population density (pop. per km2)","2007","2007","PER","Persons","0","Units",,,206,,
"CAN11","Kitchener","POP_DEN","Population density (pop. per km2)","2008","2008","PER","Persons","0","Units",,,208,,
"CAN11","Kitchener","POP_DEN","Population density (pop. per km2)","2009","2009","PER","Persons","0","Units",,,210,,
"CAN11","Kitchener","POP_DEN","Population density (pop. per km2)","2010","2010","PER","Persons","0","Units",,,209,,
"CAN11","Kitchener","POP_DEN","Population density (pop. per km2)","2011","2011","PER","Persons","0","Units",,,208,,
"CAN11","Kitchener","POP_DEN","Population density (pop. per km2)","2012","2012","PER","Persons","0","Units",,,210,,
"CAN11","Kitchener","POP_DEN","Population density (pop. per km2)","2013","2013","PER","Persons","0","Units",,,212,,
"CAN11","Kitchener","POP_DEN","Population density (pop. per km2)","2014","2014","PER","Persons","0","Units",,,215,,
"CAN11","Kitchener","POP_DEN","Population density (pop. per km2)","2015","2015","PER","Persons","0","Units",,,217,,
"CAN11","Kitchener","POP_DEN","Population density (pop. per km2)","2016","2016","PER","Persons","0","Units",,,219,,
"HU005","Debrecen","T_T","Population, All ages. Administrative data","2000","2000","PER","Persons","0","Units",,,344569,,
"HU005","Debrecen","T_T","Population, All ages. Administrative data","2001","2001","PER","Persons","0","Units",,,343764,,
"HU005","Debrecen","T_T","Population, All ages. Administrative data","2002","2002","PER","Persons","0","Units",,,343275,,
"HU005","Debrecen","T_T","Population, All ages. Administrative data","2003","2003","PER","Persons","0","Units",,,342876,,
"HU005","Debrecen","T_T","Population, All ages. Administrative data","2004","2004","PER","Persons","0","Units",,,341900,,
"HU005","Debrecen","T_T","Population, All ages. Administrative data","2005","2005","PER","Persons","0","Units",,,341345,,
"HU005","Debrecen","T_T","Population, All ages. Administrative data","2006","2006","PER","Persons","0","Units",,,340093,,
"HU005","Debrecen","T_T","Population, All ages. Administrative data","2007","2007","PER","Persons","0","Units",,,339027,,
"HU005","Debrecen","T_T","Population, All ages. Administrative data","2008","2008","PER","Persons","0","Units",,,337885,,
"HU005","Debrecen","T_T","Population, All ages. Administrative data","2009","2009","PER","Persons","0","Units",,,336884,,
"HU005","Debrecen","T_T","Population, All ages. Administrative data","2010","2010","PER","Persons","0","Units",,,336329,,
"HU005","Debrecen","T_T","Population, All ages. Administrative data","2011","2011","PER","Persons","0","Units",,,335320,,
"HU005","Debrecen","T_T","Population, All ages. Administrative data","2012","2012","PER","Persons","0","Units",,,337667,,
"HU005","Debrecen","T_T","Population, All ages. Administrative data","2013","2013","PER","Persons","0","Units",,,336362,,
"HU005","Debrecen","T_T","Population, All ages. Administrative data","2014","2014","PER","Persons","0","Units",,,335216,,
"HU005","Debrecen","T_T","Population, All ages. Administrative data","2015","2015","PER","Persons","0","Units",,,333824,,
"HU005","Debrecen","T_T","Population, All ages. Administrative data","2016","2016","PER","Persons","0","Units",,,332399,,
"USA19","San Antonio","T_T_SH_NAT","Share of population  in metropolitan area over the national value","2001","2001","RATIO","Ratio","0","Units",,,0.6,,
"USA19","San Antonio","T_T_SH_NAT","Share of population  in metropolitan area over the national value","2002","2002","RATIO","Ratio","0","Units",,,0.6,,
"USA19","San Antonio","T_T_SH_NAT","Share of population  in metropolitan area over the national value","2003","2003","RATIO","Ratio","0","Units",,,0.6,,
"USA19","San Antonio","T_T_SH_NAT","Share of population  in metropolitan area over the national value","2004","2004","RATIO","Ratio","0","Units",,,0.6,,
"USA19","San Antonio","T_T_SH_NAT","Share of population  in metropolitan area over the national value","2005","2005","RATIO","Ratio","0","Units",,,0.7,,
"USA19","San Antonio","T_T_SH_NAT","Share of population  in metropolitan area over the national value","2006","2006","RATIO","Ratio","0","Units",,,0.7,,
"USA19","San Antonio","T_T_SH_NAT","Share of population  in metropolitan area over the national value","2007","2007","RATIO","Ratio","0","Units",,,0.7,,
"USA19","San Antonio","T_T_SH_NAT","Share of population  in metropolitan area over the national value","2008","2008","RATIO","Ratio","0","Units",,,0.7,,
"USA19","San Antonio","T_T_SH_NAT","Share of population  in metropolitan area over the national value","2009","2009","RATIO","Ratio","0","Units",,,0.7,,
"USA19","San Antonio","T_T_SH_NAT","Share of population  in metropolitan area over the national value","2010","2010","RATIO","Ratio","0","Units",,,0.7,,
"USA19","San Antonio","T_T_SH_NAT","Share of population  in metropolitan area over the national value","2011","2011","RATIO","Ratio","0","Units",,,0.7,,
"USA19","San Antonio","T_T_SH_NAT","Share of population  in metropolitan area over the national value","2012","2012","RATIO","Ratio","0","Units",,,0.7,,
"USA19","San Antonio","T_T_SH_NAT","Share of population  in metropolitan area over the national value","2013","2013","RATIO","Ratio","0","Units",,,0.7,,
"USA19","San Antonio","T_T_SH_NAT","Share of population  in metropolitan area over the national value","2014","2014","RATIO","Ratio","0","Units",,,0.7,,
"USA19","San Antonio","T_T_SH_NAT","Share of population  in metropolitan area over the national value","2015","2015","RATIO","Ratio","0","Units",,,0.8,,
"USA19","San Antonio","T_T_SH_NAT","Share of population  in metropolitan area over the national value","2016","2016","RATIO","Ratio","0","Units",,,0.8,,
"KOR15","Jinju","T_T","Population, All ages. Administrative data","2000","2000","PER","Persons","0","Units",,,349553,,
"KOR15","Jinju","T_T","Population, All ages. Administrative data","2001","2001","PER","Persons","0","Units",,,348276,,
"KOR15","Jinju","T_T","Population, All ages. Administrative data","2002","2002","PER","Persons","0","Units",,,346998,,
"KOR15","Jinju","T_T","Population, All ages. Administrative data","2003","2003","PER","Persons","0","Units",,,345721,,
"KOR15","Jinju","T_T","Population, All ages. Administrative data","2004","2004","PER","Persons","0","Units",,,344444,,
"KOR15","Jinju","T_T","Population, All ages. Administrative data","2005","2005","PER","Persons","0","Units",,,343166,,
"KOR15","Jinju","T_T","Population, All ages. Administrative data","2006","2006","PER","Persons","0","Units",,,341889,,
"KOR15","Jinju","T_T","Population, All ages. Administrative data","2007","2007","PER","Persons","0","Units",,,340611,,
"KOR15","Jinju","T_T","Population, All ages. Administrative data","2008","2008","PER","Persons","0","Units",,,339334,,
"KOR15","Jinju","T_T","Population, All ages. Administrative data","2009","2009","PER","Persons","0","Units",,,338057,,
"KOR15","Jinju","T_T","Population, All ages. Administrative data","2010","2010","PER","Persons","0","Units",,,336779,,
"KOR15","Jinju","T_T","Population, All ages. Administrative data","2011","2011","PER","Persons","0","Units",,,335502,,
"KOR15","Jinju","T_T","Population, All ages. Administrative data","2012","2012","PER","Persons","0","Units",,,337314,,
"KOR15","Jinju","T_T","Population, All ages. Administrative data","2013","2013","PER","Persons","0","Units",,,337071,,
"KOR15","Jinju","T_T","Population, All ages. Administrative data","2014","2014","PER","Persons","0","Units",,,340241,,
"KOR15","Jinju","T_T","Population, All ages. Administrative data","2015","2015","PER","Persons","0","Units",,,344426,,
"KOR15","Jinju","T_T","Population, All ages. Administrative data","2016","2016","PER","Persons","0","Units",,,346739,,
"ES021","Alicante","POP_DEN","Population density (pop. per km2)","2000","2000","PER","Persons","0","Units",,,1029,,
"ES021","Alicante","POP_DEN","Population density (pop. per km2)","2001","2001","PER","Persons","0","Units",,,1045,,
"ES021","Alicante","POP_DEN","Population density (pop. per km2)","2002","2002","PER","Persons","0","Units",,,1061,,
"ES021","Alicante","POP_DEN","Population density (pop. per km2)","2003","2003","PER","Persons","0","Units",,,1077,,
"ES021","Alicante","POP_DEN","Population density (pop. per km2)","2004","2004","PER","Persons","0","Units",,,1094,,
"ES021","Alicante","POP_DEN","Population density (pop. per km2)","2005","2005","PER","Persons","0","Units",,,1110,,
"ES021","Alicante","POP_DEN","Population density (pop. per km2)","2006","2006","PER","Persons","0","Units",,,1126,,
"ES021","Alicante","POP_DEN","Population density (pop. per km2)","2007","2007","PER","Persons","0","Units",,,1142,,
"ES021","Alicante","POP_DEN","Population density (pop. per km2)","2008","2008","PER","Persons","0","Units",,,1159,,
"ES021","Alicante","POP_DEN","Population density (pop. per km2)","2009","2009","PER","Persons","0","Units",,,1175,,
"ES021","Alicante","POP_DEN","Population density (pop. per km2)","2010","2010","PER","Persons","0","Units",,,1191,,
"ES021","Alicante","POP_DEN","Population density (pop. per km2)","2011","2011","PER","Persons","0","Units",,,1208,,
"ES021","Alicante","POP_DEN","Population density (pop. per km2)","2012","2012","PER","Persons","0","Units",,,1224,,
"ES021","Alicante","POP_DEN","Population density (pop. per km2)","2013","2013","PER","Persons","0","Units",,,1240,,
"ES021","Alicante","POP_DEN","Population density (pop. per km2)","2014","2014","PER","Persons","0","Units",,,1256,,
"ES021","Alicante","POP_DEN","Population density (pop. per km2)","2015","2015","PER","Persons","0","Units",,,1273,,
"ES021","Alicante","POP_DEN","Population density (pop. per km2)","2016","2016","PER","Persons","0","Units",,,1289,,
"AUS14","Geelong","T_T","Population, All ages. Administrative data","2001","2001","PER","Persons","0","Units",,,222969,,
"AUS14","Geelong","T_T","Population, All ages. Administrative data","2002","2002","PER","Persons","0","Units",,,226737,,
"AUS14","Geelong","T_T","Population, All ages. Administrative data","2003","2003","PER","Persons","0","Units",,,229493,,
"AUS14","Geelong","T_T","Population, All ages. Administrative data","2004","2004","PER","Persons","0","Units",,,231658,,
"AUS14","Geelong","T_T","Population, All ages. Administrative data","2005","2005","PER","Persons","0","Units",,,233794,,
"AUS14","Geelong","T_T","Population, All ages. Administrative data","2006","2006","PER","Persons","0","Units",,,236055,,
"AUS14","Geelong","T_T","Population, All ages. Administrative data","2007","2007","PER","Persons","0","Units",,,239456,,
"AUS14","Geelong","T_T","Population, All ages. Administrative data","2008","2008","PER","Persons","0","Units",,,243415,,
"AUS14","Geelong","T_T","Population, All ages. Administrative data","2009","2009","PER","Persons","0","Units",,,247731,,
"AUS14","Geelong","T_T","Population, All ages. Administrative data","2010","2010","PER","Persons","0","Units",,,252091,,
"AUS14","Geelong","T_T","Population, All ages. Administrative data","2011","2011","PER","Persons","0","Units",,,256580,,
"AUS14","Geelong","T_T","Population, All ages. Administrative data","2012","2012","PER","Persons","0","Units",,,261107,,
"AUS14","Geelong","T_T","Population, All ages. Administrative data","2013","2013","PER","Persons","0","Units",,,266364,,
"AUS14","Geelong","T_T","Population, All ages. Administrative data","2014","2014","PER","Persons","0","Units",,,271712,,
"AUS14","Geelong","T_T","Population, All ages. Administrative data","2015","2015","PER","Persons","0","Units",,,277898,,
"AUS14","Geelong","T_T","Population, All ages. Administrative data","2016","2016","PER","Persons","0","Units",,,285371,,
"JPN51","Aomori","T_T","Population, All ages. Administrative data","2000","2000","PER","Persons","0","Units",,,345718,,
"JPN51","Aomori","T_T","Population, All ages. Administrative data","2001","2001","PER","Persons","0","Units",,,343889,,
"JPN51","Aomori","T_T","Population, All ages. Administrative data","2002","2002","PER","Persons","0","Units",,,342059,,
"JPN51","Aomori","T_T","Population, All ages. Administrative data","2003","2003","PER","Persons","0","Units",,,340232,,
"JPN51","Aomori","T_T","Population, All ages. Administrative data","2004","2004","PER","Persons","0","Units",,,338402,,
"JPN51","Aomori","T_T","Population, All ages. Administrative data","2005","2005","PER","Persons","0","Units",,,336573,,
"JPN51","Aomori","T_T","Population, All ages. Administrative data","2006","2006","PER","Persons","0","Units",,,333451,,
"JPN51","Aomori","T_T","Population, All ages. Administrative data","2007","2007","PER","Persons","0","Units",,,330329,,
"JPN51","Aomori","T_T","Population, All ages. Administrative data","2008","2008","PER","Persons","0","Units",,,327207,,
"JPN51","Aomori","T_T","Population, All ages. Administrative data","2009","2009","PER","Persons","0","Units",,,324085,,
"JPN51","Aomori","T_T","Population, All ages. Administrative data","2010","2010","PER","Persons","0","Units",,,320963,,
"JPN51","Aomori","T_T","Population, All ages. Administrative data","2011","2011","PER","Persons","0","Units",,,317175,,
"JPN51","Aomori","T_T","Population, All ages. Administrative data","2012","2012","PER","Persons","0","Units",,,313387,,
"JPN51","Aomori","T_T","Population, All ages. Administrative data","2013","2013","PER","Persons","0","Units",,,309601,,
"JPN51","Aomori","T_T","Population, All ages. Administrative data","2014","2014","PER","Persons","0","Units",,,305813,,
"JPN51","Aomori","T_T","Population, All ages. Administrative data","2015","2015","PER","Persons","0","Units",,,302025,,
"DE036","Monchengladbach","T_T","Population, All ages. Administrative data","2001","2001","PER","Persons","0","Units",,,264264,,
"DE036","Monchengladbach","T_T","Population, All ages. Administrative data","2002","2002","PER","Persons","0","Units",,,264223,,
"DE036","Monchengladbach","T_T","Population, All ages. Administrative data","2003","2003","PER","Persons","0","Units",,,264372,,
"DE036","Monchengladbach","T_T","Population, All ages. Administrative data","2004","2004","PER","Persons","0","Units",,,263662,,
"DE036","Monchengladbach","T_T","Population, All ages. Administrative data","2005","2005","PER","Persons","0","Units",,,263240,,
"DE036","Monchengladbach","T_T","Population, All ages. Administrative data","2006","2006","PER","Persons","0","Units",,,262717,,
"DE036","Monchengladbach","T_T","Population, All ages. Administrative data","2007","2007","PER","Persons","0","Units",,,262224,,
"DE036","Monchengladbach","T_T","Population, All ages. Administrative data","2008","2008","PER","Persons","0","Units",,,261292,,
"DE036","Monchengladbach","T_T","Population, All ages. Administrative data","2009","2009","PER","Persons","0","Units",,,260120,,
"DE036","Monchengladbach","T_T","Population, All ages. Administrative data","2010","2010","PER","Persons","0","Units",,,259522,,
"DE036","Monchengladbach","T_T","Population, All ages. Administrative data","2011","2011","PER","Persons","0","Units",,,256919,,
"DE036","Monchengladbach","T_T","Population, All ages. Administrative data","2012","2012","PER","Persons","0","Units",,,256080,,
"DE036","Monchengladbach","T_T","Population, All ages. Administrative data","2013","2013","PER","Persons","0","Units",,,256335,,
"DE036","Monchengladbach","T_T","Population, All ages. Administrative data","2014","2014","PER","Persons","0","Units",,,256681,,
"DE036","Monchengladbach","T_T","Population, All ages. Administrative data","2015","2015","PER","Persons","0","Units",,,258108,,
"DE036","Monchengladbach","T_T","Population, All ages. Administrative data","2016","2016","PER","Persons","0","Units",,,261272,,
"DE520","Oldenburg (Oldenburg)","POP_DEN","Population density (pop. per km2)","2001","2001","PER","Persons","0","Units",,,204,,
"DE520","Oldenburg (Oldenburg)","POP_DEN","Population density (pop. per km2)","2002","2002","PER","Persons","0","Units",,,206,,
"DE520","Oldenburg (Oldenburg)","POP_DEN","Population density (pop. per km2)","2003","2003","PER","Persons","0","Units",,,208,,
"DE520","Oldenburg (Oldenburg)","POP_DEN","Population density (pop. per km2)","2004","2004","PER","Persons","0","Units",,,210,,
"DE520","Oldenburg (Oldenburg)","POP_DEN","Population density (pop. per km2)","2005","2005","PER","Persons","0","Units",,,210,,
"DE520","Oldenburg (Oldenburg)","POP_DEN","Population density (pop. per km2)","2006","2006","PER","Persons","0","Units",,,211,,
"DE520","Oldenburg (Oldenburg)","POP_DEN","Population density (pop. per km2)","2007","2007","PER","Persons","0","Units",,,212,,
"DE520","Oldenburg (Oldenburg)","POP_DEN","Population density (pop. per km2)","2008","2008","PER","Persons","0","Units",,,212,,
"DE520","Oldenburg (Oldenburg)","POP_DEN","Population density (pop. per km2)","2009","2009","PER","Persons","0","Units",,,213,,
"DE520","Oldenburg (Oldenburg)","POP_DEN","Population density (pop. per km2)","2010","2010","PER","Persons","0","Units",,,214,,
"DE520","Oldenburg (Oldenburg)","POP_DEN","Population density (pop. per km2)","2011","2011","PER","Persons","0","Units",,,211,,
"DE520","Oldenburg (Oldenburg)","POP_DEN","Population density (pop. per km2)","2012","2012","PER","Persons","0","Units",,,211,,
"DE520","Oldenburg (Oldenburg)","POP_DEN","Population density (pop. per km2)","2013","2013","PER","Persons","0","Units",,,212,,
"DE520","Oldenburg (Oldenburg)","POP_DEN","Population density (pop. per km2)","2014","2014","PER","Persons","0","Units",,,213,,
"DE520","Oldenburg (Oldenburg)","POP_DEN","Population density (pop. per km2)","2015","2015","PER","Persons","0","Units",,,215,,
"DE520","Oldenburg (Oldenburg)","POP_DEN","Population density (pop. per km2)","2016","2016","PER","Persons","0","Units",,,218,,
"ES020","Cordoba","T_T_SH_NAT","Share of population  in metropolitan area over the national value","2001","2001","RATIO","Ratio","0","Units",,,0.8,,
"ES020","Cordoba","T_T_SH_NAT","Share of population  in metropolitan area over the national value","2002","2002","RATIO","Ratio","0","Units",,,0.8,,
"ES020","Cordoba","T_T_SH_NAT","Share of population  in metropolitan area over the national value","2003","2003","RATIO","Ratio","0","Units",,,0.8,,
"ES020","Cordoba","T_T_SH_NAT","Share of population  in metropolitan area over the national value","2004","2004","RATIO","Ratio","0","Units",,,0.8,,
"ES020","Cordoba","T_T_SH_NAT","Share of population  in metropolitan area over the national value","2005","2005","RATIO","Ratio","0","Units",,,0.8,,
"ES020","Cordoba","T_T_SH_NAT","Share of population  in metropolitan area over the national value","2006","2006","RATIO","Ratio","0","Units",,,0.8,,
"ES020","Cordoba","T_T_SH_NAT","Share of population  in metropolitan area over the national value","2007","2007","RATIO","Ratio","0","Units",,,0.8,,
"ES020","Cordoba","T_T_SH_NAT","Share of population  in metropolitan area over the national value","2008","2008","RATIO","Ratio","0","Units",,,0.8,,
"ES020","Cordoba","T_T_SH_NAT","Share of population  in metropolitan area over the national value","2009","2009","RATIO","Ratio","0","Units",,,0.8,,
"ES020","Cordoba","T_T_SH_NAT","Share of population  in metropolitan area over the national value","2010","2010","RATIO","Ratio","0","Units",,,0.8,,
"ES020","Cordoba","T_T_SH_NAT","Share of population  in metropolitan area over the national value","2011","2011","RATIO","Ratio","0","Units",,,0.8,,
"ES020","Cordoba","T_T_SH_NAT","Share of population  in metropolitan area over the national value","2012","2012","RATIO","Ratio","0","Units",,,0.8,,
"ES020","Cordoba","T_T_SH_NAT","Share of population  in metropolitan area over the national value","2013","2013","RATIO","Ratio","0","Units",,,0.8,,
"ES020","Cordoba","T_T_SH_NAT","Share of population  in metropolitan area over the national value","2014","2014","RATIO","Ratio","0","Units",,,0.8,,
"ES020","Cordoba","T_T_SH_NAT","Share of population  in metropolitan area over the national value","2015","2015","RATIO","Ratio","0","Units",,,0.8,,
"ES020","Cordoba","T_T_SH_NAT","Share of population  in metropolitan area over the national value","2016","2016","RATIO","Ratio","0","Units",,,0.8,,
"JPN25","Matsuyama","T_T_SH_NAT","Share of population  in metropolitan area over the national value","2001","2001","RATIO","Ratio","0","Units",,,0.5,,
"JPN25","Matsuyama","T_T_SH_NAT","Share of population  in metropolitan area over the national value","2002","2002","RATIO","Ratio","0","Units",,,0.5,,
"JPN25","Matsuyama","T_T_SH_NAT","Share of population  in metropolitan area over the national value","2003","2003","RATIO","Ratio","0","Units",,,0.5,,
"JPN25","Matsuyama","T_T_SH_NAT","Share of population  in metropolitan area over the national value","2004","2004","RATIO","Ratio","0","Units",,,0.5,,
"JPN25","Matsuyama","T_T_SH_NAT","Share of population  in metropolitan area over the national value","2005","2005","RATIO","Ratio","0","Units",,,0.5,,
"JPN25","Matsuyama","T_T_SH_NAT","Share of population  in metropolitan area over the national value","2006","2006","RATIO","Ratio","0","Units",,,0.5,,
"JPN25","Matsuyama","T_T_SH_NAT","Share of population  in metropolitan area over the national value","2007","2007","RATIO","Ratio","0","Units",,,0.5,,
"JPN25","Matsuyama","T_T_SH_NAT","Share of population  in metropolitan area over the national value","2008","2008","RATIO","Ratio","0","Units",,,0.5,,
"JPN25","Matsuyama","T_T_SH_NAT","Share of population  in metropolitan area over the national value","2009","2009","RATIO","Ratio","0","Units",,,0.5,,
"JPN25","Matsuyama","T_T_SH_NAT","Share of population  in metropolitan area over the national value","2010","2010","RATIO","Ratio","0","Units",,,0.5,,
"JPN25","Matsuyama","T_T_SH_NAT","Share of population  in metropolitan area over the national value","2011","2011","RATIO","Ratio","0","Units",,,0.5,,
"JPN25","Matsuyama","T_T_SH_NAT","Share of population  in metropolitan area over the national value","2012","2012","RATIO","Ratio","0","Units",,,0.5,,
"JPN25","Matsuyama","T_T_SH_NAT","Share of population  in metropolitan area over the national value","2013","2013","RATIO","Ratio","0","Units",,,0.5,,
"JPN25","Matsuyama","T_T_SH_NAT","Share of population  in metropolitan area over the national value","2014","2014","RATIO","Ratio","0","Units",,,0.5,,
"JPN25","Matsuyama","T_T_SH_NAT","Share of population  in metropolitan area over the national value","2015","2015","RATIO","Ratio","0","Units",,,0.5,,
"USA116","Allen","T_T_SH_NAT","Share of population  in metropolitan area over the national value","2001","2001","RATIO","Ratio","0","Units",,,0.1,,
"USA116","Allen","T_T_SH_NAT","Share of population  in metropolitan area over the national value","2002","2002","RATIO","Ratio","0","Units",,,0.1,,
"USA116","Allen","T_T_SH_NAT","Share of population  in metropolitan area over the national value","2003","2003","RATIO","Ratio","0","Units",,,0.1,,
"USA116","Allen","T_T_SH_NAT","Share of population  in metropolitan area over the national value","2004","2004","RATIO","Ratio","0","Units",,,0.1,,
"USA116","Allen","T_T_SH_NAT","Share of population  in metropolitan area over the national value","2005","2005","RATIO","Ratio","0","Units",,,0.1,,
"USA116","Allen","T_T_SH_NAT","Share of population  in metropolitan area over the national value","2006","2006","RATIO","Ratio","0","Units",,,0.1,,
"USA116","Allen","T_T_SH_NAT","Share of population  in metropolitan area over the national value","2007","2007","RATIO","Ratio","0","Units",,,0.1,,
"USA116","Allen","T_T_SH_NAT","Share of population  in metropolitan area over the national value","2008","2008","RATIO","Ratio","0","Units",,,0.1,,
"USA116","Allen","T_T_SH_NAT","Share of population  in metropolitan area over the national value","2009","2009","RATIO","Ratio","0","Units",,,0.1,,
"USA116","Allen","T_T_SH_NAT","Share of population  in metropolitan area over the national value","2010","2010","RATIO","Ratio","0","Units",,,0.1,,
"USA116","Allen","T_T_SH_NAT","Share of population  in metropolitan area over the national value","2011","2011","RATIO","Ratio","0","Units",,,0.1,,
"USA116","Allen","T_T_SH_NAT","Share of population  in metropolitan area over the national value","2012","2012","RATIO","Ratio","0","Units",,,0.1,,
"USA116","Allen","T_T_SH_NAT","Share of population  in metropolitan area over the national value","2013","2013","RATIO","Ratio","0","Units",,,0.1,,
"USA116","Allen","T_T_SH_NAT","Share of population  in metropolitan area over the national value","2014","2014","RATIO","Ratio","0","Units",,,0.1,,
"USA116","Allen","T_T_SH_NAT","Share of population  in metropolitan area over the national value","2015","2015","RATIO","Ratio","0","Units",,,0.1,,
"USA116","Allen","T_T_SH_NAT","Share of population  in metropolitan area over the national value","2016","2016","RATIO","Ratio","0","Units",,,0.1,,
"IT016","Perugia","POP_DEN","Population density (pop. per km2)","2000","2000","PER","Persons","0","Units",,,197,,
"IT016","Perugia","POP_DEN","Population density (pop. per km2)","2001","2001","PER","Persons","0","Units",,,198,,
"IT016","Perugia","POP_DEN","Population density (pop. per km2)","2002","2002","PER","Persons","0","Units",,,199,,
"IT016","Perugia","POP_DEN","Population density (pop. per km2)","2003","2003","PER","Persons","0","Units",,,200,,
"IT016","Perugia","POP_DEN","Population density (pop. per km2)","2004","2004","PER","Persons","0","Units",,,201,,
"IT016","Perugia","POP_DEN","Population density (pop. per km2)","2005","2005","PER","Persons","0","Units",,,202,,
"IT016","Perugia","POP_DEN","Population density (pop. per km2)","2006","2006","PER","Persons","0","Units",,,204,,
"IT016","Perugia","POP_DEN","Population density (pop. per km2)","2007","2007","PER","Persons","0","Units",,,205,,
"IT016","Perugia","POP_DEN","Population density (pop. per km2)","2008","2008","PER","Persons","0","Units",,,206,,
"IT016","Perugia","POP_DEN","Population density (pop. per km2)","2009","2009","PER","Persons","0","Units",,,207,,
"IT016","Perugia","POP_DEN","Population density (pop. per km2)","2010","2010","PER","Persons","0","Units",,,208,,
"IT016","Perugia","POP_DEN","Population density (pop. per km2)","2011","2011","PER","Persons","0","Units",,,209,,
"IT016","Perugia","POP_DEN","Population density (pop. per km2)","2012","2012","PER","Persons","0","Units",,,211,,
"IT016","Perugia","POP_DEN","Population density (pop. per km2)","2013","2013","PER","Persons","0","Units",,,212,,
"IT016","Perugia","POP_DEN","Population density (pop. per km2)","2014","2014","PER","Persons","0","Units",,,216,,
"IT016","Perugia","POP_DEN","Population density (pop. per km2)","2015","2015","PER","Persons","0","Units",,,215,,
"IT016","Perugia","POP_DEN","Population density (pop. per km2)","2016","2016","PER","Persons","0","Units",,,215,,
"USA92","Sonoma","T_T","Population, All ages. Administrative data","2000","2000","PER","Persons","0","Units",,,460421,,
"USA92","Sonoma","T_T","Population, All ages. Administrative data","2001","2001","PER","Persons","0","Units",,,465293,,
"USA92","Sonoma","T_T","Population, All ages. Administrative data","2002","2002","PER","Persons","0","Units",,,465298,,
"USA92","Sonoma","T_T","Population, All ages. Administrative data","2003","2003","PER","Persons","0","Units",,,466489,,
"USA92","Sonoma","T_T","Population, All ages. Administrative data","2004","2004","PER","Persons","0","Units",,,466809,,
"USA92","Sonoma","T_T","Population, All ages. Administrative data","2005","2005","PER","Persons","0","Units",,,465938,,
"USA92","Sonoma","T_T","Population, All ages. Administrative data","2006","2006","PER","Persons","0","Units",,,465188,,
"USA92","Sonoma","T_T","Population, All ages. Administrative data","2007","2007","PER","Persons","0","Units",,,467356,,
"USA92","Sonoma","T_T","Population, All ages. Administrative data","2008","2008","PER","Persons","0","Units",,,473091,,
"USA92","Sonoma","T_T","Population, All ages. Administrative data","2009","2009","PER","Persons","0","Units",,,479479,,
"USA92","Sonoma","T_T","Population, All ages. Administrative data","2010","2010","PER","Persons","0","Units",,,484827,,
"USA92","Sonoma","T_T","Population, All ages. Administrative data","2011","2011","PER","Persons","0","Units",,,487822,,
"USA92","Sonoma","T_T","Population, All ages. Administrative data","2012","2012","PER","Persons","0","Units",,,490740,,
"USA92","Sonoma","T_T","Population, All ages. Administrative data","2013","2013","PER","Persons","0","Units",,,495007,,
"USA92","Sonoma","T_T","Population, All ages. Administrative data","2014","2014","PER","Persons","0","Units",,,499563,,
"USA92","Sonoma","T_T","Population, All ages. Administrative data","2015","2015","PER","Persons","0","Units",,,502096,,
"USA92","Sonoma","T_T","Population, All ages. Administrative data","2016","2016","PER","Persons","0","Units",,,503833,,
"IT008","Bari","T_T_SH_NAT","Share of population  in metropolitan area over the national value","2012","2012","RATIO","Ratio","0","Units",,,1.2,,
"IT008","Bari","T_T_SH_NAT","Share of population  in metropolitan area over the national value","2013","2013","RATIO","Ratio","0","Units",,,1.2,,
"IT008","Bari","T_T_SH_NAT","Share of population  in metropolitan area over the national value","2014","2014","RATIO","Ratio","0","Units",,,1.2,,
"IT008","Bari","T_T_SH_NAT","Share of population  in metropolitan area over the national value","2015","2015","RATIO","Ratio","0","Units",,,1.2,,
"IT008","Bari","T_T_SH_NAT","Share of population  in metropolitan area over the national value","2016","2016","RATIO","Ratio","0","Units",,,1.2,,
"NL012","Breda","POP_DEN","Population density (pop. per km2)","2000","2000","PER","Persons","0","Units",,,458,,
"NL012","Breda","POP_DEN","Population density (pop. per km2)","2001","2001","PER","Persons","0","Units",,,462,,
"NL012","Breda","POP_DEN","Population density (pop. per km2)","2002","2002","PER","Persons","0","Units",,,466,,
"NL012","Breda","POP_DEN","Population density (pop. per km2)","2003","2003","PER","Persons","0","Units",,,470,,
"NL012","Breda","POP_DEN","Population density (pop. per km2)","2004","2004","PER","Persons","0","Units",,,474,,
"NL012","Breda","POP_DEN","Population density (pop. per km2)","2005","2005","PER","Persons","0","Units",,,477,,
"NL012","Breda","POP_DEN","Population density (pop. per km2)","2006","2006","PER","Persons","0","Units",,,480,,
"NL012","Breda","POP_DEN","Population density (pop. per km2)","2007","2007","PER","Persons","0","Units",,,482,,
"NL012","Breda","POP_DEN","Population density (pop. per km2)","2008","2008","PER","Persons","0","Units",,,484,,
"NL012","Breda","POP_DEN","Population density (pop. per km2)","2009","2009","PER","Persons","0","Units",,,487,,
"NL012","Breda","POP_DEN","Population density (pop. per km2)","2010","2010","PER","Persons","0","Units",,,490,,
"NL012","Breda","POP_DEN","Population density (pop. per km2)","2011","2011","PER","Persons","0","Units",,,491,,
"NL012","Breda","POP_DEN","Population density (pop. per km2)","2012","2012","PER","Persons","0","Units",,,494,,
"NL012","Breda","POP_DEN","Population density (pop. per km2)","2013","2013","PER","Persons","0","Units",,,497,,
"NL012","Breda","POP_DEN","Population density (pop. per km2)","2014","2014","PER","Persons","0","Units",,,500,,
"NL012","Breda","POP_DEN","Population density (pop. per km2)","2015","2015","PER","Persons","0","Units",,,502,,
"NL012","Breda","POP_DEN","Population density (pop. per km2)","2016","2016","PER","Persons","0","Units",,,504,,
"UK006","Liverpool","T_T","Population, All ages. Administrative data","2001","2001","PER","Persons","0","Units",,,1161286,,
"UK006","Liverpool","T_T","Population, All ages. Administrative data","2002","2002","PER","Persons","0","Units",,,1160201,,
"UK006","Liverpool","T_T","Population, All ages. Administrative data","2003","2003","PER","Persons","0","Units",,,1159938,,
"UK006","Liverpool","T_T","Population, All ages. Administrative data","2004","2004","PER","Persons","0","Units",,,1161486,,
"UK006","Liverpool","T_T","Population, All ages. Administrative data","2005","2005","PER","Persons","0","Units",,,1163302,,
"UK006","Liverpool","T_T","Population, All ages. Administrative data","2006","2006","PER","Persons","0","Units",,,1163202,,
"UK006","Liverpool","T_T","Population, All ages. Administrative data","2007","2007","PER","Persons","0","Units",,,1162545,,
"UK006","Liverpool","T_T","Population, All ages. Administrative data","2008","2008","PER","Persons","0","Units",,,1162797,,
"UK006","Liverpool","T_T","Population, All ages. Administrative data","2009","2009","PER","Persons","0","Units",,,1164601,,
"UK006","Liverpool","T_T","Population, All ages. Administrative data","2010","2010","PER","Persons","0","Units",,,1167587,,
"UK006","Liverpool","T_T","Population, All ages. Administrative data","2011","2011","PER","Persons","0","Units",,,1171550,,
"UK006","Liverpool","T_T","Population, All ages. Administrative data","2012","2012","PER","Persons","0","Units",,,1176966,,
"UK006","Liverpool","T_T","Population, All ages. Administrative data","2013","2013","PER","Persons","0","Units",,,1178689,,
"UK006","Liverpool","T_T","Population, All ages. Administrative data","2014","2014","PER","Persons","0","Units",,,1183890,,
"UK006","Liverpool","T_T","Population, All ages. Administrative data","2015","2015","PER","Persons","0","Units",,,1192298,,
"UK006","Liverpool","T_T","Population, All ages. Administrative data","2016","2016","PER","Persons","0","Units",,,1202000,,
"MEX61","San Juan del Rio","T_T","Population, All ages. Administrative data","2000","2000","PER","Persons","0","Units",,,194404,,
"MEX61","San Juan del Rio","T_T","Population, All ages. Administrative data","2005","2005","PER","Persons","0","Units",,,202329,,
"MEX61","San Juan del Rio","T_T","Population, All ages. Administrative data","2010","2010","PER","Persons","0","Units",,,240944,,
"MEX61","San Juan del Rio","T_T","Population, All ages. Administrative data","2015","2015","PER","Persons","0","Units",,,289569,,
"AT005","Innsbruck","POP_DEN","Population density (pop. per km2)","2000","2000","PER","Persons","0","Units",,,131,,
"AT005","Innsbruck","POP_DEN","Population density (pop. per km2)","2001","2001","PER","Persons","0","Units",,,131,,
"AT005","Innsbruck","POP_DEN","Population density (pop. per km2)","2002","2002","PER","Persons","0","Units",,,131,,
"AT005","Innsbruck","POP_DEN","Population density (pop. per km2)","2003","2003","PER","Persons","0","Units",,,132,,
"AT005","Innsbruck","POP_DEN","Population density (pop. per km2)","2004","2004","PER","Persons","0","Units",,,132,,
"AT005","Innsbruck","POP_DEN","Population density (pop. per km2)","2005","2005","PER","Persons","0","Units",,,133,,
"AT005","Innsbruck","POP_DEN","Population density (pop. per km2)","2006","2006","PER","Persons","0","Units",,,133,,
"AT005","Innsbruck","POP_DEN","Population density (pop. per km2)","2007","2007","PER","Persons","0","Units",,,134,,
"AT005","Innsbruck","POP_DEN","Population density (pop. per km2)","2008","2008","PER","Persons","0","Units",,,135,,
"AT005","Innsbruck","POP_DEN","Population density (pop. per km2)","2009","2009","PER","Persons","0","Units",,,136,,
"AT005","Innsbruck","POP_DEN","Population density (pop. per km2)","2010","2010","PER","Persons","0","Units",,,137,,
"AT005","Innsbruck","POP_DEN","Population density (pop. per km2)","2011","2011","PER","Persons","0","Units",,,139,,
"AT005","Innsbruck","POP_DEN","Population density (pop. per km2)","2012","2012","PER","Persons","0","Units",,,140,,
"AT005","Innsbruck","POP_DEN","Population density (pop. per km2)","2013","2013","PER","Persons","0","Units",,,142,,
"AT005","Innsbruck","POP_DEN","Population density (pop. per km2)","2014","2014","PER","Persons","0","Units",,,143,,
"AT005","Innsbruck","POP_DEN","Population density (pop. per km2)","2015","2015","PER","Persons","0","Units",,,145,,
"USA138","Alachua","T_T","Population, All ages. Administrative data","2000","2000","PER","Persons","0","Units",,,267698,,
"USA138","Alachua","T_T","Population, All ages. Administrative data","2001","2001","PER","Persons","0","Units",,,271119,,
"USA138","Alachua","T_T","Population, All ages. Administrative data","2002","2002","PER","Persons","0","Units",,,275080,,
"USA138","Alachua","T_T","Population, All ages. Administrative data","2003","2003","PER","Persons","0","Units",,,278563,,
"USA138","Alachua","T_T","Population, All ages. Administrative data","2004","2004","PER","Persons","0","Units",,,282648,,
"USA138","Alachua","T_T","Population, All ages. Administrative data","2005","2005","PER","Persons","0","Units",,,287912,,
"USA138","Alachua","T_T","Population, All ages. Administrative data","2006","2006","PER","Persons","0","Units",,,295176,,
"USA138","Alachua","T_T","Population, All ages. Administrative data","2007","2007","PER","Persons","0","Units",,,299499,,
"USA138","Alachua","T_T","Population, All ages. Administrative data","2008","2008","PER","Persons","0","Units",,,302494,,
"USA138","Alachua","T_T","Population, All ages. Administrative data","2009","2009","PER","Persons","0","Units",,,304366,,
"USA138","Alachua","T_T","Population, All ages. Administrative data","2010","2010","PER","Persons","0","Units",,,305331,,
"USA138","Alachua","T_T","Population, All ages. Administrative data","2011","2011","PER","Persons","0","Units",,,306979,,
"USA138","Alachua","T_T","Population, All ages. Administrative data","2012","2012","PER","Persons","0","Units",,,308369,,
"USA138","Alachua","T_T","Population, All ages. Administrative data","2013","2013","PER","Persons","0","Units",,,309047,,
"USA138","Alachua","T_T","Population, All ages. Administrative data","2014","2014","PER","Persons","0","Units",,,312057,,
"USA138","Alachua","T_T","Population, All ages. Administrative data","2015","2015","PER","Persons","0","Units",,,316299,,
"USA138","Alachua","T_T","Population, All ages. Administrative data","2016","2016","PER","Persons","0","Units",,,321402,,
"USA128","Marion (FL)","POP_DEN","Population density (pop. per km2)","2000","2000","PER","Persons","0","Units",,,60,,
"USA128","Marion (FL)","POP_DEN","Population density (pop. per km2)","2001","2001","PER","Persons","0","Units",,,61,,
"USA128","Marion (FL)","POP_DEN","Population density (pop. per km2)","2002","2002","PER","Persons","0","Units",,,63,,
"USA128","Marion (FL)","POP_DEN","Population density (pop. per km2)","2003","2003","PER","Persons","0","Units",,,65,,
"USA128","Marion (FL)","POP_DEN","Population density (pop. per km2)","2004","2004","PER","Persons","0","Units",,,67,,
"USA128","Marion (FL)","POP_DEN","Population density (pop. per km2)","2005","2005","PER","Persons","0","Units",,,70,,
"USA128","Marion (FL)","POP_DEN","Population density (pop. per km2)","2006","2006","PER","Persons","0","Units",,,73,,
"USA128","Marion (FL)","POP_DEN","Population density (pop. per km2)","2007","2007","PER","Persons","0","Units",,,75,,
"USA128","Marion (FL)","POP_DEN","Population density (pop. per km2)","2008","2008","PER","Persons","0","Units",,,76,,
"USA128","Marion (FL)","POP_DEN","Population density (pop. per km2)","2009","2009","PER","Persons","0","Units",,,77,,
"USA128","Marion (FL)","POP_DEN","Population density (pop. per km2)","2010","2010","PER","Persons","0","Units",,,77,,
"USA128","Marion (FL)","POP_DEN","Population density (pop. per km2)","2011","2011","PER","Persons","0","Units",,,77,,
"USA128","Marion (FL)","POP_DEN","Population density (pop. per km2)","2012","2012","PER","Persons","0","Units",,,77,,
"USA128","Marion (FL)","POP_DEN","Population density (pop. per km2)","2013","2013","PER","Persons","0","Units",,,78,,
"USA128","Marion (FL)","POP_DEN","Population density (pop. per km2)","2014","2014","PER","Persons","0","Units",,,78,,
"USA128","Marion (FL)","POP_DEN","Population density (pop. per km2)","2015","2015","PER","Persons","0","Units",,,79,,
"USA128","Marion (FL)","POP_DEN","Population density (pop. per km2)","2016","2016","PER","Persons","0","Units",,,81,,
"MEX63","Tulancingo de Bravo","T_T","Population, All ages. Administrative data","2000","2000","PER","Persons","0","Units",,,187705,,
"MEX63","Tulancingo de Bravo","T_T","Population, All ages. Administrative data","2005","2005","PER","Persons","0","Units",,,200914,,
"MEX63","Tulancingo de Bravo","T_T","Population, All ages. Administrative data","2010","2010","PER","Persons","0","Units",,,236711,,
"MEX63","Tulancingo de Bravo","T_T","Population, All ages. Administrative data","2015","2015","PER","Persons","0","Units",,,289524,,
"USA122","Winnebago (IL)","T_T_SH_NAT","Share of population  in metropolitan area over the national value","2001","2001","RATIO","Ratio","0","Units",,,0.1,,
"USA122","Winnebago (IL)","T_T_SH_NAT","Share of population  in metropolitan area over the national value","2002","2002","RATIO","Ratio","0","Units",,,0.1,,
"USA122","Winnebago (IL)","T_T_SH_NAT","Share of population  in metropolitan area over the national value","2003","2003","RATIO","Ratio","0","Units",,,0.1,,
"USA122","Winnebago (IL)","T_T_SH_NAT","Share of population  in metropolitan area over the national value","2004","2004","RATIO","Ratio","0","Units",,,0.1,,
"USA122","Winnebago (IL)","T_T_SH_NAT","Share of population  in metropolitan area over the national value","2005","2005","RATIO","Ratio","0","Units",,,0.1,,
"USA122","Winnebago (IL)","T_T_SH_NAT","Share of population  in metropolitan area over the national value","2006","2006","RATIO","Ratio","0","Units",,,0.1,,
"USA122","Winnebago (IL)","T_T_SH_NAT","Share of population  in metropolitan area over the national value","2007","2007","RATIO","Ratio","0","Units",,,0.1,,
"USA122","Winnebago (IL)","T_T_SH_NAT","Share of population  in metropolitan area over the national value","2008","2008","RATIO","Ratio","0","Units",,,0.1,,
"USA122","Winnebago (IL)","T_T_SH_NAT","Share of population  in metropolitan area over the national value","2009","2009","RATIO","Ratio","0","Units",,,0.1,,
"USA122","Winnebago (IL)","T_T_SH_NAT","Share of population  in metropolitan area over the national value","2010","2010","RATIO","Ratio","0","Units",,,0.1,,
"USA122","Winnebago (IL)","T_T_SH_NAT","Share of population  in metropolitan area over the national value","2011","2011","RATIO","Ratio","0","Units",,,0.1,,
"USA122","Winnebago (IL)","T_T_SH_NAT","Share of population  in metropolitan area over the national value","2012","2012","RATIO","Ratio","0","Units",,,0.1,,
"USA122","Winnebago (IL)","T_T_SH_NAT","Share of population  in metropolitan area over the national value","2013","2013","RATIO","Ratio","0","Units",,,0.1,,
"USA122","Winnebago (IL)","T_T_SH_NAT","Share of population  in metropolitan area over the national value","2014","2014","RATIO","Ratio","0","Units",,,0.1,,
"USA122","Winnebago (IL)","T_T_SH_NAT","Share of population  in metropolitan area over the national value","2015","2015","RATIO","Ratio","0","Units",,,0.1,,
"USA122","Winnebago (IL)","T_T_SH_NAT","Share of population  in metropolitan area over the national value","2016","2016","RATIO","Ratio","0","Units",,,0.1,,
"IT029","Brescia","T_T","Population, All ages. Administrative data","2000","2000","PER","Persons","0","Units",,,411454,,
"IT029","Brescia","T_T","Population, All ages. Administrative data","2001","2001","PER","Persons","0","Units",,,415985,,
"IT029","Brescia","T_T","Population, All ages. Administrative data","2002","2002","PER","Persons","0","Units",,,420516,,
"IT029","Brescia","T_T","Population, All ages. Administrative data","2003","2003","PER","Persons","0","Units",,,425048,,
"IT029","Brescia","T_T","Population, All ages. Administrative data","2004","2004","PER","Persons","0","Units",,,429580,,
"IT029","Brescia","T_T","Population, All ages. Administrative data","2005","2005","PER","Persons","0","Units",,,434111,,
"IT029","Brescia","T_T","Population, All ages. Administrative data","2006","2006","PER","Persons","0","Units",,,438642,,
"IT029","Brescia","T_T","Population, All ages. Administrative data","2007","2007","PER","Persons","0","Units",,,443175,,
"IT029","Brescia","T_T","Population, All ages. Administrative data","2008","2008","PER","Persons","0","Units",,,447706,,
"IT029","Brescia","T_T","Population, All ages. Administrative data","2009","2009","PER","Persons","0","Units",,,452237,,
"IT029","Brescia","T_T","Population, All ages. Administrative data","2010","2010","PER","Persons","0","Units",,,456768,,
"IT029","Brescia","T_T","Population, All ages. Administrative data","2011","2011","PER","Persons","0","Units",,,461301,,
"IT029","Brescia","T_T","Population, All ages. Administrative data","2012","2012","PER","Persons","0","Units",,,465832,,
"IT029","Brescia","T_T","Population, All ages. Administrative data","2013","2013","PER","Persons","0","Units",,,468208,,
"IT029","Brescia","T_T","Population, All ages. Administrative data","2014","2014","PER","Persons","0","Units",,,476444,,
"IT029","Brescia","T_T","Population, All ages. Administrative data","2015","2015","PER","Persons","0","Units",,,479851,,
"IT029","Brescia","T_T","Population, All ages. Administrative data","2016","2016","PER","Persons","0","Units",,,480253,,
"UK002","West Midlands urban area","POP_DEN","Population density (pop. per km2)","2001","2001","PER","Persons","0","Units",,,1298,,
"UK002","West Midlands urban area","POP_DEN","Population density (pop. per km2)","2002","2002","PER","Persons","0","Units",,,1303,,
"UK002","West Midlands urban area","POP_DEN","Population density (pop. per km2)","2003","2003","PER","Persons","0","Units",,,1309,,
"UK002","West Midlands urban area","POP_DEN","Population density (pop. per km2)","2004","2004","PER","Persons","0","Units",,,1315,,
"UK002","West Midlands urban area","POP_DEN","Population density (pop. per km2)","2005","2005","PER","Persons","0","Units",,,1325,,
"UK002","West Midlands urban area","POP_DEN","Population density (pop. per km2)","2006","2006","PER","Persons","0","Units",,,1332,,
"UK002","West Midlands urban area","POP_DEN","Population density (pop. per km2)","2007","2007","PER","Persons","0","Units",,,1340,,
"UK002","West Midlands urban area","POP_DEN","Population density (pop. per km2)","2008","2008","PER","Persons","0","Units",,,1351,,
"UK002","West Midlands urban area","POP_DEN","Population density (pop. per km2)","2009","2009","PER","Persons","0","Units",,,1361,,
"UK002","West Midlands urban area","POP_DEN","Population density (pop. per km2)","2010","2010","PER","Persons","0","Units",,,1371,,
"UK002","West Midlands urban area","POP_DEN","Population density (pop. per km2)","2011","2011","PER","Persons","0","Units",,,1383,,
"UK002","West Midlands urban area","POP_DEN","Population density (pop. per km2)","2012","2012","PER","Persons","0","Units",,,1391,,
"UK002","West Midlands urban area","POP_DEN","Population density (pop. per km2)","2013","2013","PER","Persons","0","Units",,,1400,,
"UK002","West Midlands urban area","POP_DEN","Population density (pop. per km2)","2014","2014","PER","Persons","0","Units",,,1409,,
"UK002","West Midlands urban area","POP_DEN","Population density (pop. per km2)","2015","2015","PER","Persons","0","Units",,,1419,,
"UK002","West Midlands urban area","POP_DEN","Population density (pop. per km2)","2016","2016","PER","Persons","0","Units",,,1433,,
"USA17","St. Louis","T_T_SH_NAT","Share of population  in metropolitan area over the national value","2001","2001","RATIO","Ratio","0","Units",,,0.9,,
"USA17","St. Louis","T_T_SH_NAT","Share of population  in metropolitan area over the national value","2002","2002","RATIO","Ratio","0","Units",,,0.9,,
"USA17","St. Louis","T_T_SH_NAT","Share of population  in metropolitan area over the national value","2003","2003","RATIO","Ratio","0","Units",,,0.9,,
"USA17","St. Louis","T_T_SH_NAT","Share of population  in metropolitan area over the national value","2004","2004","RATIO","Ratio","0","Units",,,0.9,,
"USA17","St. Louis","T_T_SH_NAT","Share of population  in metropolitan area over the national value","2005","2005","RATIO","Ratio","0","Units",,,0.9,,
"USA17","St. Louis","T_T_SH_NAT","Share of population  in metropolitan area over the national value","2006","2006","RATIO","Ratio","0","Units",,,0.9,,
"USA17","St. Louis","T_T_SH_NAT","Share of population  in metropolitan area over the national value","2007","2007","RATIO","Ratio","0","Units",,,0.9,,
"USA17","St. Louis","T_T_SH_NAT","Share of population  in metropolitan area over the national value","2008","2008","RATIO","Ratio","0","Units",,,0.8,,
"USA17","St. Louis","T_T_SH_NAT","Share of population  in metropolitan area over the national value","2009","2009","RATIO","Ratio","0","Units",,,0.8,,
"USA17","St. Louis","T_T_SH_NAT","Share of population  in metropolitan area over the national value","2010","2010","RATIO","Ratio","0","Units",,,0.8,,
"USA17","St. Louis","T_T_SH_NAT","Share of population  in metropolitan area over the national value","2011","2011","RATIO","Ratio","0","Units",,,0.8,,
"USA17","St. Louis","T_T_SH_NAT","Share of population  in metropolitan area over the national value","2012","2012","RATIO","Ratio","0","Units",,,0.8,,
"USA17","St. Louis","T_T_SH_NAT","Share of population  in metropolitan area over the national value","2013","2013","RATIO","Ratio","0","Units",,,0.8,,
"USA17","St. Louis","T_T_SH_NAT","Share of population  in metropolitan area over the national value","2014","2014","RATIO","Ratio","0","Units",,,0.8,,
"USA17","St. Louis","T_T_SH_NAT","Share of population  in metropolitan area over the national value","2015","2015","RATIO","Ratio","0","Units",,,0.8,,
"USA17","St. Louis","T_T_SH_NAT","Share of population  in metropolitan area over the national value","2016","2016","RATIO","Ratio","0","Units",,,0.8,,
"DE045","Iserlohn","POP_DEN","Population density (pop. per km2)","2001","2001","PER","Persons","0","Units",,,433,,
"DE045","Iserlohn","POP_DEN","Population density (pop. per km2)","2002","2002","PER","Persons","0","Units",,,433,,
"DE045","Iserlohn","POP_DEN","Population density (pop. per km2)","2003","2003","PER","Persons","0","Units",,,432,,
"DE045","Iserlohn","POP_DEN","Population density (pop. per km2)","2004","2004","PER","Persons","0","Units",,,429,,
"DE045","Iserlohn","POP_DEN","Population density (pop. per km2)","2005","2005","PER","Persons","0","Units",,,427,,
"DE045","Iserlohn","POP_DEN","Population density (pop. per km2)","2006","2006","PER","Persons","0","Units",,,425,,
"DE045","Iserlohn","POP_DEN","Population density (pop. per km2)","2007","2007","PER","Persons","0","Units",,,421,,
"DE045","Iserlohn","POP_DEN","Population density (pop. per km2)","2008","2008","PER","Persons","0","Units",,,418,,
"DE045","Iserlohn","POP_DEN","Population density (pop. per km2)","2009","2009","PER","Persons","0","Units",,,414,,
"DE045","Iserlohn","POP_DEN","Population density (pop. per km2)","2010","2010","PER","Persons","0","Units",,,411,,
"DE045","Iserlohn","POP_DEN","Population density (pop. per km2)","2011","2011","PER","Persons","0","Units",,,402,,
"DE045","Iserlohn","POP_DEN","Population density (pop. per km2)","2012","2012","PER","Persons","0","Units",,,400,,
"DE045","Iserlohn","POP_DEN","Population density (pop. per km2)","2013","2013","PER","Persons","0","Units",,,397,,
"DE045","Iserlohn","POP_DEN","Population density (pop. per km2)","2014","2014","PER","Persons","0","Units",,,394,,
"DE045","Iserlohn","POP_DEN","Population density (pop. per km2)","2015","2015","PER","Persons","0","Units",,,392,,
"DE045","Iserlohn","POP_DEN","Population density (pop. per km2)","2016","2016","PER","Persons","0","Units",,,394,,
"BE002","Antwerp","T_T","Population, All ages. Administrative data","2000","2000","PER","Persons","0","Units",,,991636,,
"BE002","Antwerp","T_T","Population, All ages. Administrative data","2001","2001","PER","Persons","0","Units",,,991264,,
"BE002","Antwerp","T_T","Population, All ages. Administrative data","2002","2002","PER","Persons","0","Units",,,995233,,
"BE002","Antwerp","T_T","Population, All ages. Administrative data","2003","2003","PER","Persons","0","Units",,,1000589,,
"BE002","Antwerp","T_T","Population, All ages. Administrative data","2004","2004","PER","Persons","0","Units",,,1004980,,
"BE002","Antwerp","T_T","Population, All ages. Administrative data","2005","2005","PER","Persons","0","Units",,,1009456,,
"BE002","Antwerp","T_T","Population, All ages. Administrative data","2006","2006","PER","Persons","0","Units",,,1015601,,
"BE002","Antwerp","T_T","Population, All ages. Administrative data","2007","2007","PER","Persons","0","Units",,,1022230,,
"BE002","Antwerp","T_T","Population, All ages. Administrative data","2008","2008","PER","Persons","0","Units",,,1030939,,
"BE002","Antwerp","T_T","Population, All ages. Administrative data","2009","2009","PER","Persons","0","Units",,,1039338,,
"BE002","Antwerp","T_T","Population, All ages. Administrative data","2010","2010","PER","Persons","0","Units",,,1047451,,
"BE002","Antwerp","T_T","Population, All ages. Administrative data","2011","2011","PER","Persons","0","Units",,,1060676,,
"BE002","Antwerp","T_T","Population, All ages. Administrative data","2012","2012","PER","Persons","0","Units",,,1072781,,
"BE002","Antwerp","T_T","Population, All ages. Administrative data","2013","2013","PER","Persons","0","Units",,,1080294,,
"BE002","Antwerp","T_T","Population, All ages. Administrative data","2014","2014","PER","Persons","0","Units",,,1085638,,
"BE002","Antwerp","T_T","Population, All ages. Administrative data","2015","2015","PER","Persons","0","Units",,,1091186,,
"BE002","Antwerp","T_T","Population, All ages. Administrative data","2016","2016","PER","Persons","0","Units",,,1097788,,
"ES020","Cordoba","POP_DEN","Population density (pop. per km2)","2000","2000","PER","Persons","0","Units",,,183,,
"ES020","Cordoba","POP_DEN","Population density (pop. per km2)","2001","2001","PER","Persons","0","Units",,,183,,
"ES020","Cordoba","POP_DEN","Population density (pop. per km2)","2002","2002","PER","Persons","0","Units",,,184,,
"ES020","Cordoba","POP_DEN","Population density (pop. per km2)","2003","2003","PER","Persons","0","Units",,,184,,
"ES020","Cordoba","POP_DEN","Population density (pop. per km2)","2004","2004","PER","Persons","0","Units",,,185,,
"ES020","Cordoba","POP_DEN","Population density (pop. per km2)","2005","2005","PER","Persons","0","Units",,,186,,
"ES020","Cordoba","POP_DEN","Population density (pop. per km2)","2006","2006","PER","Persons","0","Units",,,186,,
"ES020","Cordoba","POP_DEN","Population density (pop. per km2)","2007","2007","PER","Persons","0","Units",,,187,,
"ES020","Cordoba","POP_DEN","Population density (pop. per km2)","2008","2008","PER","Persons","0","Units",,,187,,
"ES020","Cordoba","POP_DEN","Population density (pop. per km2)","2009","2009","PER","Persons","0","Units",,,188,,
"ES020","Cordoba","POP_DEN","Population density (pop. per km2)","2010","2010","PER","Persons","0","Units",,,188,,
"ES020","Cordoba","POP_DEN","Population density (pop. per km2)","2011","2011","PER","Persons","0","Units",,,189,,
"ES020","Cordoba","POP_DEN","Population density (pop. per km2)","2012","2012","PER","Persons","0","Units",,,189,,
"ES020","Cordoba","POP_DEN","Population density (pop. per km2)","2013","2013","PER","Persons","0","Units",,,190,,
"ES020","Cordoba","POP_DEN","Population density (pop. per km2)","2014","2014","PER","Persons","0","Units",,,190,,
"ES020","Cordoba","POP_DEN","Population density (pop. per km2)","2015","2015","PER","Persons","0","Units",,,191,,
"ES020","Cordoba","POP_DEN","Population density (pop. per km2)","2016","2016","PER","Persons","0","Units",,,191,,
"MEX26","Xalapa","T_T","Population, All ages. Administrative data","2000","2000","PER","Persons","0","Units",,,634339,,
"MEX26","Xalapa","T_T","Population, All ages. Administrative data","2005","2005","PER","Persons","0","Units",,,646250,,
"MEX26","Xalapa","T_T","Population, All ages. Administrative data","2010","2010","PER","Persons","0","Units",,,713763,,
"MEX26","Xalapa","T_T","Population, All ages. Administrative data","2015","2015","PER","Persons","0","Units",,,846231,,
"JPN30","Tokushima","T_T_SH_NAT","Share of population  in metropolitan area over the national value","2001","2001","RATIO","Ratio","0","Units",,,0.5,,
"JPN30","Tokushima","T_T_SH_NAT","Share of population  in metropolitan area over the national value","2002","2002","RATIO","Ratio","0","Units",,,0.5,,
"JPN30","Tokushima","T_T_SH_NAT","Share of population  in metropolitan area over the national value","2003","2003","RATIO","Ratio","0","Units",,,0.5,,
"JPN30","Tokushima","T_T_SH_NAT","Share of population  in metropolitan area over the national value","2004","2004","RATIO","Ratio","0","Units",,,0.5,,
"JPN30","Tokushima","T_T_SH_NAT","Share of population  in metropolitan area over the national value","2005","2005","RATIO","Ratio","0","Units",,,0.5,,
"JPN30","Tokushima","T_T_SH_NAT","Share of population  in metropolitan area over the national value","2006","2006","RATIO","Ratio","0","Units",,,0.5,,
"JPN30","Tokushima","T_T_SH_NAT","Share of population  in metropolitan area over the national value","2007","2007","RATIO","Ratio","0","Units",,,0.5,,
"JPN30","Tokushima","T_T_SH_NAT","Share of population  in metropolitan area over the national value","2008","2008","RATIO","Ratio","0","Units",,,0.5,,
"JPN30","Tokushima","T_T_SH_NAT","Share of population  in metropolitan area over the national value","2009","2009","RATIO","Ratio","0","Units",,,0.5,,
"JPN30","Tokushima","T_T_SH_NAT","Share of population  in metropolitan area over the national value","2010","2010","RATIO","Ratio","0","Units",,,0.5,,
"JPN30","Tokushima","T_T_SH_NAT","Share of population  in metropolitan area over the national value","2011","2011","RATIO","Ratio","0","Units",,,0.5,,
"JPN30","Tokushima","T_T_SH_NAT","Share of population  in metropolitan area over the national value","2012","2012","RATIO","Ratio","0","Units",,,0.5,,
"JPN30","Tokushima","T_T_SH_NAT","Share of population  in metropolitan area over the national value","2013","2013","RATIO","Ratio","0","Units",,,0.5,,
"JPN30","Tokushima","T_T_SH_NAT","Share of population  in metropolitan area over the national value","2014","2014","RATIO","Ratio","0","Units",,,0.5,,
"JPN30","Tokushima","T_T_SH_NAT","Share of population  in metropolitan area over the national value","2015","2015","RATIO","Ratio","0","Units",,,0.4,,
"KOR03","Dalseong","POP_DEN","Population density (pop. per km2)","2000","2000","PER","Persons","0","Units",,,2580,,
"KOR03","Dalseong","POP_DEN","Population density (pop. per km2)","2001","2001","PER","Persons","0","Units",,,2603,,
"KOR03","Dalseong","POP_DEN","Population density (pop. per km2)","2002","2002","PER","Persons","0","Units",,,2627,,
"KOR03","Dalseong","POP_DEN","Population density (pop. per km2)","2003","2003","PER","Persons","0","Units",,,2651,,
"KOR03","Dalseong","POP_DEN","Population density (pop. per km2)","2004","2004","PER","Persons","0","Units",,,2675,,
"KOR03","Dalseong","POP_DEN","Population density (pop. per km2)","2005","2005","PER","Persons","0","Units",,,2699,,
"KOR03","Dalseong","POP_DEN","Population density (pop. per km2)","2006","2006","PER","Persons","0","Units",,,2723,,
"KOR03","Dalseong","POP_DEN","Population density (pop. per km2)","2007","2007","PER","Persons","0","Units",,,2747,,
"KOR03","Dalseong","POP_DEN","Population density (pop. per km2)","2008","2008","PER","Persons","0","Units",,,2771,,
"KOR03","Dalseong","POP_DEN","Population density (pop. per km2)","2009","2009","PER","Persons","0","Units",,,2794,,
"KOR03","Dalseong","POP_DEN","Population density (pop. per km2)","2010","2010","PER","Persons","0","Units",,,2818,,
"KOR03","Dalseong","POP_DEN","Population density (pop. per km2)","2011","2011","PER","Persons","0","Units",,,2842,,
"KOR03","Dalseong","POP_DEN","Population density (pop. per km2)","2012","2012","PER","Persons","0","Units",,,2840,,
"KOR03","Dalseong","POP_DEN","Population density (pop. per km2)","2013","2013","PER","Persons","0","Units",,,2836,,
"KOR03","Dalseong","POP_DEN","Population density (pop. per km2)","2014","2014","PER","Persons","0","Units",,,2826,,
"KOR03","Dalseong","POP_DEN","Population density (pop. per km2)","2015","2015","PER","Persons","0","Units",,,2820,,
"KOR03","Dalseong","POP_DEN","Population density (pop. per km2)","2016","2016","PER","Persons","0","Units",,,2816,,
"FR008","Nantes","T_T_SH_NAT","Share of population  in metropolitan area over the national value","2001","2001","RATIO","Ratio","0","Units",,,1.3,,
"FR008","Nantes","T_T_SH_NAT","Share of population  in metropolitan area over the national value","2002","2002","RATIO","Ratio","0","Units",,,1.3,,
"FR008","Nantes","T_T_SH_NAT","Share of population  in metropolitan area over the national value","2003","2003","RATIO","Ratio","0","Units",,,1.3,,
"FR008","Nantes","T_T_SH_NAT","Share of population  in metropolitan area over the national value","2004","2004","RATIO","Ratio","0","Units",,,1.3,,
"FR008","Nantes","T_T_SH_NAT","Share of population  in metropolitan area over the national value","2005","2005","RATIO","Ratio","0","Units",,,1.3,,
"FR008","Nantes","T_T_SH_NAT","Share of population  in metropolitan area over the national value","2006","2006","RATIO","Ratio","0","Units",,,1.3,,
"FR008","Nantes","T_T_SH_NAT","Share of population  in metropolitan area over the national value","2007","2007","RATIO","Ratio","0","Units",,,1.3,,
"FR008","Nantes","T_T_SH_NAT","Share of population  in metropolitan area over the national value","2008","2008","RATIO","Ratio","0","Units",,,1.3,,
"FR008","Nantes","T_T_SH_NAT","Share of population  in metropolitan area over the national value","2009","2009","RATIO","Ratio","0","Units",,,1.3,,
"FR008","Nantes","T_T_SH_NAT","Share of population  in metropolitan area over the national value","2010","2010","RATIO","Ratio","0","Units",,,1.4,,
"FR008","Nantes","T_T_SH_NAT","Share of population  in metropolitan area over the national value","2011","2011","RATIO","Ratio","0","Units",,,1.4,,
"FR008","Nantes","T_T_SH_NAT","Share of population  in metropolitan area over the national value","2012","2012","RATIO","Ratio","0","Units",,,1.4,,
"FR008","Nantes","T_T_SH_NAT","Share of population  in metropolitan area over the national value","2013","2013","RATIO","Ratio","0","Units",,,1.4,,
"FR008","Nantes","T_T_SH_NAT","Share of population  in metropolitan area over the national value","2014","2014","RATIO","Ratio","0","Units",,,1.4,,
"FR008","Nantes","T_T_SH_NAT","Share of population  in metropolitan area over the national value","2015","2015","RATIO","Ratio","0","Units",,,1.4,,
"USA85","Lancaster (PA)","T_T","Population, All ages. Administrative data","2000","2000","PER","Persons","0","Units",,,471955,,
"USA85","Lancaster (PA)","T_T","Population, All ages. Administrative data","2001","2001","PER","Persons","0","Units",,,475483,,
"USA85","Lancaster (PA)","T_T","Population, All ages. Administrative data","2002","2002","PER","Persons","0","Units",,,480118,,
"USA85","Lancaster (PA)","T_T","Population, All ages. Administrative data","2003","2003","PER","Persons","0","Units",,,485119,,
"USA85","Lancaster (PA)","T_T","Population, All ages. Administrative data","2004","2004","PER","Persons","0","Units",,,489977,,
"USA85","Lancaster (PA)","T_T","Population, All ages. Administrative data","2005","2005","PER","Persons","0","Units",,,494722,,
"USA85","Lancaster (PA)","T_T","Population, All ages. Administrative data","2006","2006","PER","Persons","0","Units",,,500922,,
"USA85","Lancaster (PA)","T_T","Population, All ages. Administrative data","2007","2007","PER","Persons","0","Units",,,506639,,
"USA85","Lancaster (PA)","T_T","Population, All ages. Administrative data","2008","2008","PER","Persons","0","Units",,,511957,,
"USA85","Lancaster (PA)","T_T","Population, All ages. Administrative data","2009","2009","PER","Persons","0","Units",,,516577,,
"USA85","Lancaster (PA)","T_T","Population, All ages. Administrative data","2010","2010","PER","Persons","0","Units",,,520307,,
"USA85","Lancaster (PA)","T_T","Population, All ages. Administrative data","2011","2011","PER","Persons","0","Units",,,523786,,
"USA85","Lancaster (PA)","T_T","Population, All ages. Administrative data","2012","2012","PER","Persons","0","Units",,,526870,,
"USA85","Lancaster (PA)","T_T","Population, All ages. Administrative data","2013","2013","PER","Persons","0","Units",,,530149,,
"USA85","Lancaster (PA)","T_T","Population, All ages. Administrative data","2014","2014","PER","Persons","0","Units",,,533746,,
"USA85","Lancaster (PA)","T_T","Population, All ages. Administrative data","2015","2015","PER","Persons","0","Units",,,536534,,
"USA85","Lancaster (PA)","T_T","Population, All ages. Administrative data","2016","2016","PER","Persons","0","Units",,,539137,,
"AT002","Graz","POP_DEN","Population density (pop. per km2)","2000","2000","PER","Persons","0","Units",,,303,,
"AT002","Graz","POP_DEN","Population density (pop. per km2)","2001","2001","PER","Persons","0","Units",,,306,,
"AT002","Graz","POP_DEN","Population density (pop. per km2)","2002","2002","PER","Persons","0","Units",,,309,,
"AT002","Graz","POP_DEN","Population density (pop. per km2)","2003","2003","PER","Persons","0","Units",,,312,,
"AT002","Graz","POP_DEN","Population density (pop. per km2)","2004","2004","PER","Persons","0","Units",,,315,,
"AT002","Graz","POP_DEN","Population density (pop. per km2)","2005","2005","PER","Persons","0","Units",,,318,,
"AT002","Graz","POP_DEN","Population density (pop. per km2)","2006","2006","PER","Persons","0","Units",,,321,,
"AT002","Graz","POP_DEN","Population density (pop. per km2)","2007","2007","PER","Persons","0","Units",,,324,,
"AT002","Graz","POP_DEN","Population density (pop. per km2)","2008","2008","PER","Persons","0","Units",,,327,,
"AT002","Graz","POP_DEN","Population density (pop. per km2)","2009","2009","PER","Persons","0","Units",,,330,,
"AT002","Graz","POP_DEN","Population density (pop. per km2)","2010","2010","PER","Persons","0","Units",,,333,,
"AT002","Graz","POP_DEN","Population density (pop. per km2)","2011","2011","PER","Persons","0","Units",,,337,,
"AT002","Graz","POP_DEN","Population density (pop. per km2)","2012","2012","PER","Persons","0","Units",,,341,,
"AT002","Graz","POP_DEN","Population density (pop. per km2)","2013","2013","PER","Persons","0","Units",,,345,,
"AT002","Graz","POP_DEN","Population density (pop. per km2)","2014","2014","PER","Persons","0","Units",,,349,,
"AT002","Graz","POP_DEN","Population density (pop. per km2)","2015","2015","PER","Persons","0","Units",,,353,,
"JPN38","Fujieda","T_T_SH_NAT","Share of population  in metropolitan area over the national value","2001","2001","RATIO","Ratio","0","Units",,,0.4,,
"JPN38","Fujieda","T_T_SH_NAT","Share of population  in metropolitan area over the national value","2002","2002","RATIO","Ratio","0","Units",,,0.4,,
"JPN38","Fujieda","T_T_SH_NAT","Share of population  in metropolitan area over the national value","2003","2003","RATIO","Ratio","0","Units",,,0.4,,
"JPN38","Fujieda","T_T_SH_NAT","Share of population  in metropolitan area over the national value","2004","2004","RATIO","Ratio","0","Units",,,0.4,,
"JPN38","Fujieda","T_T_SH_NAT","Share of population  in metropolitan area over the national value","2005","2005","RATIO","Ratio","0","Units",,,0.4,,
"JPN38","Fujieda","T_T_SH_NAT","Share of population  in metropolitan area over the national value","2006","2006","RATIO","Ratio","0","Units",,,0.4,,
"JPN38","Fujieda","T_T_SH_NAT","Share of population  in metropolitan area over the national value","2007","2007","RATIO","Ratio","0","Units",,,0.4,,
"JPN38","Fujieda","T_T_SH_NAT","Share of population  in metropolitan area over the national value","2008","2008","RATIO","Ratio","0","Units",,,0.4,,
"JPN38","Fujieda","T_T_SH_NAT","Share of population  in metropolitan area over the national value","2009","2009","RATIO","Ratio","0","Units",,,0.4,,
"JPN38","Fujieda","T_T_SH_NAT","Share of population  in metropolitan area over the national value","2010","2010","RATIO","Ratio","0","Units",,,0.4,,
"JPN38","Fujieda","T_T_SH_NAT","Share of population  in metropolitan area over the national value","2011","2011","RATIO","Ratio","0","Units",,,0.4,,
"JPN38","Fujieda","T_T_SH_NAT","Share of population  in metropolitan area over the national value","2012","2012","RATIO","Ratio","0","Units",,,0.4,,
"JPN38","Fujieda","T_T_SH_NAT","Share of population  in metropolitan area over the national value","2013","2013","RATIO","Ratio","0","Units",,,0.4,,
"JPN38","Fujieda","T_T_SH_NAT","Share of population  in metropolitan area over the national value","2014","2014","RATIO","Ratio","0","Units",,,0.4,,
"JPN38","Fujieda","T_T_SH_NAT","Share of population  in metropolitan area over the national value","2015","2015","RATIO","Ratio","0","Units",,,0.4,,
"CL017","Talca","T_T_SH_NAT","Share of population  in metropolitan area over the national value","2001","2001","RATIO","Ratio","0","Units",,,1.4,,
"CL017","Talca","T_T_SH_NAT","Share of population  in metropolitan area over the national value","2002","2002","RATIO","Ratio","0","Units",,,1.4,,
"CL017","Talca","T_T_SH_NAT","Share of population  in metropolitan area over the national value","2003","2003","RATIO","Ratio","0","Units",,,1.4,,
"CL017","Talca","T_T_SH_NAT","Share of population  in metropolitan area over the national value","2004","2004","RATIO","Ratio","0","Units",,,1.5,,
"CL017","Talca","T_T_SH_NAT","Share of population  in metropolitan area over the national value","2005","2005","RATIO","Ratio","0","Units",,,1.5,,
"CL017","Talca","T_T_SH_NAT","Share of population  in metropolitan area over the national value","2006","2006","RATIO","Ratio","0","Units",,,1.5,,
"CL017","Talca","T_T_SH_NAT","Share of population  in metropolitan area over the national value","2007","2007","RATIO","Ratio","0","Units",,,1.5,,
"CL017","Talca","T_T_SH_NAT","Share of population  in metropolitan area over the national value","2008","2008","RATIO","Ratio","0","Units",,,1.5,,
"CL017","Talca","T_T_SH_NAT","Share of population  in metropolitan area over the national value","2009","2009","RATIO","Ratio","0","Units",,,1.5,,
"CL017","Talca","T_T_SH_NAT","Share of population  in metropolitan area over the national value","2010","2010","RATIO","Ratio","0","Units",,,1.5,,
"CL017","Talca","T_T_SH_NAT","Share of population  in metropolitan area over the national value","2011","2011","RATIO","Ratio","0","Units",,,1.5,,
"CL017","Talca","T_T_SH_NAT","Share of population  in metropolitan area over the national value","2012","2012","RATIO","Ratio","0","Units",,,1.5,,
"CL017","Talca","T_T_SH_NAT","Share of population  in metropolitan area over the national value","2013","2013","RATIO","Ratio","0","Units",,,1.6,,
"CL017","Talca","T_T_SH_NAT","Share of population  in metropolitan area over the national value","2014","2014","RATIO","Ratio","0","Units",,,1.6,,
"CL017","Talca","T_T_SH_NAT","Share of population  in metropolitan area over the national value","2015","2015","RATIO","Ratio","0","Units",,,1.6,,
"CL017","Talca","T_T_SH_NAT","Share of population  in metropolitan area over the national value","2016","2016","RATIO","Ratio","0","Units",,,1.6,,
"MEX42","Nuevo Laredo","T_T","Population, All ages. Administrative data","2000","2000","PER","Persons","0","Units",,,354137,,
"MEX42","Nuevo Laredo","T_T","Population, All ages. Administrative data","2005","2005","PER","Persons","0","Units",,,345178,,
"MEX42","Nuevo Laredo","T_T","Population, All ages. Administrative data","2010","2010","PER","Persons","0","Units",,,363088,,
"MEX42","Nuevo Laredo","T_T","Population, All ages. Administrative data","2015","2015","PER","Persons","0","Units",,,426137,,
"USA43","Virginia Beach","POP_DEN","Population density (pop. per km2)","2000","2000","PER","Persons","0","Units",,,177,,
"USA43","Virginia Beach","POP_DEN","Population density (pop. per km2)","2001","2001","PER","Persons","0","Units",,,179,,
"USA43","Virginia Beach","POP_DEN","Population density (pop. per km2)","2002","2002","PER","Persons","0","Units",,,181,,
"USA43","Virginia Beach","POP_DEN","Population density (pop. per km2)","2003","2003","PER","Persons","0","Units",,,182,,
"USA43","Virginia Beach","POP_DEN","Population density (pop. per km2)","2004","2004","PER","Persons","0","Units",,,185,,
"USA43","Virginia Beach","POP_DEN","Population density (pop. per km2)","2005","2005","PER","Persons","0","Units",,,185,,
"USA43","Virginia Beach","POP_DEN","Population density (pop. per km2)","2006","2006","PER","Persons","0","Units",,,187,,
"USA43","Virginia Beach","POP_DEN","Population density (pop. per km2)","2007","2007","PER","Persons","0","Units",,,187,,
"USA43","Virginia Beach","POP_DEN","Population density (pop. per km2)","2008","2008","PER","Persons","0","Units",,,187,,
"USA43","Virginia Beach","POP_DEN","Population density (pop. per km2)","2009","2009","PER","Persons","0","Units",,,188,,
"USA43","Virginia Beach","POP_DEN","Population density (pop. per km2)","2010","2010","PER","Persons","0","Units",,,189,,
"USA43","Virginia Beach","POP_DEN","Population density (pop. per km2)","2011","2011","PER","Persons","0","Units",,,190,,
"USA43","Virginia Beach","POP_DEN","Population density (pop. per km2)","2012","2012","PER","Persons","0","Units",,,192,,
"USA43","Virginia Beach","POP_DEN","Population density (pop. per km2)","2013","2013","PER","Persons","0","Units",,,193,,
"USA43","Virginia Beach","POP_DEN","Population density (pop. per km2)","2014","2014","PER","Persons","0","Units",,,194,,
"USA43","Virginia Beach","POP_DEN","Population density (pop. per km2)","2015","2015","PER","Persons","0","Units",,,195,,
"USA43","Virginia Beach","POP_DEN","Population density (pop. per km2)","2016","2016","PER","Persons","0","Units",,,195,,
"USA131","Luzerne","T_T","Population, All ages. Administrative data","2000","2000","PER","Persons","0","Units",,,318842,,
"USA131","Luzerne","T_T","Population, All ages. Administrative data","2001","2001","PER","Persons","0","Units",,,316665,,
"USA131","Luzerne","T_T","Population, All ages. Administrative data","2002","2002","PER","Persons","0","Units",,,315711,,
"USA131","Luzerne","T_T","Population, All ages. Administrative data","2003","2003","PER","Persons","0","Units",,,315640,,
"USA131","Luzerne","T_T","Population, All ages. Administrative data","2004","2004","PER","Persons","0","Units",,,315439,,
"USA131","Luzerne","T_T","Population, All ages. Administrative data","2005","2005","PER","Persons","0","Units",,,316187,,
"USA131","Luzerne","T_T","Population, All ages. Administrative data","2006","2006","PER","Persons","0","Units",,,316837,,
"USA131","Luzerne","T_T","Population, All ages. Administrative data","2007","2007","PER","Persons","0","Units",,,318232,,
"USA131","Luzerne","T_T","Population, All ages. Administrative data","2008","2008","PER","Persons","0","Units",,,319210,,
"USA131","Luzerne","T_T","Population, All ages. Administrative data","2009","2009","PER","Persons","0","Units",,,320527,,
"USA131","Luzerne","T_T","Population, All ages. Administrative data","2010","2010","PER","Persons","0","Units",,,321006,,
"USA131","Luzerne","T_T","Population, All ages. Administrative data","2011","2011","PER","Persons","0","Units",,,320948,,
"USA131","Luzerne","T_T","Population, All ages. Administrative data","2012","2012","PER","Persons","0","Units",,,321154,,
"USA131","Luzerne","T_T","Population, All ages. Administrative data","2013","2013","PER","Persons","0","Units",,,319745,,
"USA131","Luzerne","T_T","Population, All ages. Administrative data","2014","2014","PER","Persons","0","Units",,,319206,,
"USA131","Luzerne","T_T","Population, All ages. Administrative data","2015","2015","PER","Persons","0","Units",,,318013,,
"USA131","Luzerne","T_T","Population, All ages. Administrative data","2016","2016","PER","Persons","0","Units",,,316801,,
"USA23","Orange","T_T_SH_NAT","Share of population  in metropolitan area over the national value","2001","2001","RATIO","Ratio","0","Units",,,0.6,,
"USA23","Orange","T_T_SH_NAT","Share of population  in metropolitan area over the national value","2002","2002","RATIO","Ratio","0","Units",,,0.6,,
"USA23","Orange","T_T_SH_NAT","Share of population  in metropolitan area over the national value","2003","2003","RATIO","Ratio","0","Units",,,0.6,,
"USA23","Orange","T_T_SH_NAT","Share of population  in metropolitan area over the national value","2004","2004","RATIO","Ratio","0","Units",,,0.6,,
"USA23","Orange","T_T_SH_NAT","Share of population  in metropolitan area over the national value","2005","2005","RATIO","Ratio","0","Units",,,0.7,,
"USA23","Orange","T_T_SH_NAT","Share of population  in metropolitan area over the national value","2006","2006","RATIO","Ratio","0","Units",,,0.7,,
"USA23","Orange","T_T_SH_NAT","Share of population  in metropolitan area over the national value","2007","2007","RATIO","Ratio","0","Units",,,0.7,,
"USA23","Orange","T_T_SH_NAT","Share of population  in metropolitan area over the national value","2008","2008","RATIO","Ratio","0","Units",,,0.7,,
"USA23","Orange","T_T_SH_NAT","Share of population  in metropolitan area over the national value","2009","2009","RATIO","Ratio","0","Units",,,0.7,,
"USA23","Orange","T_T_SH_NAT","Share of population  in metropolitan area over the national value","2010","2010","RATIO","Ratio","0","Units",,,0.7,,
"USA23","Orange","T_T_SH_NAT","Share of population  in metropolitan area over the national value","2011","2011","RATIO","Ratio","0","Units",,,0.7,,
"USA23","Orange","T_T_SH_NAT","Share of population  in metropolitan area over the national value","2012","2012","RATIO","Ratio","0","Units",,,0.7,,
"USA23","Orange","T_T_SH_NAT","Share of population  in metropolitan area over the national value","2013","2013","RATIO","Ratio","0","Units",,,0.7,,
"USA23","Orange","T_T_SH_NAT","Share of population  in metropolitan area over the national value","2014","2014","RATIO","Ratio","0","Units",,,0.7,,
"USA23","Orange","T_T_SH_NAT","Share of population  in metropolitan area over the national value","2015","2015","RATIO","Ratio","0","Units",,,0.8,,
"USA23","Orange","T_T_SH_NAT","Share of population  in metropolitan area over the national value","2016","2016","RATIO","Ratio","0","Units",,,0.8,,
"FI001","Helsinki","T_T_SH_NAT","Share of population  in metropolitan area over the national value","2001","2001","RATIO","Ratio","0","Units",,,24.1,,
"FI001","Helsinki","T_T_SH_NAT","Share of population  in metropolitan area over the national value","2002","2002","RATIO","Ratio","0","Units",,,24.2,,
"FI001","Helsinki","T_T_SH_NAT","Share of population  in metropolitan area over the national value","2003","2003","RATIO","Ratio","0","Units",,,24.4,,
"FI001","Helsinki","T_T_SH_NAT","Share of population  in metropolitan area over the national value","2004","2004","RATIO","Ratio","0","Units",,,24.5,,
"FI001","Helsinki","T_T_SH_NAT","Share of population  in metropolitan area over the national value","2005","2005","RATIO","Ratio","0","Units",,,24.6,,
"FI001","Helsinki","T_T_SH_NAT","Share of population  in metropolitan area over the national value","2006","2006","RATIO","Ratio","0","Units",,,24.8,,
"FI001","Helsinki","T_T_SH_NAT","Share of population  in metropolitan area over the national value","2007","2007","RATIO","Ratio","0","Units",,,25,,
"FI001","Helsinki","T_T_SH_NAT","Share of population  in metropolitan area over the national value","2008","2008","RATIO","Ratio","0","Units",,,25.2,,
"FI001","Helsinki","T_T_SH_NAT","Share of population  in metropolitan area over the national value","2009","2009","RATIO","Ratio","0","Units",,,25.4,,
"FI001","Helsinki","T_T_SH_NAT","Share of population  in metropolitan area over the national value","2010","2010","RATIO","Ratio","0","Units",,,25.5,,
"FI001","Helsinki","T_T_SH_NAT","Share of population  in metropolitan area over the national value","2011","2011","RATIO","Ratio","0","Units",,,25.7,,
"FI001","Helsinki","T_T_SH_NAT","Share of population  in metropolitan area over the national value","2012","2012","RATIO","Ratio","0","Units",,,25.9,,
"FI001","Helsinki","T_T_SH_NAT","Share of population  in metropolitan area over the national value","2013","2013","RATIO","Ratio","0","Units",,,26.1,,
"FI001","Helsinki","T_T_SH_NAT","Share of population  in metropolitan area over the national value","2014","2014","RATIO","Ratio","0","Units",,,26.3,,
"FI001","Helsinki","T_T_SH_NAT","Share of population  in metropolitan area over the national value","2015","2015","RATIO","Ratio","0","Units",,,26.6,,
"FI001","Helsinki","T_T_SH_NAT","Share of population  in metropolitan area over the national value","2016","2016","RATIO","Ratio","0","Units",,,26.8,,
"IE002","Cork","T_T","Population, All ages. Administrative data","2002","2002","PER","Persons","0","Units",,,313036,,
"IE002","Cork","T_T","Population, All ages. Administrative data","2003","2003","PER","Persons","0","Units",,,329177,,
"IE002","Cork","T_T","Population, All ages. Administrative data","2004","2004","PER","Persons","0","Units",,,345317,,
"IE002","Cork","T_T","Population, All ages. Administrative data","2005","2005","PER","Persons","0","Units",,,361456,,
"IE002","Cork","T_T","Population, All ages. Administrative data","2006","2006","PER","Persons","0","Units",,,377596,,
"IE002","Cork","T_T","Population, All ages. Administrative data","2007","2007","PER","Persons","0","Units",,,382419,,
"IE002","Cork","T_T","Population, All ages. Administrative data","2008","2008","PER","Persons","0","Units",,,387241,,
"IE002","Cork","T_T","Population, All ages. Administrative data","2009","2009","PER","Persons","0","Units",,,392063,,
"IE002","Cork","T_T","Population, All ages. Administrative data","2010","2010","PER","Persons","0","Units",,,396885,,
"IE002","Cork","T_T","Population, All ages. Administrative data","2011","2011","PER","Persons","0","Units",,,401708,,
"IE002","Cork","T_T","Population, All ages. Administrative data","2012","2012","PER","Persons","0","Units",,,407441,,
"IE002","Cork","T_T","Population, All ages. Administrative data","2013","2013","PER","Persons","0","Units",,,413176,,
"IE002","Cork","T_T","Population, All ages. Administrative data","2014","2014","PER","Persons","0","Units",,,418908,,
"IE002","Cork","T_T","Population, All ages. Administrative data","2015","2015","PER","Persons","0","Units",,,424643,,
"IE002","Cork","T_T","Population, All ages. Administrative data","2016","2016","PER","Persons","0","Units",,,430376,,
"DE007","Stuttgart","T_T","Population, All ages. Administrative data","2001","2001","PER","Persons","0","Units",,,2614440,,
"DE007","Stuttgart","T_T","Population, All ages. Administrative data","2002","2002","PER","Persons","0","Units",,,2635221,,
"DE007","Stuttgart","T_T","Population, All ages. Administrative data","2003","2003","PER","Persons","0","Units",,,2650666,,
"DE007","Stuttgart","T_T","Population, All ages. Administrative data","2004","2004","PER","Persons","0","Units",,,2658491,,
"DE007","Stuttgart","T_T","Population, All ages. Administrative data","2005","2005","PER","Persons","0","Units",,,2664723,,
"DE007","Stuttgart","T_T","Population, All ages. Administrative data","2006","2006","PER","Persons","0","Units",,,2668830,,
"DE007","Stuttgart","T_T","Population, All ages. Administrative data","2007","2007","PER","Persons","0","Units",,,2669895,,
"DE007","Stuttgart","T_T","Population, All ages. Administrative data","2008","2008","PER","Persons","0","Units",,,2673573,,
"DE007","Stuttgart","T_T","Population, All ages. Administrative data","2009","2009","PER","Persons","0","Units",,,2675578,,
"DE007","Stuttgart","T_T","Population, All ages. Administrative data","2010","2010","PER","Persons","0","Units",,,2674510,,
"DE007","Stuttgart","T_T","Population, All ages. Administrative data","2011","2011","PER","Persons","0","Units",,,2614346,,
"DE007","Stuttgart","T_T","Population, All ages. Administrative data","2012","2012","PER","Persons","0","Units",,,2627877,,
"DE007","Stuttgart","T_T","Population, All ages. Administrative data","2013","2013","PER","Persons","0","Units",,,2648143,,
"DE007","Stuttgart","T_T","Population, All ages. Administrative data","2014","2014","PER","Persons","0","Units",,,2669446,,
"DE007","Stuttgart","T_T","Population, All ages. Administrative data","2015","2015","PER","Persons","0","Units",,,2695020,,
"DE007","Stuttgart","T_T","Population, All ages. Administrative data","2016","2016","PER","Persons","0","Units",,,2736450,,
"UK009","Cardiff","POP_DEN","Population density (pop. per km2)","2001","2001","PER","Persons","0","Units",,,845,,
"UK009","Cardiff","POP_DEN","Population density (pop. per km2)","2002","2002","PER","Persons","0","Units",,,849,,
"UK009","Cardiff","POP_DEN","Population density (pop. per km2)","2003","2003","PER","Persons","0","Units",,,852,,
"UK009","Cardiff","POP_DEN","Population density (pop. per km2)","2004","2004","PER","Persons","0","Units",,,860,,
"UK009","Cardiff","POP_DEN","Population density (pop. per km2)","2005","2005","PER","Persons","0","Units",,,865,,
"UK009","Cardiff","POP_DEN","Population density (pop. per km2)","2006","2006","PER","Persons","0","Units",,,870,,
"UK009","Cardiff","POP_DEN","Population density (pop. per km2)","2007","2007","PER","Persons","0","Units",,,876,,
"UK009","Cardiff","POP_DEN","Population density (pop. per km2)","2008","2008","PER","Persons","0","Units",,,884,,
"UK009","Cardiff","POP_DEN","Population density (pop. per km2)","2009","2009","PER","Persons","0","Units",,,891,,
"UK009","Cardiff","POP_DEN","Population density (pop. per km2)","2010","2010","PER","Persons","0","Units",,,896,,
"UK009","Cardiff","POP_DEN","Population density (pop. per km2)","2011","2011","PER","Persons","0","Units",,,901,,
"UK009","Cardiff","POP_DEN","Population density (pop. per km2)","2012","2012","PER","Persons","0","Units",,,907,,
"UK009","Cardiff","POP_DEN","Population density (pop. per km2)","2013","2013","PER","Persons","0","Units",,,912,,
"UK009","Cardiff","POP_DEN","Population density (pop. per km2)","2014","2014","PER","Persons","0","Units",,,917,,
"UK009","Cardiff","POP_DEN","Population density (pop. per km2)","2015","2015","PER","Persons","0","Units",,,921,,
"UK009","Cardiff","POP_DEN","Population density (pop. per km2)","2016","2016","PER","Persons","0","Units",,,927,,
"JPN51","Aomori","POP_DEN","Population density (pop. per km2)","2000","2000","PER","Persons","0","Units",,,255,,
"JPN51","Aomori","POP_DEN","Population density (pop. per km2)","2001","2001","PER","Persons","0","Units",,,254,,
"JPN51","Aomori","POP_DEN","Population density (pop. per km2)","2002","2002","PER","Persons","0","Units",,,253,,
"JPN51","Aomori","POP_DEN","Population density (pop. per km2)","2003","2003","PER","Persons","0","Units",,,251,,
"JPN51","Aomori","POP_DEN","Population density (pop. per km2)","2004","2004","PER","Persons","0","Units",,,250,,
"JPN51","Aomori","POP_DEN","Population density (pop. per km2)","2005","2005","PER","Persons","0","Units",,,249,,
"JPN51","Aomori","POP_DEN","Population density (pop. per km2)","2006","2006","PER","Persons","0","Units",,,246,,
"JPN51","Aomori","POP_DEN","Population density (pop. per km2)","2007","2007","PER","Persons","0","Units",,,244,,
"JPN51","Aomori","POP_DEN","Population density (pop. per km2)","2008","2008","PER","Persons","0","Units",,,242,,
"JPN51","Aomori","POP_DEN","Population density (pop. per km2)","2009","2009","PER","Persons","0","Units",,,239,,
"JPN51","Aomori","POP_DEN","Population density (pop. per km2)","2010","2010","PER","Persons","0","Units",,,237,,
"JPN51","Aomori","POP_DEN","Population density (pop. per km2)","2011","2011","PER","Persons","0","Units",,,234,,
"JPN51","Aomori","POP_DEN","Population density (pop. per km2)","2012","2012","PER","Persons","0","Units",,,231,,
"JPN51","Aomori","POP_DEN","Population density (pop. per km2)","2013","2013","PER","Persons","0","Units",,,229,,
"JPN51","Aomori","POP_DEN","Population density (pop. per km2)","2014","2014","PER","Persons","0","Units",,,226,,
"JPN51","Aomori","POP_DEN","Population density (pop. per km2)","2015","2015","PER","Persons","0","Units",,,223,,
"ES025","Santa Cruz de Tenerife","T_T","Population, All ages. Administrative data","2000","2000","PER","Persons","0","Units",,,452717,,
"ES025","Santa Cruz de Tenerife","T_T","Population, All ages. Administrative data","2001","2001","PER","Persons","0","Units",,,455802,,
"ES025","Santa Cruz de Tenerife","T_T","Population, All ages. Administrative data","2002","2002","PER","Persons","0","Units",,,458887,,
"ES025","Santa Cruz de Tenerife","T_T","Population, All ages. Administrative data","2003","2003","PER","Persons","0","Units",,,461972,,
"ES025","Santa Cruz de Tenerife","T_T","Population, All ages. Administrative data","2004","2004","PER","Persons","0","Units",,,465057,,
"ES025","Santa Cruz de Tenerife","T_T","Population, All ages. Administrative data","2005","2005","PER","Persons","0","Units",,,468142,,
"ES025","Santa Cruz de Tenerife","T_T","Population, All ages. Administrative data","2006","2006","PER","Persons","0","Units",,,471226,,
"ES025","Santa Cruz de Tenerife","T_T","Population, All ages. Administrative data","2007","2007","PER","Persons","0","Units",,,474312,,
"ES025","Santa Cruz de Tenerife","T_T","Population, All ages. Administrative data","2008","2008","PER","Persons","0","Units",,,477396,,
"ES025","Santa Cruz de Tenerife","T_T","Population, All ages. Administrative data","2009","2009","PER","Persons","0","Units",,,480481,,
"ES025","Santa Cruz de Tenerife","T_T","Population, All ages. Administrative data","2010","2010","PER","Persons","0","Units",,,483565,,
"ES025","Santa Cruz de Tenerife","T_T","Population, All ages. Administrative data","2011","2011","PER","Persons","0","Units",,,486651,,
"ES025","Santa Cruz de Tenerife","T_T","Population, All ages. Administrative data","2012","2012","PER","Persons","0","Units",,,489735,,
"ES025","Santa Cruz de Tenerife","T_T","Population, All ages. Administrative data","2013","2013","PER","Persons","0","Units",,,492820,,
"ES025","Santa Cruz de Tenerife","T_T","Population, All ages. Administrative data","2014","2014","PER","Persons","0","Units",,,495905,,
"ES025","Santa Cruz de Tenerife","T_T","Population, All ages. Administrative data","2015","2015","PER","Persons","0","Units",,,498990,,
"ES025","Santa Cruz de Tenerife","T_T","Population, All ages. Administrative data","2016","2016","PER","Persons","0","Units",,,502075,,
"DE003","Munich","POP_DEN","Population density (pop. per km2)","2001","2001","PER","Persons","0","Units",,,445,,
"DE003","Munich","POP_DEN","Population density (pop. per km2)","2002","2002","PER","Persons","0","Units",,,452,,
"DE003","Munich","POP_DEN","Population density (pop. per km2)","2003","2003","PER","Persons","0","Units",,,455,,
"DE003","Munich","POP_DEN","Population density (pop. per km2)","2004","2004","PER","Persons","0","Units",,,459,,
"DE003","Munich","POP_DEN","Population density (pop. per km2)","2005","2005","PER","Persons","0","Units",,,461,,
"DE003","Munich","POP_DEN","Population density (pop. per km2)","2006","2006","PER","Persons","0","Units",,,464,,
"DE003","Munich","POP_DEN","Population density (pop. per km2)","2007","2007","PER","Persons","0","Units",,,472,,
"DE003","Munich","POP_DEN","Population density (pop. per km2)","2008","2008","PER","Persons","0","Units",,,477,,
"DE003","Munich","POP_DEN","Population density (pop. per km2)","2009","2009","PER","Persons","0","Units",,,481,,
"DE003","Munich","POP_DEN","Population density (pop. per km2)","2010","2010","PER","Persons","0","Units",,,483,,
"DE003","Munich","POP_DEN","Population density (pop. per km2)","2011","2011","PER","Persons","0","Units",,,482,,
"DE003","Munich","POP_DEN","Population density (pop. per km2)","2012","2012","PER","Persons","0","Units",,,490,,
"DE003","Munich","POP_DEN","Population density (pop. per km2)","2013","2013","PER","Persons","0","Units",,,497,,
"DE003","Munich","POP_DEN","Population density (pop. per km2)","2014","2014","PER","Persons","0","Units",,,504,,
"DE003","Munich","POP_DEN","Population density (pop. per km2)","2015","2015","PER","Persons","0","Units",,,510,,
"DE003","Munich","POP_DEN","Population density (pop. per km2)","2016","2016","PER","Persons","0","Units",,,519,,
"USA140","Boulder","POP_DEN","Population density (pop. per km2)","2000","2000","PER","Persons","0","Units",,,141,,
"USA140","Boulder","POP_DEN","Population density (pop. per km2)","2001","2001","PER","Persons","0","Units",,,145,,
"USA140","Boulder","POP_DEN","Population density (pop. per km2)","2002","2002","PER","Persons","0","Units",,,146,,
"USA140","Boulder","POP_DEN","Population density (pop. per km2)","2003","2003","PER","Persons","0","Units",,,145,,
"USA140","Boulder","POP_DEN","Population density (pop. per km2)","2004","2004","PER","Persons","0","Units",,,146,,
"USA140","Boulder","POP_DEN","Population density (pop. per km2)","2005","2005","PER","Persons","0","Units",,,146,,
"USA140","Boulder","POP_DEN","Population density (pop. per km2)","2006","2006","PER","Persons","0","Units",,,148,,
"USA140","Boulder","POP_DEN","Population density (pop. per km2)","2007","2007","PER","Persons","0","Units",,,150,,
"USA140","Boulder","POP_DEN","Population density (pop. per km2)","2008","2008","PER","Persons","0","Units",,,152,,
"USA140","Boulder","POP_DEN","Population density (pop. per km2)","2009","2009","PER","Persons","0","Units",,,153,,
"USA140","Boulder","POP_DEN","Population density (pop. per km2)","2010","2010","PER","Persons","0","Units",,,154,,
"USA140","Boulder","POP_DEN","Population density (pop. per km2)","2011","2011","PER","Persons","0","Units",,,157,,
"USA140","Boulder","POP_DEN","Population density (pop. per km2)","2012","2012","PER","Persons","0","Units",,,159,,
"USA140","Boulder","POP_DEN","Population density (pop. per km2)","2013","2013","PER","Persons","0","Units",,,161,,
"USA140","Boulder","POP_DEN","Population density (pop. per km2)","2014","2014","PER","Persons","0","Units",,,163,,
"USA140","Boulder","POP_DEN","Population density (pop. per km2)","2015","2015","PER","Persons","0","Units",,,166,,
"USA140","Boulder","POP_DEN","Population density (pop. per km2)","2016","2016","PER","Persons","0","Units",,,167,,
"MEX25","Reynosa","T_T_SH_NAT","Share of population  in metropolitan area over the national value","2005","2005","RATIO","Ratio","0","Units",,,0.6,,
"MEX25","Reynosa","T_T_SH_NAT","Share of population  in metropolitan area over the national value","2010","2010","RATIO","Ratio","0","Units",,,0.6,,
"MEX25","Reynosa","T_T_SH_NAT","Share of population  in metropolitan area over the national value","2015","2015","RATIO","Ratio","0","Units",,,0.7,,
"MEX48","Cordoba","T_T","Population, All ages. Administrative data","2000","2000","PER","Persons","0","Units",,,302163,,
"MEX48","Cordoba","T_T","Population, All ages. Administrative data","2005","2005","PER","Persons","0","Units",,,297673,,
"MEX48","Cordoba","T_T","Population, All ages. Administrative data","2010","2010","PER","Persons","0","Units",,,318831,,
"MEX48","Cordoba","T_T","Population, All ages. Administrative data","2015","2015","PER","Persons","0","Units",,,358180,,
"DE021","Gottingen","T_T_SH_NAT","Share of population  in metropolitan area over the national value","2001","2001","RATIO","Ratio","0","Units",,,0.5,,
"DE021","Gottingen","T_T_SH_NAT","Share of population  in metropolitan area over the national value","2002","2002","RATIO","Ratio","0","Units",,,0.5,,
"DE021","Gottingen","T_T_SH_NAT","Share of population  in metropolitan area over the national value","2003","2003","RATIO","Ratio","0","Units",,,0.5,,
"DE021","Gottingen","T_T_SH_NAT","Share of population  in metropolitan area over the national value","2004","2004","RATIO","Ratio","0","Units",,,0.5,,
"DE021","Gottingen","T_T_SH_NAT","Share of population  in metropolitan area over the national value","2005","2005","RATIO","Ratio","0","Units",,,0.5,,
"DE021","Gottingen","T_T_SH_NAT","Share of population  in metropolitan area over the national value","2006","2006","RATIO","Ratio","0","Units",,,0.5,,
"DE021","Gottingen","T_T_SH_NAT","Share of population  in metropolitan area over the national value","2007","2007","RATIO","Ratio","0","Units",,,0.5,,
"DE021","Gottingen","T_T_SH_NAT","Share of population  in metropolitan area over the national value","2008","2008","RATIO","Ratio","0","Units",,,0.5,,
"DE021","Gottingen","T_T_SH_NAT","Share of population  in metropolitan area over the national value","2009","2009","RATIO","Ratio","0","Units",,,0.5,,
"DE021","Gottingen","T_T_SH_NAT","Share of population  in metropolitan area over the national value","2010","2010","RATIO","Ratio","0","Units",,,0.5,,
"DE021","Gottingen","T_T_SH_NAT","Share of population  in metropolitan area over the national value","2011","2011","RATIO","Ratio","0","Units",,,0.5,,
"DE021","Gottingen","T_T_SH_NAT","Share of population  in metropolitan area over the national value","2012","2012","RATIO","Ratio","0","Units",,,0.5,,
"DE021","Gottingen","T_T_SH_NAT","Share of population  in metropolitan area over the national value","2013","2013","RATIO","Ratio","0","Units",,,0.5,,
"DE021","Gottingen","T_T_SH_NAT","Share of population  in metropolitan area over the national value","2014","2014","RATIO","Ratio","0","Units",,,0.5,,
"DE021","Gottingen","T_T_SH_NAT","Share of population  in metropolitan area over the national value","2015","2015","RATIO","Ratio","0","Units",,,0.5,,
"DE021","Gottingen","T_T_SH_NAT","Share of population  in metropolitan area over the national value","2016","2016","RATIO","Ratio","0","Units",,,0.5,,
"PL002","Lodz","T_T_SH_NAT","Share of population  in metropolitan area over the national value","2001","2001","RATIO","Ratio","0","Units",,,2.6,,
"PL002","Lodz","T_T_SH_NAT","Share of population  in metropolitan area over the national value","2002","2002","RATIO","Ratio","0","Units",,,2.6,,
"PL002","Lodz","T_T_SH_NAT","Share of population  in metropolitan area over the national value","2003","2003","RATIO","Ratio","0","Units",,,2.6,,
"PL002","Lodz","T_T_SH_NAT","Share of population  in metropolitan area over the national value","2004","2004","RATIO","Ratio","0","Units",,,2.5,,
"PL002","Lodz","T_T_SH_NAT","Share of population  in metropolitan area over the national value","2005","2005","RATIO","Ratio","0","Units",,,2.5,,
"PL002","Lodz","T_T_SH_NAT","Share of population  in metropolitan area over the national value","2006","2006","RATIO","Ratio","0","Units",,,2.5,,
"PL002","Lodz","T_T_SH_NAT","Share of population  in metropolitan area over the national value","2007","2007","RATIO","Ratio","0","Units",,,2.5,,
"PL002","Lodz","T_T_SH_NAT","Share of population  in metropolitan area over the national value","2008","2008","RATIO","Ratio","0","Units",,,2.5,,
"PL002","Lodz","T_T_SH_NAT","Share of population  in metropolitan area over the national value","2009","2009","RATIO","Ratio","0","Units",,,2.5,,
"PL002","Lodz","T_T_SH_NAT","Share of population  in metropolitan area over the national value","2010","2010","RATIO","Ratio","0","Units",,,2.5,,
"PL002","Lodz","T_T_SH_NAT","Share of population  in metropolitan area over the national value","2011","2011","RATIO","Ratio","0","Units",,,2.5,,
"PL002","Lodz","T_T_SH_NAT","Share of population  in metropolitan area over the national value","2012","2012","RATIO","Ratio","0","Units",,,2.5,,
"PL002","Lodz","T_T_SH_NAT","Share of population  in metropolitan area over the national value","2013","2013","RATIO","Ratio","0","Units",,,2.4,,
"PL002","Lodz","T_T_SH_NAT","Share of population  in metropolitan area over the national value","2014","2014","RATIO","Ratio","0","Units",,,2.4,,
"PL002","Lodz","T_T_SH_NAT","Share of population  in metropolitan area over the national value","2015","2015","RATIO","Ratio","0","Units",,,2.4,,
"PL002","Lodz","T_T_SH_NAT","Share of population  in metropolitan area over the national value","2016","2016","RATIO","Ratio","0","Units",,,2.4,,
"USA36","Jefferson (KY)","POP_DEN","Population density (pop. per km2)","2000","2000","PER","Persons","0","Units",,,89,,
"USA36","Jefferson (KY)","POP_DEN","Population density (pop. per km2)","2001","2001","PER","Persons","0","Units",,,90,,
"USA36","Jefferson (KY)","POP_DEN","Population density (pop. per km2)","2002","2002","PER","Persons","0","Units",,,90,,
"USA36","Jefferson (KY)","POP_DEN","Population density (pop. per km2)","2003","2003","PER","Persons","0","Units",,,91,,
"USA36","Jefferson (KY)","POP_DEN","Population density (pop. per km2)","2004","2004","PER","Persons","0","Units",,,92,,
"USA36","Jefferson (KY)","POP_DEN","Population density (pop. per km2)","2005","2005","PER","Persons","0","Units",,,93,,
"USA36","Jefferson (KY)","POP_DEN","Population density (pop. per km2)","2006","2006","PER","Persons","0","Units",,,94,,
"USA36","Jefferson (KY)","POP_DEN","Population density (pop. per km2)","2007","2007","PER","Persons","0","Units",,,95,,
"USA36","Jefferson (KY)","POP_DEN","Population density (pop. per km2)","2008","2008","PER","Persons","0","Units",,,96,,
"USA36","Jefferson (KY)","POP_DEN","Population density (pop. per km2)","2009","2009","PER","Persons","0","Units",,,97,,
"USA36","Jefferson (KY)","POP_DEN","Population density (pop. per km2)","2010","2010","PER","Persons","0","Units",,,98,,
"USA36","Jefferson (KY)","POP_DEN","Population density (pop. per km2)","2011","2011","PER","Persons","0","Units",,,98,,
"USA36","Jefferson (KY)","POP_DEN","Population density (pop. per km2)","2012","2012","PER","Persons","0","Units",,,99,,
"USA36","Jefferson (KY)","POP_DEN","Population density (pop. per km2)","2013","2013","PER","Persons","0","Units",,,100,,
"USA36","Jefferson (KY)","POP_DEN","Population density (pop. per km2)","2014","2014","PER","Persons","0","Units",,,100,,
"USA36","Jefferson (KY)","POP_DEN","Population density (pop. per km2)","2015","2015","PER","Persons","0","Units",,,101,,
"USA36","Jefferson (KY)","POP_DEN","Population density (pop. per km2)","2016","2016","PER","Persons","0","Units",,,101,,
"MEX28","Benito Juarez","T_T_SH_NAT","Share of population  in metropolitan area over the national value","2005","2005","RATIO","Ratio","0","Units",,,0.5,,
"MEX28","Benito Juarez","T_T_SH_NAT","Share of population  in metropolitan area over the national value","2010","2010","RATIO","Ratio","0","Units",,,0.6,,
"MEX28","Benito Juarez","T_T_SH_NAT","Share of population  in metropolitan area over the national value","2015","2015","RATIO","Ratio","0","Units",,,0.7,,
"UK559","Middlesbrough","T_T","Population, All ages. Administrative data","2001","2001","PER","Persons","0","Units",,,464187,,
"UK559","Middlesbrough","T_T","Population, All ages. Administrative data","2002","2002","PER","Persons","0","Units",,,463550,,
"UK559","Middlesbrough","T_T","Population, All ages. Administrative data","2003","2003","PER","Persons","0","Units",,,463314,,
"UK559","Middlesbrough","T_T","Population, All ages. Administrative data","2004","2004","PER","Persons","0","Units",,,462781,,
"UK559","Middlesbrough","T_T","Population, All ages. Administrative data","2005","2005","PER","Persons","0","Units",,,463044,,
"UK559","Middlesbrough","T_T","Population, All ages. Administrative data","2006","2006","PER","Persons","0","Units",,,463060,,
"UK559","Middlesbrough","T_T","Population, All ages. Administrative data","2007","2007","PER","Persons","0","Units",,,463067,,
"UK559","Middlesbrough","T_T","Population, All ages. Administrative data","2008","2008","PER","Persons","0","Units",,,463436,,
"UK559","Middlesbrough","T_T","Population, All ages. Administrative data","2009","2009","PER","Persons","0","Units",,,463118,,
"UK559","Middlesbrough","T_T","Population, All ages. Administrative data","2010","2010","PER","Persons","0","Units",,,463952,,
"UK559","Middlesbrough","T_T","Population, All ages. Administrative data","2011","2011","PER","Persons","0","Units",,,465356,,
"UK559","Middlesbrough","T_T","Population, All ages. Administrative data","2012","2012","PER","Persons","0","Units",,,466189,,
"UK559","Middlesbrough","T_T","Population, All ages. Administrative data","2013","2013","PER","Persons","0","Units",,,467304,,
"UK559","Middlesbrough","T_T","Population, All ages. Administrative data","2014","2014","PER","Persons","0","Units",,,468516,,
"UK559","Middlesbrough","T_T","Population, All ages. Administrative data","2015","2015","PER","Persons","0","Units",,,469762,,
"UK559","Middlesbrough","T_T","Population, All ages. Administrative data","2016","2016","PER","Persons","0","Units",,,471780,,
"ES013","Oviedo","T_T","Population, All ages. Administrative data","2000","2000","PER","Persons","0","Units",,,285898,,
"ES013","Oviedo","T_T","Population, All ages. Administrative data","2001","2001","PER","Persons","0","Units",,,287301,,
"ES013","Oviedo","T_T","Population, All ages. Administrative data","2002","2002","PER","Persons","0","Units",,,288704,,
"ES013","Oviedo","T_T","Population, All ages. Administrative data","2003","2003","PER","Persons","0","Units",,,290106,,
"ES013","Oviedo","T_T","Population, All ages. Administrative data","2004","2004","PER","Persons","0","Units",,,291508,,
"ES013","Oviedo","T_T","Population, All ages. Administrative data","2005","2005","PER","Persons","0","Units",,,292912,,
"ES013","Oviedo","T_T","Population, All ages. Administrative data","2006","2006","PER","Persons","0","Units",,,294314,,
"ES013","Oviedo","T_T","Population, All ages. Administrative data","2007","2007","PER","Persons","0","Units",,,295716,,
"ES013","Oviedo","T_T","Population, All ages. Administrative data","2008","2008","PER","Persons","0","Units",,,297119,,
"ES013","Oviedo","T_T","Population, All ages. Administrative data","2009","2009","PER","Persons","0","Units",,,298522,,
"ES013","Oviedo","T_T","Population, All ages. Administrative data","2010","2010","PER","Persons","0","Units",,,299925,,
"ES013","Oviedo","T_T","Population, All ages. Administrative data","2011","2011","PER","Persons","0","Units",,,301327,,
"ES013","Oviedo","T_T","Population, All ages. Administrative data","2012","2012","PER","Persons","0","Units",,,302729,,
"ES013","Oviedo","T_T","Population, All ages. Administrative data","2013","2013","PER","Persons","0","Units",,,304133,,
"ES013","Oviedo","T_T","Population, All ages. Administrative data","2014","2014","PER","Persons","0","Units",,,305535,,
"ES013","Oviedo","T_T","Population, All ages. Administrative data","2015","2015","PER","Persons","0","Units",,,306937,,
"ES013","Oviedo","T_T","Population, All ages. Administrative data","2016","2016","PER","Persons","0","Units",,,308340,,
"USA30","Austin","T_T_SH_NAT","Share of population  in metropolitan area over the national value","2001","2001","RATIO","Ratio","0","Units",,,0.5,,
"USA30","Austin","T_T_SH_NAT","Share of population  in metropolitan area over the national value","2002","2002","RATIO","Ratio","0","Units",,,0.5,,
"USA30","Austin","T_T_SH_NAT","Share of population  in metropolitan area over the national value","2003","2003","RATIO","Ratio","0","Units",,,0.5,,
"USA30","Austin","T_T_SH_NAT","Share of population  in metropolitan area over the national value","2004","2004","RATIO","Ratio","0","Units",,,0.5,,
"USA30","Austin","T_T_SH_NAT","Share of population  in metropolitan area over the national value","2005","2005","RATIO","Ratio","0","Units",,,0.5,,
"USA30","Austin","T_T_SH_NAT","Share of population  in metropolitan area over the national value","2006","2006","RATIO","Ratio","0","Units",,,0.5,,
"USA30","Austin","T_T_SH_NAT","Share of population  in metropolitan area over the national value","2007","2007","RATIO","Ratio","0","Units",,,0.5,,
"USA30","Austin","T_T_SH_NAT","Share of population  in metropolitan area over the national value","2008","2008","RATIO","Ratio","0","Units",,,0.5,,
"USA30","Austin","T_T_SH_NAT","Share of population  in metropolitan area over the national value","2009","2009","RATIO","Ratio","0","Units",,,0.6,,
"USA30","Austin","T_T_SH_NAT","Share of population  in metropolitan area over the national value","2010","2010","RATIO","Ratio","0","Units",,,0.6,,
"USA30","Austin","T_T_SH_NAT","Share of population  in metropolitan area over the national value","2011","2011","RATIO","Ratio","0","Units",,,0.6,,
"USA30","Austin","T_T_SH_NAT","Share of population  in metropolitan area over the national value","2012","2012","RATIO","Ratio","0","Units",,,0.6,,
"USA30","Austin","T_T_SH_NAT","Share of population  in metropolitan area over the national value","2013","2013","RATIO","Ratio","0","Units",,,0.6,,
"USA30","Austin","T_T_SH_NAT","Share of population  in metropolitan area over the national value","2014","2014","RATIO","Ratio","0","Units",,,0.6,,
"USA30","Austin","T_T_SH_NAT","Share of population  in metropolitan area over the national value","2015","2015","RATIO","Ratio","0","Units",,,0.6,,
"USA30","Austin","T_T_SH_NAT","Share of population  in metropolitan area over the national value","2016","2016","RATIO","Ratio","0","Units",,,0.6,,
"FR038","Le Mans","T_T_SH_NAT","Share of population  in metropolitan area over the national value","2001","2001","RATIO","Ratio","0","Units",,,0.6,,
"FR038","Le Mans","T_T_SH_NAT","Share of population  in metropolitan area over the national value","2002","2002","RATIO","Ratio","0","Units",,,0.6,,
"FR038","Le Mans","T_T_SH_NAT","Share of population  in metropolitan area over the national value","2003","2003","RATIO","Ratio","0","Units",,,0.6,,
"FR038","Le Mans","T_T_SH_NAT","Share of population  in metropolitan area over the national value","2004","2004","RATIO","Ratio","0","Units",,,0.5,,
"FR038","Le Mans","T_T_SH_NAT","Share of population  in metropolitan area over the national value","2005","2005","RATIO","Ratio","0","Units",,,0.5,,
"FR038","Le Mans","T_T_SH_NAT","Share of population  in metropolitan area over the national value","2006","2006","RATIO","Ratio","0","Units",,,0.5,,
"FR038","Le Mans","T_T_SH_NAT","Share of population  in metropolitan area over the national value","2007","2007","RATIO","Ratio","0","Units",,,0.5,,
"FR038","Le Mans","T_T_SH_NAT","Share of population  in metropolitan area over the national value","2008","2008","RATIO","Ratio","0","Units",,,0.5,,
"FR038","Le Mans","T_T_SH_NAT","Share of population  in metropolitan area over the national value","2009","2009","RATIO","Ratio","0","Units",,,0.5,,
"FR038","Le Mans","T_T_SH_NAT","Share of population  in metropolitan area over the national value","2010","2010","RATIO","Ratio","0","Units",,,0.5,,
"FR038","Le Mans","T_T_SH_NAT","Share of population  in metropolitan area over the national value","2011","2011","RATIO","Ratio","0","Units",,,0.5,,
"FR038","Le Mans","T_T_SH_NAT","Share of population  in metropolitan area over the national value","2012","2012","RATIO","Ratio","0","Units",,,0.5,,
"FR038","Le Mans","T_T_SH_NAT","Share of population  in metropolitan area over the national value","2013","2013","RATIO","Ratio","0","Units",,,0.5,,
"FR038","Le Mans","T_T_SH_NAT","Share of population  in metropolitan area over the national value","2014","2014","RATIO","Ratio","0","Units",,,0.5,,
"FR038","Le Mans","T_T_SH_NAT","Share of population  in metropolitan area over the national value","2015","2015","RATIO","Ratio","0","Units",,,0.5,,
"JPN31","Numazu","T_T","Population, All ages. Administrative data","2000","2000","PER","Persons","0","Units",,,568959,,
"JPN31","Numazu","T_T","Population, All ages. Administrative data","2001","2001","PER","Persons","0","Units",,,568981,,
"JPN31","Numazu","T_T","Population, All ages. Administrative data","2002","2002","PER","Persons","0","Units",,,569004,,
"JPN31","Numazu","T_T","Population, All ages. Administrative data","2003","2003","PER","Persons","0","Units",,,569027,,
"JPN31","Numazu","T_T","Population, All ages. Administrative data","2004","2004","PER","Persons","0","Units",,,569050,,
"JPN31","Numazu","T_T","Population, All ages. Administrative data","2005","2005","PER","Persons","0","Units",,,569072,,
"JPN31","Numazu","T_T","Population, All ages. Administrative data","2006","2006","PER","Persons","0","Units",,,567658,,
"JPN31","Numazu","T_T","Population, All ages. Administrative data","2007","2007","PER","Persons","0","Units",,,566245,,
"JPN31","Numazu","T_T","Population, All ages. Administrative data","2008","2008","PER","Persons","0","Units",,,564831,,
"JPN31","Numazu","T_T","Population, All ages. Administrative data","2009","2009","PER","Persons","0","Units",,,563418,,
"JPN31","Numazu","T_T","Population, All ages. Administrative data","2010","2010","PER","Persons","0","Units",,,562004,,
"JPN31","Numazu","T_T","Population, All ages. Administrative data","2011","2011","PER","Persons","0","Units",,,559122,,
"JPN31","Numazu","T_T","Population, All ages. Administrative data","2012","2012","PER","Persons","0","Units",,,556240,,
"JPN31","Numazu","T_T","Population, All ages. Administrative data","2013","2013","PER","Persons","0","Units",,,553358,,
"JPN31","Numazu","T_T","Population, All ages. Administrative data","2014","2014","PER","Persons","0","Units",,,550476,,
"JPN31","Numazu","T_T","Population, All ages. Administrative data","2015","2015","PER","Persons","0","Units",,,547594,,
"FR024","Limoges","T_T","Population, All ages. Administrative data","2000","2000","PER","Persons","0","Units",,,287090,,
"FR024","Limoges","T_T","Population, All ages. Administrative data","2001","2001","PER","Persons","0","Units",,,289167,,
"FR024","Limoges","T_T","Population, All ages. Administrative data","2002","2002","PER","Persons","0","Units",,,291241,,
"FR024","Limoges","T_T","Population, All ages. Administrative data","2003","2003","PER","Persons","0","Units",,,293317,,
"FR024","Limoges","T_T","Population, All ages. Administrative data","2004","2004","PER","Persons","0","Units",,,295393,,
"FR024","Limoges","T_T","Population, All ages. Administrative data","2005","2005","PER","Persons","0","Units",,,297468,,
"FR024","Limoges","T_T","Population, All ages. Administrative data","2006","2006","PER","Persons","0","Units",,,299544,,
"FR024","Limoges","T_T","Population, All ages. Administrative data","2007","2007","PER","Persons","0","Units",,,301618,,
"FR024","Limoges","T_T","Population, All ages. Administrative data","2008","2008","PER","Persons","0","Units",,,303695,,
"FR024","Limoges","T_T","Population, All ages. Administrative data","2009","2009","PER","Persons","0","Units",,,305770,,
"FR024","Limoges","T_T","Population, All ages. Administrative data","2010","2010","PER","Persons","0","Units",,,306326,,
"FR024","Limoges","T_T","Population, All ages. Administrative data","2011","2011","PER","Persons","0","Units",,,306881,,
"FR024","Limoges","T_T","Population, All ages. Administrative data","2012","2012","PER","Persons","0","Units",,,307437,,
"FR024","Limoges","T_T","Population, All ages. Administrative data","2013","2013","PER","Persons","0","Units",,,307992,,
"FR024","Limoges","T_T","Population, All ages. Administrative data","2014","2014","PER","Persons","0","Units",,,308548,,
"FR024","Limoges","T_T","Population, All ages. Administrative data","2015","2015","PER","Persons","0","Units",,,316068,,
"JPN26","Toyama","POP_DEN","Population density (pop. per km2)","2000","2000","PER","Persons","0","Units",,,306,,
"JPN26","Toyama","POP_DEN","Population density (pop. per km2)","2001","2001","PER","Persons","0","Units",,,307,,
"JPN26","Toyama","POP_DEN","Population density (pop. per km2)","2002","2002","PER","Persons","0","Units",,,307,,
"JPN26","Toyama","POP_DEN","Population density (pop. per km2)","2003","2003","PER","Persons","0","Units",,,307,,
"JPN26","Toyama","POP_DEN","Population density (pop. per km2)","2004","2004","PER","Persons","0","Units",,,307,,
"JPN26","Toyama","POP_DEN","Population density (pop. per km2)","2005","2005","PER","Persons","0","Units",,,307,,
"JPN26","Toyama","POP_DEN","Population density (pop. per km2)","2006","2006","PER","Persons","0","Units",,,307,,
"JPN26","Toyama","POP_DEN","Population density (pop. per km2)","2007","2007","PER","Persons","0","Units",,,306,,
"JPN26","Toyama","POP_DEN","Population density (pop. per km2)","2008","2008","PER","Persons","0","Units",,,306,,
"JPN26","Toyama","POP_DEN","Population density (pop. per km2)","2009","2009","PER","Persons","0","Units",,,306,,
"JPN26","Toyama","POP_DEN","Population density (pop. per km2)","2010","2010","PER","Persons","0","Units",,,305,,
"JPN26","Toyama","POP_DEN","Population density (pop. per km2)","2011","2011","PER","Persons","0","Units",,,304,,
"JPN26","Toyama","POP_DEN","Population density (pop. per km2)","2012","2012","PER","Persons","0","Units",,,304,,
"JPN26","Toyama","POP_DEN","Population density (pop. per km2)","2013","2013","PER","Persons","0","Units",,,303,,
"JPN26","Toyama","POP_DEN","Population density (pop. per km2)","2014","2014","PER","Persons","0","Units",,,302,,
"JPN26","Toyama","POP_DEN","Population density (pop. per km2)","2015","2015","PER","Persons","0","Units",,,301,,
"USA38","Davidson","T_T_SH_NAT","Share of population  in metropolitan area over the national value","2001","2001","RATIO","Ratio","0","Units",,,0.4,,
"USA38","Davidson","T_T_SH_NAT","Share of population  in metropolitan area over the national value","2002","2002","RATIO","Ratio","0","Units",,,0.4,,
"USA38","Davidson","T_T_SH_NAT","Share of population  in metropolitan area over the national value","2003","2003","RATIO","Ratio","0","Units",,,0.4,,
"USA38","Davidson","T_T_SH_NAT","Share of population  in metropolitan area over the national value","2004","2004","RATIO","Ratio","0","Units",,,0.4,,
"USA38","Davidson","T_T_SH_NAT","Share of population  in metropolitan area over the national value","2005","2005","RATIO","Ratio","0","Units",,,0.4,,
"USA38","Davidson","T_T_SH_NAT","Share of population  in metropolitan area over the national value","2006","2006","RATIO","Ratio","0","Units",,,0.4,,
"USA38","Davidson","T_T_SH_NAT","Share of population  in metropolitan area over the national value","2007","2007","RATIO","Ratio","0","Units",,,0.4,,
"USA38","Davidson","T_T_SH_NAT","Share of population  in metropolitan area over the national value","2008","2008","RATIO","Ratio","0","Units",,,0.4,,
"USA38","Davidson","T_T_SH_NAT","Share of population  in metropolitan area over the national value","2009","2009","RATIO","Ratio","0","Units",,,0.4,,
"USA38","Davidson","T_T_SH_NAT","Share of population  in metropolitan area over the national value","2010","2010","RATIO","Ratio","0","Units",,,0.4,,
"USA38","Davidson","T_T_SH_NAT","Share of population  in metropolitan area over the national value","2011","2011","RATIO","Ratio","0","Units",,,0.4,,
"USA38","Davidson","T_T_SH_NAT","Share of population  in metropolitan area over the national value","2012","2012","RATIO","Ratio","0","Units",,,0.4,,
"USA38","Davidson","T_T_SH_NAT","Share of population  in metropolitan area over the national value","2013","2013","RATIO","Ratio","0","Units",,,0.4,,
"USA38","Davidson","T_T_SH_NAT","Share of population  in metropolitan area over the national value","2014","2014","RATIO","Ratio","0","Units",,,0.4,,
"USA38","Davidson","T_T_SH_NAT","Share of population  in metropolitan area over the national value","2015","2015","RATIO","Ratio","0","Units",,,0.4,,
"USA38","Davidson","T_T_SH_NAT","Share of population  in metropolitan area over the national value","2016","2016","RATIO","Ratio","0","Units",,,0.4,,
"ES007","Murcia","T_T","Population, All ages. Administrative data","2000","2000","PER","Persons","0","Units",,,484456,,
"ES007","Murcia","T_T","Population, All ages. Administrative data","2001","2001","PER","Persons","0","Units",,,492703,,
"ES007","Murcia","T_T","Population, All ages. Administrative data","2002","2002","PER","Persons","0","Units",,,500950,,
"ES007","Murcia","T_T","Population, All ages. Administrative data","2003","2003","PER","Persons","0","Units",,,509198,,
"ES007","Murcia","T_T","Population, All ages. Administrative data","2004","2004","PER","Persons","0","Units",,,517445,,
"ES007","Murcia","T_T","Population, All ages. Administrative data","2005","2005","PER","Persons","0","Units",,,525691,,
"ES007","Murcia","T_T","Population, All ages. Administrative data","2006","2006","PER","Persons","0","Units",,,533938,,
"ES007","Murcia","T_T","Population, All ages. Administrative data","2007","2007","PER","Persons","0","Units",,,542186,,
"ES007","Murcia","T_T","Population, All ages. Administrative data","2008","2008","PER","Persons","0","Units",,,550433,,
"ES007","Murcia","T_T","Population, All ages. Administrative data","2009","2009","PER","Persons","0","Units",,,558681,,
"ES007","Murcia","T_T","Population, All ages. Administrative data","2010","2010","PER","Persons","0","Units",,,566928,,
"ES007","Murcia","T_T","Population, All ages. Administrative data","2011","2011","PER","Persons","0","Units",,,575176,,
"ES007","Murcia","T_T","Population, All ages. Administrative data","2012","2012","PER","Persons","0","Units",,,583423,,
"ES007","Murcia","T_T","Population, All ages. Administrative data","2013","2013","PER","Persons","0","Units",,,591669,,
"ES007","Murcia","T_T","Population, All ages. Administrative data","2014","2014","PER","Persons","0","Units",,,599916,,
"ES007","Murcia","T_T","Population, All ages. Administrative data","2015","2015","PER","Persons","0","Units",,,608164,,
"ES007","Murcia","T_T","Population, All ages. Administrative data","2016","2016","PER","Persons","0","Units",,,616411,,
"USA69","Charleston","T_T_SH_NAT","Share of population  in metropolitan area over the national value","2001","2001","RATIO","Ratio","0","Units",,,0.2,,
"USA69","Charleston","T_T_SH_NAT","Share of population  in metropolitan area over the national value","2002","2002","RATIO","Ratio","0","Units",,,0.2,,
"USA69","Charleston","T_T_SH_NAT","Share of population  in metropolitan area over the national value","2003","2003","RATIO","Ratio","0","Units",,,0.2,,
"USA69","Charleston","T_T_SH_NAT","Share of population  in metropolitan area over the national value","2004","2004","RATIO","Ratio","0","Units",,,0.2,,
"USA69","Charleston","T_T_SH_NAT","Share of population  in metropolitan area over the national value","2005","2005","RATIO","Ratio","0","Units",,,0.2,,
"USA69","Charleston","T_T_SH_NAT","Share of population  in metropolitan area over the national value","2006","2006","RATIO","Ratio","0","Units",,,0.2,,
"USA69","Charleston","T_T_SH_NAT","Share of population  in metropolitan area over the national value","2007","2007","RATIO","Ratio","0","Units",,,0.2,,
"USA69","Charleston","T_T_SH_NAT","Share of population  in metropolitan area over the national value","2008","2008","RATIO","Ratio","0","Units",,,0.2,,
"USA69","Charleston","T_T_SH_NAT","Share of population  in metropolitan area over the national value","2009","2009","RATIO","Ratio","0","Units",,,0.2,,
"USA69","Charleston","T_T_SH_NAT","Share of population  in metropolitan area over the national value","2010","2010","RATIO","Ratio","0","Units",,,0.2,,
"USA69","Charleston","T_T_SH_NAT","Share of population  in metropolitan area over the national value","2011","2011","RATIO","Ratio","0","Units",,,0.2,,
"USA69","Charleston","T_T_SH_NAT","Share of population  in metropolitan area over the national value","2012","2012","RATIO","Ratio","0","Units",,,0.2,,
"USA69","Charleston","T_T_SH_NAT","Share of population  in metropolitan area over the national value","2013","2013","RATIO","Ratio","0","Units",,,0.2,,
"USA69","Charleston","T_T_SH_NAT","Share of population  in metropolitan area over the national value","2014","2014","RATIO","Ratio","0","Units",,,0.2,,
"USA69","Charleston","T_T_SH_NAT","Share of population  in metropolitan area over the national value","2015","2015","RATIO","Ratio","0","Units",,,0.2,,
"USA69","Charleston","T_T_SH_NAT","Share of population  in metropolitan area over the national value","2016","2016","RATIO","Ratio","0","Units",,,0.2,,
"CAN04","Ottawa","T_T_SH_NAT","Share of population  in metropolitan area over the national value","2001","2001","RATIO","Ratio","0","Units",,,4,,
"CAN04","Ottawa","T_T_SH_NAT","Share of population  in metropolitan area over the national value","2002","2002","RATIO","Ratio","0","Units",,,4,,
"CAN04","Ottawa","T_T_SH_NAT","Share of population  in metropolitan area over the national value","2003","2003","RATIO","Ratio","0","Units",,,4,,
"CAN04","Ottawa","T_T_SH_NAT","Share of population  in metropolitan area over the national value","2004","2004","RATIO","Ratio","0","Units",,,4,,
"CAN04","Ottawa","T_T_SH_NAT","Share of population  in metropolitan area over the national value","2005","2005","RATIO","Ratio","0","Units",,,4,,
"CAN04","Ottawa","T_T_SH_NAT","Share of population  in metropolitan area over the national value","2006","2006","RATIO","Ratio","0","Units",,,4,,
"CAN04","Ottawa","T_T_SH_NAT","Share of population  in metropolitan area over the national value","2007","2007","RATIO","Ratio","0","Units",,,4,,
"CAN04","Ottawa","T_T_SH_NAT","Share of population  in metropolitan area over the national value","2008","2008","RATIO","Ratio","0","Units",,,4.1,,
"CAN04","Ottawa","T_T_SH_NAT","Share of population  in metropolitan area over the national value","2009","2009","RATIO","Ratio","0","Units",,,4.1,,
"CAN04","Ottawa","T_T_SH_NAT","Share of population  in metropolitan area over the national value","2010","2010","RATIO","Ratio","0","Units",,,4,,
"CAN04","Ottawa","T_T_SH_NAT","Share of population  in metropolitan area over the national value","2011","2011","RATIO","Ratio","0","Units",,,4,,
"CAN04","Ottawa","T_T_SH_NAT","Share of population  in metropolitan area over the national value","2012","2012","RATIO","Ratio","0","Units",,,4,,
"CAN04","Ottawa","T_T_SH_NAT","Share of population  in metropolitan area over the national value","2013","2013","RATIO","Ratio","0","Units",,,4,,
"CAN04","Ottawa","T_T_SH_NAT","Share of population  in metropolitan area over the national value","2014","2014","RATIO","Ratio","0","Units",,,4,,
"CAN04","Ottawa","T_T_SH_NAT","Share of population  in metropolitan area over the national value","2015","2015","RATIO","Ratio","0","Units",,,4,,
"CAN04","Ottawa","T_T_SH_NAT","Share of population  in metropolitan area over the national value","2016","2016","RATIO","Ratio","0","Units",,,4,,
"USA25","Indianapolis","POP_DEN","Population density (pop. per km2)","2000","2000","PER","Persons","0","Units",,,158,,
"USA25","Indianapolis","POP_DEN","Population density (pop. per km2)","2001","2001","PER","Persons","0","Units",,,160,,
"USA25","Indianapolis","POP_DEN","Population density (pop. per km2)","2002","2002","PER","Persons","0","Units",,,162,,
"USA25","Indianapolis","POP_DEN","Population density (pop. per km2)","2003","2003","PER","Persons","0","Units",,,164,,
"USA25","Indianapolis","POP_DEN","Population density (pop. per km2)","2004","2004","PER","Persons","0","Units",,,166,,
"USA25","Indianapolis","POP_DEN","Population density (pop. per km2)","2005","2005","PER","Persons","0","Units",,,168,,
"USA25","Indianapolis","POP_DEN","Population density (pop. per km2)","2006","2006","PER","Persons","0","Units",,,171,,
"USA25","Indianapolis","POP_DEN","Population density (pop. per km2)","2007","2007","PER","Persons","0","Units",,,174,,
"USA25","Indianapolis","POP_DEN","Population density (pop. per km2)","2008","2008","PER","Persons","0","Units",,,176,,
"USA25","Indianapolis","POP_DEN","Population density (pop. per km2)","2009","2009","PER","Persons","0","Units",,,178,,
"USA25","Indianapolis","POP_DEN","Population density (pop. per km2)","2010","2010","PER","Persons","0","Units",,,180,,
"USA25","Indianapolis","POP_DEN","Population density (pop. per km2)","2011","2011","PER","Persons","0","Units",,,182,,
"USA25","Indianapolis","POP_DEN","Population density (pop. per km2)","2012","2012","PER","Persons","0","Units",,,183,,
"USA25","Indianapolis","POP_DEN","Population density (pop. per km2)","2013","2013","PER","Persons","0","Units",,,186,,
"USA25","Indianapolis","POP_DEN","Population density (pop. per km2)","2014","2014","PER","Persons","0","Units",,,187,,
"USA25","Indianapolis","POP_DEN","Population density (pop. per km2)","2015","2015","PER","Persons","0","Units",,,189,,
"USA25","Indianapolis","POP_DEN","Population density (pop. per km2)","2016","2016","PER","Persons","0","Units",,,191,,
"UK506","Doncaster","T_T","Population, All ages. Administrative data","2001","2001","PER","Persons","0","Units",,,286900,,
"UK506","Doncaster","T_T","Population, All ages. Administrative data","2002","2002","PER","Persons","0","Units",,,288647,,
"UK506","Doncaster","T_T","Population, All ages. Administrative data","2003","2003","PER","Persons","0","Units",,,290111,,
"UK506","Doncaster","T_T","Population, All ages. Administrative data","2004","2004","PER","Persons","0","Units",,,290850,,
"UK506","Doncaster","T_T","Population, All ages. Administrative data","2005","2005","PER","Persons","0","Units",,,292174,,
"UK506","Doncaster","T_T","Population, All ages. Administrative data","2006","2006","PER","Persons","0","Units",,,293990,,
"UK506","Doncaster","T_T","Population, All ages. Administrative data","2007","2007","PER","Persons","0","Units",,,296215,,
"UK506","Doncaster","T_T","Population, All ages. Administrative data","2008","2008","PER","Persons","0","Units",,,298388,,
"UK506","Doncaster","T_T","Population, All ages. Administrative data","2009","2009","PER","Persons","0","Units",,,300184,,
"UK506","Doncaster","T_T","Population, All ages. Administrative data","2010","2010","PER","Persons","0","Units",,,301299,,
"UK506","Doncaster","T_T","Population, All ages. Administrative data","2011","2011","PER","Persons","0","Units",,,302468,,
"UK506","Doncaster","T_T","Population, All ages. Administrative data","2012","2012","PER","Persons","0","Units",,,302920,,
"UK506","Doncaster","T_T","Population, All ages. Administrative data","2013","2013","PER","Persons","0","Units",,,303693,,
"UK506","Doncaster","T_T","Population, All ages. Administrative data","2014","2014","PER","Persons","0","Units",,,304398,,
"UK506","Doncaster","T_T","Population, All ages. Administrative data","2015","2015","PER","Persons","0","Units",,,305496,,
"UK506","Doncaster","T_T","Population, All ages. Administrative data","2016","2016","PER","Persons","0","Units",,,307374,,
"DE054","Constance","POP_DEN","Population density (pop. per km2)","2001","2001","PER","Persons","0","Units",,,324,,
"DE054","Constance","POP_DEN","Population density (pop. per km2)","2002","2002","PER","Persons","0","Units",,,327,,
"DE054","Constance","POP_DEN","Population density (pop. per km2)","2003","2003","PER","Persons","0","Units",,,330,,
"DE054","Constance","POP_DEN","Population density (pop. per km2)","2004","2004","PER","Persons","0","Units",,,332,,
"DE054","Constance","POP_DEN","Population density (pop. per km2)","2005","2005","PER","Persons","0","Units",,,334,,
"DE054","Constance","POP_DEN","Population density (pop. per km2)","2006","2006","PER","Persons","0","Units",,,335,,
"DE054","Constance","POP_DEN","Population density (pop. per km2)","2007","2007","PER","Persons","0","Units",,,335,,
"DE054","Constance","POP_DEN","Population density (pop. per km2)","2008","2008","PER","Persons","0","Units",,,335,,
"DE054","Constance","POP_DEN","Population density (pop. per km2)","2009","2009","PER","Persons","0","Units",,,336,,
"DE054","Constance","POP_DEN","Population density (pop. per km2)","2010","2010","PER","Persons","0","Units",,,338,,
"DE054","Constance","POP_DEN","Population density (pop. per km2)","2011","2011","PER","Persons","0","Units",,,325,,
"DE054","Constance","POP_DEN","Population density (pop. per km2)","2012","2012","PER","Persons","0","Units",,,327,,
"DE054","Constance","POP_DEN","Population density (pop. per km2)","2013","2013","PER","Persons","0","Units",,,329,,
"DE054","Constance","POP_DEN","Population density (pop. per km2)","2014","2014","PER","Persons","0","Units",,,333,,
"DE054","Constance","POP_DEN","Population density (pop. per km2)","2015","2015","PER","Persons","0","Units",,,336,,
"DE054","Constance","POP_DEN","Population density (pop. per km2)","2016","2016","PER","Persons","0","Units",,,341,,
"UK566","Norwich","T_T_SH_NAT","Share of population  in metropolitan area over the national value","2001","2001","RATIO","Ratio","0","Units",,,0.6,,
"UK566","Norwich","T_T_SH_NAT","Share of population  in metropolitan area over the national value","2002","2002","RATIO","Ratio","0","Units",,,0.6,,
"UK566","Norwich","T_T_SH_NAT","Share of population  in metropolitan area over the national value","2003","2003","RATIO","Ratio","0","Units",,,0.6,,
"UK566","Norwich","T_T_SH_NAT","Share of population  in metropolitan area over the national value","2004","2004","RATIO","Ratio","0","Units",,,0.6,,
"UK566","Norwich","T_T_SH_NAT","Share of population  in metropolitan area over the national value","2005","2005","RATIO","Ratio","0","Units",,,0.6,,
"UK566","Norwich","T_T_SH_NAT","Share of population  in metropolitan area over the national value","2006","2006","RATIO","Ratio","0","Units",,,0.6,,
"UK566","Norwich","T_T_SH_NAT","Share of population  in metropolitan area over the national value","2007","2007","RATIO","Ratio","0","Units",,,0.6,,
"UK566","Norwich","T_T_SH_NAT","Share of population  in metropolitan area over the national value","2008","2008","RATIO","Ratio","0","Units",,,0.6,,
"UK566","Norwich","T_T_SH_NAT","Share of population  in metropolitan area over the national value","2009","2009","RATIO","Ratio","0","Units",,,0.6,,
"UK566","Norwich","T_T_SH_NAT","Share of population  in metropolitan area over the national value","2010","2010","RATIO","Ratio","0","Units",,,0.6,,
"UK566","Norwich","T_T_SH_NAT","Share of population  in metropolitan area over the national value","2011","2011","RATIO","Ratio","0","Units",,,0.6,,
"UK566","Norwich","T_T_SH_NAT","Share of population  in metropolitan area over the national value","2012","2012","RATIO","Ratio","0","Units",,,0.6,,
"UK566","Norwich","T_T_SH_NAT","Share of population  in metropolitan area over the national value","2013","2013","RATIO","Ratio","0","Units",,,0.6,,
"UK566","Norwich","T_T_SH_NAT","Share of population  in metropolitan area over the national value","2014","2014","RATIO","Ratio","0","Units",,,0.6,,
"UK566","Norwich","T_T_SH_NAT","Share of population  in metropolitan area over the national value","2015","2015","RATIO","Ratio","0","Units",,,0.6,,
"UK566","Norwich","T_T_SH_NAT","Share of population  in metropolitan area over the national value","2016","2016","RATIO","Ratio","0","Units",,,0.6,,
"LT002","Kaunas","T_T_SH_NAT","Share of population  in metropolitan area over the national value","2001","2001","RATIO","Ratio","0","Units",,,13.2,,
"LT002","Kaunas","T_T_SH_NAT","Share of population  in metropolitan area over the national value","2002","2002","RATIO","Ratio","0","Units",,,13.2,,
"LT002","Kaunas","T_T_SH_NAT","Share of population  in metropolitan area over the national value","2003","2003","RATIO","Ratio","0","Units",,,13.2,,
"LT002","Kaunas","T_T_SH_NAT","Share of population  in metropolitan area over the national value","2004","2004","RATIO","Ratio","0","Units",,,13.2,,
"LT002","Kaunas","T_T_SH_NAT","Share of population  in metropolitan area over the national value","2005","2005","RATIO","Ratio","0","Units",,,13.1,,
"LT002","Kaunas","T_T_SH_NAT","Share of population  in metropolitan area over the national value","2006","2006","RATIO","Ratio","0","Units",,,13.1,,
"LT002","Kaunas","T_T_SH_NAT","Share of population  in metropolitan area over the national value","2007","2007","RATIO","Ratio","0","Units",,,13.2,,
"LT002","Kaunas","T_T_SH_NAT","Share of population  in metropolitan area over the national value","2008","2008","RATIO","Ratio","0","Units",,,13.2,,
"LT002","Kaunas","T_T_SH_NAT","Share of population  in metropolitan area over the national value","2009","2009","RATIO","Ratio","0","Units",,,13.2,,
"LT002","Kaunas","T_T_SH_NAT","Share of population  in metropolitan area over the national value","2010","2010","RATIO","Ratio","0","Units",,,13.3,,
"LT002","Kaunas","T_T_SH_NAT","Share of population  in metropolitan area over the national value","2011","2011","RATIO","Ratio","0","Units",,,13.2,,
"LT002","Kaunas","T_T_SH_NAT","Share of population  in metropolitan area over the national value","2012","2012","RATIO","Ratio","0","Units",,,13.2,,
"LT002","Kaunas","T_T_SH_NAT","Share of population  in metropolitan area over the national value","2013","2013","RATIO","Ratio","0","Units",,,13.2,,
"LT002","Kaunas","T_T_SH_NAT","Share of population  in metropolitan area over the national value","2014","2014","RATIO","Ratio","0","Units",,,13.3,,
"LT002","Kaunas","T_T_SH_NAT","Share of population  in metropolitan area over the national value","2015","2015","RATIO","Ratio","0","Units",,,13.3,,
"LT002","Kaunas","T_T_SH_NAT","Share of population  in metropolitan area over the national value","2016","2016","RATIO","Ratio","0","Units",,,13.4,,
"COL14","Villavicencio","POP_DEN","Population density (pop. per km2)","2000","2000","PER","Persons","0","Units",,,256,,
"COL14","Villavicencio","POP_DEN","Population density (pop. per km2)","2001","2001","PER","Persons","0","Units",,,262,,
"COL14","Villavicencio","POP_DEN","Population density (pop. per km2)","2002","2002","PER","Persons","0","Units",,,268,,
"COL14","Villavicencio","POP_DEN","Population density (pop. per km2)","2003","2003","PER","Persons","0","Units",,,274,,
"COL14","Villavicencio","POP_DEN","Population density (pop. per km2)","2004","2004","PER","Persons","0","Units",,,281,,
"COL14","Villavicencio","POP_DEN","Population density (pop. per km2)","2005","2005","PER","Persons","0","Units",,,287,,
"COL14","Villavicencio","POP_DEN","Population density (pop. per km2)","2006","2006","PER","Persons","0","Units",,,293,,
"COL14","Villavicencio","POP_DEN","Population density (pop. per km2)","2007","2007","PER","Persons","0","Units",,,299,,
"COL14","Villavicencio","POP_DEN","Population density (pop. per km2)","2008","2008","PER","Persons","0","Units",,,306,,
"COL14","Villavicencio","POP_DEN","Population density (pop. per km2)","2009","2009","PER","Persons","0","Units",,,312,,
"COL14","Villavicencio","POP_DEN","Population density (pop. per km2)","2010","2010","PER","Persons","0","Units",,,318,,
"COL14","Villavicencio","POP_DEN","Population density (pop. per km2)","2011","2011","PER","Persons","0","Units",,,324,,
"COL14","Villavicencio","POP_DEN","Population density (pop. per km2)","2012","2012","PER","Persons","0","Units",,,331,,
"COL14","Villavicencio","POP_DEN","Population density (pop. per km2)","2013","2013","PER","Persons","0","Units",,,337,,
"COL14","Villavicencio","POP_DEN","Population density (pop. per km2)","2014","2014","PER","Persons","0","Units",,,343,,
"COL14","Villavicencio","POP_DEN","Population density (pop. per km2)","2015","2015","PER","Persons","0","Units",,,349,,
"USA48","Jefferson (AL)","T_T","Population, All ages. Administrative data","2000","2000","PER","Persons","0","Units",,,993496,,
"USA48","Jefferson (AL)","T_T","Population, All ages. Administrative data","2001","2001","PER","Persons","0","Units",,,997857,,
"USA48","Jefferson (AL)","T_T","Population, All ages. Administrative data","2002","2002","PER","Persons","0","Units",,,1001084,,
"USA48","Jefferson (AL)","T_T","Population, All ages. Administrative data","2003","2003","PER","Persons","0","Units",,,1008408,,
"USA48","Jefferson (AL)","T_T","Population, All ages. Administrative data","2004","2004","PER","Persons","0","Units",,,1014949,,
"USA48","Jefferson (AL)","T_T","Population, All ages. Administrative data","2005","2005","PER","Persons","0","Units",,,1022330,,
"USA48","Jefferson (AL)","T_T","Population, All ages. Administrative data","2006","2006","PER","Persons","0","Units",,,1034401,,
"USA48","Jefferson (AL)","T_T","Population, All ages. Administrative data","2007","2007","PER","Persons","0","Units",,,1041937,,
"USA48","Jefferson (AL)","T_T","Population, All ages. Administrative data","2008","2008","PER","Persons","0","Units",,,1051157,,
"USA48","Jefferson (AL)","T_T","Population, All ages. Administrative data","2009","2009","PER","Persons","0","Units",,,1058846,,
"USA48","Jefferson (AL)","T_T","Population, All ages. Administrative data","2010","2010","PER","Persons","0","Units",,,1062258,,
"USA48","Jefferson (AL)","T_T","Population, All ages. Administrative data","2011","2011","PER","Persons","0","Units",,,1064024,,
"USA48","Jefferson (AL)","T_T","Population, All ages. Administrative data","2012","2012","PER","Persons","0","Units",,,1067150,,
"USA48","Jefferson (AL)","T_T","Population, All ages. Administrative data","2013","2013","PER","Persons","0","Units",,,1072025,,
"USA48","Jefferson (AL)","T_T","Population, All ages. Administrative data","2014","2014","PER","Persons","0","Units",,,1074787,,
"USA48","Jefferson (AL)","T_T","Population, All ages. Administrative data","2015","2015","PER","Persons","0","Units",,,1078251,,
"USA48","Jefferson (AL)","T_T","Population, All ages. Administrative data","2016","2016","PER","Persons","0","Units",,,1080425,,
"AUS02","Greater Melbourne","POP_DEN","Population density (pop. per km2)","2001","2001","PER","Persons","0","Units",,,350,,
"AUS02","Greater Melbourne","POP_DEN","Population density (pop. per km2)","2002","2002","PER","Persons","0","Units",,,354,,
"AUS02","Greater Melbourne","POP_DEN","Population density (pop. per km2)","2003","2003","PER","Persons","0","Units",,,359,,
"AUS02","Greater Melbourne","POP_DEN","Population density (pop. per km2)","2004","2004","PER","Persons","0","Units",,,364,,
"AUS02","Greater Melbourne","POP_DEN","Population density (pop. per km2)","2005","2005","PER","Persons","0","Units",,,369,,
"AUS02","Greater Melbourne","POP_DEN","Population density (pop. per km2)","2006","2006","PER","Persons","0","Units",,,376,,
"AUS02","Greater Melbourne","POP_DEN","Population density (pop. per km2)","2007","2007","PER","Persons","0","Units",,,384,,
"AUS02","Greater Melbourne","POP_DEN","Population density (pop. per km2)","2008","2008","PER","Persons","0","Units",,,393,,
"AUS02","Greater Melbourne","POP_DEN","Population density (pop. per km2)","2009","2009","PER","Persons","0","Units",,,403,,
"AUS02","Greater Melbourne","POP_DEN","Population density (pop. per km2)","2010","2010","PER","Persons","0","Units",,,410,,
"AUS02","Greater Melbourne","POP_DEN","Population density (pop. per km2)","2011","2011","PER","Persons","0","Units",,,417,,
"AUS02","Greater Melbourne","POP_DEN","Population density (pop. per km2)","2012","2012","PER","Persons","0","Units",,,427,,
"AUS02","Greater Melbourne","POP_DEN","Population density (pop. per km2)","2013","2013","PER","Persons","0","Units",,,437,,
"AUS02","Greater Melbourne","POP_DEN","Population density (pop. per km2)","2014","2014","PER","Persons","0","Units",,,448,,
"AUS02","Greater Melbourne","POP_DEN","Population density (pop. per km2)","2015","2015","PER","Persons","0","Units",,,460,,
"AUS02","Greater Melbourne","POP_DEN","Population density (pop. per km2)","2016","2016","PER","Persons","0","Units",,,472,,
"USA29","Sacramento","T_T","Population, All ages. Administrative data","2000","2000","PER","Persons","0","Units",,,1807949,,
"USA29","Sacramento","T_T","Population, All ages. Administrative data","2001","2001","PER","Persons","0","Units",,,1866310,,
"USA29","Sacramento","T_T","Population, All ages. Administrative data","2002","2002","PER","Persons","0","Units",,,1923508,,
"USA29","Sacramento","T_T","Population, All ages. Administrative data","2003","2003","PER","Persons","0","Units",,,1970542,,
"USA29","Sacramento","T_T","Population, All ages. Administrative data","2004","2004","PER","Persons","0","Units",,,2008663,,
"USA29","Sacramento","T_T","Population, All ages. Administrative data","2005","2005","PER","Persons","0","Units",,,2034850,,
"USA29","Sacramento","T_T","Population, All ages. Administrative data","2006","2006","PER","Persons","0","Units",,,2057885,,
"USA29","Sacramento","T_T","Population, All ages. Administrative data","2007","2007","PER","Persons","0","Units",,,2082217,,
"USA29","Sacramento","T_T","Population, All ages. Administrative data","2008","2008","PER","Persons","0","Units",,,2108310,,
"USA29","Sacramento","T_T","Population, All ages. Administrative data","2009","2009","PER","Persons","0","Units",,,2132657,,
"USA29","Sacramento","T_T","Population, All ages. Administrative data","2010","2010","PER","Persons","0","Units",,,2153935,,
"USA29","Sacramento","T_T","Population, All ages. Administrative data","2011","2011","PER","Persons","0","Units",,,2174008,,
"USA29","Sacramento","T_T","Population, All ages. Administrative data","2012","2012","PER","Persons","0","Units",,,2192724,,
"USA29","Sacramento","T_T","Population, All ages. Administrative data","2013","2013","PER","Persons","0","Units",,,2213564,,
"USA29","Sacramento","T_T","Population, All ages. Administrative data","2014","2014","PER","Persons","0","Units",,,2239455,,
"USA29","Sacramento","T_T","Population, All ages. Administrative data","2015","2015","PER","Persons","0","Units",,,2266892,,
"USA29","Sacramento","T_T","Population, All ages. Administrative data","2016","2016","PER","Persons","0","Units",,,2295233,,
"USA88","Fayette","T_T_SH_NAT","Share of population  in metropolitan area over the national value","2001","2001","RATIO","Ratio","0","Units",,,0.2,,
"USA88","Fayette","T_T_SH_NAT","Share of population  in metropolitan area over the national value","2002","2002","RATIO","Ratio","0","Units",,,0.2,,
"USA88","Fayette","T_T_SH_NAT","Share of population  in metropolitan area over the national value","2003","2003","RATIO","Ratio","0","Units",,,0.2,,
"USA88","Fayette","T_T_SH_NAT","Share of population  in metropolitan area over the national value","2004","2004","RATIO","Ratio","0","Units",,,0.2,,
"USA88","Fayette","T_T_SH_NAT","Share of population  in metropolitan area over the national value","2005","2005","RATIO","Ratio","0","Units",,,0.2,,
"USA88","Fayette","T_T_SH_NAT","Share of population  in metropolitan area over the national value","2006","2006","RATIO","Ratio","0","Units",,,0.2,,
"USA88","Fayette","T_T_SH_NAT","Share of population  in metropolitan area over the national value","2007","2007","RATIO","Ratio","0","Units",,,0.2,,
"USA88","Fayette","T_T_SH_NAT","Share of population  in metropolitan area over the national value","2008","2008","RATIO","Ratio","0","Units",,,0.2,,
"USA88","Fayette","T_T_SH_NAT","Share of population  in metropolitan area over the national value","2009","2009","RATIO","Ratio","0","Units",,,0.2,,
"USA88","Fayette","T_T_SH_NAT","Share of population  in metropolitan area over the national value","2010","2010","RATIO","Ratio","0","Units",,,0.2,,
"USA88","Fayette","T_T_SH_NAT","Share of population  in metropolitan area over the national value","2011","2011","RATIO","Ratio","0","Units",,,0.2,,
"USA88","Fayette","T_T_SH_NAT","Share of population  in metropolitan area over the national value","2012","2012","RATIO","Ratio","0","Units",,,0.2,,
"USA88","Fayette","T_T_SH_NAT","Share of population  in metropolitan area over the national value","2013","2013","RATIO","Ratio","0","Units",,,0.2,,
"USA88","Fayette","T_T_SH_NAT","Share of population  in metropolitan area over the national value","2014","2014","RATIO","Ratio","0","Units",,,0.2,,
"USA88","Fayette","T_T_SH_NAT","Share of population  in metropolitan area over the national value","2015","2015","RATIO","Ratio","0","Units",,,0.2,,
"USA88","Fayette","T_T_SH_NAT","Share of population  in metropolitan area over the national value","2016","2016","RATIO","Ratio","0","Units",,,0.2,,
"USA89","Spokane","POP_DEN","Population density (pop. per km2)","2000","2000","PER","Persons","0","Units",,,31,,
"USA89","Spokane","POP_DEN","Population density (pop. per km2)","2001","2001","PER","Persons","0","Units",,,31,,
"USA89","Spokane","POP_DEN","Population density (pop. per km2)","2002","2002","PER","Persons","0","Units",,,31,,
"USA89","Spokane","POP_DEN","Population density (pop. per km2)","2003","2003","PER","Persons","0","Units",,,32,,
"USA89","Spokane","POP_DEN","Population density (pop. per km2)","2004","2004","PER","Persons","0","Units",,,32,,
"USA89","Spokane","POP_DEN","Population density (pop. per km2)","2005","2005","PER","Persons","0","Units",,,32,,
"USA89","Spokane","POP_DEN","Population density (pop. per km2)","2006","2006","PER","Persons","0","Units",,,33,,
"USA89","Spokane","POP_DEN","Population density (pop. per km2)","2007","2007","PER","Persons","0","Units",,,33,,
"USA89","Spokane","POP_DEN","Population density (pop. per km2)","2008","2008","PER","Persons","0","Units",,,34,,
"USA89","Spokane","POP_DEN","Population density (pop. per km2)","2009","2009","PER","Persons","0","Units",,,34,,
"USA89","Spokane","POP_DEN","Population density (pop. per km2)","2010","2010","PER","Persons","0","Units",,,35,,
"USA89","Spokane","POP_DEN","Population density (pop. per km2)","2011","2011","PER","Persons","0","Units",,,35,,
"USA89","Spokane","POP_DEN","Population density (pop. per km2)","2012","2012","PER","Persons","0","Units",,,35,,
"USA89","Spokane","POP_DEN","Population density (pop. per km2)","2013","2013","PER","Persons","0","Units",,,35,,
"USA89","Spokane","POP_DEN","Population density (pop. per km2)","2014","2014","PER","Persons","0","Units",,,35,,
"USA89","Spokane","POP_DEN","Population density (pop. per km2)","2015","2015","PER","Persons","0","Units",,,36,,
"USA89","Spokane","POP_DEN","Population density (pop. per km2)","2016","2016","PER","Persons","0","Units",,,36,,
"DE017","Bielefeld","T_T_SH_NAT","Share of population  in metropolitan area over the national value","2001","2001","RATIO","Ratio","0","Units",,,0.4,,
"DE017","Bielefeld","T_T_SH_NAT","Share of population  in metropolitan area over the national value","2002","2002","RATIO","Ratio","0","Units",,,0.4,,
"DE017","Bielefeld","T_T_SH_NAT","Share of population  in metropolitan area over the national value","2003","2003","RATIO","Ratio","0","Units",,,0.4,,
"DE017","Bielefeld","T_T_SH_NAT","Share of population  in metropolitan area over the national value","2004","2004","RATIO","Ratio","0","Units",,,0.4,,
"DE017","Bielefeld","T_T_SH_NAT","Share of population  in metropolitan area over the national value","2005","2005","RATIO","Ratio","0","Units",,,0.4,,
"DE017","Bielefeld","T_T_SH_NAT","Share of population  in metropolitan area over the national value","2006","2006","RATIO","Ratio","0","Units",,,0.4,,
"DE017","Bielefeld","T_T_SH_NAT","Share of population  in metropolitan area over the national value","2007","2007","RATIO","Ratio","0","Units",,,0.4,,
"DE017","Bielefeld","T_T_SH_NAT","Share of population  in metropolitan area over the national value","2008","2008","RATIO","Ratio","0","Units",,,0.4,,
"DE017","Bielefeld","T_T_SH_NAT","Share of population  in metropolitan area over the national value","2009","2009","RATIO","Ratio","0","Units",,,0.4,,
"DE017","Bielefeld","T_T_SH_NAT","Share of population  in metropolitan area over the national value","2010","2010","RATIO","Ratio","0","Units",,,0.4,,
"DE017","Bielefeld","T_T_SH_NAT","Share of population  in metropolitan area over the national value","2011","2011","RATIO","Ratio","0","Units",,,0.4,,
"DE017","Bielefeld","T_T_SH_NAT","Share of population  in metropolitan area over the national value","2012","2012","RATIO","Ratio","0","Units",,,0.4,,
"DE017","Bielefeld","T_T_SH_NAT","Share of population  in metropolitan area over the national value","2013","2013","RATIO","Ratio","0","Units",,,0.4,,
"DE017","Bielefeld","T_T_SH_NAT","Share of population  in metropolitan area over the national value","2014","2014","RATIO","Ratio","0","Units",,,0.4,,
"DE017","Bielefeld","T_T_SH_NAT","Share of population  in metropolitan area over the national value","2015","2015","RATIO","Ratio","0","Units",,,0.4,,
"DE017","Bielefeld","T_T_SH_NAT","Share of population  in metropolitan area over the national value","2016","2016","RATIO","Ratio","0","Units",,,0.4,,
"USA152","Webb","POP_DEN","Population density (pop. per km2)","2000","2000","PER","Persons","0","Units",,,16,,
"USA152","Webb","POP_DEN","Population density (pop. per km2)","2001","2001","PER","Persons","0","Units",,,16,,
"USA152","Webb","POP_DEN","Population density (pop. per km2)","2002","2002","PER","Persons","0","Units",,,17,,
"USA152","Webb","POP_DEN","Population density (pop. per km2)","2003","2003","PER","Persons","0","Units",,,17,,
"USA152","Webb","POP_DEN","Population density (pop. per km2)","2004","2004","PER","Persons","0","Units",,,18,,
"USA152","Webb","POP_DEN","Population density (pop. per km2)","2005","2005","PER","Persons","0","Units",,,18,,
"USA152","Webb","POP_DEN","Population density (pop. per km2)","2006","2006","PER","Persons","0","Units",,,19,,
"USA152","Webb","POP_DEN","Population density (pop. per km2)","2007","2007","PER","Persons","0","Units",,,19,,
"USA152","Webb","POP_DEN","Population density (pop. per km2)","2008","2008","PER","Persons","0","Units",,,20,,
"USA152","Webb","POP_DEN","Population density (pop. per km2)","2009","2009","PER","Persons","0","Units",,,20,,
"USA152","Webb","POP_DEN","Population density (pop. per km2)","2010","2010","PER","Persons","0","Units",,,20,,
"USA152","Webb","POP_DEN","Population density (pop. per km2)","2011","2011","PER","Persons","0","Units",,,21,,
"USA152","Webb","POP_DEN","Population density (pop. per km2)","2012","2012","PER","Persons","0","Units",,,21,,
"USA152","Webb","POP_DEN","Population density (pop. per km2)","2013","2013","PER","Persons","0","Units",,,21,,
"USA152","Webb","POP_DEN","Population density (pop. per km2)","2014","2014","PER","Persons","0","Units",,,22,,
"USA152","Webb","POP_DEN","Population density (pop. per km2)","2015","2015","PER","Persons","0","Units",,,22,,
"USA152","Webb","POP_DEN","Population density (pop. per km2)","2016","2016","PER","Persons","0","Units",,,22,,
"FR026","Grenoble","T_T_SH_NAT","Share of population  in metropolitan area over the national value","2001","2001","RATIO","Ratio","0","Units",,,1,,
"FR026","Grenoble","T_T_SH_NAT","Share of population  in metropolitan area over the national value","2002","2002","RATIO","Ratio","0","Units",,,1,,
"FR026","Grenoble","T_T_SH_NAT","Share of population  in metropolitan area over the national value","2003","2003","RATIO","Ratio","0","Units",,,1,,
"FR026","Grenoble","T_T_SH_NAT","Share of population  in metropolitan area over the national value","2004","2004","RATIO","Ratio","0","Units",,,1,,
"FR026","Grenoble","T_T_SH_NAT","Share of population  in metropolitan area over the national value","2005","2005","RATIO","Ratio","0","Units",,,1,,
"FR026","Grenoble","T_T_SH_NAT","Share of population  in metropolitan area over the national value","2006","2006","RATIO","Ratio","0","Units",,,1,,
"FR026","Grenoble","T_T_SH_NAT","Share of population  in metropolitan area over the national value","2007","2007","RATIO","Ratio","0","Units",,,1,,
"FR026","Grenoble","T_T_SH_NAT","Share of population  in metropolitan area over the national value","2008","2008","RATIO","Ratio","0","Units",,,1,,
"FR026","Grenoble","T_T_SH_NAT","Share of population  in metropolitan area over the national value","2009","2009","RATIO","Ratio","0","Units",,,1,,
"FR026","Grenoble","T_T_SH_NAT","Share of population  in metropolitan area over the national value","2010","2010","RATIO","Ratio","0","Units",,,1,,
"FR026","Grenoble","T_T_SH_NAT","Share of population  in metropolitan area over the national value","2011","2011","RATIO","Ratio","0","Units",,,1,,
"FR026","Grenoble","T_T_SH_NAT","Share of population  in metropolitan area over the national value","2012","2012","RATIO","Ratio","0","Units",,,1,,
"FR026","Grenoble","T_T_SH_NAT","Share of population  in metropolitan area over the national value","2013","2013","RATIO","Ratio","0","Units",,,1,,
"FR026","Grenoble","T_T_SH_NAT","Share of population  in metropolitan area over the national value","2014","2014","RATIO","Ratio","0","Units",,,1,,
"FR026","Grenoble","T_T_SH_NAT","Share of population  in metropolitan area over the national value","2015","2015","RATIO","Ratio","0","Units",,,1,,
"USA134","Sebastian","T_T_SH_NAT","Share of population  in metropolitan area over the national value","2001","2001","RATIO","Ratio","0","Units",,,0.1,,
"USA134","Sebastian","T_T_SH_NAT","Share of population  in metropolitan area over the national value","2002","2002","RATIO","Ratio","0","Units",,,0.1,,
"USA134","Sebastian","T_T_SH_NAT","Share of population  in metropolitan area over the national value","2003","2003","RATIO","Ratio","0","Units",,,0.1,,
"USA134","Sebastian","T_T_SH_NAT","Share of population  in metropolitan area over the national value","2004","2004","RATIO","Ratio","0","Units",,,0.1,,
"USA134","Sebastian","T_T_SH_NAT","Share of population  in metropolitan area over the national value","2005","2005","RATIO","Ratio","0","Units",,,0.1,,
"USA134","Sebastian","T_T_SH_NAT","Share of population  in metropolitan area over the national value","2006","2006","RATIO","Ratio","0","Units",,,0.1,,
"USA134","Sebastian","T_T_SH_NAT","Share of population  in metropolitan area over the national value","2007","2007","RATIO","Ratio","0","Units",,,0.1,,
"USA134","Sebastian","T_T_SH_NAT","Share of population  in metropolitan area over the national value","2008","2008","RATIO","Ratio","0","Units",,,0.1,,
"USA134","Sebastian","T_T_SH_NAT","Share of population  in metropolitan area over the national value","2009","2009","RATIO","Ratio","0","Units",,,0.1,,
"USA134","Sebastian","T_T_SH_NAT","Share of population  in metropolitan area over the national value","2010","2010","RATIO","Ratio","0","Units",,,0.1,,
"USA134","Sebastian","T_T_SH_NAT","Share of population  in metropolitan area over the national value","2011","2011","RATIO","Ratio","0","Units",,,0.1,,
"USA134","Sebastian","T_T_SH_NAT","Share of population  in metropolitan area over the national value","2012","2012","RATIO","Ratio","0","Units",,,0.1,,
"USA134","Sebastian","T_T_SH_NAT","Share of population  in metropolitan area over the national value","2013","2013","RATIO","Ratio","0","Units",,,0.1,,
"USA134","Sebastian","T_T_SH_NAT","Share of population  in metropolitan area over the national value","2014","2014","RATIO","Ratio","0","Units",,,0.1,,
"USA134","Sebastian","T_T_SH_NAT","Share of population  in metropolitan area over the national value","2015","2015","RATIO","Ratio","0","Units",,,0.1,,
"USA134","Sebastian","T_T_SH_NAT","Share of population  in metropolitan area over the national value","2016","2016","RATIO","Ratio","0","Units",,,0.1,,
"COL16","Valledupar","T_T","Population, All ages. Administrative data","2000","2000","PER","Persons","0","Units",,,314241,,
"COL16","Valledupar","T_T","Population, All ages. Administrative data","2001","2001","PER","Persons","0","Units",,,322137,,
"COL16","Valledupar","T_T","Population, All ages. Administrative data","2002","2002","PER","Persons","0","Units",,,330034,,
"COL16","Valledupar","T_T","Population, All ages. Administrative data","2003","2003","PER","Persons","0","Units",,,337930,,
"COL16","Valledupar","T_T","Population, All ages. Administrative data","2004","2004","PER","Persons","0","Units",,,345827,,
"COL16","Valledupar","T_T","Population, All ages. Administrative data","2005","2005","PER","Persons","0","Units",,,353724,,
"COL16","Valledupar","T_T","Population, All ages. Administrative data","2006","2006","PER","Persons","0","Units",,,361620,,
"COL16","Valledupar","T_T","Population, All ages. Administrative data","2007","2007","PER","Persons","0","Units",,,369517,,
"COL16","Valledupar","T_T","Population, All ages. Administrative data","2008","2008","PER","Persons","0","Units",,,377413,,
"COL16","Valledupar","T_T","Population, All ages. Administrative data","2009","2009","PER","Persons","0","Units",,,385310,,
"COL16","Valledupar","T_T","Population, All ages. Administrative data","2010","2010","PER","Persons","0","Units",,,393207,,
"COL16","Valledupar","T_T","Population, All ages. Administrative data","2011","2011","PER","Persons","0","Units",,,401103,,
"COL16","Valledupar","T_T","Population, All ages. Administrative data","2012","2012","PER","Persons","0","Units",,,409000,,
"COL16","Valledupar","T_T","Population, All ages. Administrative data","2013","2013","PER","Persons","0","Units",,,416896,,
"COL16","Valledupar","T_T","Population, All ages. Administrative data","2014","2014","PER","Persons","0","Units",,,424793,,
"COL16","Valledupar","T_T","Population, All ages. Administrative data","2015","2015","PER","Persons","0","Units",,,432690,,
"USA58","Ventura","POP_DEN","Population density (pop. per km2)","2000","2000","PER","Persons","0","Units",,,157,,
"USA58","Ventura","POP_DEN","Population density (pop. per km2)","2001","2001","PER","Persons","0","Units",,,159,,
"USA58","Ventura","POP_DEN","Population density (pop. per km2)","2002","2002","PER","Persons","0","Units",,,162,,
"USA58","Ventura","POP_DEN","Population density (pop. per km2)","2003","2003","PER","Persons","0","Units",,,163,,
"USA58","Ventura","POP_DEN","Population density (pop. per km2)","2004","2004","PER","Persons","0","Units",,,165,,
"USA58","Ventura","POP_DEN","Population density (pop. per km2)","2005","2005","PER","Persons","0","Units",,,165,,
"USA58","Ventura","POP_DEN","Population density (pop. per km2)","2006","2006","PER","Persons","0","Units",,,165,,
"USA58","Ventura","POP_DEN","Population density (pop. per km2)","2007","2007","PER","Persons","0","Units",,,166,,
"USA58","Ventura","POP_DEN","Population density (pop. per km2)","2008","2008","PER","Persons","0","Units",,,167,,
"USA58","Ventura","POP_DEN","Population density (pop. per km2)","2009","2009","PER","Persons","0","Units",,,169,,
"USA58","Ventura","POP_DEN","Population density (pop. per km2)","2010","2010","PER","Persons","0","Units",,,171,,
"USA58","Ventura","POP_DEN","Population density (pop. per km2)","2011","2011","PER","Persons","0","Units",,,172,,
"USA58","Ventura","POP_DEN","Population density (pop. per km2)","2012","2012","PER","Persons","0","Units",,,173,,
"USA58","Ventura","POP_DEN","Population density (pop. per km2)","2013","2013","PER","Persons","0","Units",,,174,,
"USA58","Ventura","POP_DEN","Population density (pop. per km2)","2014","2014","PER","Persons","0","Units",,,175,,
"USA58","Ventura","POP_DEN","Population density (pop. per km2)","2015","2015","PER","Persons","0","Units",,,176,,
"USA58","Ventura","POP_DEN","Population density (pop. per km2)","2016","2016","PER","Persons","0","Units",,,176,,
"IT006","Genoa","T_T","Population, All ages. Administrative data","2000","2000","PER","Persons","0","Units",,,734637,,
"IT006","Genoa","T_T","Population, All ages. Administrative data","2001","2001","PER","Persons","0","Units",,,732887,,
"IT006","Genoa","T_T","Population, All ages. Administrative data","2002","2002","PER","Persons","0","Units",,,731136,,
"IT006","Genoa","T_T","Population, All ages. Administrative data","2003","2003","PER","Persons","0","Units",,,729386,,
"IT006","Genoa","T_T","Population, All ages. Administrative data","2004","2004","PER","Persons","0","Units",,,727634,,
"IT006","Genoa","T_T","Population, All ages. Administrative data","2005","2005","PER","Persons","0","Units",,,725883,,
"IT006","Genoa","T_T","Population, All ages. Administrative data","2006","2006","PER","Persons","0","Units",,,724133,,
"IT006","Genoa","T_T","Population, All ages. Administrative data","2007","2007","PER","Persons","0","Units",,,722383,,
"IT006","Genoa","T_T","Population, All ages. Administrative data","2008","2008","PER","Persons","0","Units",,,720632,,
"IT006","Genoa","T_T","Population, All ages. Administrative data","2009","2009","PER","Persons","0","Units",,,718882,,
"IT006","Genoa","T_T","Population, All ages. Administrative data","2010","2010","PER","Persons","0","Units",,,717130,,
"IT006","Genoa","T_T","Population, All ages. Administrative data","2011","2011","PER","Persons","0","Units",,,715379,,
"IT006","Genoa","T_T","Population, All ages. Administrative data","2012","2012","PER","Persons","0","Units",,,713629,,
"IT006","Genoa","T_T","Population, All ages. Administrative data","2013","2013","PER","Persons","0","Units",,,710789,,
"IT006","Genoa","T_T","Population, All ages. Administrative data","2014","2014","PER","Persons","0","Units",,,725349,,
"IT006","Genoa","T_T","Population, All ages. Administrative data","2015","2015","PER","Persons","0","Units",,,720214,,
"IT006","Genoa","T_T","Population, All ages. Administrative data","2016","2016","PER","Persons","0","Units",,,713243,,
"FR003","Lyon","T_T","Population, All ages. Administrative data","2000","2000","PER","Persons","0","Units",,,1745052,,
"FR003","Lyon","T_T","Population, All ages. Administrative data","2001","2001","PER","Persons","0","Units",,,1759718,,
"FR003","Lyon","T_T","Population, All ages. Administrative data","2002","2002","PER","Persons","0","Units",,,1774382,,
"FR003","Lyon","T_T","Population, All ages. Administrative data","2003","2003","PER","Persons","0","Units",,,1789047,,
"FR003","Lyon","T_T","Population, All ages. Administrative data","2004","2004","PER","Persons","0","Units",,,1803713,,
"FR003","Lyon","T_T","Population, All ages. Administrative data","2005","2005","PER","Persons","0","Units",,,1818378,,
"FR003","Lyon","T_T","Population, All ages. Administrative data","2006","2006","PER","Persons","0","Units",,,1833043,,
"FR003","Lyon","T_T","Population, All ages. Administrative data","2007","2007","PER","Persons","0","Units",,,1847707,,
"FR003","Lyon","T_T","Population, All ages. Administrative data","2008","2008","PER","Persons","0","Units",,,1862373,,
"FR003","Lyon","T_T","Population, All ages. Administrative data","2009","2009","PER","Persons","0","Units",,,1877038,,
"FR003","Lyon","T_T","Population, All ages. Administrative data","2010","2010","PER","Persons","0","Units",,,1897326,,
"FR003","Lyon","T_T","Population, All ages. Administrative data","2011","2011","PER","Persons","0","Units",,,1917615,,
"FR003","Lyon","T_T","Population, All ages. Administrative data","2012","2012","PER","Persons","0","Units",,,1937902,,
"FR003","Lyon","T_T","Population, All ages. Administrative data","2013","2013","PER","Persons","0","Units",,,1958191,,
"FR003","Lyon","T_T","Population, All ages. Administrative data","2014","2014","PER","Persons","0","Units",,,1978479,,
"FR003","Lyon","T_T","Population, All ages. Administrative data","2015","2015","PER","Persons","0","Units",,,1951439,,
"CAN06","Edmonton","POP_DEN","Population density (pop. per km2)","2000","2000","PER","Persons","0","Units",,,51,,
"CAN06","Edmonton","POP_DEN","Population density (pop. per km2)","2001","2001","PER","Persons","0","Units",,,52,,
"CAN06","Edmonton","POP_DEN","Population density (pop. per km2)","2002","2002","PER","Persons","0","Units",,,53,,
"CAN06","Edmonton","POP_DEN","Population density (pop. per km2)","2003","2003","PER","Persons","0","Units",,,54,,
"CAN06","Edmonton","POP_DEN","Population density (pop. per km2)","2004","2004","PER","Persons","0","Units",,,55,,
"CAN06","Edmonton","POP_DEN","Population density (pop. per km2)","2005","2005","PER","Persons","0","Units",,,56,,
"CAN06","Edmonton","POP_DEN","Population density (pop. per km2)","2006","2006","PER","Persons","0","Units",,,58,,
"CAN06","Edmonton","POP_DEN","Population density (pop. per km2)","2007","2007","PER","Persons","0","Units",,,59,,
"CAN06","Edmonton","POP_DEN","Population density (pop. per km2)","2008","2008","PER","Persons","0","Units",,,61,,
"CAN06","Edmonton","POP_DEN","Population density (pop. per km2)","2009","2009","PER","Persons","0","Units",,,62,,
"CAN06","Edmonton","POP_DEN","Population density (pop. per km2)","2010","2010","PER","Persons","0","Units",,,62,,
"CAN06","Edmonton","POP_DEN","Population density (pop. per km2)","2011","2011","PER","Persons","0","Units",,,62,,
"CAN06","Edmonton","POP_DEN","Population density (pop. per km2)","2012","2012","PER","Persons","0","Units",,,64,,
"CAN06","Edmonton","POP_DEN","Population density (pop. per km2)","2013","2013","PER","Persons","0","Units",,,65,,
"CAN06","Edmonton","POP_DEN","Population density (pop. per km2)","2014","2014","PER","Persons","0","Units",,,67,,
"CAN06","Edmonton","POP_DEN","Population density (pop. per km2)","2015","2015","PER","Persons","0","Units",,,69,,
"CAN06","Edmonton","POP_DEN","Population density (pop. per km2)","2016","2016","PER","Persons","0","Units",,,70,,
"MEX54","Monclova","POP_DEN","Population density (pop. per km2)","2000","2000","PER","Persons","0","Units",,,157,,
"MEX54","Monclova","POP_DEN","Population density (pop. per km2)","2005","2005","PER","Persons","0","Units",,,156,,
"MEX54","Monclova","POP_DEN","Population density (pop. per km2)","2010","2010","PER","Persons","0","Units",,,169,,
"MEX54","Monclova","POP_DEN","Population density (pop. per km2)","2015","2015","PER","Persons","0","Units",,,188,,
"USA128","Marion (FL)","T_T","Population, All ages. Administrative data","2000","2000","PER","Persons","0","Units",,,260221,,
"USA128","Marion (FL)","T_T","Population, All ages. Administrative data","2001","2001","PER","Persons","0","Units",,,264553,,
"USA128","Marion (FL)","T_T","Population, All ages. Administrative data","2002","2002","PER","Persons","0","Units",,,271716,,
"USA128","Marion (FL)","T_T","Population, All ages. Administrative data","2003","2003","PER","Persons","0","Units",,,280091,,
"USA128","Marion (FL)","T_T","Population, All ages. Administrative data","2004","2004","PER","Persons","0","Units",,,291164,,
"USA128","Marion (FL)","T_T","Population, All ages. Administrative data","2005","2005","PER","Persons","0","Units",,,303558,,
"USA128","Marion (FL)","T_T","Population, All ages. Administrative data","2006","2006","PER","Persons","0","Units",,,316310,,
"USA128","Marion (FL)","T_T","Population, All ages. Administrative data","2007","2007","PER","Persons","0","Units",,,325634,,
"USA128","Marion (FL)","T_T","Population, All ages. Administrative data","2008","2008","PER","Persons","0","Units",,,330052,,
"USA128","Marion (FL)","T_T","Population, All ages. Administrative data","2009","2009","PER","Persons","0","Units",,,330880,,
"USA128","Marion (FL)","T_T","Population, All ages. Administrative data","2010","2010","PER","Persons","0","Units",,,331344,,
"USA128","Marion (FL)","T_T","Population, All ages. Administrative data","2011","2011","PER","Persons","0","Units",,,332307,,
"USA128","Marion (FL)","T_T","Population, All ages. Administrative data","2012","2012","PER","Persons","0","Units",,,334004,,
"USA128","Marion (FL)","T_T","Population, All ages. Administrative data","2013","2013","PER","Persons","0","Units",,,335274,,
"USA128","Marion (FL)","T_T","Population, All ages. Administrative data","2014","2014","PER","Persons","0","Units",,,338368,,
"USA128","Marion (FL)","T_T","Population, All ages. Administrative data","2015","2015","PER","Persons","0","Units",,,342757,,
"USA128","Marion (FL)","T_T","Population, All ages. Administrative data","2016","2016","PER","Persons","0","Units",,,348139,,
"JPN02","Higashiosaka","T_T_SH_NAT","Share of population  in metropolitan area over the national value","2001","2001","RATIO","Ratio","0","Units",,,13.3,,
"JPN02","Higashiosaka","T_T_SH_NAT","Share of population  in metropolitan area over the national value","2002","2002","RATIO","Ratio","0","Units",,,13.3,,
"JPN02","Higashiosaka","T_T_SH_NAT","Share of population  in metropolitan area over the national value","2003","2003","RATIO","Ratio","0","Units",,,13.3,,
"JPN02","Higashiosaka","T_T_SH_NAT","Share of population  in metropolitan area over the national value","2004","2004","RATIO","Ratio","0","Units",,,13.3,,
"JPN02","Higashiosaka","T_T_SH_NAT","Share of population  in metropolitan area over the national value","2005","2005","RATIO","Ratio","0","Units",,,13.3,,
"JPN02","Higashiosaka","T_T_SH_NAT","Share of population  in metropolitan area over the national value","2006","2006","RATIO","Ratio","0","Units",,,13.3,,
"JPN02","Higashiosaka","T_T_SH_NAT","Share of population  in metropolitan area over the national value","2007","2007","RATIO","Ratio","0","Units",,,13.3,,
"JPN02","Higashiosaka","T_T_SH_NAT","Share of population  in metropolitan area over the national value","2008","2008","RATIO","Ratio","0","Units",,,13.3,,
"JPN02","Higashiosaka","T_T_SH_NAT","Share of population  in metropolitan area over the national value","2009","2009","RATIO","Ratio","0","Units",,,13.3,,
"JPN02","Higashiosaka","T_T_SH_NAT","Share of population  in metropolitan area over the national value","2010","2010","RATIO","Ratio","0","Units",,,13.3,,
"JPN02","Higashiosaka","T_T_SH_NAT","Share of population  in metropolitan area over the national value","2011","2011","RATIO","Ratio","0","Units",,,13.3,,
"JPN02","Higashiosaka","T_T_SH_NAT","Share of population  in metropolitan area over the national value","2012","2012","RATIO","Ratio","0","Units",,,13.3,,
"JPN02","Higashiosaka","T_T_SH_NAT","Share of population  in metropolitan area over the national value","2013","2013","RATIO","Ratio","0","Units",,,13.3,,
"JPN02","Higashiosaka","T_T_SH_NAT","Share of population  in metropolitan area over the national value","2014","2014","RATIO","Ratio","0","Units",,,13.3,,
"JPN02","Higashiosaka","T_T_SH_NAT","Share of population  in metropolitan area over the national value","2015","2015","RATIO","Ratio","0","Units",,,13.2,,
"USA39","Oklahoma","POP_DEN","Population density (pop. per km2)","2000","2000","PER","Persons","0","Units",,,76,,
"USA39","Oklahoma","POP_DEN","Population density (pop. per km2)","2001","2001","PER","Persons","0","Units",,,77,,
"USA39","Oklahoma","POP_DEN","Population density (pop. per km2)","2002","2002","PER","Persons","0","Units",,,78,,
"USA39","Oklahoma","POP_DEN","Population density (pop. per km2)","2003","2003","PER","Persons","0","Units",,,79,,
"USA39","Oklahoma","POP_DEN","Population density (pop. per km2)","2004","2004","PER","Persons","0","Units",,,80,,
"USA39","Oklahoma","POP_DEN","Population density (pop. per km2)","2005","2005","PER","Persons","0","Units",,,81,,
"USA39","Oklahoma","POP_DEN","Population density (pop. per km2)","2006","2006","PER","Persons","0","Units",,,82,,
"USA39","Oklahoma","POP_DEN","Population density (pop. per km2)","2007","2007","PER","Persons","0","Units",,,83,,
"USA39","Oklahoma","POP_DEN","Population density (pop. per km2)","2008","2008","PER","Persons","0","Units",,,84,,
"USA39","Oklahoma","POP_DEN","Population density (pop. per km2)","2009","2009","PER","Persons","0","Units",,,86,,
"USA39","Oklahoma","POP_DEN","Population density (pop. per km2)","2010","2010","PER","Persons","0","Units",,,87,,
"USA39","Oklahoma","POP_DEN","Population density (pop. per km2)","2011","2011","PER","Persons","0","Units",,,89,,
"USA39","Oklahoma","POP_DEN","Population density (pop. per km2)","2012","2012","PER","Persons","0","Units",,,90,,
"USA39","Oklahoma","POP_DEN","Population density (pop. per km2)","2013","2013","PER","Persons","0","Units",,,92,,
"USA39","Oklahoma","POP_DEN","Population density (pop. per km2)","2014","2014","PER","Persons","0","Units",,,93,,
"USA39","Oklahoma","POP_DEN","Population density (pop. per km2)","2015","2015","PER","Persons","0","Units",,,94,,
"USA39","Oklahoma","POP_DEN","Population density (pop. per km2)","2016","2016","PER","Persons","0","Units",,,95,,
"JPN37","Morioka","T_T","Population, All ages. Administrative data","2000","2000","PER","Persons","0","Units",,,430712,,
"JPN37","Morioka","T_T","Population, All ages. Administrative data","2001","2001","PER","Persons","0","Units",,,429534,,
"JPN37","Morioka","T_T","Population, All ages. Administrative data","2002","2002","PER","Persons","0","Units",,,428356,,
"JPN37","Morioka","T_T","Population, All ages. Administrative data","2003","2003","PER","Persons","0","Units",,,427180,,
"JPN37","Morioka","T_T","Population, All ages. Administrative data","2004","2004","PER","Persons","0","Units",,,426002,,
"JPN37","Morioka","T_T","Population, All ages. Administrative data","2005","2005","PER","Persons","0","Units",,,424824,,
"JPN37","Morioka","T_T","Population, All ages. Administrative data","2006","2006","PER","Persons","0","Units",,,423318,,
"JPN37","Morioka","T_T","Population, All ages. Administrative data","2007","2007","PER","Persons","0","Units",,,421813,,
"JPN37","Morioka","T_T","Population, All ages. Administrative data","2008","2008","PER","Persons","0","Units",,,420306,,
"JPN37","Morioka","T_T","Population, All ages. Administrative data","2009","2009","PER","Persons","0","Units",,,418801,,
"JPN37","Morioka","T_T","Population, All ages. Administrative data","2010","2010","PER","Persons","0","Units",,,417295,,
"JPN37","Morioka","T_T","Population, All ages. Administrative data","2011","2011","PER","Persons","0","Units",,,415898,,
"JPN37","Morioka","T_T","Population, All ages. Administrative data","2012","2012","PER","Persons","0","Units",,,414500,,
"JPN37","Morioka","T_T","Population, All ages. Administrative data","2013","2013","PER","Persons","0","Units",,,413105,,
"JPN37","Morioka","T_T","Population, All ages. Administrative data","2014","2014","PER","Persons","0","Units",,,411707,,
"JPN37","Morioka","T_T","Population, All ages. Administrative data","2015","2015","PER","Persons","0","Units",,,410310,,
"DE540","Siegen","T_T_SH_NAT","Share of population  in metropolitan area over the national value","2001","2001","RATIO","Ratio","0","Units",,,0.5,,
"DE540","Siegen","T_T_SH_NAT","Share of population  in metropolitan area over the national value","2002","2002","RATIO","Ratio","0","Units",,,0.5,,
"DE540","Siegen","T_T_SH_NAT","Share of population  in metropolitan area over the national value","2003","2003","RATIO","Ratio","0","Units",,,0.5,,
"DE540","Siegen","T_T_SH_NAT","Share of population  in metropolitan area over the national value","2004","2004","RATIO","Ratio","0","Units",,,0.5,,
"DE540","Siegen","T_T_SH_NAT","Share of population  in metropolitan area over the national value","2005","2005","RATIO","Ratio","0","Units",,,0.5,,
"DE540","Siegen","T_T_SH_NAT","Share of population  in metropolitan area over the national value","2006","2006","RATIO","Ratio","0","Units",,,0.5,,
"DE540","Siegen","T_T_SH_NAT","Share of population  in metropolitan area over the national value","2007","2007","RATIO","Ratio","0","Units",,,0.5,,
"DE540","Siegen","T_T_SH_NAT","Share of population  in metropolitan area over the national value","2008","2008","RATIO","Ratio","0","Units",,,0.5,,
"DE540","Siegen","T_T_SH_NAT","Share of population  in metropolitan area over the national value","2009","2009","RATIO","Ratio","0","Units",,,0.5,,
"DE540","Siegen","T_T_SH_NAT","Share of population  in metropolitan area over the national value","2010","2010","RATIO","Ratio","0","Units",,,0.5,,
"DE540","Siegen","T_T_SH_NAT","Share of population  in metropolitan area over the national value","2011","2011","RATIO","Ratio","0","Units",,,0.5,,
"DE540","Siegen","T_T_SH_NAT","Share of population  in metropolitan area over the national value","2012","2012","RATIO","Ratio","0","Units",,,0.5,,
"DE540","Siegen","T_T_SH_NAT","Share of population  in metropolitan area over the national value","2013","2013","RATIO","Ratio","0","Units",,,0.5,,
"DE540","Siegen","T_T_SH_NAT","Share of population  in metropolitan area over the national value","2014","2014","RATIO","Ratio","0","Units",,,0.5,,
"DE540","Siegen","T_T_SH_NAT","Share of population  in metropolitan area over the national value","2015","2015","RATIO","Ratio","0","Units",,,0.5,,
"DE540","Siegen","T_T_SH_NAT","Share of population  in metropolitan area over the national value","2016","2016","RATIO","Ratio","0","Units",,,0.5,,
"AUS06","Gold Coast","T_T","Population, All ages. Administrative data","2001","2001","PER","Persons","0","Units",,,390177,,
"AUS06","Gold Coast","T_T","Population, All ages. Administrative data","2002","2002","PER","Persons","0","Units",,,405477,,
"AUS06","Gold Coast","T_T","Population, All ages. Administrative data","2003","2003","PER","Persons","0","Units",,,422113,,
"AUS06","Gold Coast","T_T","Population, All ages. Administrative data","2004","2004","PER","Persons","0","Units",,,435960,,
"AUS06","Gold Coast","T_T","Population, All ages. Administrative data","2005","2005","PER","Persons","0","Units",,,448933,,
"AUS06","Gold Coast","T_T","Population, All ages. Administrative data","2006","2006","PER","Persons","0","Units",,,462573,,
"AUS06","Gold Coast","T_T","Population, All ages. Administrative data","2007","2007","PER","Persons","0","Units",,,479818,,
"AUS06","Gold Coast","T_T","Population, All ages. Administrative data","2008","2008","PER","Persons","0","Units",,,494599,,
"AUS06","Gold Coast","T_T","Population, All ages. Administrative data","2009","2009","PER","Persons","0","Units",,,509133,,
"AUS06","Gold Coast","T_T","Population, All ages. Administrative data","2010","2010","PER","Persons","0","Units",,,519630,,
"AUS06","Gold Coast","T_T","Population, All ages. Administrative data","2011","2011","PER","Persons","0","Units",,,528766,,
"AUS06","Gold Coast","T_T","Population, All ages. Administrative data","2012","2012","PER","Persons","0","Units",,,542447,,
"AUS06","Gold Coast","T_T","Population, All ages. Administrative data","2013","2013","PER","Persons","0","Units",,,555246,,
"AUS06","Gold Coast","T_T","Population, All ages. Administrative data","2014","2014","PER","Persons","0","Units",,,566240,,
"AUS06","Gold Coast","T_T","Population, All ages. Administrative data","2015","2015","PER","Persons","0","Units",,,577772,,
"AUS06","Gold Coast","T_T","Population, All ages. Administrative data","2016","2016","PER","Persons","0","Units",,,591570,,
"PL011","Bialystok","T_T","Population, All ages. Administrative data","2000","2000","PER","Persons","0","Units",,,413967,,
"PL011","Bialystok","T_T","Population, All ages. Administrative data","2001","2001","PER","Persons","0","Units",,,414870,,
"PL011","Bialystok","T_T","Population, All ages. Administrative data","2002","2002","PER","Persons","0","Units",,,415413,,
"PL011","Bialystok","T_T","Population, All ages. Administrative data","2003","2003","PER","Persons","0","Units",,,415941,,
"PL011","Bialystok","T_T","Population, All ages. Administrative data","2004","2004","PER","Persons","0","Units",,,416626,,
"PL011","Bialystok","T_T","Population, All ages. Administrative data","2005","2005","PER","Persons","0","Units",,,417162,,
"PL011","Bialystok","T_T","Population, All ages. Administrative data","2006","2006","PER","Persons","0","Units",,,417509,,
"PL011","Bialystok","T_T","Population, All ages. Administrative data","2007","2007","PER","Persons","0","Units",,,417707,,
"PL011","Bialystok","T_T","Population, All ages. Administrative data","2008","2008","PER","Persons","0","Units",,,418596,,
"PL011","Bialystok","T_T","Population, All ages. Administrative data","2009","2009","PER","Persons","0","Units",,,420031,,
"PL011","Bialystok","T_T","Population, All ages. Administrative data","2010","2010","PER","Persons","0","Units",,,422961,,
"PL011","Bialystok","T_T","Population, All ages. Administrative data","2011","2011","PER","Persons","0","Units",,,424322,,
"PL011","Bialystok","T_T","Population, All ages. Administrative data","2012","2012","PER","Persons","0","Units",,,425762,,
"PL011","Bialystok","T_T","Population, All ages. Administrative data","2013","2013","PER","Persons","0","Units",,,426888,,
"PL011","Bialystok","T_T","Population, All ages. Administrative data","2014","2014","PER","Persons","0","Units",,,427556,,
"PL011","Bialystok","T_T","Population, All ages. Administrative data","2015","2015","PER","Persons","0","Units",,,428498,,
"PL011","Bialystok","T_T","Population, All ages. Administrative data","2016","2016","PER","Persons","0","Units",,,430021,,
"USA107","Santa Barbara","POP_DEN","Population density (pop. per km2)","2000","2000","PER","Persons","0","Units",,,56,,
"USA107","Santa Barbara","POP_DEN","Population density (pop. per km2)","2001","2001","PER","Persons","0","Units",,,56,,
"USA107","Santa Barbara","POP_DEN","Population density (pop. per km2)","2002","2002","PER","Persons","0","Units",,,57,,
"USA107","Santa Barbara","POP_DEN","Population density (pop. per km2)","2003","2003","PER","Persons","0","Units",,,57,,
"USA107","Santa Barbara","POP_DEN","Population density (pop. per km2)","2004","2004","PER","Persons","0","Units",,,57,,
"USA107","Santa Barbara","POP_DEN","Population density (pop. per km2)","2005","2005","PER","Persons","0","Units",,,57,,
"USA107","Santa Barbara","POP_DEN","Population density (pop. per km2)","2006","2006","PER","Persons","0","Units",,,57,,
"USA107","Santa Barbara","POP_DEN","Population density (pop. per km2)","2007","2007","PER","Persons","0","Units",,,58,,
"USA107","Santa Barbara","POP_DEN","Population density (pop. per km2)","2008","2008","PER","Persons","0","Units",,,58,,
"USA107","Santa Barbara","POP_DEN","Population density (pop. per km2)","2009","2009","PER","Persons","0","Units",,,59,,
"USA107","Santa Barbara","POP_DEN","Population density (pop. per km2)","2010","2010","PER","Persons","0","Units",,,59,,
"USA107","Santa Barbara","POP_DEN","Population density (pop. per km2)","2011","2011","PER","Persons","0","Units",,,60,,
"USA107","Santa Barbara","POP_DEN","Population density (pop. per km2)","2012","2012","PER","Persons","0","Units",,,60,,
"USA107","Santa Barbara","POP_DEN","Population density (pop. per km2)","2013","2013","PER","Persons","0","Units",,,61,,
"USA107","Santa Barbara","POP_DEN","Population density (pop. per km2)","2014","2014","PER","Persons","0","Units",,,62,,
"USA107","Santa Barbara","POP_DEN","Population density (pop. per km2)","2015","2015","PER","Persons","0","Units",,,62,,
"USA107","Santa Barbara","POP_DEN","Population density (pop. per km2)","2016","2016","PER","Persons","0","Units",,,63,,
"JPN16","Utsunomiya","T_T","Population, All ages. Administrative data","2000","2000","PER","Persons","0","Units",,,864727,,
"JPN16","Utsunomiya","T_T","Population, All ages. Administrative data","2001","2001","PER","Persons","0","Units",,,867752,,
"JPN16","Utsunomiya","T_T","Population, All ages. Administrative data","2002","2002","PER","Persons","0","Units",,,870778,,
"JPN16","Utsunomiya","T_T","Population, All ages. Administrative data","2003","2003","PER","Persons","0","Units",,,873803,,
"JPN16","Utsunomiya","T_T","Population, All ages. Administrative data","2004","2004","PER","Persons","0","Units",,,876829,,
"JPN16","Utsunomiya","T_T","Population, All ages. Administrative data","2005","2005","PER","Persons","0","Units",,,879854,,
"JPN16","Utsunomiya","T_T","Population, All ages. Administrative data","2006","2006","PER","Persons","0","Units",,,879410,,
"JPN16","Utsunomiya","T_T","Population, All ages. Administrative data","2007","2007","PER","Persons","0","Units",,,878967,,
"JPN16","Utsunomiya","T_T","Population, All ages. Administrative data","2008","2008","PER","Persons","0","Units",,,878525,,
"JPN16","Utsunomiya","T_T","Population, All ages. Administrative data","2009","2009","PER","Persons","0","Units",,,878082,,
"JPN16","Utsunomiya","T_T","Population, All ages. Administrative data","2010","2010","PER","Persons","0","Units",,,877638,,
"JPN16","Utsunomiya","T_T","Population, All ages. Administrative data","2011","2011","PER","Persons","0","Units",,,879108,,
"JPN16","Utsunomiya","T_T","Population, All ages. Administrative data","2012","2012","PER","Persons","0","Units",,,880576,,
"JPN16","Utsunomiya","T_T","Population, All ages. Administrative data","2013","2013","PER","Persons","0","Units",,,882046,,
"JPN16","Utsunomiya","T_T","Population, All ages. Administrative data","2014","2014","PER","Persons","0","Units",,,883514,,
"JPN16","Utsunomiya","T_T","Population, All ages. Administrative data","2015","2015","PER","Persons","0","Units",,,884984,,
"DE074","Gorlitz","T_T","Population, All ages. Administrative data","2001","2001","PER","Persons","0","Units",,,322690,,
"DE074","Gorlitz","T_T","Population, All ages. Administrative data","2002","2002","PER","Persons","0","Units",,,315709,,
"DE074","Gorlitz","T_T","Population, All ages. Administrative data","2003","2003","PER","Persons","0","Units",,,310605,,
"DE074","Gorlitz","T_T","Population, All ages. Administrative data","2004","2004","PER","Persons","0","Units",,,306092,,
"DE074","Gorlitz","T_T","Population, All ages. Administrative data","2005","2005","PER","Persons","0","Units",,,302228,,
"DE074","Gorlitz","T_T","Population, All ages. Administrative data","2006","2006","PER","Persons","0","Units",,,297479,,
"DE074","Gorlitz","T_T","Population, All ages. Administrative data","2007","2007","PER","Persons","0","Units",,,292542,,
"DE074","Gorlitz","T_T","Population, All ages. Administrative data","2008","2008","PER","Persons","0","Units",,,288438,,
"DE074","Gorlitz","T_T","Population, All ages. Administrative data","2009","2009","PER","Persons","0","Units",,,284497,,
"DE074","Gorlitz","T_T","Population, All ages. Administrative data","2010","2010","PER","Persons","0","Units",,,280787,,
"DE074","Gorlitz","T_T","Population, All ages. Administrative data","2011","2011","PER","Persons","0","Units",,,270932,,
"DE074","Gorlitz","T_T","Population, All ages. Administrative data","2012","2012","PER","Persons","0","Units",,,267541,,
"DE074","Gorlitz","T_T","Population, All ages. Administrative data","2013","2013","PER","Persons","0","Units",,,264402,,
"DE074","Gorlitz","T_T","Population, All ages. Administrative data","2014","2014","PER","Persons","0","Units",,,261899,,
"DE074","Gorlitz","T_T","Population, All ages. Administrative data","2015","2015","PER","Persons","0","Units",,,259922,,
"DE074","Gorlitz","T_T","Population, All ages. Administrative data","2016","2016","PER","Persons","0","Units",,,259735,,
"UK011","Bristol","T_T","Population, All ages. Administrative data","2001","2001","PER","Persons","0","Units",,,824874,,
"UK011","Bristol","T_T","Population, All ages. Administrative data","2002","2002","PER","Persons","0","Units",,,827208,,
"UK011","Bristol","T_T","Population, All ages. Administrative data","2003","2003","PER","Persons","0","Units",,,831953,,
"UK011","Bristol","T_T","Population, All ages. Administrative data","2004","2004","PER","Persons","0","Units",,,839745,,
"UK011","Bristol","T_T","Population, All ages. Administrative data","2005","2005","PER","Persons","0","Units",,,853330,,
"UK011","Bristol","T_T","Population, All ages. Administrative data","2006","2006","PER","Persons","0","Units",,,860714,,
"UK011","Bristol","T_T","Population, All ages. Administrative data","2007","2007","PER","Persons","0","Units",,,868039,,
"UK011","Bristol","T_T","Population, All ages. Administrative data","2008","2008","PER","Persons","0","Units",,,873645,,
"UK011","Bristol","T_T","Population, All ages. Administrative data","2009","2009","PER","Persons","0","Units",,,880431,,
"UK011","Bristol","T_T","Population, All ages. Administrative data","2010","2010","PER","Persons","0","Units",,,887482,,
"UK011","Bristol","T_T","Population, All ages. Administrative data","2011","2011","PER","Persons","0","Units",,,894582,,
"UK011","Bristol","T_T","Population, All ages. Administrative data","2012","2012","PER","Persons","0","Units",,,903690,,
"UK011","Bristol","T_T","Population, All ages. Administrative data","2013","2013","PER","Persons","0","Units",,,913519,,
"UK011","Bristol","T_T","Population, All ages. Administrative data","2014","2014","PER","Persons","0","Units",,,922970,,
"UK011","Bristol","T_T","Population, All ages. Administrative data","2015","2015","PER","Persons","0","Units",,,934533,,
"UK011","Bristol","T_T","Population, All ages. Administrative data","2016","2016","PER","Persons","0","Units",,,944390,,
"FR020","Dijon","POP_DEN","Population density (pop. per km2)","2000","2000","PER","Persons","0","Units",,,99,,
"FR020","Dijon","POP_DEN","Population density (pop. per km2)","2001","2001","PER","Persons","0","Units",,,99,,
"FR020","Dijon","POP_DEN","Population density (pop. per km2)","2002","2002","PER","Persons","0","Units",,,99,,
"FR020","Dijon","POP_DEN","Population density (pop. per km2)","2003","2003","PER","Persons","0","Units",,,100,,
"FR020","Dijon","POP_DEN","Population density (pop. per km2)","2004","2004","PER","Persons","0","Units",,,100,,
"FR020","Dijon","POP_DEN","Population density (pop. per km2)","2005","2005","PER","Persons","0","Units",,,101,,
"FR020","Dijon","POP_DEN","Population density (pop. per km2)","2006","2006","PER","Persons","0","Units",,,101,,
"FR020","Dijon","POP_DEN","Population density (pop. per km2)","2007","2007","PER","Persons","0","Units",,,102,,
"FR020","Dijon","POP_DEN","Population density (pop. per km2)","2008","2008","PER","Persons","0","Units",,,102,,
"FR020","Dijon","POP_DEN","Population density (pop. per km2)","2009","2009","PER","Persons","0","Units",,,103,,
"FR020","Dijon","POP_DEN","Population density (pop. per km2)","2010","2010","PER","Persons","0","Units",,,103,,
"FR020","Dijon","POP_DEN","Population density (pop. per km2)","2011","2011","PER","Persons","0","Units",,,104,,
"FR020","Dijon","POP_DEN","Population density (pop. per km2)","2012","2012","PER","Persons","0","Units",,,104,,
"FR020","Dijon","POP_DEN","Population density (pop. per km2)","2013","2013","PER","Persons","0","Units",,,104,,
"FR020","Dijon","POP_DEN","Population density (pop. per km2)","2014","2014","PER","Persons","0","Units",,,105,,
"FR020","Dijon","POP_DEN","Population density (pop. per km2)","2015","2015","PER","Persons","0","Units",,,104,,
"DE005","Frankfurt am Main","T_T","Population, All ages. Administrative data","2001","2001","PER","Persons","0","Units",,,2491723,,
"DE005","Frankfurt am Main","T_T","Population, All ages. Administrative data","2002","2002","PER","Persons","0","Units",,,2496372,,
"DE005","Frankfurt am Main","T_T","Population, All ages. Administrative data","2003","2003","PER","Persons","0","Units",,,2507045,,
"DE005","Frankfurt am Main","T_T","Population, All ages. Administrative data","2004","2004","PER","Persons","0","Units",,,2506337,,
"DE005","Frankfurt am Main","T_T","Population, All ages. Administrative data","2005","2005","PER","Persons","0","Units",,,2514761,,
"DE005","Frankfurt am Main","T_T","Population, All ages. Administrative data","2006","2006","PER","Persons","0","Units",,,2518138,,
"DE005","Frankfurt am Main","T_T","Population, All ages. Administrative data","2007","2007","PER","Persons","0","Units",,,2514744,,
"DE005","Frankfurt am Main","T_T","Population, All ages. Administrative data","2008","2008","PER","Persons","0","Units",,,2522838,,
"DE005","Frankfurt am Main","T_T","Population, All ages. Administrative data","2009","2009","PER","Persons","0","Units",,,2529176,,
"DE005","Frankfurt am Main","T_T","Population, All ages. Administrative data","2010","2010","PER","Persons","0","Units",,,2536803,,
"DE005","Frankfurt am Main","T_T","Population, All ages. Administrative data","2011","2011","PER","Persons","0","Units",,,2500945,,
"DE005","Frankfurt am Main","T_T","Population, All ages. Administrative data","2012","2012","PER","Persons","0","Units",,,2522127,,
"DE005","Frankfurt am Main","T_T","Population, All ages. Administrative data","2013","2013","PER","Persons","0","Units",,,2544366,,
"DE005","Frankfurt am Main","T_T","Population, All ages. Administrative data","2014","2014","PER","Persons","0","Units",,,2570940,,
"DE005","Frankfurt am Main","T_T","Population, All ages. Administrative data","2015","2015","PER","Persons","0","Units",,,2604003,,
"DE005","Frankfurt am Main","T_T","Population, All ages. Administrative data","2016","2016","PER","Persons","0","Units",,,2647100,,
"LU001","Luxembourg","POP_DEN","Population density (pop. per km2)","2001","2001","PER","Persons","0","Units",,,170,,
"LU001","Luxembourg","POP_DEN","Population density (pop. per km2)","2002","2002","PER","Persons","0","Units",,,172,,
"LU001","Luxembourg","POP_DEN","Population density (pop. per km2)","2003","2003","PER","Persons","0","Units",,,175,,
"LU001","Luxembourg","POP_DEN","Population density (pop. per km2)","2004","2004","PER","Persons","0","Units",,,178,,
"LU001","Luxembourg","POP_DEN","Population density (pop. per km2)","2005","2005","PER","Persons","0","Units",,,181,,
"LU001","Luxembourg","POP_DEN","Population density (pop. per km2)","2006","2006","PER","Persons","0","Units",,,184,,
"LU001","Luxembourg","POP_DEN","Population density (pop. per km2)","2007","2007","PER","Persons","0","Units",,,186,,
"LU001","Luxembourg","POP_DEN","Population density (pop. per km2)","2008","2008","PER","Persons","0","Units",,,189,,
"LU001","Luxembourg","POP_DEN","Population density (pop. per km2)","2009","2009","PER","Persons","0","Units",,,192,,
"LU001","Luxembourg","POP_DEN","Population density (pop. per km2)","2010","2010","PER","Persons","0","Units",,,195,,
"LU001","Luxembourg","POP_DEN","Population density (pop. per km2)","2011","2011","PER","Persons","0","Units",,,198,,
"LU001","Luxembourg","POP_DEN","Population density (pop. per km2)","2012","2012","PER","Persons","0","Units",,,203,,
"LU001","Luxembourg","POP_DEN","Population density (pop. per km2)","2013","2013","PER","Persons","0","Units",,,208,,
"LU001","Luxembourg","POP_DEN","Population density (pop. per km2)","2014","2014","PER","Persons","0","Units",,,213,,
"LU001","Luxembourg","POP_DEN","Population density (pop. per km2)","2015","2015","PER","Persons","0","Units",,,218,,
"LU001","Luxembourg","POP_DEN","Population density (pop. per km2)","2016","2016","PER","Persons","0","Units",,,223,,
"PL010","Katowice","POP_DEN","Population density (pop. per km2)","2000","2000","PER","Persons","0","Units",,,691,,
"PL010","Katowice","POP_DEN","Population density (pop. per km2)","2001","2001","PER","Persons","0","Units",,,687,,
"PL010","Katowice","POP_DEN","Population density (pop. per km2)","2002","2002","PER","Persons","0","Units",,,685,,
"PL010","Katowice","POP_DEN","Population density (pop. per km2)","2003","2003","PER","Persons","0","Units",,,681,,
"PL010","Katowice","POP_DEN","Population density (pop. per km2)","2004","2004","PER","Persons","0","Units",,,678,,
"PL010","Katowice","POP_DEN","Population density (pop. per km2)","2005","2005","PER","Persons","0","Units",,,675,,
"PL010","Katowice","POP_DEN","Population density (pop. per km2)","2006","2006","PER","Persons","0","Units",,,672,,
"PL010","Katowice","POP_DEN","Population density (pop. per km2)","2007","2007","PER","Persons","0","Units",,,669,,
"PL010","Katowice","POP_DEN","Population density (pop. per km2)","2008","2008","PER","Persons","0","Units",,,667,,
"PL010","Katowice","POP_DEN","Population density (pop. per km2)","2009","2009","PER","Persons","0","Units",,,665,,
"PL010","Katowice","POP_DEN","Population density (pop. per km2)","2010","2010","PER","Persons","0","Units",,,661,,
"PL010","Katowice","POP_DEN","Population density (pop. per km2)","2011","2011","PER","Persons","0","Units",,,659,,
"PL010","Katowice","POP_DEN","Population density (pop. per km2)","2012","2012","PER","Persons","0","Units",,,656,,
"PL010","Katowice","POP_DEN","Population density (pop. per km2)","2013","2013","PER","Persons","0","Units",,,653,,
"PL010","Katowice","POP_DEN","Population density (pop. per km2)","2014","2014","PER","Persons","0","Units",,,650,,
"PL010","Katowice","POP_DEN","Population density (pop. per km2)","2015","2015","PER","Persons","0","Units",,,647,,
"PL010","Katowice","POP_DEN","Population density (pop. per km2)","2016","2016","PER","Persons","0","Units",,,645,,
"DE026","Trier","POP_DEN","Population density (pop. per km2)","2001","2001","PER","Persons","0","Units",,,194,,
"DE026","Trier","POP_DEN","Population density (pop. per km2)","2002","2002","PER","Persons","0","Units",,,195,,
"DE026","Trier","POP_DEN","Population density (pop. per km2)","2003","2003","PER","Persons","0","Units",,,196,,
"DE026","Trier","POP_DEN","Population density (pop. per km2)","2004","2004","PER","Persons","0","Units",,,196,,
"DE026","Trier","POP_DEN","Population density (pop. per km2)","2005","2005","PER","Persons","0","Units",,,197,,
"DE026","Trier","POP_DEN","Population density (pop. per km2)","2006","2006","PER","Persons","0","Units",,,197,,
"DE026","Trier","POP_DEN","Population density (pop. per km2)","2007","2007","PER","Persons","0","Units",,,200,,
"DE026","Trier","POP_DEN","Population density (pop. per km2)","2008","2008","PER","Persons","0","Units",,,201,,
"DE026","Trier","POP_DEN","Population density (pop. per km2)","2009","2009","PER","Persons","0","Units",,,202,,
"DE026","Trier","POP_DEN","Population density (pop. per km2)","2010","2010","PER","Persons","0","Units",,,202,,
"DE026","Trier","POP_DEN","Population density (pop. per km2)","2011","2011","PER","Persons","0","Units",,,204,,
"DE026","Trier","POP_DEN","Population density (pop. per km2)","2012","2012","PER","Persons","0","Units",,,204,,
"DE026","Trier","POP_DEN","Population density (pop. per km2)","2013","2013","PER","Persons","0","Units",,,205,,
"DE026","Trier","POP_DEN","Population density (pop. per km2)","2014","2014","PER","Persons","0","Units",,,206,,
"DE026","Trier","POP_DEN","Population density (pop. per km2)","2015","2015","PER","Persons","0","Units",,,208,,
"DE026","Trier","POP_DEN","Population density (pop. per km2)","2016","2016","PER","Persons","0","Units",,,216,,
"IT004","Turin","T_T","Population, All ages. Administrative data","2000","2000","PER","Persons","0","Units",,,1679829,,
"IT004","Turin","T_T","Population, All ages. Administrative data","2001","2001","PER","Persons","0","Units",,,1684128,,
"IT004","Turin","T_T","Population, All ages. Administrative data","2002","2002","PER","Persons","0","Units",,,1688424,,
"IT004","Turin","T_T","Population, All ages. Administrative data","2003","2003","PER","Persons","0","Units",,,1692722,,
"IT004","Turin","T_T","Population, All ages. Administrative data","2004","2004","PER","Persons","0","Units",,,1697020,,
"IT004","Turin","T_T","Population, All ages. Administrative data","2005","2005","PER","Persons","0","Units",,,1701318,,
"IT004","Turin","T_T","Population, All ages. Administrative data","2006","2006","PER","Persons","0","Units",,,1705614,,
"IT004","Turin","T_T","Population, All ages. Administrative data","2007","2007","PER","Persons","0","Units",,,1709912,,
"IT004","Turin","T_T","Population, All ages. Administrative data","2008","2008","PER","Persons","0","Units",,,1714210,,
"IT004","Turin","T_T","Population, All ages. Administrative data","2009","2009","PER","Persons","0","Units",,,1718508,,
"IT004","Turin","T_T","Population, All ages. Administrative data","2010","2010","PER","Persons","0","Units",,,1722804,,
"IT004","Turin","T_T","Population, All ages. Administrative data","2011","2011","PER","Persons","0","Units",,,1727103,,
"IT004","Turin","T_T","Population, All ages. Administrative data","2012","2012","PER","Persons","0","Units",,,1731400,,
"IT004","Turin","T_T","Population, All ages. Administrative data","2013","2013","PER","Persons","0","Units",,,1741036,,
"IT004","Turin","T_T","Population, All ages. Administrative data","2014","2014","PER","Persons","0","Units",,,1781018,,
"IT004","Turin","T_T","Population, All ages. Administrative data","2015","2015","PER","Persons","0","Units",,,1776553,,
"IT004","Turin","T_T","Population, All ages. Administrative data","2016","2016","PER","Persons","0","Units",,,1769475,,
"USA136","Muscogee","T_T_SH_NAT","Share of population  in metropolitan area over the national value","2001","2001","RATIO","Ratio","0","Units",,,0.1,,
"USA136","Muscogee","T_T_SH_NAT","Share of population  in metropolitan area over the national value","2002","2002","RATIO","Ratio","0","Units",,,0.1,,
"USA136","Muscogee","T_T_SH_NAT","Share of population  in metropolitan area over the national value","2003","2003","RATIO","Ratio","0","Units",,,0.1,,
"USA136","Muscogee","T_T_SH_NAT","Share of population  in metropolitan area over the national value","2004","2004","RATIO","Ratio","0","Units",,,0.1,,
"USA136","Muscogee","T_T_SH_NAT","Share of population  in metropolitan area over the national value","2005","2005","RATIO","Ratio","0","Units",,,0.1,,
"USA136","Muscogee","T_T_SH_NAT","Share of population  in metropolitan area over the national value","2006","2006","RATIO","Ratio","0","Units",,,0.1,,
"USA136","Muscogee","T_T_SH_NAT","Share of population  in metropolitan area over the national value","2007","2007","RATIO","Ratio","0","Units",,,0.1,,
"USA136","Muscogee","T_T_SH_NAT","Share of population  in metropolitan area over the national value","2008","2008","RATIO","Ratio","0","Units",,,0.1,,
"USA136","Muscogee","T_T_SH_NAT","Share of population  in metropolitan area over the national value","2009","2009","RATIO","Ratio","0","Units",,,0.1,,
"USA136","Muscogee","T_T_SH_NAT","Share of population  in metropolitan area over the national value","2010","2010","RATIO","Ratio","0","Units",,,0.1,,
"USA136","Muscogee","T_T_SH_NAT","Share of population  in metropolitan area over the national value","2011","2011","RATIO","Ratio","0","Units",,,0.1,,
"USA136","Muscogee","T_T_SH_NAT","Share of population  in metropolitan area over the national value","2012","2012","RATIO","Ratio","0","Units",,,0.1,,
"USA136","Muscogee","T_T_SH_NAT","Share of population  in metropolitan area over the national value","2013","2013","RATIO","Ratio","0","Units",,,0.1,,
"USA136","Muscogee","T_T_SH_NAT","Share of population  in metropolitan area over the national value","2014","2014","RATIO","Ratio","0","Units",,,0.1,,
"USA136","Muscogee","T_T_SH_NAT","Share of population  in metropolitan area over the national value","2015","2015","RATIO","Ratio","0","Units",,,0.1,,
"USA136","Muscogee","T_T_SH_NAT","Share of population  in metropolitan area over the national value","2016","2016","RATIO","Ratio","0","Units",,,0.1,,
"DE013","Hanover","POP_DEN","Population density (pop. per km2)","2001","2001","PER","Persons","0","Units",,,432,,
"DE013","Hanover","POP_DEN","Population density (pop. per km2)","2002","2002","PER","Persons","0","Units",,,433,,
"DE013","Hanover","POP_DEN","Population density (pop. per km2)","2003","2003","PER","Persons","0","Units",,,435,,
"DE013","Hanover","POP_DEN","Population density (pop. per km2)","2004","2004","PER","Persons","0","Units",,,435,,
"DE013","Hanover","POP_DEN","Population density (pop. per km2)","2005","2005","PER","Persons","0","Units",,,435,,
"DE013","Hanover","POP_DEN","Population density (pop. per km2)","2006","2006","PER","Persons","0","Units",,,435,,
"DE013","Hanover","POP_DEN","Population density (pop. per km2)","2007","2007","PER","Persons","0","Units",,,435,,
"DE013","Hanover","POP_DEN","Population density (pop. per km2)","2008","2008","PER","Persons","0","Units",,,435,,
"DE013","Hanover","POP_DEN","Population density (pop. per km2)","2009","2009","PER","Persons","0","Units",,,435,,
"DE013","Hanover","POP_DEN","Population density (pop. per km2)","2010","2010","PER","Persons","0","Units",,,435,,
"DE013","Hanover","POP_DEN","Population density (pop. per km2)","2011","2011","PER","Persons","0","Units",,,424,,
"DE013","Hanover","POP_DEN","Population density (pop. per km2)","2012","2012","PER","Persons","0","Units",,,425,,
"DE013","Hanover","POP_DEN","Population density (pop. per km2)","2013","2013","PER","Persons","0","Units",,,427,,
"DE013","Hanover","POP_DEN","Population density (pop. per km2)","2014","2014","PER","Persons","0","Units",,,429,,
"DE013","Hanover","POP_DEN","Population density (pop. per km2)","2015","2015","PER","Persons","0","Units",,,432,,
"DE013","Hanover","POP_DEN","Population density (pop. per km2)","2016","2016","PER","Persons","0","Units",,,438,,
"UK550","Dundee City","T_T","Population, All ages. Administrative data","2001","2001","PER","Persons","0","Units",,,253830,,
"UK550","Dundee City","T_T","Population, All ages. Administrative data","2002","2002","PER","Persons","0","Units",,,253180,,
"UK550","Dundee City","T_T","Population, All ages. Administrative data","2003","2003","PER","Persons","0","Units",,,252780,,
"UK550","Dundee City","T_T","Population, All ages. Administrative data","2004","2004","PER","Persons","0","Units",,,253270,,
"UK550","Dundee City","T_T","Population, All ages. Administrative data","2005","2005","PER","Persons","0","Units",,,254940,,
"UK550","Dundee City","T_T","Population, All ages. Administrative data","2006","2006","PER","Persons","0","Units",,,255870,,
"UK550","Dundee City","T_T","Population, All ages. Administrative data","2007","2007","PER","Persons","0","Units",,,257240,,
"UK550","Dundee City","T_T","Population, All ages. Administrative data","2008","2008","PER","Persons","0","Units",,,258780,,
"UK550","Dundee City","T_T","Population, All ages. Administrative data","2009","2009","PER","Persons","0","Units",,,260000,,
"UK550","Dundee City","T_T","Population, All ages. Administrative data","2010","2010","PER","Persons","0","Units",,,261470,,
"UK550","Dundee City","T_T","Population, All ages. Administrative data","2011","2011","PER","Persons","0","Units",,,263400,,
"UK550","Dundee City","T_T","Population, All ages. Administrative data","2012","2012","PER","Persons","0","Units",,,264000,,
"UK550","Dundee City","T_T","Population, All ages. Administrative data","2013","2013","PER","Persons","0","Units",,,264390,,
"UK550","Dundee City","T_T","Population, All ages. Administrative data","2014","2014","PER","Persons","0","Units",,,264870,,
"UK550","Dundee City","T_T","Population, All ages. Administrative data","2015","2015","PER","Persons","0","Units",,,265110,,
"UK550","Dundee City","T_T","Population, All ages. Administrative data","2016","2016","PER","Persons","0","Units",,,264790,,
"MEX04","Puebla","T_T_SH_NAT","Share of population  in metropolitan area over the national value","2005","2005","RATIO","Ratio","0","Units",,,2,,
"MEX04","Puebla","T_T_SH_NAT","Share of population  in metropolitan area over the national value","2010","2010","RATIO","Ratio","0","Units",,,2.1,,
"MEX04","Puebla","T_T_SH_NAT","Share of population  in metropolitan area over the national value","2015","2015","RATIO","Ratio","0","Units",,,2.2,,
"USA71","El Paso (CO)","T_T_SH_NAT","Share of population  in metropolitan area over the national value","2001","2001","RATIO","Ratio","0","Units",,,0.2,,
"USA71","El Paso (CO)","T_T_SH_NAT","Share of population  in metropolitan area over the national value","2002","2002","RATIO","Ratio","0","Units",,,0.2,,
"USA71","El Paso (CO)","T_T_SH_NAT","Share of population  in metropolitan area over the national value","2003","2003","RATIO","Ratio","0","Units",,,0.2,,
"USA71","El Paso (CO)","T_T_SH_NAT","Share of population  in metropolitan area over the national value","2004","2004","RATIO","Ratio","0","Units",,,0.2,,
"USA71","El Paso (CO)","T_T_SH_NAT","Share of population  in metropolitan area over the national value","2005","2005","RATIO","Ratio","0","Units",,,0.2,,
"USA71","El Paso (CO)","T_T_SH_NAT","Share of population  in metropolitan area over the national value","2006","2006","RATIO","Ratio","0","Units",,,0.2,,
"USA71","El Paso (CO)","T_T_SH_NAT","Share of population  in metropolitan area over the national value","2007","2007","RATIO","Ratio","0","Units",,,0.2,,
"USA71","El Paso (CO)","T_T_SH_NAT","Share of population  in metropolitan area over the national value","2008","2008","RATIO","Ratio","0","Units",,,0.2,,
"USA71","El Paso (CO)","T_T_SH_NAT","Share of population  in metropolitan area over the national value","2009","2009","RATIO","Ratio","0","Units",,,0.2,,
"USA71","El Paso (CO)","T_T_SH_NAT","Share of population  in metropolitan area over the national value","2010","2010","RATIO","Ratio","0","Units",,,0.2,,
"USA71","El Paso (CO)","T_T_SH_NAT","Share of population  in metropolitan area over the national value","2011","2011","RATIO","Ratio","0","Units",,,0.2,,
"USA71","El Paso (CO)","T_T_SH_NAT","Share of population  in metropolitan area over the national value","2012","2012","RATIO","Ratio","0","Units",,,0.2,,
"USA71","El Paso (CO)","T_T_SH_NAT","Share of population  in metropolitan area over the national value","2013","2013","RATIO","Ratio","0","Units",,,0.2,,
"USA71","El Paso (CO)","T_T_SH_NAT","Share of population  in metropolitan area over the national value","2014","2014","RATIO","Ratio","0","Units",,,0.2,,
"USA71","El Paso (CO)","T_T_SH_NAT","Share of population  in metropolitan area over the national value","2015","2015","RATIO","Ratio","0","Units",,,0.2,,
"USA71","El Paso (CO)","T_T_SH_NAT","Share of population  in metropolitan area over the national value","2016","2016","RATIO","Ratio","0","Units",,,0.2,,
"DE012","Bremen","T_T_SH_NAT","Share of population  in metropolitan area over the national value","2001","2001","RATIO","Ratio","0","Units",,,1.5,,
"DE012","Bremen","T_T_SH_NAT","Share of population  in metropolitan area over the national value","2002","2002","RATIO","Ratio","0","Units",,,1.5,,
"DE012","Bremen","T_T_SH_NAT","Share of population  in metropolitan area over the national value","2003","2003","RATIO","Ratio","0","Units",,,1.5,,
"DE012","Bremen","T_T_SH_NAT","Share of population  in metropolitan area over the national value","2004","2004","RATIO","Ratio","0","Units",,,1.5,,
"DE012","Bremen","T_T_SH_NAT","Share of population  in metropolitan area over the national value","2005","2005","RATIO","Ratio","0","Units",,,1.5,,
"DE012","Bremen","T_T_SH_NAT","Share of population  in metropolitan area over the national value","2006","2006","RATIO","Ratio","0","Units",,,1.5,,
"DE012","Bremen","T_T_SH_NAT","Share of population  in metropolitan area over the national value","2007","2007","RATIO","Ratio","0","Units",,,1.5,,
"DE012","Bremen","T_T_SH_NAT","Share of population  in metropolitan area over the national value","2008","2008","RATIO","Ratio","0","Units",,,1.5,,
"DE012","Bremen","T_T_SH_NAT","Share of population  in metropolitan area over the national value","2009","2009","RATIO","Ratio","0","Units",,,1.5,,
"DE012","Bremen","T_T_SH_NAT","Share of population  in metropolitan area over the national value","2010","2010","RATIO","Ratio","0","Units",,,1.5,,
"DE012","Bremen","T_T_SH_NAT","Share of population  in metropolitan area over the national value","2011","2011","RATIO","Ratio","0","Units",,,1.5,,
"DE012","Bremen","T_T_SH_NAT","Share of population  in metropolitan area over the national value","2012","2012","RATIO","Ratio","0","Units",,,1.5,,
"DE012","Bremen","T_T_SH_NAT","Share of population  in metropolitan area over the national value","2013","2013","RATIO","Ratio","0","Units",,,1.5,,
"DE012","Bremen","T_T_SH_NAT","Share of population  in metropolitan area over the national value","2014","2014","RATIO","Ratio","0","Units",,,1.5,,
"DE012","Bremen","T_T_SH_NAT","Share of population  in metropolitan area over the national value","2015","2015","RATIO","Ratio","0","Units",,,1.5,,
"DE012","Bremen","T_T_SH_NAT","Share of population  in metropolitan area over the national value","2016","2016","RATIO","Ratio","0","Units",,,1.5,,
"USA137","Brown","POP_DEN","Population density (pop. per km2)","2000","2000","PER","Persons","0","Units",,,58,,
"USA137","Brown","POP_DEN","Population density (pop. per km2)","2001","2001","PER","Persons","0","Units",,,58,,
"USA137","Brown","POP_DEN","Population density (pop. per km2)","2002","2002","PER","Persons","0","Units",,,59,,
"USA137","Brown","POP_DEN","Population density (pop. per km2)","2003","2003","PER","Persons","0","Units",,,59,,
"USA137","Brown","POP_DEN","Population density (pop. per km2)","2004","2004","PER","Persons","0","Units",,,60,,
"USA137","Brown","POP_DEN","Population density (pop. per km2)","2005","2005","PER","Persons","0","Units",,,60,,
"USA137","Brown","POP_DEN","Population density (pop. per km2)","2006","2006","PER","Persons","0","Units",,,61,,
"USA137","Brown","POP_DEN","Population density (pop. per km2)","2007","2007","PER","Persons","0","Units",,,61,,
"USA137","Brown","POP_DEN","Population density (pop. per km2)","2008","2008","PER","Persons","0","Units",,,62,,
"USA137","Brown","POP_DEN","Population density (pop. per km2)","2009","2009","PER","Persons","0","Units",,,62,,
"USA137","Brown","POP_DEN","Population density (pop. per km2)","2010","2010","PER","Persons","0","Units",,,62,,
"USA137","Brown","POP_DEN","Population density (pop. per km2)","2011","2011","PER","Persons","0","Units",,,63,,
"USA137","Brown","POP_DEN","Population density (pop. per km2)","2012","2012","PER","Persons","0","Units",,,63,,
"USA137","Brown","POP_DEN","Population density (pop. per km2)","2013","2013","PER","Persons","0","Units",,,64,,
"USA137","Brown","POP_DEN","Population density (pop. per km2)","2014","2014","PER","Persons","0","Units",,,64,,
"USA137","Brown","POP_DEN","Population density (pop. per km2)","2015","2015","PER","Persons","0","Units",,,64,,
"USA137","Brown","POP_DEN","Population density (pop. per km2)","2016","2016","PER","Persons","0","Units",,,65,,
"AT002","Graz","T_T","Population, All ages. Administrative data","2000","2000","PER","Persons","0","Units",,,364215,,
"AT002","Graz","T_T","Population, All ages. Administrative data","2001","2001","PER","Persons","0","Units",,,367757,,
"AT002","Graz","T_T","Population, All ages. Administrative data","2002","2002","PER","Persons","0","Units",,,371298,,
"AT002","Graz","T_T","Population, All ages. Administrative data","2003","2003","PER","Persons","0","Units",,,374841,,
"AT002","Graz","T_T","Population, All ages. Administrative data","2004","2004","PER","Persons","0","Units",,,378382,,
"AT002","Graz","T_T","Population, All ages. Administrative data","2005","2005","PER","Persons","0","Units",,,381924,,
"AT002","Graz","T_T","Population, All ages. Administrative data","2006","2006","PER","Persons","0","Units",,,385609,,
"AT002","Graz","T_T","Population, All ages. Administrative data","2007","2007","PER","Persons","0","Units",,,389295,,
"AT002","Graz","T_T","Population, All ages. Administrative data","2008","2008","PER","Persons","0","Units",,,392979,,
"AT002","Graz","T_T","Population, All ages. Administrative data","2009","2009","PER","Persons","0","Units",,,396665,,
"AT002","Graz","T_T","Population, All ages. Administrative data","2010","2010","PER","Persons","0","Units",,,400350,,
"AT002","Graz","T_T","Population, All ages. Administrative data","2011","2011","PER","Persons","0","Units",,,405108,,
"AT002","Graz","T_T","Population, All ages. Administrative data","2012","2012","PER","Persons","0","Units",,,409867,,
"AT002","Graz","T_T","Population, All ages. Administrative data","2013","2013","PER","Persons","0","Units",,,414624,,
"AT002","Graz","T_T","Population, All ages. Administrative data","2014","2014","PER","Persons","0","Units",,,419383,,
"AT002","Graz","T_T","Population, All ages. Administrative data","2015","2015","PER","Persons","0","Units",,,424141,,
"PT005","Coimbra","POP_DEN","Population density (pop. per km2)","2000","2000","PER","Persons","0","Units",,,173,,
"PT005","Coimbra","POP_DEN","Population density (pop. per km2)","2001","2001","PER","Persons","0","Units",,,174,,
"PT005","Coimbra","POP_DEN","Population density (pop. per km2)","2002","2002","PER","Persons","0","Units",,,174,,
"PT005","Coimbra","POP_DEN","Population density (pop. per km2)","2003","2003","PER","Persons","0","Units",,,174,,
"PT005","Coimbra","POP_DEN","Population density (pop. per km2)","2004","2004","PER","Persons","0","Units",,,174,,
"PT005","Coimbra","POP_DEN","Population density (pop. per km2)","2005","2005","PER","Persons","0","Units",,,173,,
"PT005","Coimbra","POP_DEN","Population density (pop. per km2)","2006","2006","PER","Persons","0","Units",,,173,,
"PT005","Coimbra","POP_DEN","Population density (pop. per km2)","2007","2007","PER","Persons","0","Units",,,173,,
"PT005","Coimbra","POP_DEN","Population density (pop. per km2)","2008","2008","PER","Persons","0","Units",,,173,,
"PT005","Coimbra","POP_DEN","Population density (pop. per km2)","2009","2009","PER","Persons","0","Units",,,172,,
"PT005","Coimbra","POP_DEN","Population density (pop. per km2)","2010","2010","PER","Persons","0","Units",,,172,,
"PT005","Coimbra","POP_DEN","Population density (pop. per km2)","2011","2011","PER","Persons","0","Units",,,171,,
"PT005","Coimbra","POP_DEN","Population density (pop. per km2)","2012","2012","PER","Persons","0","Units",,,169,,
"PT005","Coimbra","POP_DEN","Population density (pop. per km2)","2013","2013","PER","Persons","0","Units",,,167,,
"PT005","Coimbra","POP_DEN","Population density (pop. per km2)","2014","2014","PER","Persons","0","Units",,,166,,
"PT005","Coimbra","POP_DEN","Population density (pop. per km2)","2015","2015","PER","Persons","0","Units",,,164,,
"PT005","Coimbra","POP_DEN","Population density (pop. per km2)","2016","2016","PER","Persons","0","Units",,,164,,
"USA109","Monterey","POP_DEN","Population density (pop. per km2)","2000","2000","PER","Persons","0","Units",,,47,,
"USA109","Monterey","POP_DEN","Population density (pop. per km2)","2001","2001","PER","Persons","0","Units",,,47,,
"USA109","Monterey","POP_DEN","Population density (pop. per km2)","2002","2002","PER","Persons","0","Units",,,48,,
"USA109","Monterey","POP_DEN","Population density (pop. per km2)","2003","2003","PER","Persons","0","Units",,,48,,
"USA109","Monterey","POP_DEN","Population density (pop. per km2)","2004","2004","PER","Persons","0","Units",,,48,,
"USA109","Monterey","POP_DEN","Population density (pop. per km2)","2005","2005","PER","Persons","0","Units",,,47,,
"USA109","Monterey","POP_DEN","Population density (pop. per km2)","2006","2006","PER","Persons","0","Units",,,47,,
"USA109","Monterey","POP_DEN","Population density (pop. per km2)","2007","2007","PER","Persons","0","Units",,,47,,
"USA109","Monterey","POP_DEN","Population density (pop. per km2)","2008","2008","PER","Persons","0","Units",,,47,,
"USA109","Monterey","POP_DEN","Population density (pop. per km2)","2009","2009","PER","Persons","0","Units",,,48,,
"USA109","Monterey","POP_DEN","Population density (pop. per km2)","2010","2010","PER","Persons","0","Units",,,48,,
"USA109","Monterey","POP_DEN","Population density (pop. per km2)","2011","2011","PER","Persons","0","Units",,,49,,
"USA109","Monterey","POP_DEN","Population density (pop. per km2)","2012","2012","PER","Persons","0","Units",,,50,,
"USA109","Monterey","POP_DEN","Population density (pop. per km2)","2013","2013","PER","Persons","0","Units",,,50,,
"USA109","Monterey","POP_DEN","Population density (pop. per km2)","2014","2014","PER","Persons","0","Units",,,50,,
"USA109","Monterey","POP_DEN","Population density (pop. per km2)","2015","2015","PER","Persons","0","Units",,,50,,
"USA109","Monterey","POP_DEN","Population density (pop. per km2)","2016","2016","PER","Persons","0","Units",,,51,,
"IT011","Venice","T_T_SH_NAT","Share of population  in metropolitan area over the national value","2001","2001","RATIO","Ratio","0","Units",,,0.9,,
"IT011","Venice","T_T_SH_NAT","Share of population  in metropolitan area over the national value","2002","2002","RATIO","Ratio","0","Units",,,0.9,,
"IT011","Venice","T_T_SH_NAT","Share of population  in metropolitan area over the national value","2003","2003","RATIO","Ratio","0","Units",,,0.9,,
"IT011","Venice","T_T_SH_NAT","Share of population  in metropolitan area over the national value","2004","2004","RATIO","Ratio","0","Units",,,0.9,,
"IT011","Venice","T_T_SH_NAT","Share of population  in metropolitan area over the national value","2005","2005","RATIO","Ratio","0","Units",,,0.9,,
"IT011","Venice","T_T_SH_NAT","Share of population  in metropolitan area over the national value","2006","2006","RATIO","Ratio","0","Units",,,0.9,,
"IT011","Venice","T_T_SH_NAT","Share of population  in metropolitan area over the national value","2007","2007","RATIO","Ratio","0","Units",,,0.9,,
"IT011","Venice","T_T_SH_NAT","Share of population  in metropolitan area over the national value","2008","2008","RATIO","Ratio","0","Units",,,0.9,,
"IT011","Venice","T_T_SH_NAT","Share of population  in metropolitan area over the national value","2009","2009","RATIO","Ratio","0","Units",,,0.9,,
"IT011","Venice","T_T_SH_NAT","Share of population  in metropolitan area over the national value","2010","2010","RATIO","Ratio","0","Units",,,0.9,,
"IT011","Venice","T_T_SH_NAT","Share of population  in metropolitan area over the national value","2011","2011","RATIO","Ratio","0","Units",,,0.9,,
"IT011","Venice","T_T_SH_NAT","Share of population  in metropolitan area over the national value","2012","2012","RATIO","Ratio","0","Units",,,0.9,,
"IT011","Venice","T_T_SH_NAT","Share of population  in metropolitan area over the national value","2013","2013","RATIO","Ratio","0","Units",,,0.9,,
"IT011","Venice","T_T_SH_NAT","Share of population  in metropolitan area over the national value","2014","2014","RATIO","Ratio","0","Units",,,0.9,,
"IT011","Venice","T_T_SH_NAT","Share of population  in metropolitan area over the national value","2015","2015","RATIO","Ratio","0","Units",,,0.9,,
"IT011","Venice","T_T_SH_NAT","Share of population  in metropolitan area over the national value","2016","2016","RATIO","Ratio","0","Units",,,0.9,,
"USA13","Detroit (Greater)","T_T","Population, All ages. Administrative data","2000","2000","PER","Persons","0","Units",,,4513596,,
"USA13","Detroit (Greater)","T_T","Population, All ages. Administrative data","2001","2001","PER","Persons","0","Units",,,4520358,,
"USA13","Detroit (Greater)","T_T","Population, All ages. Administrative data","2002","2002","PER","Persons","0","Units",,,4514959,,
"USA13","Detroit (Greater)","T_T","Population, All ages. Administrative data","2003","2003","PER","Persons","0","Units",,,4512545,,
"USA13","Detroit (Greater)","T_T","Population, All ages. Administrative data","2004","2004","PER","Persons","0","Units",,,4505879,,
"USA13","Detroit (Greater)","T_T","Population, All ages. Administrative data","2005","2005","PER","Persons","0","Units",,,4491683,,
"USA13","Detroit (Greater)","T_T","Population, All ages. Administrative data","2006","2006","PER","Persons","0","Units",,,4471466,,
"USA13","Detroit (Greater)","T_T","Population, All ages. Administrative data","2007","2007","PER","Persons","0","Units",,,4439410,,
"USA13","Detroit (Greater)","T_T","Population, All ages. Administrative data","2008","2008","PER","Persons","0","Units",,,4402396,,
"USA13","Detroit (Greater)","T_T","Population, All ages. Administrative data","2009","2009","PER","Persons","0","Units",,,4375250,,
"USA13","Detroit (Greater)","T_T","Population, All ages. Administrative data","2010","2010","PER","Persons","0","Units",,,4355023,,
"USA13","Detroit (Greater)","T_T","Population, All ages. Administrative data","2011","2011","PER","Persons","0","Units",,,4352019,,
"USA13","Detroit (Greater)","T_T","Population, All ages. Administrative data","2012","2012","PER","Persons","0","Units",,,4358250,,
"USA13","Detroit (Greater)","T_T","Population, All ages. Administrative data","2013","2013","PER","Persons","0","Units",,,4360382,,
"USA13","Detroit (Greater)","T_T","Population, All ages. Administrative data","2014","2014","PER","Persons","0","Units",,,4365020,,
"USA13","Detroit (Greater)","T_T","Population, All ages. Administrative data","2015","2015","PER","Persons","0","Units",,,4363301,,
"USA13","Detroit (Greater)","T_T","Population, All ages. Administrative data","2016","2016","PER","Persons","0","Units",,,4366951,,
"USA72","Ada","POP_DEN","Population density (pop. per km2)","2000","2000","PER","Persons","0","Units",,,13,,
"USA72","Ada","POP_DEN","Population density (pop. per km2)","2001","2001","PER","Persons","0","Units",,,13,,
"USA72","Ada","POP_DEN","Population density (pop. per km2)","2002","2002","PER","Persons","0","Units",,,14,,
"USA72","Ada","POP_DEN","Population density (pop. per km2)","2003","2003","PER","Persons","0","Units",,,14,,
"USA72","Ada","POP_DEN","Population density (pop. per km2)","2004","2004","PER","Persons","0","Units",,,14,,
"USA72","Ada","POP_DEN","Population density (pop. per km2)","2005","2005","PER","Persons","0","Units",,,15,,
"USA72","Ada","POP_DEN","Population density (pop. per km2)","2006","2006","PER","Persons","0","Units",,,15,,
"USA72","Ada","POP_DEN","Population density (pop. per km2)","2007","2007","PER","Persons","0","Units",,,16,,
"USA72","Ada","POP_DEN","Population density (pop. per km2)","2008","2008","PER","Persons","0","Units",,,16,,
"USA72","Ada","POP_DEN","Population density (pop. per km2)","2009","2009","PER","Persons","0","Units",,,16,,
"USA72","Ada","POP_DEN","Population density (pop. per km2)","2010","2010","PER","Persons","0","Units",,,17,,
"USA72","Ada","POP_DEN","Population density (pop. per km2)","2011","2011","PER","Persons","0","Units",,,17,,
"USA72","Ada","POP_DEN","Population density (pop. per km2)","2012","2012","PER","Persons","0","Units",,,17,,
"USA72","Ada","POP_DEN","Population density (pop. per km2)","2013","2013","PER","Persons","0","Units",,,17,,
"USA72","Ada","POP_DEN","Population density (pop. per km2)","2014","2014","PER","Persons","0","Units",,,18,,
"USA72","Ada","POP_DEN","Population density (pop. per km2)","2015","2015","PER","Persons","0","Units",,,18,,
"USA72","Ada","POP_DEN","Population density (pop. per km2)","2016","2016","PER","Persons","0","Units",,,19,,
"USA158","Butte","T_T","Population, All ages. Administrative data","2000","2000","PER","Persons","0","Units",,,230223,,
"USA158","Butte","T_T","Population, All ages. Administrative data","2001","2001","PER","Persons","0","Units",,,232643,,
"USA158","Butte","T_T","Population, All ages. Administrative data","2002","2002","PER","Persons","0","Units",,,235771,,
"USA158","Butte","T_T","Population, All ages. Administrative data","2003","2003","PER","Persons","0","Units",,,238497,,
"USA158","Butte","T_T","Population, All ages. Administrative data","2004","2004","PER","Persons","0","Units",,,240187,,
"USA158","Butte","T_T","Population, All ages. Administrative data","2005","2005","PER","Persons","0","Units",,,242145,,
"USA158","Butte","T_T","Population, All ages. Administrative data","2006","2006","PER","Persons","0","Units",,,244476,,
"USA158","Butte","T_T","Population, All ages. Administrative data","2007","2007","PER","Persons","0","Units",,,245244,,
"USA158","Butte","T_T","Population, All ages. Administrative data","2008","2008","PER","Persons","0","Units",,,247053,,
"USA158","Butte","T_T","Population, All ages. Administrative data","2009","2009","PER","Persons","0","Units",,,247877,,
"USA158","Butte","T_T","Population, All ages. Administrative data","2010","2010","PER","Persons","0","Units",,,248087,,
"USA158","Butte","T_T","Population, All ages. Administrative data","2011","2011","PER","Persons","0","Units",,,248163,,
"USA158","Butte","T_T","Population, All ages. Administrative data","2012","2012","PER","Persons","0","Units",,,248863,,
"USA158","Butte","T_T","Population, All ages. Administrative data","2013","2013","PER","Persons","0","Units",,,249634,,
"USA158","Butte","T_T","Population, All ages. Administrative data","2014","2014","PER","Persons","0","Units",,,251538,,
"USA158","Butte","T_T","Population, All ages. Administrative data","2015","2015","PER","Persons","0","Units",,,252659,,
"USA158","Butte","T_T","Population, All ages. Administrative data","2016","2016","PER","Persons","0","Units",,,254492,,
"USA95","Ingham","T_T","Population, All ages. Administrative data","2000","2000","PER","Persons","0","Units",,,448735,,
"USA95","Ingham","T_T","Population, All ages. Administrative data","2001","2001","PER","Persons","0","Units",,,452051,,
"USA95","Ingham","T_T","Population, All ages. Administrative data","2002","2002","PER","Persons","0","Units",,,455420,,
"USA95","Ingham","T_T","Population, All ages. Administrative data","2003","2003","PER","Persons","0","Units",,,458376,,
"USA95","Ingham","T_T","Population, All ages. Administrative data","2004","2004","PER","Persons","0","Units",,,461724,,
"USA95","Ingham","T_T","Population, All ages. Administrative data","2005","2005","PER","Persons","0","Units",,,462743,,
"USA95","Ingham","T_T","Population, All ages. Administrative data","2006","2006","PER","Persons","0","Units",,,463349,,
"USA95","Ingham","T_T","Population, All ages. Administrative data","2007","2007","PER","Persons","0","Units",,,463804,,
"USA95","Ingham","T_T","Population, All ages. Administrative data","2008","2008","PER","Persons","0","Units",,,463638,,
"USA95","Ingham","T_T","Population, All ages. Administrative data","2009","2009","PER","Persons","0","Units",,,463147,,
"USA95","Ingham","T_T","Population, All ages. Administrative data","2010","2010","PER","Persons","0","Units",,,464189,,
"USA95","Ingham","T_T","Population, All ages. Administrative data","2011","2011","PER","Persons","0","Units",,,465984,,
"USA95","Ingham","T_T","Population, All ages. Administrative data","2012","2012","PER","Persons","0","Units",,,466660,,
"USA95","Ingham","T_T","Population, All ages. Administrative data","2013","2013","PER","Persons","0","Units",,,467828,,
"USA95","Ingham","T_T","Population, All ages. Administrative data","2014","2014","PER","Persons","0","Units",,,469585,,
"USA95","Ingham","T_T","Population, All ages. Administrative data","2015","2015","PER","Persons","0","Units",,,471076,,
"USA95","Ingham","T_T","Population, All ages. Administrative data","2016","2016","PER","Persons","0","Units",,,474310,,
"DE083","Braunschweig-Salzgitter Wolfsburg","T_T_SH_NAT","Share of population  in metropolitan area over the national value","2001","2001","RATIO","Ratio","0","Units",,,1.2,,
"DE083","Braunschweig-Salzgitter Wolfsburg","T_T_SH_NAT","Share of population  in metropolitan area over the national value","2002","2002","RATIO","Ratio","0","Units",,,1.2,,
"DE083","Braunschweig-Salzgitter Wolfsburg","T_T_SH_NAT","Share of population  in metropolitan area over the national value","2003","2003","RATIO","Ratio","0","Units",,,1.2,,
"DE083","Braunschweig-Salzgitter Wolfsburg","T_T_SH_NAT","Share of population  in metropolitan area over the national value","2004","2004","RATIO","Ratio","0","Units",,,1.2,,
"DE083","Braunschweig-Salzgitter Wolfsburg","T_T_SH_NAT","Share of population  in metropolitan area over the national value","2005","2005","RATIO","Ratio","0","Units",,,1.2,,
"DE083","Braunschweig-Salzgitter Wolfsburg","T_T_SH_NAT","Share of population  in metropolitan area over the national value","2006","2006","RATIO","Ratio","0","Units",,,1.2,,
"DE083","Braunschweig-Salzgitter Wolfsburg","T_T_SH_NAT","Share of population  in metropolitan area over the national value","2007","2007","RATIO","Ratio","0","Units",,,1.2,,
"DE083","Braunschweig-Salzgitter Wolfsburg","T_T_SH_NAT","Share of population  in metropolitan area over the national value","2008","2008","RATIO","Ratio","0","Units",,,1.2,,
"DE083","Braunschweig-Salzgitter Wolfsburg","T_T_SH_NAT","Share of population  in metropolitan area over the national value","2009","2009","RATIO","Ratio","0","Units",,,1.2,,
"DE083","Braunschweig-Salzgitter Wolfsburg","T_T_SH_NAT","Share of population  in metropolitan area over the national value","2010","2010","RATIO","Ratio","0","Units",,,1.2,,
"DE083","Braunschweig-Salzgitter Wolfsburg","T_T_SH_NAT","Share of population  in metropolitan area over the national value","2011","2011","RATIO","Ratio","0","Units",,,1.2,,
"DE083","Braunschweig-Salzgitter Wolfsburg","T_T_SH_NAT","Share of population  in metropolitan area over the national value","2012","2012","RATIO","Ratio","0","Units",,,1.2,,
"DE083","Braunschweig-Salzgitter Wolfsburg","T_T_SH_NAT","Share of population  in metropolitan area over the national value","2013","2013","RATIO","Ratio","0","Units",,,1.2,,
"DE083","Braunschweig-Salzgitter Wolfsburg","T_T_SH_NAT","Share of population  in metropolitan area over the national value","2014","2014","RATIO","Ratio","0","Units",,,1.2,,
"DE083","Braunschweig-Salzgitter Wolfsburg","T_T_SH_NAT","Share of population  in metropolitan area over the national value","2015","2015","RATIO","Ratio","0","Units",,,1.2,,
"DE083","Braunschweig-Salzgitter Wolfsburg","T_T_SH_NAT","Share of population  in metropolitan area over the national value","2016","2016","RATIO","Ratio","0","Units",,,1.2,,
"MEX03","Monterrey","POP_DEN","Population density (pop. per km2)","2000","2000","PER","Persons","0","Units",,,520,,
"MEX03","Monterrey","POP_DEN","Population density (pop. per km2)","2005","2005","PER","Persons","0","Units",,,503,,
"MEX03","Monterrey","POP_DEN","Population density (pop. per km2)","2010","2010","PER","Persons","0","Units",,,564,,
"MEX03","Monterrey","POP_DEN","Population density (pop. per km2)","2015","2015","PER","Persons","0","Units",,,738,,
"NL006","Tilburg","T_T","Population, All ages. Administrative data","2000","2000","PER","Persons","0","Units",,,293870,,
"NL006","Tilburg","T_T","Population, All ages. Administrative data","2001","2001","PER","Persons","0","Units",,,295192,,
"NL006","Tilburg","T_T","Population, All ages. Administrative data","2002","2002","PER","Persons","0","Units",,,296514,,
"NL006","Tilburg","T_T","Population, All ages. Administrative data","2003","2003","PER","Persons","0","Units",,,297836,,
"NL006","Tilburg","T_T","Population, All ages. Administrative data","2004","2004","PER","Persons","0","Units",,,299158,,
"NL006","Tilburg","T_T","Population, All ages. Administrative data","2005","2005","PER","Persons","0","Units",,,299281,,
"NL006","Tilburg","T_T","Population, All ages. Administrative data","2006","2006","PER","Persons","0","Units",,,300143,,
"NL006","Tilburg","T_T","Population, All ages. Administrative data","2007","2007","PER","Persons","0","Units",,,301029,,
"NL006","Tilburg","T_T","Population, All ages. Administrative data","2008","2008","PER","Persons","0","Units",,,301914,,
"NL006","Tilburg","T_T","Population, All ages. Administrative data","2009","2009","PER","Persons","0","Units",,,303354,,
"NL006","Tilburg","T_T","Population, All ages. Administrative data","2010","2010","PER","Persons","0","Units",,,305060,,
"NL006","Tilburg","T_T","Population, All ages. Administrative data","2011","2011","PER","Persons","0","Units",,,306406,,
"NL006","Tilburg","T_T","Population, All ages. Administrative data","2012","2012","PER","Persons","0","Units",,,307899,,
"NL006","Tilburg","T_T","Population, All ages. Administrative data","2013","2013","PER","Persons","0","Units",,,308971,,
"NL006","Tilburg","T_T","Population, All ages. Administrative data","2014","2014","PER","Persons","0","Units",,,310929,,
"NL006","Tilburg","T_T","Population, All ages. Administrative data","2015","2015","PER","Persons","0","Units",,,311919,,
"NL006","Tilburg","T_T","Population, All ages. Administrative data","2016","2016","PER","Persons","0","Units",,,313550,,
"IT028","Padua","POP_DEN","Population density (pop. per km2)","2000","2000","PER","Persons","0","Units",,,780,,
"IT028","Padua","POP_DEN","Population density (pop. per km2)","2001","2001","PER","Persons","0","Units",,,786,,
"IT028","Padua","POP_DEN","Population density (pop. per km2)","2002","2002","PER","Persons","0","Units",,,791,,
"IT028","Padua","POP_DEN","Population density (pop. per km2)","2003","2003","PER","Persons","0","Units",,,797,,
"IT028","Padua","POP_DEN","Population density (pop. per km2)","2004","2004","PER","Persons","0","Units",,,802,,
"IT028","Padua","POP_DEN","Population density (pop. per km2)","2005","2005","PER","Persons","0","Units",,,808,,
"IT028","Padua","POP_DEN","Population density (pop. per km2)","2006","2006","PER","Persons","0","Units",,,814,,
"IT028","Padua","POP_DEN","Population density (pop. per km2)","2007","2007","PER","Persons","0","Units",,,819,,
"IT028","Padua","POP_DEN","Population density (pop. per km2)","2008","2008","PER","Persons","0","Units",,,825,,
"IT028","Padua","POP_DEN","Population density (pop. per km2)","2009","2009","PER","Persons","0","Units",,,830,,
"IT028","Padua","POP_DEN","Population density (pop. per km2)","2010","2010","PER","Persons","0","Units",,,836,,
"IT028","Padua","POP_DEN","Population density (pop. per km2)","2011","2011","PER","Persons","0","Units",,,842,,
"IT028","Padua","POP_DEN","Population density (pop. per km2)","2012","2012","PER","Persons","0","Units",,,847,,
"IT028","Padua","POP_DEN","Population density (pop. per km2)","2013","2013","PER","Persons","0","Units",,,855,,
"IT028","Padua","POP_DEN","Population density (pop. per km2)","2014","2014","PER","Persons","0","Units",,,866,,
"IT028","Padua","POP_DEN","Population density (pop. per km2)","2015","2015","PER","Persons","0","Units",,,870,,
"IT028","Padua","POP_DEN","Population density (pop. per km2)","2016","2016","PER","Persons","0","Units",,,870,,
"CL011","Santiago","T_T","Population, All ages. Administrative data","2000","2000","PER","Persons","0","Units",,,5965126,,
"CL011","Santiago","T_T","Population, All ages. Administrative data","2001","2001","PER","Persons","0","Units",,,6046220,,
"CL011","Santiago","T_T","Population, All ages. Administrative data","2002","2002","PER","Persons","0","Units",,,6127314,,
"CL011","Santiago","T_T","Population, All ages. Administrative data","2003","2003","PER","Persons","0","Units",,,6208408,,
"CL011","Santiago","T_T","Population, All ages. Administrative data","2004","2004","PER","Persons","0","Units",,,6289503,,
"CL011","Santiago","T_T","Population, All ages. Administrative data","2005","2005","PER","Persons","0","Units",,,6370597,,
"CL011","Santiago","T_T","Population, All ages. Administrative data","2006","2006","PER","Persons","0","Units",,,6451691,,
"CL011","Santiago","T_T","Population, All ages. Administrative data","2007","2007","PER","Persons","0","Units",,,6532785,,
"CL011","Santiago","T_T","Population, All ages. Administrative data","2008","2008","PER","Persons","0","Units",,,6613880,,
"CL011","Santiago","T_T","Population, All ages. Administrative data","2009","2009","PER","Persons","0","Units",,,6694974,,
"CL011","Santiago","T_T","Population, All ages. Administrative data","2010","2010","PER","Persons","0","Units",,,6776068,,
"CL011","Santiago","T_T","Population, All ages. Administrative data","2011","2011","PER","Persons","0","Units",,,6857162,,
"CL011","Santiago","T_T","Population, All ages. Administrative data","2012","2012","PER","Persons","0","Units",,,6938257,,
"CL011","Santiago","T_T","Population, All ages. Administrative data","2013","2013","PER","Persons","0","Units",,,7019351,,
"CL011","Santiago","T_T","Population, All ages. Administrative data","2014","2014","PER","Persons","0","Units",,,7100445,,
"CL011","Santiago","T_T","Population, All ages. Administrative data","2015","2015","PER","Persons","0","Units",,,7181539,,
"USA112","Cameron","T_T","Population, All ages. Administrative data","2000","2000","PER","Persons","0","Units",,,336123,,
"USA112","Cameron","T_T","Population, All ages. Administrative data","2001","2001","PER","Persons","0","Units",,,342368,,
"USA112","Cameron","T_T","Population, All ages. Administrative data","2002","2002","PER","Persons","0","Units",,,350194,,
"USA112","Cameron","T_T","Population, All ages. Administrative data","2003","2003","PER","Persons","0","Units",,,358492,,
"USA112","Cameron","T_T","Population, All ages. Administrative data","2004","2004","PER","Persons","0","Units",,,366299,,
"USA112","Cameron","T_T","Population, All ages. Administrative data","2005","2005","PER","Persons","0","Units",,,373429,,
"USA112","Cameron","T_T","Population, All ages. Administrative data","2006","2006","PER","Persons","0","Units",,,380169,,
"USA112","Cameron","T_T","Population, All ages. Administrative data","2007","2007","PER","Persons","0","Units",,,386306,,
"USA112","Cameron","T_T","Population, All ages. Administrative data","2008","2008","PER","Persons","0","Units",,,393000,,
"USA112","Cameron","T_T","Population, All ages. Administrative data","2009","2009","PER","Persons","0","Units",,,400303,,
"USA112","Cameron","T_T","Population, All ages. Administrative data","2010","2010","PER","Persons","0","Units",,,407590,,
"USA112","Cameron","T_T","Population, All ages. Administrative data","2011","2011","PER","Persons","0","Units",,,412917,,
"USA112","Cameron","T_T","Population, All ages. Administrative data","2012","2012","PER","Persons","0","Units",,,415370,,
"USA112","Cameron","T_T","Population, All ages. Administrative data","2013","2013","PER","Persons","0","Units",,,417095,,
"USA112","Cameron","T_T","Population, All ages. Administrative data","2014","2014","PER","Persons","0","Units",,,418838,,
"USA112","Cameron","T_T","Population, All ages. Administrative data","2015","2015","PER","Persons","0","Units",,,419579,,
"USA112","Cameron","T_T","Population, All ages. Administrative data","2016","2016","PER","Persons","0","Units",,,421766,,
"USA01","New York (Greater)","POP_DEN","Population density (pop. per km2)","2000","2000","PER","Persons","0","Units",,,793,,
"USA01","New York (Greater)","POP_DEN","Population density (pop. per km2)","2001","2001","PER","Persons","0","Units",,,799,,
"USA01","New York (Greater)","POP_DEN","Population density (pop. per km2)","2002","2002","PER","Persons","0","Units",,,802,,
"USA01","New York (Greater)","POP_DEN","Population density (pop. per km2)","2003","2003","PER","Persons","0","Units",,,805,,
"USA01","New York (Greater)","POP_DEN","Population density (pop. per km2)","2004","2004","PER","Persons","0","Units",,,805,,
"USA01","New York (Greater)","POP_DEN","Population density (pop. per km2)","2005","2005","PER","Persons","0","Units",,,804,,
"USA01","New York (Greater)","POP_DEN","Population density (pop. per km2)","2006","2006","PER","Persons","0","Units",,,803,,
"USA01","New York (Greater)","POP_DEN","Population density (pop. per km2)","2007","2007","PER","Persons","0","Units",,,805,,
"USA01","New York (Greater)","POP_DEN","Population density (pop. per km2)","2008","2008","PER","Persons","0","Units",,,809,,
"USA01","New York (Greater)","POP_DEN","Population density (pop. per km2)","2009","2009","PER","Persons","0","Units",,,814,,
"USA01","New York (Greater)","POP_DEN","Population density (pop. per km2)","2010","2010","PER","Persons","0","Units",,,820,,
"USA01","New York (Greater)","POP_DEN","Population density (pop. per km2)","2011","2011","PER","Persons","0","Units",,,827,,
"USA01","New York (Greater)","POP_DEN","Population density (pop. per km2)","2012","2012","PER","Persons","0","Units",,,832,,
"USA01","New York (Greater)","POP_DEN","Population density (pop. per km2)","2013","2013","PER","Persons","0","Units",,,838,,
"USA01","New York (Greater)","POP_DEN","Population density (pop. per km2)","2014","2014","PER","Persons","0","Units",,,842,,
"USA01","New York (Greater)","POP_DEN","Population density (pop. per km2)","2015","2015","PER","Persons","0","Units",,,846,,
"USA01","New York (Greater)","POP_DEN","Population density (pop. per km2)","2016","2016","PER","Persons","0","Units",,,848,,
"SI001","Ljubljana","T_T","Population, All ages. Administrative data","2000","2000","PER","Persons","0","Units",,,468588,,
"SI001","Ljubljana","T_T","Population, All ages. Administrative data","2001","2001","PER","Persons","0","Units",,,470840,,
"SI001","Ljubljana","T_T","Population, All ages. Administrative data","2002","2002","PER","Persons","0","Units",,,472642,,
"SI001","Ljubljana","T_T","Population, All ages. Administrative data","2003","2003","PER","Persons","0","Units",,,479020,,
"SI001","Ljubljana","T_T","Population, All ages. Administrative data","2004","2004","PER","Persons","0","Units",,,480681,,
"SI001","Ljubljana","T_T","Population, All ages. Administrative data","2005","2005","PER","Persons","0","Units",,,482181,,
"SI001","Ljubljana","T_T","Population, All ages. Administrative data","2006","2006","PER","Persons","0","Units",,,485503,,
"SI001","Ljubljana","T_T","Population, All ages. Administrative data","2007","2007","PER","Persons","0","Units",,,489329,,
"SI001","Ljubljana","T_T","Population, All ages. Administrative data","2008","2008","PER","Persons","0","Units",,,493940,,
"SI001","Ljubljana","T_T","Population, All ages. Administrative data","2009","2009","PER","Persons","0","Units",,,507436,,
"SI001","Ljubljana","T_T","Population, All ages. Administrative data","2010","2010","PER","Persons","0","Units",,,514907,,
"SI001","Ljubljana","T_T","Population, All ages. Administrative data","2011","2011","PER","Persons","0","Units",,,518350,,
"SI001","Ljubljana","T_T","Population, All ages. Administrative data","2012","2012","PER","Persons","0","Units",,,521584,,
"SI001","Ljubljana","T_T","Population, All ages. Administrative data","2013","2013","PER","Persons","0","Units",,,526701,,
"SI001","Ljubljana","T_T","Population, All ages. Administrative data","2014","2014","PER","Persons","0","Units",,,531260,,
"SI001","Ljubljana","T_T","Population, All ages. Administrative data","2015","2015","PER","Persons","0","Units",,,534518,,
"SI001","Ljubljana","T_T","Population, All ages. Administrative data","2016","2016","PER","Persons","0","Units",,,537023,,
"JPN18","Oita","T_T","Population, All ages. Administrative data","2000","2000","PER","Persons","0","Units",,,730697,,
"JPN18","Oita","T_T","Population, All ages. Administrative data","2001","2001","PER","Persons","0","Units",,,731657,,
"JPN18","Oita","T_T","Population, All ages. Administrative data","2002","2002","PER","Persons","0","Units",,,732617,,
"JPN18","Oita","T_T","Population, All ages. Administrative data","2003","2003","PER","Persons","0","Units",,,733579,,
"JPN18","Oita","T_T","Population, All ages. Administrative data","2004","2004","PER","Persons","0","Units",,,734539,,
"JPN18","Oita","T_T","Population, All ages. Administrative data","2005","2005","PER","Persons","0","Units",,,735499,,
"JPN18","Oita","T_T","Population, All ages. Administrative data","2006","2006","PER","Persons","0","Units",,,736006,,
"JPN18","Oita","T_T","Population, All ages. Administrative data","2007","2007","PER","Persons","0","Units",,,736513,,
"JPN18","Oita","T_T","Population, All ages. Administrative data","2008","2008","PER","Persons","0","Units",,,737020,,
"JPN18","Oita","T_T","Population, All ages. Administrative data","2009","2009","PER","Persons","0","Units",,,737527,,
"JPN18","Oita","T_T","Population, All ages. Administrative data","2010","2010","PER","Persons","0","Units",,,738034,,
"JPN18","Oita","T_T","Population, All ages. Administrative data","2011","2011","PER","Persons","0","Units",,,736341,,
"JPN18","Oita","T_T","Population, All ages. Administrative data","2012","2012","PER","Persons","0","Units",,,734648,,
"JPN18","Oita","T_T","Population, All ages. Administrative data","2013","2013","PER","Persons","0","Units",,,732952,,
"JPN18","Oita","T_T","Population, All ages. Administrative data","2014","2014","PER","Persons","0","Units",,,731259,,
"JPN18","Oita","T_T","Population, All ages. Administrative data","2015","2015","PER","Persons","0","Units",,,729566,,
"FR011","Saint-Etienne","T_T_SH_NAT","Share of population  in metropolitan area over the national value","2001","2001","RATIO","Ratio","0","Units",,,0.8,,
"FR011","Saint-Etienne","T_T_SH_NAT","Share of population  in metropolitan area over the national value","2002","2002","RATIO","Ratio","0","Units",,,0.8,,
"FR011","Saint-Etienne","T_T_SH_NAT","Share of population  in metropolitan area over the national value","2003","2003","RATIO","Ratio","0","Units",,,0.8,,
"FR011","Saint-Etienne","T_T_SH_NAT","Share of population  in metropolitan area over the national value","2004","2004","RATIO","Ratio","0","Units",,,0.8,,
"FR011","Saint-Etienne","T_T_SH_NAT","Share of population  in metropolitan area over the national value","2005","2005","RATIO","Ratio","0","Units",,,0.8,,
"FR011","Saint-Etienne","T_T_SH_NAT","Share of population  in metropolitan area over the national value","2006","2006","RATIO","Ratio","0","Units",,,0.8,,
"FR011","Saint-Etienne","T_T_SH_NAT","Share of population  in metropolitan area over the national value","2007","2007","RATIO","Ratio","0","Units",,,0.8,,
"FR011","Saint-Etienne","T_T_SH_NAT","Share of population  in metropolitan area over the national value","2008","2008","RATIO","Ratio","0","Units",,,0.8,,
"FR011","Saint-Etienne","T_T_SH_NAT","Share of population  in metropolitan area over the national value","2009","2009","RATIO","Ratio","0","Units",,,0.8,,
"FR011","Saint-Etienne","T_T_SH_NAT","Share of population  in metropolitan area over the national value","2010","2010","RATIO","Ratio","0","Units",,,0.8,,
"FR011","Saint-Etienne","T_T_SH_NAT","Share of population  in metropolitan area over the national value","2011","2011","RATIO","Ratio","0","Units",,,0.8,,
"FR011","Saint-Etienne","T_T_SH_NAT","Share of population  in metropolitan area over the national value","2012","2012","RATIO","Ratio","0","Units",,,0.8,,
"FR011","Saint-Etienne","T_T_SH_NAT","Share of population  in metropolitan area over the national value","2013","2013","RATIO","Ratio","0","Units",,,0.8,,
"FR011","Saint-Etienne","T_T_SH_NAT","Share of population  in metropolitan area over the national value","2014","2014","RATIO","Ratio","0","Units",,,0.8,,
"FR011","Saint-Etienne","T_T_SH_NAT","Share of population  in metropolitan area over the national value","2015","2015","RATIO","Ratio","0","Units",,,0.8,,
"DE038","Ruhr","T_T","Population, All ages. Administrative data","2001","2001","PER","Persons","0","Units",,,5351634,,
"DE038","Ruhr","T_T","Population, All ages. Administrative data","2002","2002","PER","Persons","0","Units",,,5339578,,
"DE038","Ruhr","T_T","Population, All ages. Administrative data","2003","2003","PER","Persons","0","Units",,,5324843,,
"DE038","Ruhr","T_T","Population, All ages. Administrative data","2004","2004","PER","Persons","0","Units",,,5309078,,
"DE038","Ruhr","T_T","Population, All ages. Administrative data","2005","2005","PER","Persons","0","Units",,,5294705,,
"DE038","Ruhr","T_T","Population, All ages. Administrative data","2006","2006","PER","Persons","0","Units",,,5271249,,
"DE038","Ruhr","T_T","Population, All ages. Administrative data","2007","2007","PER","Persons","0","Units",,,5249824,,
"DE038","Ruhr","T_T","Population, All ages. Administrative data","2008","2008","PER","Persons","0","Units",,,5226236,,
"DE038","Ruhr","T_T","Population, All ages. Administrative data","2009","2009","PER","Persons","0","Units",,,5195782,,
"DE038","Ruhr","T_T","Population, All ages. Administrative data","2010","2010","PER","Persons","0","Units",,,5165197,,
"DE038","Ruhr","T_T","Population, All ages. Administrative data","2011","2011","PER","Persons","0","Units",,,5063616,,
"DE038","Ruhr","T_T","Population, All ages. Administrative data","2012","2012","PER","Persons","0","Units",,,5048643,,
"DE038","Ruhr","T_T","Population, All ages. Administrative data","2013","2013","PER","Persons","0","Units",,,5040157,,
"DE038","Ruhr","T_T","Population, All ages. Administrative data","2014","2014","PER","Persons","0","Units",,,5038704,,
"DE038","Ruhr","T_T","Population, All ages. Administrative data","2015","2015","PER","Persons","0","Units",,,5047559,,
"DE038","Ruhr","T_T","Population, All ages. Administrative data","2016","2016","PER","Persons","0","Units",,,5102104,,
"CAN13","Saanich","POP_DEN","Population density (pop. per km2)","2000","2000","PER","Persons","0","Units",,,303,,
"CAN13","Saanich","POP_DEN","Population density (pop. per km2)","2001","2001","PER","Persons","0","Units",,,306,,
"CAN13","Saanich","POP_DEN","Population density (pop. per km2)","2002","2002","PER","Persons","0","Units",,,308,,
"CAN13","Saanich","POP_DEN","Population density (pop. per km2)","2003","2003","PER","Persons","0","Units",,,311,,
"CAN13","Saanich","POP_DEN","Population density (pop. per km2)","2004","2004","PER","Persons","0","Units",,,314,,
"CAN13","Saanich","POP_DEN","Population density (pop. per km2)","2005","2005","PER","Persons","0","Units",,,317,,
"CAN13","Saanich","POP_DEN","Population density (pop. per km2)","2006","2006","PER","Persons","0","Units",,,320,,
"CAN13","Saanich","POP_DEN","Population density (pop. per km2)","2007","2007","PER","Persons","0","Units",,,321,,
"CAN13","Saanich","POP_DEN","Population density (pop. per km2)","2008","2008","PER","Persons","0","Units",,,324,,
"CAN13","Saanich","POP_DEN","Population density (pop. per km2)","2009","2009","PER","Persons","0","Units",,,327,,
"CAN13","Saanich","POP_DEN","Population density (pop. per km2)","2010","2010","PER","Persons","0","Units",,,330,,
"CAN13","Saanich","POP_DEN","Population density (pop. per km2)","2011","2011","PER","Persons","0","Units",,,333,,
"CAN13","Saanich","POP_DEN","Population density (pop. per km2)","2012","2012","PER","Persons","0","Units",,,338,,
"CAN13","Saanich","POP_DEN","Population density (pop. per km2)","2013","2013","PER","Persons","0","Units",,,342,,
"CAN13","Saanich","POP_DEN","Population density (pop. per km2)","2014","2014","PER","Persons","0","Units",,,347,,
"CAN13","Saanich","POP_DEN","Population density (pop. per km2)","2015","2015","PER","Persons","0","Units",,,352,,
"CAN13","Saanich","POP_DEN","Population density (pop. per km2)","2016","2016","PER","Persons","0","Units",,,356,,
"KOR06","Seongsan","POP_DEN","Population density (pop. per km2)","2000","2000","PER","Persons","0","Units",,,900,,
"KOR06","Seongsan","POP_DEN","Population density (pop. per km2)","2001","2001","PER","Persons","0","Units",,,907,,
"KOR06","Seongsan","POP_DEN","Population density (pop. per km2)","2002","2002","PER","Persons","0","Units",,,915,,
"KOR06","Seongsan","POP_DEN","Population density (pop. per km2)","2003","2003","PER","Persons","0","Units",,,922,,
"KOR06","Seongsan","POP_DEN","Population density (pop. per km2)","2004","2004","PER","Persons","0","Units",,,929,,
"KOR06","Seongsan","POP_DEN","Population density (pop. per km2)","2005","2005","PER","Persons","0","Units",,,937,,
"KOR06","Seongsan","POP_DEN","Population density (pop. per km2)","2006","2006","PER","Persons","0","Units",,,944,,
"KOR06","Seongsan","POP_DEN","Population density (pop. per km2)","2007","2007","PER","Persons","0","Units",,,952,,
"KOR06","Seongsan","POP_DEN","Population density (pop. per km2)","2008","2008","PER","Persons","0","Units",,,959,,
"KOR06","Seongsan","POP_DEN","Population density (pop. per km2)","2009","2009","PER","Persons","0","Units",,,967,,
"KOR06","Seongsan","POP_DEN","Population density (pop. per km2)","2010","2010","PER","Persons","0","Units",,,974,,
"KOR06","Seongsan","POP_DEN","Population density (pop. per km2)","2011","2011","PER","Persons","0","Units",,,981,,
"KOR06","Seongsan","POP_DEN","Population density (pop. per km2)","2012","2012","PER","Persons","0","Units",,,981,,
"KOR06","Seongsan","POP_DEN","Population density (pop. per km2)","2013","2013","PER","Persons","0","Units",,,975,,
"KOR06","Seongsan","POP_DEN","Population density (pop. per km2)","2014","2014","PER","Persons","0","Units",,,969,,
"KOR06","Seongsan","POP_DEN","Population density (pop. per km2)","2015","2015","PER","Persons","0","Units",,,965,,
"KOR06","Seongsan","POP_DEN","Population density (pop. per km2)","2016","2016","PER","Persons","0","Units",,,959,,
"MEX32","Pachuca de Soto","T_T","Population, All ages. Administrative data","2000","2000","PER","Persons","0","Units",,,455717,,
"MEX32","Pachuca de Soto","T_T","Population, All ages. Administrative data","2005","2005","PER","Persons","0","Units",,,454593,,
"MEX32","Pachuca de Soto","T_T","Population, All ages. Administrative data","2010","2010","PER","Persons","0","Units",,,537981,,
"MEX32","Pachuca de Soto","T_T","Population, All ages. Administrative data","2015","2015","PER","Persons","0","Units",,,703480,,
"FR043","Perpignan","POP_DEN","Population density (pop. per km2)","2000","2000","PER","Persons","0","Units",,,180,,
"FR043","Perpignan","POP_DEN","Population density (pop. per km2)","2001","2001","PER","Persons","0","Units",,,183,,
"FR043","Perpignan","POP_DEN","Population density (pop. per km2)","2002","2002","PER","Persons","0","Units",,,185,,
"FR043","Perpignan","POP_DEN","Population density (pop. per km2)","2003","2003","PER","Persons","0","Units",,,188,,
"FR043","Perpignan","POP_DEN","Population density (pop. per km2)","2004","2004","PER","Persons","0","Units",,,191,,
"FR043","Perpignan","POP_DEN","Population density (pop. per km2)","2005","2005","PER","Persons","0","Units",,,194,,
"FR043","Perpignan","POP_DEN","Population density (pop. per km2)","2006","2006","PER","Persons","0","Units",,,196,,
"FR043","Perpignan","POP_DEN","Population density (pop. per km2)","2007","2007","PER","Persons","0","Units",,,199,,
"FR043","Perpignan","POP_DEN","Population density (pop. per km2)","2008","2008","PER","Persons","0","Units",,,202,,
"FR043","Perpignan","POP_DEN","Population density (pop. per km2)","2009","2009","PER","Persons","0","Units",,,205,,
"FR043","Perpignan","POP_DEN","Population density (pop. per km2)","2010","2010","PER","Persons","0","Units",,,207,,
"FR043","Perpignan","POP_DEN","Population density (pop. per km2)","2011","2011","PER","Persons","0","Units",,,209,,
"FR043","Perpignan","POP_DEN","Population density (pop. per km2)","2012","2012","PER","Persons","0","Units",,,212,,
"FR043","Perpignan","POP_DEN","Population density (pop. per km2)","2013","2013","PER","Persons","0","Units",,,214,,
"FR043","Perpignan","POP_DEN","Population density (pop. per km2)","2014","2014","PER","Persons","0","Units",,,216,,
"FR043","Perpignan","POP_DEN","Population density (pop. per km2)","2015","2015","PER","Persons","0","Units",,,219,,
"DE527","Bremerhaven","T_T","Population, All ages. Administrative data","2001","2001","PER","Persons","0","Units",,,326756,,
"DE527","Bremerhaven","T_T","Population, All ages. Administrative data","2002","2002","PER","Persons","0","Units",,,326019,,
"DE527","Bremerhaven","T_T","Population, All ages. Administrative data","2003","2003","PER","Persons","0","Units",,,326546,,
"DE527","Bremerhaven","T_T","Population, All ages. Administrative data","2004","2004","PER","Persons","0","Units",,,325974,,
"DE527","Bremerhaven","T_T","Population, All ages. Administrative data","2005","2005","PER","Persons","0","Units",,,324761,,
"DE527","Bremerhaven","T_T","Population, All ages. Administrative data","2006","2006","PER","Persons","0","Units",,,323078,,
"DE527","Bremerhaven","T_T","Population, All ages. Administrative data","2007","2007","PER","Persons","0","Units",,,321482,,
"DE527","Bremerhaven","T_T","Population, All ages. Administrative data","2008","2008","PER","Persons","0","Units",,,319459,,
"DE527","Bremerhaven","T_T","Population, All ages. Administrative data","2009","2009","PER","Persons","0","Units",,,317851,,
"DE527","Bremerhaven","T_T","Population, All ages. Administrative data","2010","2010","PER","Persons","0","Units",,,316449,,
"DE527","Bremerhaven","T_T","Population, All ages. Administrative data","2011","2011","PER","Persons","0","Units",,,308992,,
"DE527","Bremerhaven","T_T","Population, All ages. Administrative data","2012","2012","PER","Persons","0","Units",,,307543,,
"DE527","Bremerhaven","T_T","Population, All ages. Administrative data","2013","2013","PER","Persons","0","Units",,,307055,,
"DE527","Bremerhaven","T_T","Population, All ages. Administrative data","2014","2014","PER","Persons","0","Units",,,306756,,
"DE527","Bremerhaven","T_T","Population, All ages. Administrative data","2015","2015","PER","Persons","0","Units",,,308214,,
"DE527","Bremerhaven","T_T","Population, All ages. Administrative data","2016","2016","PER","Persons","0","Units",,,313416,,
"FR012","Le Havre","T_T_SH_NAT","Share of population  in metropolitan area over the national value","2001","2001","RATIO","Ratio","0","Units",,,0.5,,
"FR012","Le Havre","T_T_SH_NAT","Share of population  in metropolitan area over the national value","2002","2002","RATIO","Ratio","0","Units",,,0.5,,
"FR012","Le Havre","T_T_SH_NAT","Share of population  in metropolitan area over the national value","2003","2003","RATIO","Ratio","0","Units",,,0.5,,
"FR012","Le Havre","T_T_SH_NAT","Share of population  in metropolitan area over the national value","2004","2004","RATIO","Ratio","0","Units",,,0.5,,
"FR012","Le Havre","T_T_SH_NAT","Share of population  in metropolitan area over the national value","2005","2005","RATIO","Ratio","0","Units",,,0.5,,
"FR012","Le Havre","T_T_SH_NAT","Share of population  in metropolitan area over the national value","2006","2006","RATIO","Ratio","0","Units",,,0.5,,
"FR012","Le Havre","T_T_SH_NAT","Share of population  in metropolitan area over the national value","2007","2007","RATIO","Ratio","0","Units",,,0.5,,
"FR012","Le Havre","T_T_SH_NAT","Share of population  in metropolitan area over the national value","2008","2008","RATIO","Ratio","0","Units",,,0.5,,
"FR012","Le Havre","T_T_SH_NAT","Share of population  in metropolitan area over the national value","2009","2009","RATIO","Ratio","0","Units",,,0.5,,
"FR012","Le Havre","T_T_SH_NAT","Share of population  in metropolitan area over the national value","2010","2010","RATIO","Ratio","0","Units",,,0.5,,
"FR012","Le Havre","T_T_SH_NAT","Share of population  in metropolitan area over the national value","2011","2011","RATIO","Ratio","0","Units",,,0.5,,
"FR012","Le Havre","T_T_SH_NAT","Share of population  in metropolitan area over the national value","2012","2012","RATIO","Ratio","0","Units",,,0.5,,
"FR012","Le Havre","T_T_SH_NAT","Share of population  in metropolitan area over the national value","2013","2013","RATIO","Ratio","0","Units",,,0.5,,
"FR012","Le Havre","T_T_SH_NAT","Share of population  in metropolitan area over the national value","2014","2014","RATIO","Ratio","0","Units",,,0.5,,
"FR012","Le Havre","T_T_SH_NAT","Share of population  in metropolitan area over the national value","2015","2015","RATIO","Ratio","0","Units",,,0.4,,
"ES023","Gijon","POP_DEN","Population density (pop. per km2)","2000","2000","PER","Persons","0","Units",,,557,,
"ES023","Gijon","POP_DEN","Population density (pop. per km2)","2001","2001","PER","Persons","0","Units",,,557,,
"ES023","Gijon","POP_DEN","Population density (pop. per km2)","2002","2002","PER","Persons","0","Units",,,558,,
"ES023","Gijon","POP_DEN","Population density (pop. per km2)","2003","2003","PER","Persons","0","Units",,,559,,
"ES023","Gijon","POP_DEN","Population density (pop. per km2)","2004","2004","PER","Persons","0","Units",,,559,,
"ES023","Gijon","POP_DEN","Population density (pop. per km2)","2005","2005","PER","Persons","0","Units",,,560,,
"ES023","Gijon","POP_DEN","Population density (pop. per km2)","2006","2006","PER","Persons","0","Units",,,560,,
"ES023","Gijon","POP_DEN","Population density (pop. per km2)","2007","2007","PER","Persons","0","Units",,,561,,
"ES023","Gijon","POP_DEN","Population density (pop. per km2)","2008","2008","PER","Persons","0","Units",,,561,,
"ES023","Gijon","POP_DEN","Population density (pop. per km2)","2009","2009","PER","Persons","0","Units",,,562,,
"ES023","Gijon","POP_DEN","Population density (pop. per km2)","2010","2010","PER","Persons","0","Units",,,563,,
"ES023","Gijon","POP_DEN","Population density (pop. per km2)","2011","2011","PER","Persons","0","Units",,,563,,
"ES023","Gijon","POP_DEN","Population density (pop. per km2)","2012","2012","PER","Persons","0","Units",,,564,,
"ES023","Gijon","POP_DEN","Population density (pop. per km2)","2013","2013","PER","Persons","0","Units",,,564,,
"ES023","Gijon","POP_DEN","Population density (pop. per km2)","2014","2014","PER","Persons","0","Units",,,565,,
"ES023","Gijon","POP_DEN","Population density (pop. per km2)","2015","2015","PER","Persons","0","Units",,,565,,
"ES023","Gijon","POP_DEN","Population density (pop. per km2)","2016","2016","PER","Persons","0","Units",,,566,,
"MEX51","Minatitlan","T_T","Population, All ages. Administrative data","2000","2000","PER","Persons","0","Units",,,293907,,
"MEX51","Minatitlan","T_T","Population, All ages. Administrative data","2005","2005","PER","Persons","0","Units",,,291733,,
"MEX51","Minatitlan","T_T","Population, All ages. Administrative data","2010","2010","PER","Persons","0","Units",,,313805,,
"MEX51","Minatitlan","T_T","Population, All ages. Administrative data","2015","2015","PER","Persons","0","Units",,,351881,,
"FR034","Valenciennes","T_T","Population, All ages. Administrative data","2000","2000","PER","Persons","0","Units",,,356694,,
"FR034","Valenciennes","T_T","Population, All ages. Administrative data","2001","2001","PER","Persons","0","Units",,,356744,,
"FR034","Valenciennes","T_T","Population, All ages. Administrative data","2002","2002","PER","Persons","0","Units",,,356794,,
"FR034","Valenciennes","T_T","Population, All ages. Administrative data","2003","2003","PER","Persons","0","Units",,,356844,,
"FR034","Valenciennes","T_T","Population, All ages. Administrative data","2004","2004","PER","Persons","0","Units",,,356893,,
"FR034","Valenciennes","T_T","Population, All ages. Administrative data","2005","2005","PER","Persons","0","Units",,,356943,,
"FR034","Valenciennes","T_T","Population, All ages. Administrative data","2006","2006","PER","Persons","0","Units",,,356993,,
"FR034","Valenciennes","T_T","Population, All ages. Administrative data","2007","2007","PER","Persons","0","Units",,,357043,,
"FR034","Valenciennes","T_T","Population, All ages. Administrative data","2008","2008","PER","Persons","0","Units",,,357093,,
"FR034","Valenciennes","T_T","Population, All ages. Administrative data","2009","2009","PER","Persons","0","Units",,,357143,,
"FR034","Valenciennes","T_T","Population, All ages. Administrative data","2010","2010","PER","Persons","0","Units",,,357540,,
"FR034","Valenciennes","T_T","Population, All ages. Administrative data","2011","2011","PER","Persons","0","Units",,,357937,,
"FR034","Valenciennes","T_T","Population, All ages. Administrative data","2012","2012","PER","Persons","0","Units",,,358332,,
"FR034","Valenciennes","T_T","Population, All ages. Administrative data","2013","2013","PER","Persons","0","Units",,,358729,,
"FR034","Valenciennes","T_T","Population, All ages. Administrative data","2014","2014","PER","Persons","0","Units",,,359126,,
"FR034","Valenciennes","T_T","Population, All ages. Administrative data","2015","2015","PER","Persons","0","Units",,,353990,,
"DE546","Wuppertal","POP_DEN","Population density (pop. per km2)","2001","2001","PER","Persons","0","Units",,,2177,,
"DE546","Wuppertal","POP_DEN","Population density (pop. per km2)","2002","2002","PER","Persons","0","Units",,,2167,,
"DE546","Wuppertal","POP_DEN","Population density (pop. per km2)","2003","2003","PER","Persons","0","Units",,,2160,,
"DE546","Wuppertal","POP_DEN","Population density (pop. per km2)","2004","2004","PER","Persons","0","Units",,,2151,,
"DE546","Wuppertal","POP_DEN","Population density (pop. per km2)","2005","2005","PER","Persons","0","Units",,,2145,,
"DE546","Wuppertal","POP_DEN","Population density (pop. per km2)","2006","2006","PER","Persons","0","Units",,,2134,,
"DE546","Wuppertal","POP_DEN","Population density (pop. per km2)","2007","2007","PER","Persons","0","Units",,,2129,,
"DE546","Wuppertal","POP_DEN","Population density (pop. per km2)","2008","2008","PER","Persons","0","Units",,,2117,,
"DE546","Wuppertal","POP_DEN","Population density (pop. per km2)","2009","2009","PER","Persons","0","Units",,,2099,,
"DE546","Wuppertal","POP_DEN","Population density (pop. per km2)","2010","2010","PER","Persons","0","Units",,,2085,,
"DE546","Wuppertal","POP_DEN","Population density (pop. per km2)","2011","2011","PER","Persons","0","Units",,,2036,,
"DE546","Wuppertal","POP_DEN","Population density (pop. per km2)","2012","2012","PER","Persons","0","Units",,,2035,,
"DE546","Wuppertal","POP_DEN","Population density (pop. per km2)","2013","2013","PER","Persons","0","Units",,,2037,,
"DE546","Wuppertal","POP_DEN","Population density (pop. per km2)","2014","2014","PER","Persons","0","Units",,,2040,,
"DE546","Wuppertal","POP_DEN","Population density (pop. per km2)","2015","2015","PER","Persons","0","Units",,,2052,,
"DE546","Wuppertal","POP_DEN","Population density (pop. per km2)","2016","2016","PER","Persons","0","Units",,,2079,,
"ES505","Elche/Elx","T_T","Population, All ages. Administrative data","2000","2000","PER","Persons","0","Units",,,214712,,
"ES505","Elche/Elx","T_T","Population, All ages. Administrative data","2001","2001","PER","Persons","0","Units",,,217366,,
"ES505","Elche/Elx","T_T","Population, All ages. Administrative data","2002","2002","PER","Persons","0","Units",,,220018,,
"ES505","Elche/Elx","T_T","Population, All ages. Administrative data","2003","2003","PER","Persons","0","Units",,,222671,,
"ES505","Elche/Elx","T_T","Population, All ages. Administrative data","2004","2004","PER","Persons","0","Units",,,225324,,
"ES505","Elche/Elx","T_T","Population, All ages. Administrative data","2005","2005","PER","Persons","0","Units",,,227977,,
"ES505","Elche/Elx","T_T","Population, All ages. Administrative data","2006","2006","PER","Persons","0","Units",,,230630,,
"ES505","Elche/Elx","T_T","Population, All ages. Administrative data","2007","2007","PER","Persons","0","Units",,,233283,,
"ES505","Elche/Elx","T_T","Population, All ages. Administrative data","2008","2008","PER","Persons","0","Units",,,235935,,
"ES505","Elche/Elx","T_T","Population, All ages. Administrative data","2009","2009","PER","Persons","0","Units",,,238589,,
"ES505","Elche/Elx","T_T","Population, All ages. Administrative data","2010","2010","PER","Persons","0","Units",,,241241,,
"ES505","Elche/Elx","T_T","Population, All ages. Administrative data","2011","2011","PER","Persons","0","Units",,,243894,,
"ES505","Elche/Elx","T_T","Population, All ages. Administrative data","2012","2012","PER","Persons","0","Units",,,246547,,
"ES505","Elche/Elx","T_T","Population, All ages. Administrative data","2013","2013","PER","Persons","0","Units",,,249200,,
"ES505","Elche/Elx","T_T","Population, All ages. Administrative data","2014","2014","PER","Persons","0","Units",,,251853,,
"ES505","Elche/Elx","T_T","Population, All ages. Administrative data","2015","2015","PER","Persons","0","Units",,,254506,,
"ES505","Elche/Elx","T_T","Population, All ages. Administrative data","2016","2016","PER","Persons","0","Units",,,257158,,
"USA81","Brevard","T_T","Population, All ages. Administrative data","2000","2000","PER","Persons","0","Units",,,477819,,
"USA81","Brevard","T_T","Population, All ages. Administrative data","2001","2001","PER","Persons","0","Units",,,486429,,
"USA81","Brevard","T_T","Population, All ages. Administrative data","2002","2002","PER","Persons","0","Units",,,495425,,
"USA81","Brevard","T_T","Population, All ages. Administrative data","2003","2003","PER","Persons","0","Units",,,504847,,
"USA81","Brevard","T_T","Population, All ages. Administrative data","2004","2004","PER","Persons","0","Units",,,518722,,
"USA81","Brevard","T_T","Population, All ages. Administrative data","2005","2005","PER","Persons","0","Units",,,529907,,
"USA81","Brevard","T_T","Population, All ages. Administrative data","2006","2006","PER","Persons","0","Units",,,535138,,
"USA81","Brevard","T_T","Population, All ages. Administrative data","2007","2007","PER","Persons","0","Units",,,539719,,
"USA81","Brevard","T_T","Population, All ages. Administrative data","2008","2008","PER","Persons","0","Units",,,542378,,
"USA81","Brevard","T_T","Population, All ages. Administrative data","2009","2009","PER","Persons","0","Units",,,542109,,
"USA81","Brevard","T_T","Population, All ages. Administrative data","2010","2010","PER","Persons","0","Units",,,543976,,
"USA81","Brevard","T_T","Population, All ages. Administrative data","2011","2011","PER","Persons","0","Units",,,544439,,
"USA81","Brevard","T_T","Population, All ages. Administrative data","2012","2012","PER","Persons","0","Units",,,547293,,
"USA81","Brevard","T_T","Population, All ages. Administrative data","2013","2013","PER","Persons","0","Units",,,550754,,
"USA81","Brevard","T_T","Population, All ages. Administrative data","2014","2014","PER","Persons","0","Units",,,556277,,
"USA81","Brevard","T_T","Population, All ages. Administrative data","2015","2015","PER","Persons","0","Units",,,566822,,
"USA81","Brevard","T_T","Population, All ages. Administrative data","2016","2016","PER","Persons","0","Units",,,577899,,
"JPN41","Yamagata","T_T_SH_NAT","Share of population  in metropolitan area over the national value","2001","2001","RATIO","Ratio","0","Units",,,0.3,,
"JPN41","Yamagata","T_T_SH_NAT","Share of population  in metropolitan area over the national value","2002","2002","RATIO","Ratio","0","Units",,,0.3,,
"JPN41","Yamagata","T_T_SH_NAT","Share of population  in metropolitan area over the national value","2003","2003","RATIO","Ratio","0","Units",,,0.3,,
"JPN41","Yamagata","T_T_SH_NAT","Share of population  in metropolitan area over the national value","2004","2004","RATIO","Ratio","0","Units",,,0.3,,
"JPN41","Yamagata","T_T_SH_NAT","Share of population  in metropolitan area over the national value","2005","2005","RATIO","Ratio","0","Units",,,0.3,,
"JPN41","Yamagata","T_T_SH_NAT","Share of population  in metropolitan area over the national value","2006","2006","RATIO","Ratio","0","Units",,,0.3,,
"JPN41","Yamagata","T_T_SH_NAT","Share of population  in metropolitan area over the national value","2007","2007","RATIO","Ratio","0","Units",,,0.3,,
"JPN41","Yamagata","T_T_SH_NAT","Share of population  in metropolitan area over the national value","2008","2008","RATIO","Ratio","0","Units",,,0.3,,
"JPN41","Yamagata","T_T_SH_NAT","Share of population  in metropolitan area over the national value","2009","2009","RATIO","Ratio","0","Units",,,0.3,,
"JPN41","Yamagata","T_T_SH_NAT","Share of population  in metropolitan area over the national value","2010","2010","RATIO","Ratio","0","Units",,,0.3,,
"JPN41","Yamagata","T_T_SH_NAT","Share of population  in metropolitan area over the national value","2011","2011","RATIO","Ratio","0","Units",,,0.3,,
"JPN41","Yamagata","T_T_SH_NAT","Share of population  in metropolitan area over the national value","2012","2012","RATIO","Ratio","0","Units",,,0.3,,
"JPN41","Yamagata","T_T_SH_NAT","Share of population  in metropolitan area over the national value","2013","2013","RATIO","Ratio","0","Units",,,0.3,,
"JPN41","Yamagata","T_T_SH_NAT","Share of population  in metropolitan area over the national value","2014","2014","RATIO","Ratio","0","Units",,,0.3,,
"JPN41","Yamagata","T_T_SH_NAT","Share of population  in metropolitan area over the national value","2015","2015","RATIO","Ratio","0","Units",,,0.3,,
"JPN14","Hamamatsu","POP_DEN","Population density (pop. per km2)","2000","2000","PER","Persons","0","Units",,,552,,
"JPN14","Hamamatsu","POP_DEN","Population density (pop. per km2)","2001","2001","PER","Persons","0","Units",,,554,,
"JPN14","Hamamatsu","POP_DEN","Population density (pop. per km2)","2002","2002","PER","Persons","0","Units",,,556,,
"JPN14","Hamamatsu","POP_DEN","Population density (pop. per km2)","2003","2003","PER","Persons","0","Units",,,559,,
"JPN14","Hamamatsu","POP_DEN","Population density (pop. per km2)","2004","2004","PER","Persons","0","Units",,,561,,
"JPN14","Hamamatsu","POP_DEN","Population density (pop. per km2)","2005","2005","PER","Persons","0","Units",,,563,,
"JPN14","Hamamatsu","POP_DEN","Population density (pop. per km2)","2006","2006","PER","Persons","0","Units",,,562,,
"JPN14","Hamamatsu","POP_DEN","Population density (pop. per km2)","2007","2007","PER","Persons","0","Units",,,560,,
"JPN14","Hamamatsu","POP_DEN","Population density (pop. per km2)","2008","2008","PER","Persons","0","Units",,,559,,
"JPN14","Hamamatsu","POP_DEN","Population density (pop. per km2)","2009","2009","PER","Persons","0","Units",,,557,,
"JPN14","Hamamatsu","POP_DEN","Population density (pop. per km2)","2010","2010","PER","Persons","0","Units",,,556,,
"JPN14","Hamamatsu","POP_DEN","Population density (pop. per km2)","2011","2011","PER","Persons","0","Units",,,555,,
"JPN14","Hamamatsu","POP_DEN","Population density (pop. per km2)","2012","2012","PER","Persons","0","Units",,,555,,
"JPN14","Hamamatsu","POP_DEN","Population density (pop. per km2)","2013","2013","PER","Persons","0","Units",,,555,,
"JPN14","Hamamatsu","POP_DEN","Population density (pop. per km2)","2014","2014","PER","Persons","0","Units",,,554,,
"JPN14","Hamamatsu","POP_DEN","Population density (pop. per km2)","2015","2015","PER","Persons","0","Units",,,554,,
"CH005","Lausanne","T_T","Population, All ages. Administrative data","2000","2000","PER","Persons","0","Units",,,318558,,
"CH005","Lausanne","T_T","Population, All ages. Administrative data","2001","2001","PER","Persons","0","Units",,,324391,,
"CH005","Lausanne","T_T","Population, All ages. Administrative data","2002","2002","PER","Persons","0","Units",,,330224,,
"CH005","Lausanne","T_T","Population, All ages. Administrative data","2003","2003","PER","Persons","0","Units",,,336058,,
"CH005","Lausanne","T_T","Population, All ages. Administrative data","2004","2004","PER","Persons","0","Units",,,341890,,
"CH005","Lausanne","T_T","Population, All ages. Administrative data","2005","2005","PER","Persons","0","Units",,,347722,,
"CH005","Lausanne","T_T","Population, All ages. Administrative data","2006","2006","PER","Persons","0","Units",,,353555,,
"CH005","Lausanne","T_T","Population, All ages. Administrative data","2007","2007","PER","Persons","0","Units",,,359388,,
"CH005","Lausanne","T_T","Population, All ages. Administrative data","2008","2008","PER","Persons","0","Units",,,365221,,
"CH005","Lausanne","T_T","Population, All ages. Administrative data","2009","2009","PER","Persons","0","Units",,,371054,,
"CH005","Lausanne","T_T","Population, All ages. Administrative data","2010","2010","PER","Persons","0","Units",,,376887,,
"CH005","Lausanne","T_T","Population, All ages. Administrative data","2011","2011","PER","Persons","0","Units",,,383279,,
"CH005","Lausanne","T_T","Population, All ages. Administrative data","2012","2012","PER","Persons","0","Units",,,387122,,
"CH005","Lausanne","T_T","Population, All ages. Administrative data","2013","2013","PER","Persons","0","Units",,,394948,,
"CH005","Lausanne","T_T","Population, All ages. Administrative data","2014","2014","PER","Persons","0","Units",,,400248,,
"CH005","Lausanne","T_T","Population, All ages. Administrative data","2015","2015","PER","Persons","0","Units",,,406536,,
"CH005","Lausanne","T_T","Population, All ages. Administrative data","2016","2016","PER","Persons","0","Units",,,412805,,
"DE544","Zwickau","T_T_SH_NAT","Share of population  in metropolitan area over the national value","2001","2001","RATIO","Ratio","0","Units",,,0.5,,
"DE544","Zwickau","T_T_SH_NAT","Share of population  in metropolitan area over the national value","2002","2002","RATIO","Ratio","0","Units",,,0.5,,
"DE544","Zwickau","T_T_SH_NAT","Share of population  in metropolitan area over the national value","2003","2003","RATIO","Ratio","0","Units",,,0.5,,
"DE544","Zwickau","T_T_SH_NAT","Share of population  in metropolitan area over the national value","2004","2004","RATIO","Ratio","0","Units",,,0.4,,
"DE544","Zwickau","T_T_SH_NAT","Share of population  in metropolitan area over the national value","2005","2005","RATIO","Ratio","0","Units",,,0.4,,
"DE544","Zwickau","T_T_SH_NAT","Share of population  in metropolitan area over the national value","2006","2006","RATIO","Ratio","0","Units",,,0.4,,
"DE544","Zwickau","T_T_SH_NAT","Share of population  in metropolitan area over the national value","2007","2007","RATIO","Ratio","0","Units",,,0.4,,
"DE544","Zwickau","T_T_SH_NAT","Share of population  in metropolitan area over the national value","2008","2008","RATIO","Ratio","0","Units",,,0.4,,
"DE544","Zwickau","T_T_SH_NAT","Share of population  in metropolitan area over the national value","2009","2009","RATIO","Ratio","0","Units",,,0.4,,
"DE544","Zwickau","T_T_SH_NAT","Share of population  in metropolitan area over the national value","2010","2010","RATIO","Ratio","0","Units",,,0.4,,
"DE544","Zwickau","T_T_SH_NAT","Share of population  in metropolitan area over the national value","2011","2011","RATIO","Ratio","0","Units",,,0.4,,
"DE544","Zwickau","T_T_SH_NAT","Share of population  in metropolitan area over the national value","2012","2012","RATIO","Ratio","0","Units",,,0.4,,
"DE544","Zwickau","T_T_SH_NAT","Share of population  in metropolitan area over the national value","2013","2013","RATIO","Ratio","0","Units",,,0.4,,
"DE544","Zwickau","T_T_SH_NAT","Share of population  in metropolitan area over the national value","2014","2014","RATIO","Ratio","0","Units",,,0.4,,
"DE544","Zwickau","T_T_SH_NAT","Share of population  in metropolitan area over the national value","2015","2015","RATIO","Ratio","0","Units",,,0.4,,
"DE544","Zwickau","T_T_SH_NAT","Share of population  in metropolitan area over the national value","2016","2016","RATIO","Ratio","0","Units",,,0.4,,
"PL005","Poznan","T_T_SH_NAT","Share of population  in metropolitan area over the national value","2001","2001","RATIO","Ratio","0","Units",,,2.4,,
"PL005","Poznan","T_T_SH_NAT","Share of population  in metropolitan area over the national value","2002","2002","RATIO","Ratio","0","Units",,,2.4,,
"PL005","Poznan","T_T_SH_NAT","Share of population  in metropolitan area over the national value","2003","2003","RATIO","Ratio","0","Units",,,2.4,,
"PL005","Poznan","T_T_SH_NAT","Share of population  in metropolitan area over the national value","2004","2004","RATIO","Ratio","0","Units",,,2.4,,
"PL005","Poznan","T_T_SH_NAT","Share of population  in metropolitan area over the national value","2005","2005","RATIO","Ratio","0","Units",,,2.4,,
"PL005","Poznan","T_T_SH_NAT","Share of population  in metropolitan area over the national value","2006","2006","RATIO","Ratio","0","Units",,,2.4,,
"PL005","Poznan","T_T_SH_NAT","Share of population  in metropolitan area over the national value","2007","2007","RATIO","Ratio","0","Units",,,2.4,,
"PL005","Poznan","T_T_SH_NAT","Share of population  in metropolitan area over the national value","2008","2008","RATIO","Ratio","0","Units",,,2.5,,
"PL005","Poznan","T_T_SH_NAT","Share of population  in metropolitan area over the national value","2009","2009","RATIO","Ratio","0","Units",,,2.5,,
"PL005","Poznan","T_T_SH_NAT","Share of population  in metropolitan area over the national value","2010","2010","RATIO","Ratio","0","Units",,,2.5,,
"PL005","Poznan","T_T_SH_NAT","Share of population  in metropolitan area over the national value","2011","2011","RATIO","Ratio","0","Units",,,2.5,,
"PL005","Poznan","T_T_SH_NAT","Share of population  in metropolitan area over the national value","2012","2012","RATIO","Ratio","0","Units",,,2.5,,
"PL005","Poznan","T_T_SH_NAT","Share of population  in metropolitan area over the national value","2013","2013","RATIO","Ratio","0","Units",,,2.5,,
"PL005","Poznan","T_T_SH_NAT","Share of population  in metropolitan area over the national value","2014","2014","RATIO","Ratio","0","Units",,,2.6,,
"PL005","Poznan","T_T_SH_NAT","Share of population  in metropolitan area over the national value","2015","2015","RATIO","Ratio","0","Units",,,2.6,,
"PL005","Poznan","T_T_SH_NAT","Share of population  in metropolitan area over the national value","2016","2016","RATIO","Ratio","0","Units",,,2.6,,
"UK569","Ipswich","T_T_SH_NAT","Share of population  in metropolitan area over the national value","2001","2001","RATIO","Ratio","0","Units",,,0.5,,
"UK569","Ipswich","T_T_SH_NAT","Share of population  in metropolitan area over the national value","2002","2002","RATIO","Ratio","0","Units",,,0.5,,
"UK569","Ipswich","T_T_SH_NAT","Share of population  in metropolitan area over the national value","2003","2003","RATIO","Ratio","0","Units",,,0.5,,
"UK569","Ipswich","T_T_SH_NAT","Share of population  in metropolitan area over the national value","2004","2004","RATIO","Ratio","0","Units",,,0.5,,
"UK569","Ipswich","T_T_SH_NAT","Share of population  in metropolitan area over the national value","2005","2005","RATIO","Ratio","0","Units",,,0.6,,
"UK569","Ipswich","T_T_SH_NAT","Share of population  in metropolitan area over the national value","2006","2006","RATIO","Ratio","0","Units",,,0.6,,
"UK569","Ipswich","T_T_SH_NAT","Share of population  in metropolitan area over the national value","2007","2007","RATIO","Ratio","0","Units",,,0.6,,
"UK569","Ipswich","T_T_SH_NAT","Share of population  in metropolitan area over the national value","2008","2008","RATIO","Ratio","0","Units",,,0.6,,
"UK569","Ipswich","T_T_SH_NAT","Share of population  in metropolitan area over the national value","2009","2009","RATIO","Ratio","0","Units",,,0.6,,
"UK569","Ipswich","T_T_SH_NAT","Share of population  in metropolitan area over the national value","2010","2010","RATIO","Ratio","0","Units",,,0.6,,
"UK569","Ipswich","T_T_SH_NAT","Share of population  in metropolitan area over the national value","2011","2011","RATIO","Ratio","0","Units",,,0.6,,
"UK569","Ipswich","T_T_SH_NAT","Share of population  in metropolitan area over the national value","2012","2012","RATIO","Ratio","0","Units",,,0.6,,
"UK569","Ipswich","T_T_SH_NAT","Share of population  in metropolitan area over the national value","2013","2013","RATIO","Ratio","0","Units",,,0.6,,
"UK569","Ipswich","T_T_SH_NAT","Share of population  in metropolitan area over the national value","2014","2014","RATIO","Ratio","0","Units",,,0.6,,
"UK569","Ipswich","T_T_SH_NAT","Share of population  in metropolitan area over the national value","2015","2015","RATIO","Ratio","0","Units",,,0.6,,
"UK569","Ipswich","T_T_SH_NAT","Share of population  in metropolitan area over the national value","2016","2016","RATIO","Ratio","0","Units",,,0.6,,
"USA119","Tallahassee","T_T_SH_NAT","Share of population  in metropolitan area over the national value","2001","2001","RATIO","Ratio","0","Units",,,0.1,,
"USA119","Tallahassee","T_T_SH_NAT","Share of population  in metropolitan area over the national value","2002","2002","RATIO","Ratio","0","Units",,,0.1,,
"USA119","Tallahassee","T_T_SH_NAT","Share of population  in metropolitan area over the national value","2003","2003","RATIO","Ratio","0","Units",,,0.1,,
"USA119","Tallahassee","T_T_SH_NAT","Share of population  in metropolitan area over the national value","2004","2004","RATIO","Ratio","0","Units",,,0.1,,
"USA119","Tallahassee","T_T_SH_NAT","Share of population  in metropolitan area over the national value","2005","2005","RATIO","Ratio","0","Units",,,0.1,,
"USA119","Tallahassee","T_T_SH_NAT","Share of population  in metropolitan area over the national value","2006","2006","RATIO","Ratio","0","Units",,,0.1,,
"USA119","Tallahassee","T_T_SH_NAT","Share of population  in metropolitan area over the national value","2007","2007","RATIO","Ratio","0","Units",,,0.1,,
"USA119","Tallahassee","T_T_SH_NAT","Share of population  in metropolitan area over the national value","2008","2008","RATIO","Ratio","0","Units",,,0.1,,
"USA119","Tallahassee","T_T_SH_NAT","Share of population  in metropolitan area over the national value","2009","2009","RATIO","Ratio","0","Units",,,0.1,,
"USA119","Tallahassee","T_T_SH_NAT","Share of population  in metropolitan area over the national value","2010","2010","RATIO","Ratio","0","Units",,,0.1,,
"USA119","Tallahassee","T_T_SH_NAT","Share of population  in metropolitan area over the national value","2011","2011","RATIO","Ratio","0","Units",,,0.1,,
"USA119","Tallahassee","T_T_SH_NAT","Share of population  in metropolitan area over the national value","2012","2012","RATIO","Ratio","0","Units",,,0.1,,
"USA119","Tallahassee","T_T_SH_NAT","Share of population  in metropolitan area over the national value","2013","2013","RATIO","Ratio","0","Units",,,0.1,,
"USA119","Tallahassee","T_T_SH_NAT","Share of population  in metropolitan area over the national value","2014","2014","RATIO","Ratio","0","Units",,,0.1,,
"USA119","Tallahassee","T_T_SH_NAT","Share of population  in metropolitan area over the national value","2015","2015","RATIO","Ratio","0","Units",,,0.1,,
"USA119","Tallahassee","T_T_SH_NAT","Share of population  in metropolitan area over the national value","2016","2016","RATIO","Ratio","0","Units",,,0.1,,
"USA52","Albany","T_T_SH_NAT","Share of population  in metropolitan area over the national value","2001","2001","RATIO","Ratio","0","Units",,,0.3,,
"USA52","Albany","T_T_SH_NAT","Share of population  in metropolitan area over the national value","2002","2002","RATIO","Ratio","0","Units",,,0.3,,
"USA52","Albany","T_T_SH_NAT","Share of population  in metropolitan area over the national value","2003","2003","RATIO","Ratio","0","Units",,,0.3,,
"USA52","Albany","T_T_SH_NAT","Share of population  in metropolitan area over the national value","2004","2004","RATIO","Ratio","0","Units",,,0.3,,
"USA52","Albany","T_T_SH_NAT","Share of population  in metropolitan area over the national value","2005","2005","RATIO","Ratio","0","Units",,,0.3,,
"USA52","Albany","T_T_SH_NAT","Share of population  in metropolitan area over the national value","2006","2006","RATIO","Ratio","0","Units",,,0.3,,
"USA52","Albany","T_T_SH_NAT","Share of population  in metropolitan area over the national value","2007","2007","RATIO","Ratio","0","Units",,,0.3,,
"USA52","Albany","T_T_SH_NAT","Share of population  in metropolitan area over the national value","2008","2008","RATIO","Ratio","0","Units",,,0.3,,
"USA52","Albany","T_T_SH_NAT","Share of population  in metropolitan area over the national value","2009","2009","RATIO","Ratio","0","Units",,,0.3,,
"USA52","Albany","T_T_SH_NAT","Share of population  in metropolitan area over the national value","2010","2010","RATIO","Ratio","0","Units",,,0.3,,
"USA52","Albany","T_T_SH_NAT","Share of population  in metropolitan area over the national value","2011","2011","RATIO","Ratio","0","Units",,,0.3,,
"USA52","Albany","T_T_SH_NAT","Share of population  in metropolitan area over the national value","2012","2012","RATIO","Ratio","0","Units",,,0.3,,
"USA52","Albany","T_T_SH_NAT","Share of population  in metropolitan area over the national value","2013","2013","RATIO","Ratio","0","Units",,,0.3,,
"USA52","Albany","T_T_SH_NAT","Share of population  in metropolitan area over the national value","2014","2014","RATIO","Ratio","0","Units",,,0.3,,
"USA52","Albany","T_T_SH_NAT","Share of population  in metropolitan area over the national value","2015","2015","RATIO","Ratio","0","Units",,,0.3,,
"USA52","Albany","T_T_SH_NAT","Share of population  in metropolitan area over the national value","2016","2016","RATIO","Ratio","0","Units",,,0.3,,
"KOR05","Seo","T_T_SH_NAT","Share of population  in metropolitan area over the national value","2001","2001","RATIO","Ratio","0","Units",,,3,,
"KOR05","Seo","T_T_SH_NAT","Share of population  in metropolitan area over the national value","2002","2002","RATIO","Ratio","0","Units",,,3,,
"KOR05","Seo","T_T_SH_NAT","Share of population  in metropolitan area over the national value","2003","2003","RATIO","Ratio","0","Units",,,3,,
"KOR05","Seo","T_T_SH_NAT","Share of population  in metropolitan area over the national value","2004","2004","RATIO","Ratio","0","Units",,,3,,
"KOR05","Seo","T_T_SH_NAT","Share of population  in metropolitan area over the national value","2005","2005","RATIO","Ratio","0","Units",,,3,,
"KOR05","Seo","T_T_SH_NAT","Share of population  in metropolitan area over the national value","2006","2006","RATIO","Ratio","0","Units",,,3,,
"KOR05","Seo","T_T_SH_NAT","Share of population  in metropolitan area over the national value","2007","2007","RATIO","Ratio","0","Units",,,3,,
"KOR05","Seo","T_T_SH_NAT","Share of population  in metropolitan area over the national value","2008","2008","RATIO","Ratio","0","Units",,,3,,
"KOR05","Seo","T_T_SH_NAT","Share of population  in metropolitan area over the national value","2009","2009","RATIO","Ratio","0","Units",,,3,,
"KOR05","Seo","T_T_SH_NAT","Share of population  in metropolitan area over the national value","2010","2010","RATIO","Ratio","0","Units",,,3,,
"KOR05","Seo","T_T_SH_NAT","Share of population  in metropolitan area over the national value","2011","2011","RATIO","Ratio","0","Units",,,3,,
"KOR05","Seo","T_T_SH_NAT","Share of population  in metropolitan area over the national value","2012","2012","RATIO","Ratio","0","Units",,,3,,
"KOR05","Seo","T_T_SH_NAT","Share of population  in metropolitan area over the national value","2013","2013","RATIO","Ratio","0","Units",,,3,,
"KOR05","Seo","T_T_SH_NAT","Share of population  in metropolitan area over the national value","2014","2014","RATIO","Ratio","0","Units",,,3,,
"KOR05","Seo","T_T_SH_NAT","Share of population  in metropolitan area over the national value","2015","2015","RATIO","Ratio","0","Units",,,3,,
"KOR05","Seo","T_T_SH_NAT","Share of population  in metropolitan area over the national value","2016","2016","RATIO","Ratio","0","Units",,,3,,
"USA154","Merced","POP_DEN","Population density (pop. per km2)","2000","2000","PER","Persons","0","Units",,,41,,
"USA154","Merced","POP_DEN","Population density (pop. per km2)","2001","2001","PER","Persons","0","Units",,,43,,
"USA154","Merced","POP_DEN","Population density (pop. per km2)","2002","2002","PER","Persons","0","Units",,,44,,
"USA154","Merced","POP_DEN","Population density (pop. per km2)","2003","2003","PER","Persons","0","Units",,,45,,
"USA154","Merced","POP_DEN","Population density (pop. per km2)","2004","2004","PER","Persons","0","Units",,,46,,
"USA154","Merced","POP_DEN","Population density (pop. per km2)","2005","2005","PER","Persons","0","Units",,,47,,
"USA154","Merced","POP_DEN","Population density (pop. per km2)","2006","2006","PER","Persons","0","Units",,,48,,
"USA154","Merced","POP_DEN","Population density (pop. per km2)","2007","2007","PER","Persons","0","Units",,,48,,
"USA154","Merced","POP_DEN","Population density (pop. per km2)","2008","2008","PER","Persons","0","Units",,,49,,
"USA154","Merced","POP_DEN","Population density (pop. per km2)","2009","2009","PER","Persons","0","Units",,,49,,
"USA154","Merced","POP_DEN","Population density (pop. per km2)","2010","2010","PER","Persons","0","Units",,,50,,
"USA154","Merced","POP_DEN","Population density (pop. per km2)","2011","2011","PER","Persons","0","Units",,,51,,
"USA154","Merced","POP_DEN","Population density (pop. per km2)","2012","2012","PER","Persons","0","Units",,,51,,
"USA154","Merced","POP_DEN","Population density (pop. per km2)","2013","2013","PER","Persons","0","Units",,,51,,
"USA154","Merced","POP_DEN","Population density (pop. per km2)","2014","2014","PER","Persons","0","Units",,,52,,
"USA154","Merced","POP_DEN","Population density (pop. per km2)","2015","2015","PER","Persons","0","Units",,,52,,
"USA154","Merced","POP_DEN","Population density (pop. per km2)","2016","2016","PER","Persons","0","Units",,,52,,
"USA31","Columbus","T_T","Population, All ages. Administrative data","2000","2000","PER","Persons","0","Units",,,1647969,,
"USA31","Columbus","T_T","Population, All ages. Administrative data","2001","2001","PER","Persons","0","Units",,,1672404,,
"USA31","Columbus","T_T","Population, All ages. Administrative data","2002","2002","PER","Persons","0","Units",,,1691723,,
"USA31","Columbus","T_T","Population, All ages. Administrative data","2003","2003","PER","Persons","0","Units",,,1714318,,
"USA31","Columbus","T_T","Population, All ages. Administrative data","2004","2004","PER","Persons","0","Units",,,1734455,,
"USA31","Columbus","T_T","Population, All ages. Administrative data","2005","2005","PER","Persons","0","Units",,,1755872,,
"USA31","Columbus","T_T","Population, All ages. Administrative data","2006","2006","PER","Persons","0","Units",,,1781562,,
"USA31","Columbus","T_T","Population, All ages. Administrative data","2007","2007","PER","Persons","0","Units",,,1805957,,
"USA31","Columbus","T_T","Population, All ages. Administrative data","2008","2008","PER","Persons","0","Units",,,1829497,,
"USA31","Columbus","T_T","Population, All ages. Administrative data","2009","2009","PER","Persons","0","Units",,,1851552,,
"USA31","Columbus","T_T","Population, All ages. Administrative data","2010","2010","PER","Persons","0","Units",,,1870325,,
"USA31","Columbus","T_T","Population, All ages. Administrative data","2011","2011","PER","Persons","0","Units",,,1889915,,
"USA31","Columbus","T_T","Population, All ages. Administrative data","2012","2012","PER","Persons","0","Units",,,1910662,,
"USA31","Columbus","T_T","Population, All ages. Administrative data","2013","2013","PER","Persons","0","Units",,,1935123,,
"USA31","Columbus","T_T","Population, All ages. Administrative data","2014","2014","PER","Persons","0","Units",,,1962543,,
"USA31","Columbus","T_T","Population, All ages. Administrative data","2015","2015","PER","Persons","0","Units",,,1987240,,
"USA31","Columbus","T_T","Population, All ages. Administrative data","2016","2016","PER","Persons","0","Units",,,2010958,,
"COL15","Monteria","POP_DEN","Population density (pop. per km2)","2000","2000","PER","Persons","0","Units",,,113,,
"COL15","Monteria","POP_DEN","Population density (pop. per km2)","2001","2001","PER","Persons","0","Units",,,115,,
"COL15","Monteria","POP_DEN","Population density (pop. per km2)","2002","2002","PER","Persons","0","Units",,,116,,
"COL15","Monteria","POP_DEN","Population density (pop. per km2)","2003","2003","PER","Persons","0","Units",,,118,,
"COL15","Monteria","POP_DEN","Population density (pop. per km2)","2004","2004","PER","Persons","0","Units",,,120,,
"COL15","Monteria","POP_DEN","Population density (pop. per km2)","2005","2005","PER","Persons","0","Units",,,122,,
"COL15","Monteria","POP_DEN","Population density (pop. per km2)","2006","2006","PER","Persons","0","Units",,,123,,
"COL15","Monteria","POP_DEN","Population density (pop. per km2)","2007","2007","PER","Persons","0","Units",,,125,,
"COL15","Monteria","POP_DEN","Population density (pop. per km2)","2008","2008","PER","Persons","0","Units",,,127,,
"COL15","Monteria","POP_DEN","Population density (pop. per km2)","2009","2009","PER","Persons","0","Units",,,128,,
"COL15","Monteria","POP_DEN","Population density (pop. per km2)","2010","2010","PER","Persons","0","Units",,,130,,
"COL15","Monteria","POP_DEN","Population density (pop. per km2)","2011","2011","PER","Persons","0","Units",,,132,,
"COL15","Monteria","POP_DEN","Population density (pop. per km2)","2012","2012","PER","Persons","0","Units",,,134,,
"COL15","Monteria","POP_DEN","Population density (pop. per km2)","2013","2013","PER","Persons","0","Units",,,135,,
"COL15","Monteria","POP_DEN","Population density (pop. per km2)","2014","2014","PER","Persons","0","Units",,,137,,
"COL15","Monteria","POP_DEN","Population density (pop. per km2)","2015","2015","PER","Persons","0","Units",,,139,,
"UK029","Nottingham","T_T_SH_NAT","Share of population  in metropolitan area over the national value","2001","2001","RATIO","Ratio","0","Units",,,1.4,,
"UK029","Nottingham","T_T_SH_NAT","Share of population  in metropolitan area over the national value","2002","2002","RATIO","Ratio","0","Units",,,1.4,,
"UK029","Nottingham","T_T_SH_NAT","Share of population  in metropolitan area over the national value","2003","2003","RATIO","Ratio","0","Units",,,1.4,,
"UK029","Nottingham","T_T_SH_NAT","Share of population  in metropolitan area over the national value","2004","2004","RATIO","Ratio","0","Units",,,1.4,,
"UK029","Nottingham","T_T_SH_NAT","Share of population  in metropolitan area over the national value","2005","2005","RATIO","Ratio","0","Units",,,1.4,,
"UK029","Nottingham","T_T_SH_NAT","Share of population  in metropolitan area over the national value","2006","2006","RATIO","Ratio","0","Units",,,1.4,,
"UK029","Nottingham","T_T_SH_NAT","Share of population  in metropolitan area over the national value","2007","2007","RATIO","Ratio","0","Units",,,1.4,,
"UK029","Nottingham","T_T_SH_NAT","Share of population  in metropolitan area over the national value","2008","2008","RATIO","Ratio","0","Units",,,1.4,,
"UK029","Nottingham","T_T_SH_NAT","Share of population  in metropolitan area over the national value","2009","2009","RATIO","Ratio","0","Units",,,1.4,,
"UK029","Nottingham","T_T_SH_NAT","Share of population  in metropolitan area over the national value","2010","2010","RATIO","Ratio","0","Units",,,1.4,,
"UK029","Nottingham","T_T_SH_NAT","Share of population  in metropolitan area over the national value","2011","2011","RATIO","Ratio","0","Units",,,1.4,,
"UK029","Nottingham","T_T_SH_NAT","Share of population  in metropolitan area over the national value","2012","2012","RATIO","Ratio","0","Units",,,1.4,,
"UK029","Nottingham","T_T_SH_NAT","Share of population  in metropolitan area over the national value","2013","2013","RATIO","Ratio","0","Units",,,1.4,,
"UK029","Nottingham","T_T_SH_NAT","Share of population  in metropolitan area over the national value","2014","2014","RATIO","Ratio","0","Units",,,1.4,,
"UK029","Nottingham","T_T_SH_NAT","Share of population  in metropolitan area over the national value","2015","2015","RATIO","Ratio","0","Units",,,1.4,,
"UK029","Nottingham","T_T_SH_NAT","Share of population  in metropolitan area over the national value","2016","2016","RATIO","Ratio","0","Units",,,1.4,,
"COL03","Cali","T_T","Population, All ages. Administrative data","2000","2000","PER","Persons","0","Units",,,2235138,,
"COL03","Cali","T_T","Population, All ages. Administrative data","2001","2001","PER","Persons","0","Units",,,2259363,,
"COL03","Cali","T_T","Population, All ages. Administrative data","2002","2002","PER","Persons","0","Units",,,2283588,,
"COL03","Cali","T_T","Population, All ages. Administrative data","2003","2003","PER","Persons","0","Units",,,2307813,,
"COL03","Cali","T_T","Population, All ages. Administrative data","2004","2004","PER","Persons","0","Units",,,2332038,,
"COL03","Cali","T_T","Population, All ages. Administrative data","2005","2005","PER","Persons","0","Units",,,2356264,,
"COL03","Cali","T_T","Population, All ages. Administrative data","2006","2006","PER","Persons","0","Units",,,2380489,,
"COL03","Cali","T_T","Population, All ages. Administrative data","2007","2007","PER","Persons","0","Units",,,2404714,,
"COL03","Cali","T_T","Population, All ages. Administrative data","2008","2008","PER","Persons","0","Units",,,2428939,,
"COL03","Cali","T_T","Population, All ages. Administrative data","2009","2009","PER","Persons","0","Units",,,2453164,,
"COL03","Cali","T_T","Population, All ages. Administrative data","2010","2010","PER","Persons","0","Units",,,2477389,,
"COL03","Cali","T_T","Population, All ages. Administrative data","2011","2011","PER","Persons","0","Units",,,2501615,,
"COL03","Cali","T_T","Population, All ages. Administrative data","2012","2012","PER","Persons","0","Units",,,2525840,,
"COL03","Cali","T_T","Population, All ages. Administrative data","2013","2013","PER","Persons","0","Units",,,2550065,,
"COL03","Cali","T_T","Population, All ages. Administrative data","2014","2014","PER","Persons","0","Units",,,2574290,,
"COL03","Cali","T_T","Population, All ages. Administrative data","2015","2015","PER","Persons","0","Units",,,2598515,,
"UK004","Glasgow","T_T_SH_NAT","Share of population  in metropolitan area over the national value","2001","2001","RATIO","Ratio","0","Units",,,3,,
"UK004","Glasgow","T_T_SH_NAT","Share of population  in metropolitan area over the national value","2002","2002","RATIO","Ratio","0","Units",,,3,,
"UK004","Glasgow","T_T_SH_NAT","Share of population  in metropolitan area over the national value","2003","2003","RATIO","Ratio","0","Units",,,2.9,,
"UK004","Glasgow","T_T_SH_NAT","Share of population  in metropolitan area over the national value","2004","2004","RATIO","Ratio","0","Units",,,2.9,,
"UK004","Glasgow","T_T_SH_NAT","Share of population  in metropolitan area over the national value","2005","2005","RATIO","Ratio","0","Units",,,2.9,,
"UK004","Glasgow","T_T_SH_NAT","Share of population  in metropolitan area over the national value","2006","2006","RATIO","Ratio","0","Units",,,2.9,,
"UK004","Glasgow","T_T_SH_NAT","Share of population  in metropolitan area over the national value","2007","2007","RATIO","Ratio","0","Units",,,2.9,,
"UK004","Glasgow","T_T_SH_NAT","Share of population  in metropolitan area over the national value","2008","2008","RATIO","Ratio","0","Units",,,2.9,,
"UK004","Glasgow","T_T_SH_NAT","Share of population  in metropolitan area over the national value","2009","2009","RATIO","Ratio","0","Units",,,2.9,,
"UK004","Glasgow","T_T_SH_NAT","Share of population  in metropolitan area over the national value","2010","2010","RATIO","Ratio","0","Units",,,2.8,,
"UK004","Glasgow","T_T_SH_NAT","Share of population  in metropolitan area over the national value","2011","2011","RATIO","Ratio","0","Units",,,2.8,,
"UK004","Glasgow","T_T_SH_NAT","Share of population  in metropolitan area over the national value","2012","2012","RATIO","Ratio","0","Units",,,2.8,,
"UK004","Glasgow","T_T_SH_NAT","Share of population  in metropolitan area over the national value","2013","2013","RATIO","Ratio","0","Units",,,2.8,,
"UK004","Glasgow","T_T_SH_NAT","Share of population  in metropolitan area over the national value","2014","2014","RATIO","Ratio","0","Units",,,2.8,,
"UK004","Glasgow","T_T_SH_NAT","Share of population  in metropolitan area over the national value","2015","2015","RATIO","Ratio","0","Units",,,2.8,,
"UK004","Glasgow","T_T_SH_NAT","Share of population  in metropolitan area over the national value","2016","2016","RATIO","Ratio","0","Units",,,2.8,,
"USA62","Hidalgo","T_T","Population, All ages. Administrative data","2000","2000","PER","Persons","0","Units",,,573216,,
"USA62","Hidalgo","T_T","Population, All ages. Administrative data","2001","2001","PER","Persons","0","Units",,,590067,,
"USA62","Hidalgo","T_T","Population, All ages. Administrative data","2002","2002","PER","Persons","0","Units",,,610520,,
"USA62","Hidalgo","T_T","Population, All ages. Administrative data","2003","2003","PER","Persons","0","Units",,,632475,,
"USA62","Hidalgo","T_T","Population, All ages. Administrative data","2004","2004","PER","Persons","0","Units",,,653779,,
"USA62","Hidalgo","T_T","Population, All ages. Administrative data","2005","2005","PER","Persons","0","Units",,,674982,,
"USA62","Hidalgo","T_T","Population, All ages. Administrative data","2006","2006","PER","Persons","0","Units",,,695352,,
"USA62","Hidalgo","T_T","Population, All ages. Administrative data","2007","2007","PER","Persons","0","Units",,,715264,,
"USA62","Hidalgo","T_T","Population, All ages. Administrative data","2008","2008","PER","Persons","0","Units",,,736694,,
"USA62","Hidalgo","T_T","Population, All ages. Administrative data","2009","2009","PER","Persons","0","Units",,,757468,,
"USA62","Hidalgo","T_T","Population, All ages. Administrative data","2010","2010","PER","Persons","0","Units",,,779015,,
"USA62","Hidalgo","T_T","Population, All ages. Administrative data","2011","2011","PER","Persons","0","Units",,,794639,,
"USA62","Hidalgo","T_T","Population, All ages. Administrative data","2012","2012","PER","Persons","0","Units",,,806725,,
"USA62","Hidalgo","T_T","Population, All ages. Administrative data","2013","2013","PER","Persons","0","Units",,,817526,,
"USA62","Hidalgo","T_T","Population, All ages. Administrative data","2014","2014","PER","Persons","0","Units",,,829210,,
"USA62","Hidalgo","T_T","Population, All ages. Administrative data","2015","2015","PER","Persons","0","Units",,,840113,,
"USA62","Hidalgo","T_T","Population, All ages. Administrative data","2016","2016","PER","Persons","0","Units",,,850187,,
"USA91","Guilford","POP_DEN","Population density (pop. per km2)","2000","2000","PER","Persons","0","Units",,,247,,
"USA91","Guilford","POP_DEN","Population density (pop. per km2)","2001","2001","PER","Persons","0","Units",,,251,,
"USA91","Guilford","POP_DEN","Population density (pop. per km2)","2002","2002","PER","Persons","0","Units",,,253,,
"USA91","Guilford","POP_DEN","Population density (pop. per km2)","2003","2003","PER","Persons","0","Units",,,256,,
"USA91","Guilford","POP_DEN","Population density (pop. per km2)","2004","2004","PER","Persons","0","Units",,,258,,
"USA91","Guilford","POP_DEN","Population density (pop. per km2)","2005","2005","PER","Persons","0","Units",,,263,,
"USA91","Guilford","POP_DEN","Population density (pop. per km2)","2006","2006","PER","Persons","0","Units",,,269,,
"USA91","Guilford","POP_DEN","Population density (pop. per km2)","2007","2007","PER","Persons","0","Units",,,274,,
"USA91","Guilford","POP_DEN","Population density (pop. per km2)","2008","2008","PER","Persons","0","Units",,,280,,
"USA91","Guilford","POP_DEN","Population density (pop. per km2)","2009","2009","PER","Persons","0","Units",,,284,,
"USA91","Guilford","POP_DEN","Population density (pop. per km2)","2010","2010","PER","Persons","0","Units",,,287,,
"USA91","Guilford","POP_DEN","Population density (pop. per km2)","2011","2011","PER","Persons","0","Units",,,290,,
"USA91","Guilford","POP_DEN","Population density (pop. per km2)","2012","2012","PER","Persons","0","Units",,,293,,
"USA91","Guilford","POP_DEN","Population density (pop. per km2)","2013","2013","PER","Persons","0","Units",,,297,,
"USA91","Guilford","POP_DEN","Population density (pop. per km2)","2014","2014","PER","Persons","0","Units",,,300,,
"USA91","Guilford","POP_DEN","Population density (pop. per km2)","2015","2015","PER","Persons","0","Units",,,303,,
"USA91","Guilford","POP_DEN","Population density (pop. per km2)","2016","2016","PER","Persons","0","Units",,,306,,
"FR042","Dunkerque","T_T_SH_NAT","Share of population  in metropolitan area over the national value","2001","2001","RATIO","Ratio","0","Units",,,0.4,,
"FR042","Dunkerque","T_T_SH_NAT","Share of population  in metropolitan area over the national value","2002","2002","RATIO","Ratio","0","Units",,,0.4,,
"FR042","Dunkerque","T_T_SH_NAT","Share of population  in metropolitan area over the national value","2003","2003","RATIO","Ratio","0","Units",,,0.4,,
"FR042","Dunkerque","T_T_SH_NAT","Share of population  in metropolitan area over the national value","2004","2004","RATIO","Ratio","0","Units",,,0.4,,
"FR042","Dunkerque","T_T_SH_NAT","Share of population  in metropolitan area over the national value","2005","2005","RATIO","Ratio","0","Units",,,0.4,,
"FR042","Dunkerque","T_T_SH_NAT","Share of population  in metropolitan area over the national value","2006","2006","RATIO","Ratio","0","Units",,,0.4,,
"FR042","Dunkerque","T_T_SH_NAT","Share of population  in metropolitan area over the national value","2007","2007","RATIO","Ratio","0","Units",,,0.4,,
"FR042","Dunkerque","T_T_SH_NAT","Share of population  in metropolitan area over the national value","2008","2008","RATIO","Ratio","0","Units",,,0.4,,
"FR042","Dunkerque","T_T_SH_NAT","Share of population  in metropolitan area over the national value","2009","2009","RATIO","Ratio","0","Units",,,0.4,,
"FR042","Dunkerque","T_T_SH_NAT","Share of population  in metropolitan area over the national value","2010","2010","RATIO","Ratio","0","Units",,,0.4,,
"FR042","Dunkerque","T_T_SH_NAT","Share of population  in metropolitan area over the national value","2011","2011","RATIO","Ratio","0","Units",,,0.4,,
"FR042","Dunkerque","T_T_SH_NAT","Share of population  in metropolitan area over the national value","2012","2012","RATIO","Ratio","0","Units",,,0.4,,
"FR042","Dunkerque","T_T_SH_NAT","Share of population  in metropolitan area over the national value","2013","2013","RATIO","Ratio","0","Units",,,0.4,,
"FR042","Dunkerque","T_T_SH_NAT","Share of population  in metropolitan area over the national value","2014","2014","RATIO","Ratio","0","Units",,,0.4,,
"FR042","Dunkerque","T_T_SH_NAT","Share of population  in metropolitan area over the national value","2015","2015","RATIO","Ratio","0","Units",,,0.4,,
"DE549","Bocholt, Stadt","POP_DEN","Population density (pop. per km2)","2001","2001","PER","Persons","0","Units",,,253,,
"DE549","Bocholt, Stadt","POP_DEN","Population density (pop. per km2)","2002","2002","PER","Persons","0","Units",,,255,,
"DE549","Bocholt, Stadt","POP_DEN","Population density (pop. per km2)","2003","2003","PER","Persons","0","Units",,,257,,
"DE549","Bocholt, Stadt","POP_DEN","Population density (pop. per km2)","2004","2004","PER","Persons","0","Units",,,258,,
"DE549","Bocholt, Stadt","POP_DEN","Population density (pop. per km2)","2005","2005","PER","Persons","0","Units",,,259,,
"DE549","Bocholt, Stadt","POP_DEN","Population density (pop. per km2)","2006","2006","PER","Persons","0","Units",,,260,,
"DE549","Bocholt, Stadt","POP_DEN","Population density (pop. per km2)","2007","2007","PER","Persons","0","Units",,,260,,
"DE549","Bocholt, Stadt","POP_DEN","Population density (pop. per km2)","2008","2008","PER","Persons","0","Units",,,261,,
"DE549","Bocholt, Stadt","POP_DEN","Population density (pop. per km2)","2009","2009","PER","Persons","0","Units",,,261,,
"DE549","Bocholt, Stadt","POP_DEN","Population density (pop. per km2)","2010","2010","PER","Persons","0","Units",,,260,,
"DE549","Bocholt, Stadt","POP_DEN","Population density (pop. per km2)","2011","2011","PER","Persons","0","Units",,,257,,
"DE549","Bocholt, Stadt","POP_DEN","Population density (pop. per km2)","2012","2012","PER","Persons","0","Units",,,256,,
"DE549","Bocholt, Stadt","POP_DEN","Population density (pop. per km2)","2013","2013","PER","Persons","0","Units",,,256,,
"DE549","Bocholt, Stadt","POP_DEN","Population density (pop. per km2)","2014","2014","PER","Persons","0","Units",,,256,,
"DE549","Bocholt, Stadt","POP_DEN","Population density (pop. per km2)","2015","2015","PER","Persons","0","Units",,,257,,
"DE549","Bocholt, Stadt","POP_DEN","Population density (pop. per km2)","2016","2016","PER","Persons","0","Units",,,260,,
"CAN05","Calgary","T_T_SH_NAT","Share of population  in metropolitan area over the national value","2001","2001","RATIO","Ratio","0","Units",,,3.4,,
"CAN05","Calgary","T_T_SH_NAT","Share of population  in metropolitan area over the national value","2002","2002","RATIO","Ratio","0","Units",,,3.5,,
"CAN05","Calgary","T_T_SH_NAT","Share of population  in metropolitan area over the national value","2003","2003","RATIO","Ratio","0","Units",,,3.6,,
"CAN05","Calgary","T_T_SH_NAT","Share of population  in metropolitan area over the national value","2004","2004","RATIO","Ratio","0","Units",,,3.6,,
"CAN05","Calgary","T_T_SH_NAT","Share of population  in metropolitan area over the national value","2005","2005","RATIO","Ratio","0","Units",,,3.7,,
"CAN05","Calgary","T_T_SH_NAT","Share of population  in metropolitan area over the national value","2006","2006","RATIO","Ratio","0","Units",,,3.8,,
"CAN05","Calgary","T_T_SH_NAT","Share of population  in metropolitan area over the national value","2007","2007","RATIO","Ratio","0","Units",,,3.8,,
"CAN05","Calgary","T_T_SH_NAT","Share of population  in metropolitan area over the national value","2008","2008","RATIO","Ratio","0","Units",,,3.9,,
"CAN05","Calgary","T_T_SH_NAT","Share of population  in metropolitan area over the national value","2009","2009","RATIO","Ratio","0","Units",,,4,,
"CAN05","Calgary","T_T_SH_NAT","Share of population  in metropolitan area over the national value","2010","2010","RATIO","Ratio","0","Units",,,3.9,,
"CAN05","Calgary","T_T_SH_NAT","Share of population  in metropolitan area over the national value","2011","2011","RATIO","Ratio","0","Units",,,3.9,,
"CAN05","Calgary","T_T_SH_NAT","Share of population  in metropolitan area over the national value","2012","2012","RATIO","Ratio","0","Units",,,3.9,,
"CAN05","Calgary","T_T_SH_NAT","Share of population  in metropolitan area over the national value","2013","2013","RATIO","Ratio","0","Units",,,4,,
"CAN05","Calgary","T_T_SH_NAT","Share of population  in metropolitan area over the national value","2014","2014","RATIO","Ratio","0","Units",,,4.1,,
"CAN05","Calgary","T_T_SH_NAT","Share of population  in metropolitan area over the national value","2015","2015","RATIO","Ratio","0","Units",,,4.1,,
"CAN05","Calgary","T_T_SH_NAT","Share of population  in metropolitan area over the national value","2016","2016","RATIO","Ratio","0","Units",,,4.2,,
"ES013","Oviedo","T_T_SH_NAT","Share of population  in metropolitan area over the national value","2001","2001","RATIO","Ratio","0","Units",,,0.7,,
"ES013","Oviedo","T_T_SH_NAT","Share of population  in metropolitan area over the national value","2002","2002","RATIO","Ratio","0","Units",,,0.7,,
"ES013","Oviedo","T_T_SH_NAT","Share of population  in metropolitan area over the national value","2003","2003","RATIO","Ratio","0","Units",,,0.7,,
"ES013","Oviedo","T_T_SH_NAT","Share of population  in metropolitan area over the national value","2004","2004","RATIO","Ratio","0","Units",,,0.7,,
"ES013","Oviedo","T_T_SH_NAT","Share of population  in metropolitan area over the national value","2005","2005","RATIO","Ratio","0","Units",,,0.7,,
"ES013","Oviedo","T_T_SH_NAT","Share of population  in metropolitan area over the national value","2006","2006","RATIO","Ratio","0","Units",,,0.7,,
"ES013","Oviedo","T_T_SH_NAT","Share of population  in metropolitan area over the national value","2007","2007","RATIO","Ratio","0","Units",,,0.7,,
"ES013","Oviedo","T_T_SH_NAT","Share of population  in metropolitan area over the national value","2008","2008","RATIO","Ratio","0","Units",,,0.7,,
"ES013","Oviedo","T_T_SH_NAT","Share of population  in metropolitan area over the national value","2009","2009","RATIO","Ratio","0","Units",,,0.7,,
"ES013","Oviedo","T_T_SH_NAT","Share of population  in metropolitan area over the national value","2010","2010","RATIO","Ratio","0","Units",,,0.7,,
"ES013","Oviedo","T_T_SH_NAT","Share of population  in metropolitan area over the national value","2011","2011","RATIO","Ratio","0","Units",,,0.7,,
"ES013","Oviedo","T_T_SH_NAT","Share of population  in metropolitan area over the national value","2012","2012","RATIO","Ratio","0","Units",,,0.7,,
"ES013","Oviedo","T_T_SH_NAT","Share of population  in metropolitan area over the national value","2013","2013","RATIO","Ratio","0","Units",,,0.7,,
"ES013","Oviedo","T_T_SH_NAT","Share of population  in metropolitan area over the national value","2014","2014","RATIO","Ratio","0","Units",,,0.7,,
"ES013","Oviedo","T_T_SH_NAT","Share of population  in metropolitan area over the national value","2015","2015","RATIO","Ratio","0","Units",,,0.7,,
"ES013","Oviedo","T_T_SH_NAT","Share of population  in metropolitan area over the national value","2016","2016","RATIO","Ratio","0","Units",,,0.7,,
"UK004","Glasgow","POP_DEN","Population density (pop. per km2)","2001","2001","PER","Persons","0","Units",,,520,,
"UK004","Glasgow","POP_DEN","Population density (pop. per km2)","2002","2002","PER","Persons","0","Units",,,519,,
"UK004","Glasgow","POP_DEN","Population density (pop. per km2)","2003","2003","PER","Persons","0","Units",,,518,,
"UK004","Glasgow","POP_DEN","Population density (pop. per km2)","2004","2004","PER","Persons","0","Units",,,518,,
"UK004","Glasgow","POP_DEN","Population density (pop. per km2)","2005","2005","PER","Persons","0","Units",,,518,,
"UK004","Glasgow","POP_DEN","Population density (pop. per km2)","2006","2006","PER","Persons","0","Units",,,519,,
"UK004","Glasgow","POP_DEN","Population density (pop. per km2)","2007","2007","PER","Persons","0","Units",,,521,,
"UK004","Glasgow","POP_DEN","Population density (pop. per km2)","2008","2008","PER","Persons","0","Units",,,523,,
"UK004","Glasgow","POP_DEN","Population density (pop. per km2)","2009","2009","PER","Persons","0","Units",,,526,,
"UK004","Glasgow","POP_DEN","Population density (pop. per km2)","2010","2010","PER","Persons","0","Units",,,528,,
"UK004","Glasgow","POP_DEN","Population density (pop. per km2)","2011","2011","PER","Persons","0","Units",,,531,,
"UK004","Glasgow","POP_DEN","Population density (pop. per km2)","2012","2012","PER","Persons","0","Units",,,532,,
"UK004","Glasgow","POP_DEN","Population density (pop. per km2)","2013","2013","PER","Persons","0","Units",,,532,,
"UK004","Glasgow","POP_DEN","Population density (pop. per km2)","2014","2014","PER","Persons","0","Units",,,534,,
"UK004","Glasgow","POP_DEN","Population density (pop. per km2)","2015","2015","PER","Persons","0","Units",,,536,,
"UK004","Glasgow","POP_DEN","Population density (pop. per km2)","2016","2016","PER","Persons","0","Units",,,540,,
"CL006","Coquimbo-La Serena","T_T","Population, All ages. Administrative data","2000","2000","PER","Persons","0","Units",,,317809,,
"CL006","Coquimbo-La Serena","T_T","Population, All ages. Administrative data","2002","2002","PER","Persons","0","Units",,,345626,,
"CL006","Coquimbo-La Serena","T_T","Population, All ages. Administrative data","2003","2003","PER","Persons","0","Units",,,353074,,
"CL006","Coquimbo-La Serena","T_T","Population, All ages. Administrative data","2004","2004","PER","Persons","0","Units",,,360600,,
"CL006","Coquimbo-La Serena","T_T","Population, All ages. Administrative data","2005","2005","PER","Persons","0","Units",,,368388,,
"CL006","Coquimbo-La Serena","T_T","Population, All ages. Administrative data","2006","2006","PER","Persons","0","Units",,,376469,,
"CL006","Coquimbo-La Serena","T_T","Population, All ages. Administrative data","2007","2007","PER","Persons","0","Units",,,384806,,
"CL006","Coquimbo-La Serena","T_T","Population, All ages. Administrative data","2008","2008","PER","Persons","0","Units",,,393623,,
"CL006","Coquimbo-La Serena","T_T","Population, All ages. Administrative data","2009","2009","PER","Persons","0","Units",,,402751,,
"CL006","Coquimbo-La Serena","T_T","Population, All ages. Administrative data","2010","2010","PER","Persons","0","Units",,,412070,,
"CL006","Coquimbo-La Serena","T_T","Population, All ages. Administrative data","2011","2011","PER","Persons","0","Units",,,421563,,
"CL006","Coquimbo-La Serena","T_T","Population, All ages. Administrative data","2012","2012","PER","Persons","0","Units",,,431101,,
"CL006","Coquimbo-La Serena","T_T","Population, All ages. Administrative data","2013","2013","PER","Persons","0","Units",,,440648,,
"CL006","Coquimbo-La Serena","T_T","Population, All ages. Administrative data","2014","2014","PER","Persons","0","Units",,,450192,,
"CL006","Coquimbo-La Serena","T_T","Population, All ages. Administrative data","2015","2015","PER","Persons","0","Units",,,459796,,
"CL006","Coquimbo-La Serena","T_T","Population, All ages. Administrative data","2016","2016","PER","Persons","0","Units",,,469308,,
"AUS08","Newcastle","T_T","Population, All ages. Administrative data","2001","2001","PER","Persons","0","Units",,,400509,,
"AUS08","Newcastle","T_T","Population, All ages. Administrative data","2002","2002","PER","Persons","0","Units",,,404000,,
"AUS08","Newcastle","T_T","Population, All ages. Administrative data","2003","2003","PER","Persons","0","Units",,,407476,,
"AUS08","Newcastle","T_T","Population, All ages. Administrative data","2004","2004","PER","Persons","0","Units",,,410167,,
"AUS08","Newcastle","T_T","Population, All ages. Administrative data","2005","2005","PER","Persons","0","Units",,,412756,,
"AUS08","Newcastle","T_T","Population, All ages. Administrative data","2006","2006","PER","Persons","0","Units",,,414592,,
"AUS08","Newcastle","T_T","Population, All ages. Administrative data","2007","2007","PER","Persons","0","Units",,,418949,,
"AUS08","Newcastle","T_T","Population, All ages. Administrative data","2008","2008","PER","Persons","0","Units",,,423741,,
"AUS08","Newcastle","T_T","Population, All ages. Administrative data","2009","2009","PER","Persons","0","Units",,,428766,,
"AUS08","Newcastle","T_T","Population, All ages. Administrative data","2010","2010","PER","Persons","0","Units",,,433597,,
"AUS08","Newcastle","T_T","Population, All ages. Administrative data","2011","2011","PER","Persons","0","Units",,,438522,,
"AUS08","Newcastle","T_T","Population, All ages. Administrative data","2012","2012","PER","Persons","0","Units",,,442443,,
"AUS08","Newcastle","T_T","Population, All ages. Administrative data","2013","2013","PER","Persons","0","Units",,,446462,,
"AUS08","Newcastle","T_T","Population, All ages. Administrative data","2014","2014","PER","Persons","0","Units",,,450739,,
"AUS08","Newcastle","T_T","Population, All ages. Administrative data","2015","2015","PER","Persons","0","Units",,,454142,,
"AUS08","Newcastle","T_T","Population, All ages. Administrative data","2016","2016","PER","Persons","0","Units",,,457457,,
"FR205","Nice","POP_DEN","Population density (pop. per km2)","2000","2000","PER","Persons","0","Units",,,255,,
"FR205","Nice","POP_DEN","Population density (pop. per km2)","2001","2001","PER","Persons","0","Units",,,257,,
"FR205","Nice","POP_DEN","Population density (pop. per km2)","2002","2002","PER","Persons","0","Units",,,258,,
"FR205","Nice","POP_DEN","Population density (pop. per km2)","2003","2003","PER","Persons","0","Units",,,260,,
"FR205","Nice","POP_DEN","Population density (pop. per km2)","2004","2004","PER","Persons","0","Units",,,261,,
"FR205","Nice","POP_DEN","Population density (pop. per km2)","2005","2005","PER","Persons","0","Units",,,263,,
"FR205","Nice","POP_DEN","Population density (pop. per km2)","2006","2006","PER","Persons","0","Units",,,264,,
"FR205","Nice","POP_DEN","Population density (pop. per km2)","2007","2007","PER","Persons","0","Units",,,265,,
"FR205","Nice","POP_DEN","Population density (pop. per km2)","2008","2008","PER","Persons","0","Units",,,267,,
"FR205","Nice","POP_DEN","Population density (pop. per km2)","2009","2009","PER","Persons","0","Units",,,268,,
"FR205","Nice","POP_DEN","Population density (pop. per km2)","2010","2010","PER","Persons","0","Units",,,269,,
"FR205","Nice","POP_DEN","Population density (pop. per km2)","2011","2011","PER","Persons","0","Units",,,269,,
"FR205","Nice","POP_DEN","Population density (pop. per km2)","2012","2012","PER","Persons","0","Units",,,269,,
"FR205","Nice","POP_DEN","Population density (pop. per km2)","2013","2013","PER","Persons","0","Units",,,269,,
"FR205","Nice","POP_DEN","Population density (pop. per km2)","2014","2014","PER","Persons","0","Units",,,269,,
"FR205","Nice","POP_DEN","Population density (pop. per km2)","2015","2015","PER","Persons","0","Units",,,267,,
"USA64","Lehigh","T_T","Population, All ages. Administrative data","2000","2000","PER","Persons","0","Units",,,638915,,
"USA64","Lehigh","T_T","Population, All ages. Administrative data","2001","2001","PER","Persons","0","Units",,,643504,,
"USA64","Lehigh","T_T","Population, All ages. Administrative data","2002","2002","PER","Persons","0","Units",,,649854,,
"USA64","Lehigh","T_T","Population, All ages. Administrative data","2003","2003","PER","Persons","0","Units",,,658775,,
"USA64","Lehigh","T_T","Population, All ages. Administrative data","2004","2004","PER","Persons","0","Units",,,668786,,
"USA64","Lehigh","T_T","Population, All ages. Administrative data","2005","2005","PER","Persons","0","Units",,,678883,,
"USA64","Lehigh","T_T","Population, All ages. Administrative data","2006","2006","PER","Persons","0","Units",,,689527,,
"USA64","Lehigh","T_T","Population, All ages. Administrative data","2007","2007","PER","Persons","0","Units",,,698399,,
"USA64","Lehigh","T_T","Population, All ages. Administrative data","2008","2008","PER","Persons","0","Units",,,704786,,
"USA64","Lehigh","T_T","Population, All ages. Administrative data","2009","2009","PER","Persons","0","Units",,,709086,,
"USA64","Lehigh","T_T","Population, All ages. Administrative data","2010","2010","PER","Persons","0","Units",,,713358,,
"USA64","Lehigh","T_T","Population, All ages. Administrative data","2011","2011","PER","Persons","0","Units",,,716762,,
"USA64","Lehigh","T_T","Population, All ages. Administrative data","2012","2012","PER","Persons","0","Units",,,718901,,
"USA64","Lehigh","T_T","Population, All ages. Administrative data","2013","2013","PER","Persons","0","Units",,,719376,,
"USA64","Lehigh","T_T","Population, All ages. Administrative data","2014","2014","PER","Persons","0","Units",,,722267,,
"USA64","Lehigh","T_T","Population, All ages. Administrative data","2015","2015","PER","Persons","0","Units",,,724729,,
"USA64","Lehigh","T_T","Population, All ages. Administrative data","2016","2016","PER","Persons","0","Units",,,728388,,
"UK003","Leeds","T_T_SH_NAT","Share of population  in metropolitan area over the national value","2001","2001","RATIO","Ratio","0","Units",,,4,,
"UK003","Leeds","T_T_SH_NAT","Share of population  in metropolitan area over the national value","2002","2002","RATIO","Ratio","0","Units",,,4,,
"UK003","Leeds","T_T_SH_NAT","Share of population  in metropolitan area over the national value","2003","2003","RATIO","Ratio","0","Units",,,4,,
"UK003","Leeds","T_T_SH_NAT","Share of population  in metropolitan area over the national value","2004","2004","RATIO","Ratio","0","Units",,,4,,
"UK003","Leeds","T_T_SH_NAT","Share of population  in metropolitan area over the national value","2005","2005","RATIO","Ratio","0","Units",,,4,,
"UK003","Leeds","T_T_SH_NAT","Share of population  in metropolitan area over the national value","2006","2006","RATIO","Ratio","0","Units",,,4,,
"UK003","Leeds","T_T_SH_NAT","Share of population  in metropolitan area over the national value","2007","2007","RATIO","Ratio","0","Units",,,4,,
"UK003","Leeds","T_T_SH_NAT","Share of population  in metropolitan area over the national value","2008","2008","RATIO","Ratio","0","Units",,,4,,
"UK003","Leeds","T_T_SH_NAT","Share of population  in metropolitan area over the national value","2009","2009","RATIO","Ratio","0","Units",,,4,,
"UK003","Leeds","T_T_SH_NAT","Share of population  in metropolitan area over the national value","2010","2010","RATIO","Ratio","0","Units",,,4,,
"UK003","Leeds","T_T_SH_NAT","Share of population  in metropolitan area over the national value","2011","2011","RATIO","Ratio","0","Units",,,4,,
"UK003","Leeds","T_T_SH_NAT","Share of population  in metropolitan area over the national value","2012","2012","RATIO","Ratio","0","Units",,,4,,
"UK003","Leeds","T_T_SH_NAT","Share of population  in metropolitan area over the national value","2013","2013","RATIO","Ratio","0","Units",,,4,,
"UK003","Leeds","T_T_SH_NAT","Share of population  in metropolitan area over the national value","2014","2014","RATIO","Ratio","0","Units",,,4,,
"UK003","Leeds","T_T_SH_NAT","Share of population  in metropolitan area over the national value","2015","2015","RATIO","Ratio","0","Units",,,4,,
"UK003","Leeds","T_T_SH_NAT","Share of population  in metropolitan area over the national value","2016","2016","RATIO","Ratio","0","Units",,,4,,
"MEX29","Celaya","T_T","Population, All ages. Administrative data","2000","2000","PER","Persons","0","Units",,,513648,,
"MEX29","Celaya","T_T","Population, All ages. Administrative data","2005","2005","PER","Persons","0","Units",,,527493,,
"MEX29","Celaya","T_T","Population, All ages. Administrative data","2010","2010","PER","Persons","0","Units",,,595321,,
"MEX29","Celaya","T_T","Population, All ages. Administrative data","2015","2015","PER","Persons","0","Units",,,696023,,
"USA41","Pittsburgh","POP_DEN","Population density (pop. per km2)","2000","2000","PER","Persons","0","Units",,,356,,
"USA41","Pittsburgh","POP_DEN","Population density (pop. per km2)","2001","2001","PER","Persons","0","Units",,,355,,
"USA41","Pittsburgh","POP_DEN","Population density (pop. per km2)","2002","2002","PER","Persons","0","Units",,,353,,
"USA41","Pittsburgh","POP_DEN","Population density (pop. per km2)","2003","2003","PER","Persons","0","Units",,,351,,
"USA41","Pittsburgh","POP_DEN","Population density (pop. per km2)","2004","2004","PER","Persons","0","Units",,,349,,
"USA41","Pittsburgh","POP_DEN","Population density (pop. per km2)","2005","2005","PER","Persons","0","Units",,,346,,
"USA41","Pittsburgh","POP_DEN","Population density (pop. per km2)","2006","2006","PER","Persons","0","Units",,,344,,
"USA41","Pittsburgh","POP_DEN","Population density (pop. per km2)","2007","2007","PER","Persons","0","Units",,,343,,
"USA41","Pittsburgh","POP_DEN","Population density (pop. per km2)","2008","2008","PER","Persons","0","Units",,,343,,
"USA41","Pittsburgh","POP_DEN","Population density (pop. per km2)","2009","2009","PER","Persons","0","Units",,,343,,
"USA41","Pittsburgh","POP_DEN","Population density (pop. per km2)","2010","2010","PER","Persons","0","Units",,,344,,
"USA41","Pittsburgh","POP_DEN","Population density (pop. per km2)","2011","2011","PER","Persons","0","Units",,,345,,
"USA41","Pittsburgh","POP_DEN","Population density (pop. per km2)","2012","2012","PER","Persons","0","Units",,,346,,
"USA41","Pittsburgh","POP_DEN","Population density (pop. per km2)","2013","2013","PER","Persons","0","Units",,,346,,
"USA41","Pittsburgh","POP_DEN","Population density (pop. per km2)","2014","2014","PER","Persons","0","Units",,,346,,
"USA41","Pittsburgh","POP_DEN","Population density (pop. per km2)","2015","2015","PER","Persons","0","Units",,,345,,
"USA41","Pittsburgh","POP_DEN","Population density (pop. per km2)","2016","2016","PER","Persons","0","Units",,,345,,
"MEX37","Poza Rica de Hidalgo","POP_DEN","Population density (pop. per km2)","2000","2000","PER","Persons","0","Units",,,183,,
"MEX37","Poza Rica de Hidalgo","POP_DEN","Population density (pop. per km2)","2005","2005","PER","Persons","0","Units",,,179,,
"MEX37","Poza Rica de Hidalgo","POP_DEN","Population density (pop. per km2)","2010","2010","PER","Persons","0","Units",,,190,,
"MEX37","Poza Rica de Hidalgo","POP_DEN","Population density (pop. per km2)","2015","2015","PER","Persons","0","Units",,,213,,
"ES004","Seville","T_T","Population, All ages. Administrative data","2000","2000","PER","Persons","0","Units",,,1352250,,
"ES004","Seville","T_T","Population, All ages. Administrative data","2001","2001","PER","Persons","0","Units",,,1363521,,
"ES004","Seville","T_T","Population, All ages. Administrative data","2002","2002","PER","Persons","0","Units",,,1374793,,
"ES004","Seville","T_T","Population, All ages. Administrative data","2003","2003","PER","Persons","0","Units",,,1386063,,
"ES004","Seville","T_T","Population, All ages. Administrative data","2004","2004","PER","Persons","0","Units",,,1397334,,
"ES004","Seville","T_T","Population, All ages. Administrative data","2005","2005","PER","Persons","0","Units",,,1408605,,
"ES004","Seville","T_T","Population, All ages. Administrative data","2006","2006","PER","Persons","0","Units",,,1419876,,
"ES004","Seville","T_T","Population, All ages. Administrative data","2007","2007","PER","Persons","0","Units",,,1431147,,
"ES004","Seville","T_T","Population, All ages. Administrative data","2008","2008","PER","Persons","0","Units",,,1442419,,
"ES004","Seville","T_T","Population, All ages. Administrative data","2009","2009","PER","Persons","0","Units",,,1453689,,
"ES004","Seville","T_T","Population, All ages. Administrative data","2010","2010","PER","Persons","0","Units",,,1464961,,
"ES004","Seville","T_T","Population, All ages. Administrative data","2011","2011","PER","Persons","0","Units",,,1476232,,
"ES004","Seville","T_T","Population, All ages. Administrative data","2012","2012","PER","Persons","0","Units",,,1487503,,
"ES004","Seville","T_T","Population, All ages. Administrative data","2013","2013","PER","Persons","0","Units",,,1498774,,
"ES004","Seville","T_T","Population, All ages. Administrative data","2014","2014","PER","Persons","0","Units",,,1510045,,
"ES004","Seville","T_T","Population, All ages. Administrative data","2015","2015","PER","Persons","0","Units",,,1521315,,
"ES004","Seville","T_T","Population, All ages. Administrative data","2016","2016","PER","Persons","0","Units",,,1532587,,
"MEX19","Veracruz","POP_DEN","Population density (pop. per km2)","2000","2000","PER","Persons","0","Units",,,517,,
"MEX19","Veracruz","POP_DEN","Population density (pop. per km2)","2005","2005","PER","Persons","0","Units",,,503,,
"MEX19","Veracruz","POP_DEN","Population density (pop. per km2)","2010","2010","PER","Persons","0","Units",,,538,,
"MEX19","Veracruz","POP_DEN","Population density (pop. per km2)","2015","2015","PER","Persons","0","Units",,,627,,
"IE002","Cork","T_T_SH_NAT","Share of population  in metropolitan area over the national value","2002","2002","RATIO","Ratio","0","Units",,,8,,
"IE002","Cork","T_T_SH_NAT","Share of population  in metropolitan area over the national value","2003","2003","RATIO","Ratio","0","Units",,,8.3,,
"IE002","Cork","T_T_SH_NAT","Share of population  in metropolitan area over the national value","2004","2004","RATIO","Ratio","0","Units",,,8.6,,
"IE002","Cork","T_T_SH_NAT","Share of population  in metropolitan area over the national value","2005","2005","RATIO","Ratio","0","Units",,,8.8,,
"IE002","Cork","T_T_SH_NAT","Share of population  in metropolitan area over the national value","2006","2006","RATIO","Ratio","0","Units",,,9,,
"IE002","Cork","T_T_SH_NAT","Share of population  in metropolitan area over the national value","2007","2007","RATIO","Ratio","0","Units",,,8.8,,
"IE002","Cork","T_T_SH_NAT","Share of population  in metropolitan area over the national value","2008","2008","RATIO","Ratio","0","Units",,,8.7,,
"IE002","Cork","T_T_SH_NAT","Share of population  in metropolitan area over the national value","2009","2009","RATIO","Ratio","0","Units",,,8.7,,
"IE002","Cork","T_T_SH_NAT","Share of population  in metropolitan area over the national value","2010","2010","RATIO","Ratio","0","Units",,,8.7,,
"IE002","Cork","T_T_SH_NAT","Share of population  in metropolitan area over the national value","2011","2011","RATIO","Ratio","0","Units",,,8.8,,
"IE002","Cork","T_T_SH_NAT","Share of population  in metropolitan area over the national value","2012","2012","RATIO","Ratio","0","Units",,,8.9,,
"IE002","Cork","T_T_SH_NAT","Share of population  in metropolitan area over the national value","2013","2013","RATIO","Ratio","0","Units",,,9,,
"IE002","Cork","T_T_SH_NAT","Share of population  in metropolitan area over the national value","2014","2014","RATIO","Ratio","0","Units",,,9,,
"IE002","Cork","T_T_SH_NAT","Share of population  in metropolitan area over the national value","2015","2015","RATIO","Ratio","0","Units",,,9.1,,
"IE002","Cork","T_T_SH_NAT","Share of population  in metropolitan area over the national value","2016","2016","RATIO","Ratio","0","Units",,,9.1,,
"COL13","Armenia","POP_DEN","Population density (pop. per km2)","2000","2000","PER","Persons","0","Units",,,844,,
"COL13","Armenia","POP_DEN","Population density (pop. per km2)","2001","2001","PER","Persons","0","Units",,,850,,
"COL13","Armenia","POP_DEN","Population density (pop. per km2)","2002","2002","PER","Persons","0","Units",,,856,,
"COL13","Armenia","POP_DEN","Population density (pop. per km2)","2003","2003","PER","Persons","0","Units",,,862,,
"COL13","Armenia","POP_DEN","Population density (pop. per km2)","2004","2004","PER","Persons","0","Units",,,868,,
"COL13","Armenia","POP_DEN","Population density (pop. per km2)","2005","2005","PER","Persons","0","Units",,,873,,
"COL13","Armenia","POP_DEN","Population density (pop. per km2)","2006","2006","PER","Persons","0","Units",,,879,,
"COL13","Armenia","POP_DEN","Population density (pop. per km2)","2007","2007","PER","Persons","0","Units",,,885,,
"COL13","Armenia","POP_DEN","Population density (pop. per km2)","2008","2008","PER","Persons","0","Units",,,891,,
"COL13","Armenia","POP_DEN","Population density (pop. per km2)","2009","2009","PER","Persons","0","Units",,,897,,
"COL13","Armenia","POP_DEN","Population density (pop. per km2)","2010","2010","PER","Persons","0","Units",,,903,,
"COL13","Armenia","POP_DEN","Population density (pop. per km2)","2011","2011","PER","Persons","0","Units",,,908,,
"COL13","Armenia","POP_DEN","Population density (pop. per km2)","2012","2012","PER","Persons","0","Units",,,914,,
"COL13","Armenia","POP_DEN","Population density (pop. per km2)","2013","2013","PER","Persons","0","Units",,,920,,
"COL13","Armenia","POP_DEN","Population density (pop. per km2)","2014","2014","PER","Persons","0","Units",,,926,,
"COL13","Armenia","POP_DEN","Population density (pop. per km2)","2015","2015","PER","Persons","0","Units",,,932,,
"DE011","Dusseldorf","T_T_SH_NAT","Share of population  in metropolitan area over the national value","2001","2001","RATIO","Ratio","0","Units",,,1.9,,
"DE011","Dusseldorf","T_T_SH_NAT","Share of population  in metropolitan area over the national value","2002","2002","RATIO","Ratio","0","Units",,,1.9,,
"DE011","Dusseldorf","T_T_SH_NAT","Share of population  in metropolitan area over the national value","2003","2003","RATIO","Ratio","0","Units",,,1.9,,
"DE011","Dusseldorf","T_T_SH_NAT","Share of population  in metropolitan area over the national value","2004","2004","RATIO","Ratio","0","Units",,,1.9,,
"DE011","Dusseldorf","T_T_SH_NAT","Share of population  in metropolitan area over the national value","2005","2005","RATIO","Ratio","0","Units",,,1.9,,
"DE011","Dusseldorf","T_T_SH_NAT","Share of population  in metropolitan area over the national value","2006","2006","RATIO","Ratio","0","Units",,,1.9,,
"DE011","Dusseldorf","T_T_SH_NAT","Share of population  in metropolitan area over the national value","2007","2007","RATIO","Ratio","0","Units",,,1.9,,
"DE011","Dusseldorf","T_T_SH_NAT","Share of population  in metropolitan area over the national value","2008","2008","RATIO","Ratio","0","Units",,,1.9,,
"DE011","Dusseldorf","T_T_SH_NAT","Share of population  in metropolitan area over the national value","2009","2009","RATIO","Ratio","0","Units",,,1.9,,
"DE011","Dusseldorf","T_T_SH_NAT","Share of population  in metropolitan area over the national value","2010","2010","RATIO","Ratio","0","Units",,,1.9,,
"DE011","Dusseldorf","T_T_SH_NAT","Share of population  in metropolitan area over the national value","2011","2011","RATIO","Ratio","0","Units",,,1.9,,
"DE011","Dusseldorf","T_T_SH_NAT","Share of population  in metropolitan area over the national value","2012","2012","RATIO","Ratio","0","Units",,,1.9,,
"DE011","Dusseldorf","T_T_SH_NAT","Share of population  in metropolitan area over the national value","2013","2013","RATIO","Ratio","0","Units",,,1.9,,
"DE011","Dusseldorf","T_T_SH_NAT","Share of population  in metropolitan area over the national value","2014","2014","RATIO","Ratio","0","Units",,,1.9,,
"DE011","Dusseldorf","T_T_SH_NAT","Share of population  in metropolitan area over the national value","2015","2015","RATIO","Ratio","0","Units",,,1.9,,
"DE011","Dusseldorf","T_T_SH_NAT","Share of population  in metropolitan area over the national value","2016","2016","RATIO","Ratio","0","Units",,,1.9,,
"DE033","Augsburg","POP_DEN","Population density (pop. per km2)","2001","2001","PER","Persons","0","Units",,,308,,
"DE033","Augsburg","POP_DEN","Population density (pop. per km2)","2002","2002","PER","Persons","0","Units",,,311,,
"DE033","Augsburg","POP_DEN","Population density (pop. per km2)","2003","2003","PER","Persons","0","Units",,,313,,
"DE033","Augsburg","POP_DEN","Population density (pop. per km2)","2004","2004","PER","Persons","0","Units",,,314,,
"DE033","Augsburg","POP_DEN","Population density (pop. per km2)","2005","2005","PER","Persons","0","Units",,,315,,
"DE033","Augsburg","POP_DEN","Population density (pop. per km2)","2006","2006","PER","Persons","0","Units",,,316,,
"DE033","Augsburg","POP_DEN","Population density (pop. per km2)","2007","2007","PER","Persons","0","Units",,,316,,
"DE033","Augsburg","POP_DEN","Population density (pop. per km2)","2008","2008","PER","Persons","0","Units",,,317,,
"DE033","Augsburg","POP_DEN","Population density (pop. per km2)","2009","2009","PER","Persons","0","Units",,,316,,
"DE033","Augsburg","POP_DEN","Population density (pop. per km2)","2010","2010","PER","Persons","0","Units",,,316,,
"DE033","Augsburg","POP_DEN","Population density (pop. per km2)","2011","2011","PER","Persons","0","Units",,,316,,
"DE033","Augsburg","POP_DEN","Population density (pop. per km2)","2012","2012","PER","Persons","0","Units",,,318,,
"DE033","Augsburg","POP_DEN","Population density (pop. per km2)","2013","2013","PER","Persons","0","Units",,,320,,
"DE033","Augsburg","POP_DEN","Population density (pop. per km2)","2014","2014","PER","Persons","0","Units",,,324,,
"DE033","Augsburg","POP_DEN","Population density (pop. per km2)","2015","2015","PER","Persons","0","Units",,,327,,
"DE033","Augsburg","POP_DEN","Population density (pop. per km2)","2016","2016","PER","Persons","0","Units",,,332,,
"USA103","Newport News","T_T_SH_NAT","Share of population  in metropolitan area over the national value","2001","2001","RATIO","Ratio","0","Units",,,0.1,,
"USA103","Newport News","T_T_SH_NAT","Share of population  in metropolitan area over the national value","2002","2002","RATIO","Ratio","0","Units",,,0.1,,
"USA103","Newport News","T_T_SH_NAT","Share of population  in metropolitan area over the national value","2003","2003","RATIO","Ratio","0","Units",,,0.1,,
"USA103","Newport News","T_T_SH_NAT","Share of population  in metropolitan area over the national value","2004","2004","RATIO","Ratio","0","Units",,,0.1,,
"USA103","Newport News","T_T_SH_NAT","Share of population  in metropolitan area over the national value","2005","2005","RATIO","Ratio","0","Units",,,0.1,,
"USA103","Newport News","T_T_SH_NAT","Share of population  in metropolitan area over the national value","2006","2006","RATIO","Ratio","0","Units",,,0.1,,
"USA103","Newport News","T_T_SH_NAT","Share of population  in metropolitan area over the national value","2007","2007","RATIO","Ratio","0","Units",,,0.1,,
"USA103","Newport News","T_T_SH_NAT","Share of population  in metropolitan area over the national value","2008","2008","RATIO","Ratio","0","Units",,,0.1,,
"USA103","Newport News","T_T_SH_NAT","Share of population  in metropolitan area over the national value","2009","2009","RATIO","Ratio","0","Units",,,0.1,,
"USA103","Newport News","T_T_SH_NAT","Share of population  in metropolitan area over the national value","2010","2010","RATIO","Ratio","0","Units",,,0.1,,
"USA103","Newport News","T_T_SH_NAT","Share of population  in metropolitan area over the national value","2011","2011","RATIO","Ratio","0","Units",,,0.1,,
"USA103","Newport News","T_T_SH_NAT","Share of population  in metropolitan area over the national value","2012","2012","RATIO","Ratio","0","Units",,,0.1,,
"USA103","Newport News","T_T_SH_NAT","Share of population  in metropolitan area over the national value","2013","2013","RATIO","Ratio","0","Units",,,0.1,,
"USA103","Newport News","T_T_SH_NAT","Share of population  in metropolitan area over the national value","2014","2014","RATIO","Ratio","0","Units",,,0.1,,
"USA103","Newport News","T_T_SH_NAT","Share of population  in metropolitan area over the national value","2015","2015","RATIO","Ratio","0","Units",,,0.1,,
"USA103","Newport News","T_T_SH_NAT","Share of population  in metropolitan area over the national value","2016","2016","RATIO","Ratio","0","Units",,,0.1,,
"IT008","Bari","T_T","Population, All ages. Administrative data","2012","2012","PER","Persons","0","Units",,,735413,,
"IT008","Bari","T_T","Population, All ages. Administrative data","2013","2013","PER","Persons","0","Units",,,733881,,
"IT008","Bari","T_T","Population, All ages. Administrative data","2014","2014","PER","Persons","0","Units",,,746407,,
"IT008","Bari","T_T","Population, All ages. Administrative data","2015","2015","PER","Persons","0","Units",,,751181,,
"IT008","Bari","T_T","Population, All ages. Administrative data","2016","2016","PER","Persons","0","Units",,,749723,,
"USA162","Tuscaloosa","T_T","Population, All ages. Administrative data","2000","2000","PER","Persons","0","Units",,,214391,,
"USA162","Tuscaloosa","T_T","Population, All ages. Administrative data","2001","2001","PER","Persons","0","Units",,,215558,,
"USA162","Tuscaloosa","T_T","Population, All ages. Administrative data","2002","2002","PER","Persons","0","Units",,,216258,,
"USA162","Tuscaloosa","T_T","Population, All ages. Administrative data","2003","2003","PER","Persons","0","Units",,,217173,,
"USA162","Tuscaloosa","T_T","Population, All ages. Administrative data","2004","2004","PER","Persons","0","Units",,,218791,,
"USA162","Tuscaloosa","T_T","Population, All ages. Administrative data","2005","2005","PER","Persons","0","Units",,,222220,,
"USA162","Tuscaloosa","T_T","Population, All ages. Administrative data","2006","2006","PER","Persons","0","Units",,,227299,,
"USA162","Tuscaloosa","T_T","Population, All ages. Administrative data","2007","2007","PER","Persons","0","Units",,,230142,,
"USA162","Tuscaloosa","T_T","Population, All ages. Administrative data","2008","2008","PER","Persons","0","Units",,,233663,,
"USA162","Tuscaloosa","T_T","Population, All ages. Administrative data","2009","2009","PER","Persons","0","Units",,,237813,,
"USA162","Tuscaloosa","T_T","Population, All ages. Administrative data","2010","2010","PER","Persons","0","Units",,,239484,,
"USA162","Tuscaloosa","T_T","Population, All ages. Administrative data","2011","2011","PER","Persons","0","Units",,,240318,,
"USA162","Tuscaloosa","T_T","Population, All ages. Administrative data","2012","2012","PER","Persons","0","Units",,,242122,,
"USA162","Tuscaloosa","T_T","Population, All ages. Administrative data","2013","2013","PER","Persons","0","Units",,,244054,,
"USA162","Tuscaloosa","T_T","Population, All ages. Administrative data","2014","2014","PER","Persons","0","Units",,,246720,,
"USA162","Tuscaloosa","T_T","Population, All ages. Administrative data","2015","2015","PER","Persons","0","Units",,,248777,,
"USA162","Tuscaloosa","T_T","Population, All ages. Administrative data","2016","2016","PER","Persons","0","Units",,,249932,,
"CL025","Puerto Montt","POP_DEN","Population density (pop. per km2)","2000","2000","PER","Persons","0","Units",,,97,,
"CL025","Puerto Montt","POP_DEN","Population density (pop. per km2)","2001","2001","PER","Persons","0","Units",,,101,,
"CL025","Puerto Montt","POP_DEN","Population density (pop. per km2)","2002","2002","PER","Persons","0","Units",,,105,,
"CL025","Puerto Montt","POP_DEN","Population density (pop. per km2)","2003","2003","PER","Persons","0","Units",,,109,,
"CL025","Puerto Montt","POP_DEN","Population density (pop. per km2)","2004","2004","PER","Persons","0","Units",,,113,,
"CL025","Puerto Montt","POP_DEN","Population density (pop. per km2)","2005","2005","PER","Persons","0","Units",,,118,,
"CL025","Puerto Montt","POP_DEN","Population density (pop. per km2)","2006","2006","PER","Persons","0","Units",,,122,,
"CL025","Puerto Montt","POP_DEN","Population density (pop. per km2)","2007","2007","PER","Persons","0","Units",,,126,,
"CL025","Puerto Montt","POP_DEN","Population density (pop. per km2)","2008","2008","PER","Persons","0","Units",,,130,,
"CL025","Puerto Montt","POP_DEN","Population density (pop. per km2)","2009","2009","PER","Persons","0","Units",,,134,,
"CL025","Puerto Montt","POP_DEN","Population density (pop. per km2)","2010","2010","PER","Persons","0","Units",,,138,,
"CL025","Puerto Montt","POP_DEN","Population density (pop. per km2)","2011","2011","PER","Persons","0","Units",,,142,,
"CL025","Puerto Montt","POP_DEN","Population density (pop. per km2)","2012","2012","PER","Persons","0","Units",,,146,,
"CL025","Puerto Montt","POP_DEN","Population density (pop. per km2)","2013","2013","PER","Persons","0","Units",,,150,,
"CL025","Puerto Montt","POP_DEN","Population density (pop. per km2)","2014","2014","PER","Persons","0","Units",,,154,,
"CL025","Puerto Montt","POP_DEN","Population density (pop. per km2)","2015","2015","PER","Persons","0","Units",,,158,,
"UK553","Blackpool","T_T","Population, All ages. Administrative data","2001","2001","PER","Persons","0","Units",,,321410,,
"UK553","Blackpool","T_T","Population, All ages. Administrative data","2002","2002","PER","Persons","0","Units",,,322266,,
"UK553","Blackpool","T_T","Population, All ages. Administrative data","2003","2003","PER","Persons","0","Units",,,324116,,
"UK553","Blackpool","T_T","Population, All ages. Administrative data","2004","2004","PER","Persons","0","Units",,,325570,,
"UK553","Blackpool","T_T","Population, All ages. Administrative data","2005","2005","PER","Persons","0","Units",,,326717,,
"UK553","Blackpool","T_T","Population, All ages. Administrative data","2006","2006","PER","Persons","0","Units",,,326992,,
"UK553","Blackpool","T_T","Population, All ages. Administrative data","2007","2007","PER","Persons","0","Units",,,327424,,
"UK553","Blackpool","T_T","Population, All ages. Administrative data","2008","2008","PER","Persons","0","Units",,,326396,,
"UK553","Blackpool","T_T","Population, All ages. Administrative data","2009","2009","PER","Persons","0","Units",,,326076,,
"UK553","Blackpool","T_T","Population, All ages. Administrative data","2010","2010","PER","Persons","0","Units",,,326275,,
"UK553","Blackpool","T_T","Population, All ages. Administrative data","2011","2011","PER","Persons","0","Units",,,325870,,
"UK553","Blackpool","T_T","Population, All ages. Administrative data","2012","2012","PER","Persons","0","Units",,,325919,,
"UK553","Blackpool","T_T","Population, All ages. Administrative data","2013","2013","PER","Persons","0","Units",,,326318,,
"UK553","Blackpool","T_T","Population, All ages. Administrative data","2014","2014","PER","Persons","0","Units",,,326632,,
"UK553","Blackpool","T_T","Population, All ages. Administrative data","2015","2015","PER","Persons","0","Units",,,327198,,
"UK553","Blackpool","T_T","Population, All ages. Administrative data","2016","2016","PER","Persons","0","Units",,,328138,,
"FR028","Saint Denis","T_T","Population, All ages. Administrative data","2015","2015","PER","Persons","0","Units",,,332491,,
"FR016","Nancy","T_T_SH_NAT","Share of population  in metropolitan area over the national value","2001","2001","RATIO","Ratio","0","Units",,,0.8,,
"FR016","Nancy","T_T_SH_NAT","Share of population  in metropolitan area over the national value","2002","2002","RATIO","Ratio","0","Units",,,0.8,,
"FR016","Nancy","T_T_SH_NAT","Share of population  in metropolitan area over the national value","2003","2003","RATIO","Ratio","0","Units",,,0.8,,
"FR016","Nancy","T_T_SH_NAT","Share of population  in metropolitan area over the national value","2004","2004","RATIO","Ratio","0","Units",,,0.8,,
"FR016","Nancy","T_T_SH_NAT","Share of population  in metropolitan area over the national value","2005","2005","RATIO","Ratio","0","Units",,,0.8,,
"FR016","Nancy","T_T_SH_NAT","Share of population  in metropolitan area over the national value","2006","2006","RATIO","Ratio","0","Units",,,0.8,,
"FR016","Nancy","T_T_SH_NAT","Share of population  in metropolitan area over the national value","2007","2007","RATIO","Ratio","0","Units",,,0.7,,
"FR016","Nancy","T_T_SH_NAT","Share of population  in metropolitan area over the national value","2008","2008","RATIO","Ratio","0","Units",,,0.7,,
"FR016","Nancy","T_T_SH_NAT","Share of population  in metropolitan area over the national value","2009","2009","RATIO","Ratio","0","Units",,,0.7,,
"FR016","Nancy","T_T_SH_NAT","Share of population  in metropolitan area over the national value","2010","2010","RATIO","Ratio","0","Units",,,0.7,,
"FR016","Nancy","T_T_SH_NAT","Share of population  in metropolitan area over the national value","2011","2011","RATIO","Ratio","0","Units",,,0.7,,
"FR016","Nancy","T_T_SH_NAT","Share of population  in metropolitan area over the national value","2012","2012","RATIO","Ratio","0","Units",,,0.7,,
"FR016","Nancy","T_T_SH_NAT","Share of population  in metropolitan area over the national value","2013","2013","RATIO","Ratio","0","Units",,,0.7,,
"FR016","Nancy","T_T_SH_NAT","Share of population  in metropolitan area over the national value","2014","2014","RATIO","Ratio","0","Units",,,0.7,,
"FR016","Nancy","T_T_SH_NAT","Share of population  in metropolitan area over the national value","2015","2015","RATIO","Ratio","0","Units",,,0.7,,
"SI002","Maribor","POP_DEN","Population density (pop. per km2)","2000","2000","PER","Persons","0","Units",,,147,,
"SI002","Maribor","POP_DEN","Population density (pop. per km2)","2001","2001","PER","Persons","0","Units",,,147,,
"SI002","Maribor","POP_DEN","Population density (pop. per km2)","2002","2002","PER","Persons","0","Units",,,148,,
"SI002","Maribor","POP_DEN","Population density (pop. per km2)","2003","2003","PER","Persons","0","Units",,,147,,
"SI002","Maribor","POP_DEN","Population density (pop. per km2)","2004","2004","PER","Persons","0","Units",,,147,,
"SI002","Maribor","POP_DEN","Population density (pop. per km2)","2005","2005","PER","Persons","0","Units",,,147,,
"SI002","Maribor","POP_DEN","Population density (pop. per km2)","2006","2006","PER","Persons","0","Units",,,147,,
"SI002","Maribor","POP_DEN","Population density (pop. per km2)","2007","2007","PER","Persons","0","Units",,,147,,
"SI002","Maribor","POP_DEN","Population density (pop. per km2)","2008","2008","PER","Persons","0","Units",,,148,,
"SI002","Maribor","POP_DEN","Population density (pop. per km2)","2009","2009","PER","Persons","0","Units",,,149,,
"SI002","Maribor","POP_DEN","Population density (pop. per km2)","2010","2010","PER","Persons","0","Units",,,149,,
"SI002","Maribor","POP_DEN","Population density (pop. per km2)","2011","2011","PER","Persons","0","Units",,,149,,
"SI002","Maribor","POP_DEN","Population density (pop. per km2)","2012","2012","PER","Persons","0","Units",,,149,,
"SI002","Maribor","POP_DEN","Population density (pop. per km2)","2013","2013","PER","Persons","0","Units",,,149,,
"SI002","Maribor","POP_DEN","Population density (pop. per km2)","2014","2014","PER","Persons","0","Units",,,149,,
"SI002","Maribor","POP_DEN","Population density (pop. per km2)","2015","2015","PER","Persons","0","Units",,,149,,
"SI002","Maribor","POP_DEN","Population density (pop. per km2)","2016","2016","PER","Persons","0","Units",,,149,,
"USA161","Brazos","T_T","Population, All ages. Administrative data","2000","2000","PER","Persons","0","Units",,,198727,,
"USA161","Brazos","T_T","Population, All ages. Administrative data","2001","2001","PER","Persons","0","Units",,,201995,,
"USA161","Brazos","T_T","Population, All ages. Administrative data","2002","2002","PER","Persons","0","Units",,,204813,,
"USA161","Brazos","T_T","Population, All ages. Administrative data","2003","2003","PER","Persons","0","Units",,,209223,,
"USA161","Brazos","T_T","Population, All ages. Administrative data","2004","2004","PER","Persons","0","Units",,,212520,,
"USA161","Brazos","T_T","Population, All ages. Administrative data","2005","2005","PER","Persons","0","Units",,,216636,,
"USA161","Brazos","T_T","Population, All ages. Administrative data","2006","2006","PER","Persons","0","Units",,,222278,,
"USA161","Brazos","T_T","Population, All ages. Administrative data","2007","2007","PER","Persons","0","Units",,,226353,,
"USA161","Brazos","T_T","Population, All ages. Administrative data","2008","2008","PER","Persons","0","Units",,,231998,,
"USA161","Brazos","T_T","Population, All ages. Administrative data","2009","2009","PER","Persons","0","Units",,,238597,,
"USA161","Brazos","T_T","Population, All ages. Administrative data","2010","2010","PER","Persons","0","Units",,,243183,,
"USA161","Brazos","T_T","Population, All ages. Administrative data","2011","2011","PER","Persons","0","Units",,,245190,,
"USA161","Brazos","T_T","Population, All ages. Administrative data","2012","2012","PER","Persons","0","Units",,,247853,,
"USA161","Brazos","T_T","Population, All ages. Administrative data","2013","2013","PER","Persons","0","Units",,,251620,,
"USA161","Brazos","T_T","Population, All ages. Administrative data","2014","2014","PER","Persons","0","Units",,,256376,,
"USA161","Brazos","T_T","Population, All ages. Administrative data","2015","2015","PER","Persons","0","Units",,,264074,,
"USA161","Brazos","T_T","Population, All ages. Administrative data","2016","2016","PER","Persons","0","Units",,,268324,,
"SE002","Gothenburg","T_T","Population, All ages. Administrative data","2000","2000","PER","Persons","0","Units",,,852686,,
"SE002","Gothenburg","T_T","Population, All ages. Administrative data","2001","2001","PER","Persons","0","Units",,,860000,,
"SE002","Gothenburg","T_T","Population, All ages. Administrative data","2002","2002","PER","Persons","0","Units",,,866540,,
"SE002","Gothenburg","T_T","Population, All ages. Administrative data","2003","2003","PER","Persons","0","Units",,,873335,,
"SE002","Gothenburg","T_T","Population, All ages. Administrative data","2004","2004","PER","Persons","0","Units",,,880128,,
"SE002","Gothenburg","T_T","Population, All ages. Administrative data","2005","2005","PER","Persons","0","Units",,,887384,,
"SE002","Gothenburg","T_T","Population, All ages. Administrative data","2006","2006","PER","Persons","0","Units",,,896408,,
"SE002","Gothenburg","T_T","Population, All ages. Administrative data","2007","2007","PER","Persons","0","Units",,,904350,,
"SE002","Gothenburg","T_T","Population, All ages. Administrative data","2008","2008","PER","Persons","0","Units",,,914923,,
"SE002","Gothenburg","T_T","Population, All ages. Administrative data","2009","2009","PER","Persons","0","Units",,,926237,,
"SE002","Gothenburg","T_T","Population, All ages. Administrative data","2010","2010","PER","Persons","0","Units",,,937004,,
"SE002","Gothenburg","T_T","Population, All ages. Administrative data","2011","2011","PER","Persons","0","Units",,,946936,,
"SE002","Gothenburg","T_T","Population, All ages. Administrative data","2012","2012","PER","Persons","0","Units",,,956082,,
"SE002","Gothenburg","T_T","Population, All ages. Administrative data","2013","2013","PER","Persons","0","Units",,,966586,,
"SE002","Gothenburg","T_T","Population, All ages. Administrative data","2014","2014","PER","Persons","0","Units",,,979564,,
"SE002","Gothenburg","T_T","Population, All ages. Administrative data","2015","2015","PER","Persons","0","Units",,,991159,,
"SE002","Gothenburg","T_T","Population, All ages. Administrative data","2016","2016","PER","Persons","0","Units",,,1006548,,
"USA22","Las Vegas","POP_DEN","Population density (pop. per km2)","2000","2000","PER","Persons","0","Units",,,15,,
"USA22","Las Vegas","POP_DEN","Population density (pop. per km2)","2001","2001","PER","Persons","0","Units",,,16,,
"USA22","Las Vegas","POP_DEN","Population density (pop. per km2)","2002","2002","PER","Persons","0","Units",,,16,,
"USA22","Las Vegas","POP_DEN","Population density (pop. per km2)","2003","2003","PER","Persons","0","Units",,,17,,
"USA22","Las Vegas","POP_DEN","Population density (pop. per km2)","2004","2004","PER","Persons","0","Units",,,18,,
"USA22","Las Vegas","POP_DEN","Population density (pop. per km2)","2005","2005","PER","Persons","0","Units",,,19,,
"USA22","Las Vegas","POP_DEN","Population density (pop. per km2)","2006","2006","PER","Persons","0","Units",,,19,,
"USA22","Las Vegas","POP_DEN","Population density (pop. per km2)","2007","2007","PER","Persons","0","Units",,,20,,
"USA22","Las Vegas","POP_DEN","Population density (pop. per km2)","2008","2008","PER","Persons","0","Units",,,21,,
"USA22","Las Vegas","POP_DEN","Population density (pop. per km2)","2009","2009","PER","Persons","0","Units",,,21,,
"USA22","Las Vegas","POP_DEN","Population density (pop. per km2)","2010","2010","PER","Persons","0","Units",,,21,,
"USA22","Las Vegas","POP_DEN","Population density (pop. per km2)","2011","2011","PER","Persons","0","Units",,,21,,
"USA22","Las Vegas","POP_DEN","Population density (pop. per km2)","2012","2012","PER","Persons","0","Units",,,21,,
"USA22","Las Vegas","POP_DEN","Population density (pop. per km2)","2013","2013","PER","Persons","0","Units",,,22,,
"USA22","Las Vegas","POP_DEN","Population density (pop. per km2)","2014","2014","PER","Persons","0","Units",,,22,,
"USA22","Las Vegas","POP_DEN","Population density (pop. per km2)","2015","2015","PER","Persons","0","Units",,,23,,
"USA22","Las Vegas","POP_DEN","Population density (pop. per km2)","2016","2016","PER","Persons","0","Units",,,23,,
"JPN43","Akita","T_T_SH_NAT","Share of population  in metropolitan area over the national value","2001","2001","RATIO","Ratio","0","Units",,,0.3,,
"JPN43","Akita","T_T_SH_NAT","Share of population  in metropolitan area over the national value","2002","2002","RATIO","Ratio","0","Units",,,0.3,,
"JPN43","Akita","T_T_SH_NAT","Share of population  in metropolitan area over the national value","2003","2003","RATIO","Ratio","0","Units",,,0.3,,
"JPN43","Akita","T_T_SH_NAT","Share of population  in metropolitan area over the national value","2004","2004","RATIO","Ratio","0","Units",,,0.3,,
"JPN43","Akita","T_T_SH_NAT","Share of population  in metropolitan area over the national value","2005","2005","RATIO","Ratio","0","Units",,,0.3,,
"JPN43","Akita","T_T_SH_NAT","Share of population  in metropolitan area over the national value","2006","2006","RATIO","Ratio","0","Units",,,0.3,,
"JPN43","Akita","T_T_SH_NAT","Share of population  in metropolitan area over the national value","2007","2007","RATIO","Ratio","0","Units",,,0.3,,
"JPN43","Akita","T_T_SH_NAT","Share of population  in metropolitan area over the national value","2008","2008","RATIO","Ratio","0","Units",,,0.3,,
"JPN43","Akita","T_T_SH_NAT","Share of population  in metropolitan area over the national value","2009","2009","RATIO","Ratio","0","Units",,,0.3,,
"JPN43","Akita","T_T_SH_NAT","Share of population  in metropolitan area over the national value","2010","2010","RATIO","Ratio","0","Units",,,0.3,,
"JPN43","Akita","T_T_SH_NAT","Share of population  in metropolitan area over the national value","2011","2011","RATIO","Ratio","0","Units",,,0.3,,
"JPN43","Akita","T_T_SH_NAT","Share of population  in metropolitan area over the national value","2012","2012","RATIO","Ratio","0","Units",,,0.3,,
"JPN43","Akita","T_T_SH_NAT","Share of population  in metropolitan area over the national value","2013","2013","RATIO","Ratio","0","Units",,,0.3,,
"JPN43","Akita","T_T_SH_NAT","Share of population  in metropolitan area over the national value","2014","2014","RATIO","Ratio","0","Units",,,0.3,,
"JPN43","Akita","T_T_SH_NAT","Share of population  in metropolitan area over the national value","2015","2015","RATIO","Ratio","0","Units",,,0.3,,
"DE019","Magdeburg","T_T_SH_NAT","Share of population  in metropolitan area over the national value","2001","2001","RATIO","Ratio","0","Units",,,0.7,,
"DE019","Magdeburg","T_T_SH_NAT","Share of population  in metropolitan area over the national value","2002","2002","RATIO","Ratio","0","Units",,,0.7,,
"DE019","Magdeburg","T_T_SH_NAT","Share of population  in metropolitan area over the national value","2003","2003","RATIO","Ratio","0","Units",,,0.6,,
"DE019","Magdeburg","T_T_SH_NAT","Share of population  in metropolitan area over the national value","2004","2004","RATIO","Ratio","0","Units",,,0.6,,
"DE019","Magdeburg","T_T_SH_NAT","Share of population  in metropolitan area over the national value","2005","2005","RATIO","Ratio","0","Units",,,0.6,,
"DE019","Magdeburg","T_T_SH_NAT","Share of population  in metropolitan area over the national value","2006","2006","RATIO","Ratio","0","Units",,,0.6,,
"DE019","Magdeburg","T_T_SH_NAT","Share of population  in metropolitan area over the national value","2007","2007","RATIO","Ratio","0","Units",,,0.6,,
"DE019","Magdeburg","T_T_SH_NAT","Share of population  in metropolitan area over the national value","2008","2008","RATIO","Ratio","0","Units",,,0.6,,
"DE019","Magdeburg","T_T_SH_NAT","Share of population  in metropolitan area over the national value","2009","2009","RATIO","Ratio","0","Units",,,0.6,,
"DE019","Magdeburg","T_T_SH_NAT","Share of population  in metropolitan area over the national value","2010","2010","RATIO","Ratio","0","Units",,,0.6,,
"DE019","Magdeburg","T_T_SH_NAT","Share of population  in metropolitan area over the national value","2011","2011","RATIO","Ratio","0","Units",,,0.6,,
"DE019","Magdeburg","T_T_SH_NAT","Share of population  in metropolitan area over the national value","2012","2012","RATIO","Ratio","0","Units",,,0.6,,
"DE019","Magdeburg","T_T_SH_NAT","Share of population  in metropolitan area over the national value","2013","2013","RATIO","Ratio","0","Units",,,0.6,,
"DE019","Magdeburg","T_T_SH_NAT","Share of population  in metropolitan area over the national value","2014","2014","RATIO","Ratio","0","Units",,,0.6,,
"DE019","Magdeburg","T_T_SH_NAT","Share of population  in metropolitan area over the national value","2015","2015","RATIO","Ratio","0","Units",,,0.6,,
"DE019","Magdeburg","T_T_SH_NAT","Share of population  in metropolitan area over the national value","2016","2016","RATIO","Ratio","0","Units",,,0.6,,
"CH003","Basel","POP_DEN","Population density (pop. per km2)","2000","2000","PER","Persons","0","Units",,,713,,
"CH003","Basel","POP_DEN","Population density (pop. per km2)","2001","2001","PER","Persons","0","Units",,,716,,
"CH003","Basel","POP_DEN","Population density (pop. per km2)","2002","2002","PER","Persons","0","Units",,,720,,
"CH003","Basel","POP_DEN","Population density (pop. per km2)","2003","2003","PER","Persons","0","Units",,,724,,
"CH003","Basel","POP_DEN","Population density (pop. per km2)","2004","2004","PER","Persons","0","Units",,,728,,
"CH003","Basel","POP_DEN","Population density (pop. per km2)","2005","2005","PER","Persons","0","Units",,,731,,
"CH003","Basel","POP_DEN","Population density (pop. per km2)","2006","2006","PER","Persons","0","Units",,,735,,
"CH003","Basel","POP_DEN","Population density (pop. per km2)","2007","2007","PER","Persons","0","Units",,,739,,
"CH003","Basel","POP_DEN","Population density (pop. per km2)","2008","2008","PER","Persons","0","Units",,,743,,
"CH003","Basel","POP_DEN","Population density (pop. per km2)","2009","2009","PER","Persons","0","Units",,,746,,
"CH003","Basel","POP_DEN","Population density (pop. per km2)","2010","2010","PER","Persons","0","Units",,,750,,
"CH003","Basel","POP_DEN","Population density (pop. per km2)","2011","2011","PER","Persons","0","Units",,,754,,
"CH003","Basel","POP_DEN","Population density (pop. per km2)","2012","2012","PER","Persons","0","Units",,,759,,
"CH003","Basel","POP_DEN","Population density (pop. per km2)","2013","2013","PER","Persons","0","Units",,,766,,
"CH003","Basel","POP_DEN","Population density (pop. per km2)","2014","2014","PER","Persons","0","Units",,,773,,
"CH003","Basel","POP_DEN","Population density (pop. per km2)","2015","2015","PER","Persons","0","Units",,,779,,
"CH003","Basel","POP_DEN","Population density (pop. per km2)","2016","2016","PER","Persons","0","Units",,,785,,
"USA139","Larimer","POP_DEN","Population density (pop. per km2)","2000","2000","PER","Persons","0","Units",,,37,,
"USA139","Larimer","POP_DEN","Population density (pop. per km2)","2001","2001","PER","Persons","0","Units",,,38,,
"USA139","Larimer","POP_DEN","Population density (pop. per km2)","2002","2002","PER","Persons","0","Units",,,39,,
"USA139","Larimer","POP_DEN","Population density (pop. per km2)","2003","2003","PER","Persons","0","Units",,,39,,
"USA139","Larimer","POP_DEN","Population density (pop. per km2)","2004","2004","PER","Persons","0","Units",,,40,,
"USA139","Larimer","POP_DEN","Population density (pop. per km2)","2005","2005","PER","Persons","0","Units",,,40,,
"USA139","Larimer","POP_DEN","Population density (pop. per km2)","2006","2006","PER","Persons","0","Units",,,41,,
"USA139","Larimer","POP_DEN","Population density (pop. per km2)","2007","2007","PER","Persons","0","Units",,,42,,
"USA139","Larimer","POP_DEN","Population density (pop. per km2)","2008","2008","PER","Persons","0","Units",,,43,,
"USA139","Larimer","POP_DEN","Population density (pop. per km2)","2009","2009","PER","Persons","0","Units",,,43,,
"USA139","Larimer","POP_DEN","Population density (pop. per km2)","2010","2010","PER","Persons","0","Units",,,44,,
"USA139","Larimer","POP_DEN","Population density (pop. per km2)","2011","2011","PER","Persons","0","Units",,,45,,
"USA139","Larimer","POP_DEN","Population density (pop. per km2)","2012","2012","PER","Persons","0","Units",,,45,,
"USA139","Larimer","POP_DEN","Population density (pop. per km2)","2013","2013","PER","Persons","0","Units",,,46,,
"USA139","Larimer","POP_DEN","Population density (pop. per km2)","2014","2014","PER","Persons","0","Units",,,47,,
"USA139","Larimer","POP_DEN","Population density (pop. per km2)","2015","2015","PER","Persons","0","Units",,,49,,
"USA139","Larimer","POP_DEN","Population density (pop. per km2)","2016","2016","PER","Persons","0","Units",,,50,,
"USA45","Fresno (Greater)","T_T","Population, All ages. Administrative data","2000","2000","PER","Persons","0","Units",,,924875,,
"USA45","Fresno (Greater)","T_T","Population, All ages. Administrative data","2001","2001","PER","Persons","0","Units",,,938602,,
"USA45","Fresno (Greater)","T_T","Population, All ages. Administrative data","2002","2002","PER","Persons","0","Units",,,958131,,
"USA45","Fresno (Greater)","T_T","Population, All ages. Administrative data","2003","2003","PER","Persons","0","Units",,,979931,,
"USA45","Fresno (Greater)","T_T","Population, All ages. Administrative data","2004","2004","PER","Persons","0","Units",,,998141,,
"USA45","Fresno (Greater)","T_T","Population, All ages. Administrative data","2005","2005","PER","Persons","0","Units",,,1012783,,
"USA45","Fresno (Greater)","T_T","Population, All ages. Administrative data","2006","2006","PER","Persons","0","Units",,,1027484,,
"USA45","Fresno (Greater)","T_T","Population, All ages. Administrative data","2007","2007","PER","Persons","0","Units",,,1042000,,
"USA45","Fresno (Greater)","T_T","Population, All ages. Administrative data","2008","2008","PER","Persons","0","Units",,,1057989,,
"USA45","Fresno (Greater)","T_T","Population, All ages. Administrative data","2009","2009","PER","Persons","0","Units",,,1070712,,
"USA45","Fresno (Greater)","T_T","Population, All ages. Administrative data","2010","2010","PER","Persons","0","Units",,,1083255,,
"USA45","Fresno (Greater)","T_T","Population, All ages. Administrative data","2011","2011","PER","Persons","0","Units",,,1092236,,
"USA45","Fresno (Greater)","T_T","Population, All ages. Administrative data","2012","2012","PER","Persons","0","Units",,,1098751,,
"USA45","Fresno (Greater)","T_T","Population, All ages. Administrative data","2013","2013","PER","Persons","0","Units",,,1105606,,
"USA45","Fresno (Greater)","T_T","Population, All ages. Administrative data","2014","2014","PER","Persons","0","Units",,,1117273,,
"USA45","Fresno (Greater)","T_T","Population, All ages. Administrative data","2015","2015","PER","Persons","0","Units",,,1126756,,
"USA45","Fresno (Greater)","T_T","Population, All ages. Administrative data","2016","2016","PER","Persons","0","Units",,,1134500,,
"JPN29","Nagano","POP_DEN","Population density (pop. per km2)","2000","2000","PER","Persons","0","Units",,,371,,
"JPN29","Nagano","POP_DEN","Population density (pop. per km2)","2001","2001","PER","Persons","0","Units",,,370,,
"JPN29","Nagano","POP_DEN","Population density (pop. per km2)","2002","2002","PER","Persons","0","Units",,,370,,
"JPN29","Nagano","POP_DEN","Population density (pop. per km2)","2003","2003","PER","Persons","0","Units",,,369,,
"JPN29","Nagano","POP_DEN","Population density (pop. per km2)","2004","2004","PER","Persons","0","Units",,,369,,
"JPN29","Nagano","POP_DEN","Population density (pop. per km2)","2005","2005","PER","Persons","0","Units",,,368,,
"JPN29","Nagano","POP_DEN","Population density (pop. per km2)","2006","2006","PER","Persons","0","Units",,,366,,
"JPN29","Nagano","POP_DEN","Population density (pop. per km2)","2007","2007","PER","Persons","0","Units",,,365,,
"JPN29","Nagano","POP_DEN","Population density (pop. per km2)","2008","2008","PER","Persons","0","Units",,,363,,
"JPN29","Nagano","POP_DEN","Population density (pop. per km2)","2009","2009","PER","Persons","0","Units",,,361,,
"JPN29","Nagano","POP_DEN","Population density (pop. per km2)","2010","2010","PER","Persons","0","Units",,,360,,
"JPN29","Nagano","POP_DEN","Population density (pop. per km2)","2011","2011","PER","Persons","0","Units",,,358,,
"JPN29","Nagano","POP_DEN","Population density (pop. per km2)","2012","2012","PER","Persons","0","Units",,,356,,
"JPN29","Nagano","POP_DEN","Population density (pop. per km2)","2013","2013","PER","Persons","0","Units",,,354,,
"JPN29","Nagano","POP_DEN","Population density (pop. per km2)","2014","2014","PER","Persons","0","Units",,,352,,
"JPN29","Nagano","POP_DEN","Population density (pop. per km2)","2015","2015","PER","Persons","0","Units",,,350,,
"UK023","Portsmouth","T_T","Population, All ages. Administrative data","2001","2001","PER","Persons","0","Units",,,489757,,
"UK023","Portsmouth","T_T","Population, All ages. Administrative data","2002","2002","PER","Persons","0","Units",,,490931,,
"UK023","Portsmouth","T_T","Population, All ages. Administrative data","2003","2003","PER","Persons","0","Units",,,493759,,
"UK023","Portsmouth","T_T","Population, All ages. Administrative data","2004","2004","PER","Persons","0","Units",,,497417,,
"UK023","Portsmouth","T_T","Population, All ages. Administrative data","2005","2005","PER","Persons","0","Units",,,500583,,
"UK023","Portsmouth","T_T","Population, All ages. Administrative data","2006","2006","PER","Persons","0","Units",,,501764,,
"UK023","Portsmouth","T_T","Population, All ages. Administrative data","2007","2007","PER","Persons","0","Units",,,503215,,
"UK023","Portsmouth","T_T","Population, All ages. Administrative data","2008","2008","PER","Persons","0","Units",,,507010,,
"UK023","Portsmouth","T_T","Population, All ages. Administrative data","2009","2009","PER","Persons","0","Units",,,511170,,
"UK023","Portsmouth","T_T","Population, All ages. Administrative data","2010","2010","PER","Persons","0","Units",,,516494,,
"UK023","Portsmouth","T_T","Population, All ages. Administrative data","2011","2011","PER","Persons","0","Units",,,520816,,
"UK023","Portsmouth","T_T","Population, All ages. Administrative data","2012","2012","PER","Persons","0","Units",,,523962,,
"UK023","Portsmouth","T_T","Population, All ages. Administrative data","2013","2013","PER","Persons","0","Units",,,525756,,
"UK023","Portsmouth","T_T","Population, All ages. Administrative data","2014","2014","PER","Persons","0","Units",,,529391,,
"UK023","Portsmouth","T_T","Population, All ages. Administrative data","2015","2015","PER","Persons","0","Units",,,533599,,
"UK023","Portsmouth","T_T","Population, All ages. Administrative data","2016","2016","PER","Persons","0","Units",,,538536,,
"JPN53","Obihiro","T_T","Population, All ages. Administrative data","2000","2000","PER","Persons","0","Units",,,259771,,
"JPN53","Obihiro","T_T","Population, All ages. Administrative data","2001","2001","PER","Persons","0","Units",,,260245,,
"JPN53","Obihiro","T_T","Population, All ages. Administrative data","2002","2002","PER","Persons","0","Units",,,260718,,
"JPN53","Obihiro","T_T","Population, All ages. Administrative data","2003","2003","PER","Persons","0","Units",,,261190,,
"JPN53","Obihiro","T_T","Population, All ages. Administrative data","2004","2004","PER","Persons","0","Units",,,261663,,
"JPN53","Obihiro","T_T","Population, All ages. Administrative data","2005","2005","PER","Persons","0","Units",,,262137,,
"JPN53","Obihiro","T_T","Population, All ages. Administrative data","2006","2006","PER","Persons","0","Units",,,262219,,
"JPN53","Obihiro","T_T","Population, All ages. Administrative data","2007","2007","PER","Persons","0","Units",,,262302,,
"JPN53","Obihiro","T_T","Population, All ages. Administrative data","2008","2008","PER","Persons","0","Units",,,262384,,
"JPN53","Obihiro","T_T","Population, All ages. Administrative data","2009","2009","PER","Persons","0","Units",,,262467,,
"JPN53","Obihiro","T_T","Population, All ages. Administrative data","2010","2010","PER","Persons","0","Units",,,262549,,
"JPN53","Obihiro","T_T","Population, All ages. Administrative data","2011","2011","PER","Persons","0","Units",,,262642,,
"JPN53","Obihiro","T_T","Population, All ages. Administrative data","2012","2012","PER","Persons","0","Units",,,262736,,
"JPN53","Obihiro","T_T","Population, All ages. Administrative data","2013","2013","PER","Persons","0","Units",,,262830,,
"JPN53","Obihiro","T_T","Population, All ages. Administrative data","2014","2014","PER","Persons","0","Units",,,262924,,
"JPN53","Obihiro","T_T","Population, All ages. Administrative data","2015","2015","PER","Persons","0","Units",,,263017,,
"USA85","Lancaster (PA)","T_T_SH_NAT","Share of population  in metropolitan area over the national value","2001","2001","RATIO","Ratio","0","Units",,,0.2,,
"USA85","Lancaster (PA)","T_T_SH_NAT","Share of population  in metropolitan area over the national value","2002","2002","RATIO","Ratio","0","Units",,,0.2,,
"USA85","Lancaster (PA)","T_T_SH_NAT","Share of population  in metropolitan area over the national value","2003","2003","RATIO","Ratio","0","Units",,,0.2,,
"USA85","Lancaster (PA)","T_T_SH_NAT","Share of population  in metropolitan area over the national value","2004","2004","RATIO","Ratio","0","Units",,,0.2,,
"USA85","Lancaster (PA)","T_T_SH_NAT","Share of population  in metropolitan area over the national value","2005","2005","RATIO","Ratio","0","Units",,,0.2,,
"USA85","Lancaster (PA)","T_T_SH_NAT","Share of population  in metropolitan area over the national value","2006","2006","RATIO","Ratio","0","Units",,,0.2,,
"USA85","Lancaster (PA)","T_T_SH_NAT","Share of population  in metropolitan area over the national value","2007","2007","RATIO","Ratio","0","Units",,,0.2,,
"USA85","Lancaster (PA)","T_T_SH_NAT","Share of population  in metropolitan area over the national value","2008","2008","RATIO","Ratio","0","Units",,,0.2,,
"USA85","Lancaster (PA)","T_T_SH_NAT","Share of population  in metropolitan area over the national value","2009","2009","RATIO","Ratio","0","Units",,,0.2,,
"USA85","Lancaster (PA)","T_T_SH_NAT","Share of population  in metropolitan area over the national value","2010","2010","RATIO","Ratio","0","Units",,,0.2,,
"USA85","Lancaster (PA)","T_T_SH_NAT","Share of population  in metropolitan area over the national value","2011","2011","RATIO","Ratio","0","Units",,,0.2,,
"USA85","Lancaster (PA)","T_T_SH_NAT","Share of population  in metropolitan area over the national value","2012","2012","RATIO","Ratio","0","Units",,,0.2,,
"USA85","Lancaster (PA)","T_T_SH_NAT","Share of population  in metropolitan area over the national value","2013","2013","RATIO","Ratio","0","Units",,,0.2,,
"USA85","Lancaster (PA)","T_T_SH_NAT","Share of population  in metropolitan area over the national value","2014","2014","RATIO","Ratio","0","Units",,,0.2,,
"USA85","Lancaster (PA)","T_T_SH_NAT","Share of population  in metropolitan area over the national value","2015","2015","RATIO","Ratio","0","Units",,,0.2,,
"USA85","Lancaster (PA)","T_T_SH_NAT","Share of population  in metropolitan area over the national value","2016","2016","RATIO","Ratio","0","Units",,,0.2,,
"UK014","Leicester","T_T","Population, All ages. Administrative data","2001","2001","PER","Persons","0","Units",,,759483,,
"UK014","Leicester","T_T","Population, All ages. Administrative data","2002","2002","PER","Persons","0","Units",,,764438,,
"UK014","Leicester","T_T","Population, All ages. Administrative data","2003","2003","PER","Persons","0","Units",,,770393,,
"UK014","Leicester","T_T","Population, All ages. Administrative data","2004","2004","PER","Persons","0","Units",,,778798,,
"UK014","Leicester","T_T","Population, All ages. Administrative data","2005","2005","PER","Persons","0","Units",,,788167,,
"UK014","Leicester","T_T","Population, All ages. Administrative data","2006","2006","PER","Persons","0","Units",,,796974,,
"UK014","Leicester","T_T","Population, All ages. Administrative data","2007","2007","PER","Persons","0","Units",,,805229,,
"UK014","Leicester","T_T","Population, All ages. Administrative data","2008","2008","PER","Persons","0","Units",,,813139,,
"UK014","Leicester","T_T","Population, All ages. Administrative data","2009","2009","PER","Persons","0","Units",,,819754,,
"UK014","Leicester","T_T","Population, All ages. Administrative data","2010","2010","PER","Persons","0","Units",,,827962,,
"UK014","Leicester","T_T","Population, All ages. Administrative data","2011","2011","PER","Persons","0","Units",,,836641,,
"UK014","Leicester","T_T","Population, All ages. Administrative data","2012","2012","PER","Persons","0","Units",,,843479,,
"UK014","Leicester","T_T","Population, All ages. Administrative data","2013","2013","PER","Persons","0","Units",,,849964,,
"UK014","Leicester","T_T","Population, All ages. Administrative data","2014","2014","PER","Persons","0","Units",,,858430,,
"UK014","Leicester","T_T","Population, All ages. Administrative data","2015","2015","PER","Persons","0","Units",,,869392,,
"UK014","Leicester","T_T","Population, All ages. Administrative data","2016","2016","PER","Persons","0","Units",,,880576,,
"USA120","Cumberland (NC)","T_T_SH_NAT","Share of population  in metropolitan area over the national value","2001","2001","RATIO","Ratio","0","Units",,,0.1,,
"USA120","Cumberland (NC)","T_T_SH_NAT","Share of population  in metropolitan area over the national value","2002","2002","RATIO","Ratio","0","Units",,,0.1,,
"USA120","Cumberland (NC)","T_T_SH_NAT","Share of population  in metropolitan area over the national value","2003","2003","RATIO","Ratio","0","Units",,,0.1,,
"USA120","Cumberland (NC)","T_T_SH_NAT","Share of population  in metropolitan area over the national value","2004","2004","RATIO","Ratio","0","Units",,,0.1,,
"USA120","Cumberland (NC)","T_T_SH_NAT","Share of population  in metropolitan area over the national value","2005","2005","RATIO","Ratio","0","Units",,,0.1,,
"USA120","Cumberland (NC)","T_T_SH_NAT","Share of population  in metropolitan area over the national value","2006","2006","RATIO","Ratio","0","Units",,,0.1,,
"USA120","Cumberland (NC)","T_T_SH_NAT","Share of population  in metropolitan area over the national value","2007","2007","RATIO","Ratio","0","Units",,,0.1,,
"USA120","Cumberland (NC)","T_T_SH_NAT","Share of population  in metropolitan area over the national value","2008","2008","RATIO","Ratio","0","Units",,,0.1,,
"USA120","Cumberland (NC)","T_T_SH_NAT","Share of population  in metropolitan area over the national value","2009","2009","RATIO","Ratio","0","Units",,,0.1,,
"USA120","Cumberland (NC)","T_T_SH_NAT","Share of population  in metropolitan area over the national value","2010","2010","RATIO","Ratio","0","Units",,,0.1,,
"USA120","Cumberland (NC)","T_T_SH_NAT","Share of population  in metropolitan area over the national value","2011","2011","RATIO","Ratio","0","Units",,,0.1,,
"USA120","Cumberland (NC)","T_T_SH_NAT","Share of population  in metropolitan area over the national value","2012","2012","RATIO","Ratio","0","Units",,,0.1,,
"USA120","Cumberland (NC)","T_T_SH_NAT","Share of population  in metropolitan area over the national value","2013","2013","RATIO","Ratio","0","Units",,,0.1,,
"USA120","Cumberland (NC)","T_T_SH_NAT","Share of population  in metropolitan area over the national value","2014","2014","RATIO","Ratio","0","Units",,,0.1,,
"USA120","Cumberland (NC)","T_T_SH_NAT","Share of population  in metropolitan area over the national value","2015","2015","RATIO","Ratio","0","Units",,,0.1,,
"USA120","Cumberland (NC)","T_T_SH_NAT","Share of population  in metropolitan area over the national value","2016","2016","RATIO","Ratio","0","Units",,,0.1,,
"NL511","Zwolle","POP_DEN","Population density (pop. per km2)","2000","2000","PER","Persons","0","Units",,,263,,
"NL511","Zwolle","POP_DEN","Population density (pop. per km2)","2001","2001","PER","Persons","0","Units",,,265,,
"NL511","Zwolle","POP_DEN","Population density (pop. per km2)","2002","2002","PER","Persons","0","Units",,,267,,
"NL511","Zwolle","POP_DEN","Population density (pop. per km2)","2003","2003","PER","Persons","0","Units",,,268,,
"NL511","Zwolle","POP_DEN","Population density (pop. per km2)","2004","2004","PER","Persons","0","Units",,,270,,
"NL511","Zwolle","POP_DEN","Population density (pop. per km2)","2005","2005","PER","Persons","0","Units",,,271,,
"NL511","Zwolle","POP_DEN","Population density (pop. per km2)","2006","2006","PER","Persons","0","Units",,,272,,
"NL511","Zwolle","POP_DEN","Population density (pop. per km2)","2007","2007","PER","Persons","0","Units",,,274,,
"NL511","Zwolle","POP_DEN","Population density (pop. per km2)","2008","2008","PER","Persons","0","Units",,,275,,
"NL511","Zwolle","POP_DEN","Population density (pop. per km2)","2009","2009","PER","Persons","0","Units",,,277,,
"NL511","Zwolle","POP_DEN","Population density (pop. per km2)","2010","2010","PER","Persons","0","Units",,,278,,
"NL511","Zwolle","POP_DEN","Population density (pop. per km2)","2011","2011","PER","Persons","0","Units",,,280,,
"NL511","Zwolle","POP_DEN","Population density (pop. per km2)","2012","2012","PER","Persons","0","Units",,,281,,
"NL511","Zwolle","POP_DEN","Population density (pop. per km2)","2013","2013","PER","Persons","0","Units",,,282,,
"NL511","Zwolle","POP_DEN","Population density (pop. per km2)","2014","2014","PER","Persons","0","Units",,,283,,
"NL511","Zwolle","POP_DEN","Population density (pop. per km2)","2015","2015","PER","Persons","0","Units",,,284,,
"NL511","Zwolle","POP_DEN","Population density (pop. per km2)","2016","2016","PER","Persons","0","Units",,,286,,
"USA149","Lackawanna","T_T_SH_NAT","Share of population  in metropolitan area over the national value","2001","2001","RATIO","Ratio","0","Units",,,0.1,,
"USA149","Lackawanna","T_T_SH_NAT","Share of population  in metropolitan area over the national value","2002","2002","RATIO","Ratio","0","Units",,,0.1,,
"USA149","Lackawanna","T_T_SH_NAT","Share of population  in metropolitan area over the national value","2003","2003","RATIO","Ratio","0","Units",,,0.1,,
"USA149","Lackawanna","T_T_SH_NAT","Share of population  in metropolitan area over the national value","2004","2004","RATIO","Ratio","0","Units",,,0.1,,
"USA149","Lackawanna","T_T_SH_NAT","Share of population  in metropolitan area over the national value","2005","2005","RATIO","Ratio","0","Units",,,0.1,,
"USA149","Lackawanna","T_T_SH_NAT","Share of population  in metropolitan area over the national value","2006","2006","RATIO","Ratio","0","Units",,,0.1,,
"USA149","Lackawanna","T_T_SH_NAT","Share of population  in metropolitan area over the national value","2007","2007","RATIO","Ratio","0","Units",,,0.1,,
"USA149","Lackawanna","T_T_SH_NAT","Share of population  in metropolitan area over the national value","2008","2008","RATIO","Ratio","0","Units",,,0.1,,
"USA149","Lackawanna","T_T_SH_NAT","Share of population  in metropolitan area over the national value","2009","2009","RATIO","Ratio","0","Units",,,0.1,,
"USA149","Lackawanna","T_T_SH_NAT","Share of population  in metropolitan area over the national value","2010","2010","RATIO","Ratio","0","Units",,,0.1,,
"USA149","Lackawanna","T_T_SH_NAT","Share of population  in metropolitan area over the national value","2011","2011","RATIO","Ratio","0","Units",,,0.1,,
"USA149","Lackawanna","T_T_SH_NAT","Share of population  in metropolitan area over the national value","2012","2012","RATIO","Ratio","0","Units",,,0.1,,
"USA149","Lackawanna","T_T_SH_NAT","Share of population  in metropolitan area over the national value","2013","2013","RATIO","Ratio","0","Units",,,0.1,,
"USA149","Lackawanna","T_T_SH_NAT","Share of population  in metropolitan area over the national value","2014","2014","RATIO","Ratio","0","Units",,,0.1,,
"USA149","Lackawanna","T_T_SH_NAT","Share of population  in metropolitan area over the national value","2015","2015","RATIO","Ratio","0","Units",,,0.1,,
"USA149","Lackawanna","T_T_SH_NAT","Share of population  in metropolitan area over the national value","2016","2016","RATIO","Ratio","0","Units",,,0.1,,
"JPN04","Fukuoka","T_T_SH_NAT","Share of population  in metropolitan area over the national value","2001","2001","RATIO","Ratio","0","Units",,,1.9,,
"JPN04","Fukuoka","T_T_SH_NAT","Share of population  in metropolitan area over the national value","2002","2002","RATIO","Ratio","0","Units",,,2,,
"JPN04","Fukuoka","T_T_SH_NAT","Share of population  in metropolitan area over the national value","2003","2003","RATIO","Ratio","0","Units",,,2,,
"JPN04","Fukuoka","T_T_SH_NAT","Share of population  in metropolitan area over the national value","2004","2004","RATIO","Ratio","0","Units",,,2,,
"JPN04","Fukuoka","T_T_SH_NAT","Share of population  in metropolitan area over the national value","2005","2005","RATIO","Ratio","0","Units",,,2,,
"JPN04","Fukuoka","T_T_SH_NAT","Share of population  in metropolitan area over the national value","2006","2006","RATIO","Ratio","0","Units",,,2,,
"JPN04","Fukuoka","T_T_SH_NAT","Share of population  in metropolitan area over the national value","2007","2007","RATIO","Ratio","0","Units",,,2,,
"JPN04","Fukuoka","T_T_SH_NAT","Share of population  in metropolitan area over the national value","2008","2008","RATIO","Ratio","0","Units",,,2,,
"JPN04","Fukuoka","T_T_SH_NAT","Share of population  in metropolitan area over the national value","2009","2009","RATIO","Ratio","0","Units",,,2,,
"JPN04","Fukuoka","T_T_SH_NAT","Share of population  in metropolitan area over the national value","2010","2010","RATIO","Ratio","0","Units",,,2,,
"JPN04","Fukuoka","T_T_SH_NAT","Share of population  in metropolitan area over the national value","2011","2011","RATIO","Ratio","0","Units",,,2.1,,
"JPN04","Fukuoka","T_T_SH_NAT","Share of population  in metropolitan area over the national value","2012","2012","RATIO","Ratio","0","Units",,,2.1,,
"JPN04","Fukuoka","T_T_SH_NAT","Share of population  in metropolitan area over the national value","2013","2013","RATIO","Ratio","0","Units",,,2.1,,
"JPN04","Fukuoka","T_T_SH_NAT","Share of population  in metropolitan area over the national value","2014","2014","RATIO","Ratio","0","Units",,,2.1,,
"JPN04","Fukuoka","T_T_SH_NAT","Share of population  in metropolitan area over the national value","2015","2015","RATIO","Ratio","0","Units",,,2.1,,
"MEX43","Guadalupe","T_T_SH_NAT","Share of population  in metropolitan area over the national value","2005","2005","RATIO","Ratio","0","Units",,,0.3,,
"MEX43","Guadalupe","T_T_SH_NAT","Share of population  in metropolitan area over the national value","2010","2010","RATIO","Ratio","0","Units",,,0.3,,
"MEX43","Guadalupe","T_T_SH_NAT","Share of population  in metropolitan area over the national value","2015","2015","RATIO","Ratio","0","Units",,,0.4,,
"USA121","Lane","POP_DEN","Population density (pop. per km2)","2000","2000","PER","Persons","0","Units",,,27,,
"USA121","Lane","POP_DEN","Population density (pop. per km2)","2001","2001","PER","Persons","0","Units",,,27,,
"USA121","Lane","POP_DEN","Population density (pop. per km2)","2002","2002","PER","Persons","0","Units",,,27,,
"USA121","Lane","POP_DEN","Population density (pop. per km2)","2003","2003","PER","Persons","0","Units",,,28,,
"USA121","Lane","POP_DEN","Population density (pop. per km2)","2004","2004","PER","Persons","0","Units",,,28,,
"USA121","Lane","POP_DEN","Population density (pop. per km2)","2005","2005","PER","Persons","0","Units",,,28,,
"USA121","Lane","POP_DEN","Population density (pop. per km2)","2006","2006","PER","Persons","0","Units",,,28,,
"USA121","Lane","POP_DEN","Population density (pop. per km2)","2007","2007","PER","Persons","0","Units",,,29,,
"USA121","Lane","POP_DEN","Population density (pop. per km2)","2008","2008","PER","Persons","0","Units",,,29,,
"USA121","Lane","POP_DEN","Population density (pop. per km2)","2009","2009","PER","Persons","0","Units",,,29,,
"USA121","Lane","POP_DEN","Population density (pop. per km2)","2010","2010","PER","Persons","0","Units",,,29,,
"USA121","Lane","POP_DEN","Population density (pop. per km2)","2011","2011","PER","Persons","0","Units",,,30,,
"USA121","Lane","POP_DEN","Population density (pop. per km2)","2012","2012","PER","Persons","0","Units",,,30,,
"USA121","Lane","POP_DEN","Population density (pop. per km2)","2013","2013","PER","Persons","0","Units",,,30,,
"USA121","Lane","POP_DEN","Population density (pop. per km2)","2014","2014","PER","Persons","0","Units",,,30,,
"USA121","Lane","POP_DEN","Population density (pop. per km2)","2015","2015","PER","Persons","0","Units",,,30,,
"USA121","Lane","POP_DEN","Population density (pop. per km2)","2016","2016","PER","Persons","0","Units",,,31,,
"JPN34","Koriyama","T_T","Population, All ages. Administrative data","2000","2000","PER","Persons","0","Units",,,531716,,
"JPN34","Koriyama","T_T","Population, All ages. Administrative data","2001","2001","PER","Persons","0","Units",,,532182,,
"JPN34","Koriyama","T_T","Population, All ages. Administrative data","2002","2002","PER","Persons","0","Units",,,532648,,
"JPN34","Koriyama","T_T","Population, All ages. Administrative data","2003","2003","PER","Persons","0","Units",,,533114,,
"JPN34","Koriyama","T_T","Population, All ages. Administrative data","2004","2004","PER","Persons","0","Units",,,533580,,
"JPN34","Koriyama","T_T","Population, All ages. Administrative data","2005","2005","PER","Persons","0","Units",,,534046,,
"JPN34","Koriyama","T_T","Population, All ages. Administrative data","2006","2006","PER","Persons","0","Units",,,532195,,
"JPN34","Koriyama","T_T","Population, All ages. Administrative data","2007","2007","PER","Persons","0","Units",,,530344,,
"JPN34","Koriyama","T_T","Population, All ages. Administrative data","2008","2008","PER","Persons","0","Units",,,528493,,
"JPN34","Koriyama","T_T","Population, All ages. Administrative data","2009","2009","PER","Persons","0","Units",,,526642,,
"JPN34","Koriyama","T_T","Population, All ages. Administrative data","2010","2010","PER","Persons","0","Units",,,524791,,
"JPN34","Koriyama","T_T","Population, All ages. Administrative data","2011","2011","PER","Persons","0","Units",,,522622,,
"JPN34","Koriyama","T_T","Population, All ages. Administrative data","2012","2012","PER","Persons","0","Units",,,520453,,
"JPN34","Koriyama","T_T","Population, All ages. Administrative data","2013","2013","PER","Persons","0","Units",,,518284,,
"JPN34","Koriyama","T_T","Population, All ages. Administrative data","2014","2014","PER","Persons","0","Units",,,516115,,
"JPN34","Koriyama","T_T","Population, All ages. Administrative data","2015","2015","PER","Persons","0","Units",,,513946,,
"JPN05","Sapporo","POP_DEN","Population density (pop. per km2)","2000","2000","PER","Persons","0","Units",,,779,,
"JPN05","Sapporo","POP_DEN","Population density (pop. per km2)","2001","2001","PER","Persons","0","Units",,,786,,
"JPN05","Sapporo","POP_DEN","Population density (pop. per km2)","2002","2002","PER","Persons","0","Units",,,792,,
"JPN05","Sapporo","POP_DEN","Population density (pop. per km2)","2003","2003","PER","Persons","0","Units",,,798,,
"JPN05","Sapporo","POP_DEN","Population density (pop. per km2)","2004","2004","PER","Persons","0","Units",,,805,,
"JPN05","Sapporo","POP_DEN","Population density (pop. per km2)","2005","2005","PER","Persons","0","Units",,,811,,
"JPN05","Sapporo","POP_DEN","Population density (pop. per km2)","2006","2006","PER","Persons","0","Units",,,813,,
"JPN05","Sapporo","POP_DEN","Population density (pop. per km2)","2007","2007","PER","Persons","0","Units",,,815,,
"JPN05","Sapporo","POP_DEN","Population density (pop. per km2)","2008","2008","PER","Persons","0","Units",,,817,,
"JPN05","Sapporo","POP_DEN","Population density (pop. per km2)","2009","2009","PER","Persons","0","Units",,,819,,
"JPN05","Sapporo","POP_DEN","Population density (pop. per km2)","2010","2010","PER","Persons","0","Units",,,821,,
"JPN05","Sapporo","POP_DEN","Population density (pop. per km2)","2011","2011","PER","Persons","0","Units",,,822,,
"JPN05","Sapporo","POP_DEN","Population density (pop. per km2)","2012","2012","PER","Persons","0","Units",,,824,,
"JPN05","Sapporo","POP_DEN","Population density (pop. per km2)","2013","2013","PER","Persons","0","Units",,,826,,
"JPN05","Sapporo","POP_DEN","Population density (pop. per km2)","2014","2014","PER","Persons","0","Units",,,828,,
"JPN05","Sapporo","POP_DEN","Population density (pop. per km2)","2015","2015","PER","Persons","0","Units",,,829,,
"USA142","Cumberland (ME)","T_T","Population, All ages. Administrative data","2000","2000","PER","Persons","0","Units",,,266109,,
"USA142","Cumberland (ME)","T_T","Population, All ages. Administrative data","2001","2001","PER","Persons","0","Units",,,268391,,
"USA142","Cumberland (ME)","T_T","Population, All ages. Administrative data","2002","2002","PER","Persons","0","Units",,,270533,,
"USA142","Cumberland (ME)","T_T","Population, All ages. Administrative data","2003","2003","PER","Persons","0","Units",,,273041,,
"USA142","Cumberland (ME)","T_T","Population, All ages. Administrative data","2004","2004","PER","Persons","0","Units",,,274920,,
"USA142","Cumberland (ME)","T_T","Population, All ages. Administrative data","2005","2005","PER","Persons","0","Units",,,276275,,
"USA142","Cumberland (ME)","T_T","Population, All ages. Administrative data","2006","2006","PER","Persons","0","Units",,,277084,,
"USA142","Cumberland (ME)","T_T","Population, All ages. Administrative data","2007","2007","PER","Persons","0","Units",,,278781,,
"USA142","Cumberland (ME)","T_T","Population, All ages. Administrative data","2008","2008","PER","Persons","0","Units",,,280681,,
"USA142","Cumberland (ME)","T_T","Population, All ages. Administrative data","2009","2009","PER","Persons","0","Units",,,281969,,
"USA142","Cumberland (ME)","T_T","Population, All ages. Administrative data","2010","2010","PER","Persons","0","Units",,,281435,,
"USA142","Cumberland (ME)","T_T","Population, All ages. Administrative data","2011","2011","PER","Persons","0","Units",,,282599,,
"USA142","Cumberland (ME)","T_T","Population, All ages. Administrative data","2012","2012","PER","Persons","0","Units",,,283837,,
"USA142","Cumberland (ME)","T_T","Population, All ages. Administrative data","2013","2013","PER","Persons","0","Units",,,285624,,
"USA142","Cumberland (ME)","T_T","Population, All ages. Administrative data","2014","2014","PER","Persons","0","Units",,,287477,,
"USA142","Cumberland (ME)","T_T","Population, All ages. Administrative data","2015","2015","PER","Persons","0","Units",,,289361,,
"USA142","Cumberland (ME)","T_T","Population, All ages. Administrative data","2016","2016","PER","Persons","0","Units",,,290905,,
"IT503","Parma","T_T","Population, All ages. Administrative data","2000","2000","PER","Persons","0","Units",,,297265,,
"IT503","Parma","T_T","Population, All ages. Administrative data","2001","2001","PER","Persons","0","Units",,,299442,,
"IT503","Parma","T_T","Population, All ages. Administrative data","2002","2002","PER","Persons","0","Units",,,301621,,
"IT503","Parma","T_T","Population, All ages. Administrative data","2003","2003","PER","Persons","0","Units",,,303797,,
"IT503","Parma","T_T","Population, All ages. Administrative data","2004","2004","PER","Persons","0","Units",,,305976,,
"IT503","Parma","T_T","Population, All ages. Administrative data","2005","2005","PER","Persons","0","Units",,,308154,,
"IT503","Parma","T_T","Population, All ages. Administrative data","2006","2006","PER","Persons","0","Units",,,310332,,
"IT503","Parma","T_T","Population, All ages. Administrative data","2007","2007","PER","Persons","0","Units",,,312509,,
"IT503","Parma","T_T","Population, All ages. Administrative data","2008","2008","PER","Persons","0","Units",,,314688,,
"IT503","Parma","T_T","Population, All ages. Administrative data","2009","2009","PER","Persons","0","Units",,,316865,,
"IT503","Parma","T_T","Population, All ages. Administrative data","2010","2010","PER","Persons","0","Units",,,319044,,
"IT503","Parma","T_T","Population, All ages. Administrative data","2011","2011","PER","Persons","0","Units",,,321220,,
"IT503","Parma","T_T","Population, All ages. Administrative data","2012","2012","PER","Persons","0","Units",,,323399,,
"IT503","Parma","T_T","Population, All ages. Administrative data","2013","2013","PER","Persons","0","Units",,,326929,,
"IT503","Parma","T_T","Population, All ages. Administrative data","2014","2014","PER","Persons","0","Units",,,338546,,
"IT503","Parma","T_T","Population, All ages. Administrative data","2015","2015","PER","Persons","0","Units",,,333114,,
"IT503","Parma","T_T","Population, All ages. Administrative data","2016","2016","PER","Persons","0","Units",,,335641,,
"FR045","Pau","POP_DEN","Population density (pop. per km2)","2000","2000","PER","Persons","0","Units",,,121,,
"FR045","Pau","POP_DEN","Population density (pop. per km2)","2001","2001","PER","Persons","0","Units",,,122,,
"FR045","Pau","POP_DEN","Population density (pop. per km2)","2002","2002","PER","Persons","0","Units",,,124,,
"FR045","Pau","POP_DEN","Population density (pop. per km2)","2003","2003","PER","Persons","0","Units",,,125,,
"FR045","Pau","POP_DEN","Population density (pop. per km2)","2004","2004","PER","Persons","0","Units",,,126,,
"FR045","Pau","POP_DEN","Population density (pop. per km2)","2005","2005","PER","Persons","0","Units",,,127,,
"FR045","Pau","POP_DEN","Population density (pop. per km2)","2006","2006","PER","Persons","0","Units",,,128,,
"FR045","Pau","POP_DEN","Population density (pop. per km2)","2007","2007","PER","Persons","0","Units",,,129,,
"FR045","Pau","POP_DEN","Population density (pop. per km2)","2008","2008","PER","Persons","0","Units",,,130,,
"FR045","Pau","POP_DEN","Population density (pop. per km2)","2009","2009","PER","Persons","0","Units",,,131,,
"FR045","Pau","POP_DEN","Population density (pop. per km2)","2010","2010","PER","Persons","0","Units",,,132,,
"FR045","Pau","POP_DEN","Population density (pop. per km2)","2011","2011","PER","Persons","0","Units",,,132,,
"FR045","Pau","POP_DEN","Population density (pop. per km2)","2012","2012","PER","Persons","0","Units",,,132,,
"FR045","Pau","POP_DEN","Population density (pop. per km2)","2013","2013","PER","Persons","0","Units",,,133,,
"FR045","Pau","POP_DEN","Population density (pop. per km2)","2014","2014","PER","Persons","0","Units",,,133,,
"FR045","Pau","POP_DEN","Population density (pop. per km2)","2015","2015","PER","Persons","0","Units",,,137,,
"USA21","Cincinnati","T_T_SH_NAT","Share of population  in metropolitan area over the national value","2001","2001","RATIO","Ratio","0","Units",,,0.7,,
"USA21","Cincinnati","T_T_SH_NAT","Share of population  in metropolitan area over the national value","2002","2002","RATIO","Ratio","0","Units",,,0.7,,
"USA21","Cincinnati","T_T_SH_NAT","Share of population  in metropolitan area over the national value","2003","2003","RATIO","Ratio","0","Units",,,0.7,,
"USA21","Cincinnati","T_T_SH_NAT","Share of population  in metropolitan area over the national value","2004","2004","RATIO","Ratio","0","Units",,,0.7,,
"USA21","Cincinnati","T_T_SH_NAT","Share of population  in metropolitan area over the national value","2005","2005","RATIO","Ratio","0","Units",,,0.7,,
"USA21","Cincinnati","T_T_SH_NAT","Share of population  in metropolitan area over the national value","2006","2006","RATIO","Ratio","0","Units",,,0.7,,
"USA21","Cincinnati","T_T_SH_NAT","Share of population  in metropolitan area over the national value","2007","2007","RATIO","Ratio","0","Units",,,0.7,,
"USA21","Cincinnati","T_T_SH_NAT","Share of population  in metropolitan area over the national value","2008","2008","RATIO","Ratio","0","Units",,,0.7,,
"USA21","Cincinnati","T_T_SH_NAT","Share of population  in metropolitan area over the national value","2009","2009","RATIO","Ratio","0","Units",,,0.7,,
"USA21","Cincinnati","T_T_SH_NAT","Share of population  in metropolitan area over the national value","2010","2010","RATIO","Ratio","0","Units",,,0.7,,
"USA21","Cincinnati","T_T_SH_NAT","Share of population  in metropolitan area over the national value","2011","2011","RATIO","Ratio","0","Units",,,0.7,,
"USA21","Cincinnati","T_T_SH_NAT","Share of population  in metropolitan area over the national value","2012","2012","RATIO","Ratio","0","Units",,,0.7,,
"USA21","Cincinnati","T_T_SH_NAT","Share of population  in metropolitan area over the national value","2013","2013","RATIO","Ratio","0","Units",,,0.7,,
"USA21","Cincinnati","T_T_SH_NAT","Share of population  in metropolitan area over the national value","2014","2014","RATIO","Ratio","0","Units",,,0.7,,
"USA21","Cincinnati","T_T_SH_NAT","Share of population  in metropolitan area over the national value","2015","2015","RATIO","Ratio","0","Units",,,0.7,,
"USA21","Cincinnati","T_T_SH_NAT","Share of population  in metropolitan area over the national value","2016","2016","RATIO","Ratio","0","Units",,,0.7,,
"MEX53","Chilpancingo de los Bravo","T_T_SH_NAT","Share of population  in metropolitan area over the national value","2005","2005","RATIO","Ratio","0","Units",,,0.2,,
"MEX53","Chilpancingo de los Bravo","T_T_SH_NAT","Share of population  in metropolitan area over the national value","2010","2010","RATIO","Ratio","0","Units",,,0.3,,
"MEX53","Chilpancingo de los Bravo","T_T_SH_NAT","Share of population  in metropolitan area over the national value","2015","2015","RATIO","Ratio","0","Units",,,0.3,,
"MEX15","Centro","T_T","Population, All ages. Administrative data","2000","2000","PER","Persons","0","Units",,,694552,,
"MEX15","Centro","T_T","Population, All ages. Administrative data","2005","2005","PER","Persons","0","Units",,,736545,,
"MEX15","Centro","T_T","Population, All ages. Administrative data","2010","2010","PER","Persons","0","Units",,,857754,,
"MEX15","Centro","T_T","Population, All ages. Administrative data","2015","2015","PER","Persons","0","Units",,,1050041,,
"DE532","Ulm","T_T","Population, All ages. Administrative data","2001","2001","PER","Persons","0","Units",,,463291,,
"DE532","Ulm","T_T","Population, All ages. Administrative data","2002","2002","PER","Persons","0","Units",,,466920,,
"DE532","Ulm","T_T","Population, All ages. Administrative data","2003","2003","PER","Persons","0","Units",,,469981,,
"DE532","Ulm","T_T","Population, All ages. Administrative data","2004","2004","PER","Persons","0","Units",,,472460,,
"DE532","Ulm","T_T","Population, All ages. Administrative data","2005","2005","PER","Persons","0","Units",,,473797,,
"DE532","Ulm","T_T","Population, All ages. Administrative data","2006","2006","PER","Persons","0","Units",,,474716,,
"DE532","Ulm","T_T","Population, All ages. Administrative data","2007","2007","PER","Persons","0","Units",,,475081,,
"DE532","Ulm","T_T","Population, All ages. Administrative data","2008","2008","PER","Persons","0","Units",,,476253,,
"DE532","Ulm","T_T","Population, All ages. Administrative data","2009","2009","PER","Persons","0","Units",,,477293,,
"DE532","Ulm","T_T","Population, All ages. Administrative data","2010","2010","PER","Persons","0","Units",,,477644,,
"DE532","Ulm","T_T","Population, All ages. Administrative data","2011","2011","PER","Persons","0","Units",,,467099,,
"DE532","Ulm","T_T","Population, All ages. Administrative data","2012","2012","PER","Persons","0","Units",,,468842,,
"DE532","Ulm","T_T","Population, All ages. Administrative data","2013","2013","PER","Persons","0","Units",,,470839,,
"DE532","Ulm","T_T","Population, All ages. Administrative data","2014","2014","PER","Persons","0","Units",,,474225,,
"DE532","Ulm","T_T","Population, All ages. Administrative data","2015","2015","PER","Persons","0","Units",,,478167,,
"DE532","Ulm","T_T","Population, All ages. Administrative data","2016","2016","PER","Persons","0","Units",,,485534,,
"KOR08","Heungdeok","POP_DEN","Population density (pop. per km2)","2000","2000","PER","Persons","0","Units",,,677,,
"KOR08","Heungdeok","POP_DEN","Population density (pop. per km2)","2001","2001","PER","Persons","0","Units",,,689,,
"KOR08","Heungdeok","POP_DEN","Population density (pop. per km2)","2002","2002","PER","Persons","0","Units",,,701,,
"KOR08","Heungdeok","POP_DEN","Population density (pop. per km2)","2003","2003","PER","Persons","0","Units",,,713,,
"KOR08","Heungdeok","POP_DEN","Population density (pop. per km2)","2004","2004","PER","Persons","0","Units",,,726,,
"KOR08","Heungdeok","POP_DEN","Population density (pop. per km2)","2005","2005","PER","Persons","0","Units",,,738,,
"KOR08","Heungdeok","POP_DEN","Population density (pop. per km2)","2006","2006","PER","Persons","0","Units",,,750,,
"KOR08","Heungdeok","POP_DEN","Population density (pop. per km2)","2007","2007","PER","Persons","0","Units",,,762,,
"KOR08","Heungdeok","POP_DEN","Population density (pop. per km2)","2008","2008","PER","Persons","0","Units",,,774,,
"KOR08","Heungdeok","POP_DEN","Population density (pop. per km2)","2009","2009","PER","Persons","0","Units",,,786,,
"KOR08","Heungdeok","POP_DEN","Population density (pop. per km2)","2010","2010","PER","Persons","0","Units",,,798,,
"KOR08","Heungdeok","POP_DEN","Population density (pop. per km2)","2011","2011","PER","Persons","0","Units",,,810,,
"KOR08","Heungdeok","POP_DEN","Population density (pop. per km2)","2012","2012","PER","Persons","0","Units",,,822,,
"KOR08","Heungdeok","POP_DEN","Population density (pop. per km2)","2013","2013","PER","Persons","0","Units",,,834,,
"KOR08","Heungdeok","POP_DEN","Population density (pop. per km2)","2014","2014","PER","Persons","0","Units",,,846,,
"KOR08","Heungdeok","POP_DEN","Population density (pop. per km2)","2015","2015","PER","Persons","0","Units",,,849,,
"KOR08","Heungdeok","POP_DEN","Population density (pop. per km2)","2016","2016","PER","Persons","0","Units",,,853,,
"DE020","Wiesbaden","POP_DEN","Population density (pop. per km2)","2001","2001","PER","Persons","0","Units",,,448,,
"DE020","Wiesbaden","POP_DEN","Population density (pop. per km2)","2002","2002","PER","Persons","0","Units",,,449,,
"DE020","Wiesbaden","POP_DEN","Population density (pop. per km2)","2003","2003","PER","Persons","0","Units",,,451,,
"DE020","Wiesbaden","POP_DEN","Population density (pop. per km2)","2004","2004","PER","Persons","0","Units",,,451,,
"DE020","Wiesbaden","POP_DEN","Population density (pop. per km2)","2005","2005","PER","Persons","0","Units",,,453,,
"DE020","Wiesbaden","POP_DEN","Population density (pop. per km2)","2006","2006","PER","Persons","0","Units",,,453,,
"DE020","Wiesbaden","POP_DEN","Population density (pop. per km2)","2007","2007","PER","Persons","0","Units",,,453,,
"DE020","Wiesbaden","POP_DEN","Population density (pop. per km2)","2008","2008","PER","Persons","0","Units",,,453,,
"DE020","Wiesbaden","POP_DEN","Population density (pop. per km2)","2009","2009","PER","Persons","0","Units",,,454,,
"DE020","Wiesbaden","POP_DEN","Population density (pop. per km2)","2010","2010","PER","Persons","0","Units",,,454,,
"DE020","Wiesbaden","POP_DEN","Population density (pop. per km2)","2011","2011","PER","Persons","0","Units",,,442,,
"DE020","Wiesbaden","POP_DEN","Population density (pop. per km2)","2012","2012","PER","Persons","0","Units",,,445,,
"DE020","Wiesbaden","POP_DEN","Population density (pop. per km2)","2013","2013","PER","Persons","0","Units",,,447,,
"DE020","Wiesbaden","POP_DEN","Population density (pop. per km2)","2014","2014","PER","Persons","0","Units",,,449,,
"DE020","Wiesbaden","POP_DEN","Population density (pop. per km2)","2015","2015","PER","Persons","0","Units",,,451,,
"DE020","Wiesbaden","POP_DEN","Population density (pop. per km2)","2016","2016","PER","Persons","0","Units",,,454,,
"CL010","Valparaiso","T_T","Population, All ages. Administrative data","2000","2000","PER","Persons","0","Units",,,844128,,
"CL010","Valparaiso","T_T","Population, All ages. Administrative data","2001","2001","PER","Persons","0","Units",,,866995,,
"CL010","Valparaiso","T_T","Population, All ages. Administrative data","2002","2002","PER","Persons","0","Units",,,889862,,
"CL010","Valparaiso","T_T","Population, All ages. Administrative data","2003","2003","PER","Persons","0","Units",,,900159,,
"CL010","Valparaiso","T_T","Population, All ages. Administrative data","2004","2004","PER","Persons","0","Units",,,909867,,
"CL010","Valparaiso","T_T","Population, All ages. Administrative data","2005","2005","PER","Persons","0","Units",,,919571,,
"CL010","Valparaiso","T_T","Population, All ages. Administrative data","2006","2006","PER","Persons","0","Units",,,929152,,
"CL010","Valparaiso","T_T","Population, All ages. Administrative data","2007","2007","PER","Persons","0","Units",,,938638,,
"CL010","Valparaiso","T_T","Population, All ages. Administrative data","2008","2008","PER","Persons","0","Units",,,948451,,
"CL010","Valparaiso","T_T","Population, All ages. Administrative data","2009","2009","PER","Persons","0","Units",,,958636,,
"CL010","Valparaiso","T_T","Population, All ages. Administrative data","2010","2010","PER","Persons","0","Units",,,968906,,
"CL010","Valparaiso","T_T","Population, All ages. Administrative data","2011","2011","PER","Persons","0","Units",,,979114,,
"CL010","Valparaiso","T_T","Population, All ages. Administrative data","2012","2012","PER","Persons","0","Units",,,989377,,
"CL010","Valparaiso","T_T","Population, All ages. Administrative data","2013","2013","PER","Persons","0","Units",,,999529,,
"CL010","Valparaiso","T_T","Population, All ages. Administrative data","2014","2014","PER","Persons","0","Units",,,1009626,,
"CL010","Valparaiso","T_T","Population, All ages. Administrative data","2015","2015","PER","Persons","0","Units",,,1019613,,
"CL010","Valparaiso","T_T","Population, All ages. Administrative data","2016","2016","PER","Persons","0","Units",,,1029371,,
"DE069","Rosenheim","T_T","Population, All ages. Administrative data","2001","2001","PER","Persons","0","Units",,,295391,,
"DE069","Rosenheim","T_T","Population, All ages. Administrative data","2002","2002","PER","Persons","0","Units",,,299418,,
"DE069","Rosenheim","T_T","Population, All ages. Administrative data","2003","2003","PER","Persons","0","Units",,,302550,,
"DE069","Rosenheim","T_T","Population, All ages. Administrative data","2004","2004","PER","Persons","0","Units",,,303703,,
"DE069","Rosenheim","T_T","Population, All ages. Administrative data","2005","2005","PER","Persons","0","Units",,,305240,,
"DE069","Rosenheim","T_T","Population, All ages. Administrative data","2006","2006","PER","Persons","0","Units",,,307284,,
"DE069","Rosenheim","T_T","Population, All ages. Administrative data","2007","2007","PER","Persons","0","Units",,,307224,,
"DE069","Rosenheim","T_T","Population, All ages. Administrative data","2008","2008","PER","Persons","0","Units",,,308722,,
"DE069","Rosenheim","T_T","Population, All ages. Administrative data","2009","2009","PER","Persons","0","Units",,,308981,,
"DE069","Rosenheim","T_T","Population, All ages. Administrative data","2010","2010","PER","Persons","0","Units",,,309698,,
"DE069","Rosenheim","T_T","Population, All ages. Administrative data","2011","2011","PER","Persons","0","Units",,,303177,,
"DE069","Rosenheim","T_T","Population, All ages. Administrative data","2012","2012","PER","Persons","0","Units",,,304813,,
"DE069","Rosenheim","T_T","Population, All ages. Administrative data","2013","2013","PER","Persons","0","Units",,,307074,,
"DE069","Rosenheim","T_T","Population, All ages. Administrative data","2014","2014","PER","Persons","0","Units",,,310280,,
"DE069","Rosenheim","T_T","Population, All ages. Administrative data","2015","2015","PER","Persons","0","Units",,,312746,,
"DE069","Rosenheim","T_T","Population, All ages. Administrative data","2016","2016","PER","Persons","0","Units",,,317924,,
"MEX50","Tehuacan","T_T","Population, All ages. Administrative data","2000","2000","PER","Persons","0","Units",,,298732,,
"MEX50","Tehuacan","T_T","Population, All ages. Administrative data","2005","2005","PER","Persons","0","Units",,,287889,,
"MEX50","Tehuacan","T_T","Population, All ages. Administrative data","2010","2010","PER","Persons","0","Units",,,312573,,
"MEX50","Tehuacan","T_T","Population, All ages. Administrative data","2015","2015","PER","Persons","0","Units",,,345463,,
"HU002","Miskolc","T_T","Population, All ages. Administrative data","2000","2000","PER","Persons","0","Units",,,330619,,
"HU002","Miskolc","T_T","Population, All ages. Administrative data","2001","2001","PER","Persons","0","Units",,,332692,,
"HU002","Miskolc","T_T","Population, All ages. Administrative data","2002","2002","PER","Persons","0","Units",,,330754,,
"HU002","Miskolc","T_T","Population, All ages. Administrative data","2003","2003","PER","Persons","0","Units",,,328713,,
"HU002","Miskolc","T_T","Population, All ages. Administrative data","2004","2004","PER","Persons","0","Units",,,325913,,
"HU002","Miskolc","T_T","Population, All ages. Administrative data","2005","2005","PER","Persons","0","Units",,,323138,,
"HU002","Miskolc","T_T","Population, All ages. Administrative data","2006","2006","PER","Persons","0","Units",,,320455,,
"HU002","Miskolc","T_T","Population, All ages. Administrative data","2007","2007","PER","Persons","0","Units",,,317440,,
"HU002","Miskolc","T_T","Population, All ages. Administrative data","2008","2008","PER","Persons","0","Units",,,313326,,
"HU002","Miskolc","T_T","Population, All ages. Administrative data","2009","2009","PER","Persons","0","Units",,,309585,,
"HU002","Miskolc","T_T","Population, All ages. Administrative data","2010","2010","PER","Persons","0","Units",,,305880,,
"HU002","Miskolc","T_T","Population, All ages. Administrative data","2011","2011","PER","Persons","0","Units",,,302357,,
"HU002","Miskolc","T_T","Population, All ages. Administrative data","2012","2012","PER","Persons","0","Units",,,304182,,
"HU002","Miskolc","T_T","Population, All ages. Administrative data","2013","2013","PER","Persons","0","Units",,,301279,,
"HU002","Miskolc","T_T","Population, All ages. Administrative data","2014","2014","PER","Persons","0","Units",,,298034,,
"HU002","Miskolc","T_T","Population, All ages. Administrative data","2015","2015","PER","Persons","0","Units",,,294764,,
"HU002","Miskolc","T_T","Population, All ages. Administrative data","2016","2016","PER","Persons","0","Units",,,291653,,
"IE001","Dublin","POP_DEN","Population density (pop. per km2)","2002","2002","PER","Persons","0","Units",,,194,,
"IE001","Dublin","POP_DEN","Population density (pop. per km2)","2006","2006","PER","Persons","0","Units",,,239,,
"IE001","Dublin","POP_DEN","Population density (pop. per km2)","2011","2011","PER","Persons","0","Units",,,254,,
"IE001","Dublin","POP_DEN","Population density (pop. per km2)","2016","2016","PER","Persons","0","Units",,,274,,
"FR017","Metz","POP_DEN","Population density (pop. per km2)","2000","2000","PER","Persons","0","Units",,,203,,
"FR017","Metz","POP_DEN","Population density (pop. per km2)","2001","2001","PER","Persons","0","Units",,,204,,
"FR017","Metz","POP_DEN","Population density (pop. per km2)","2002","2002","PER","Persons","0","Units",,,205,,
"FR017","Metz","POP_DEN","Population density (pop. per km2)","2003","2003","PER","Persons","0","Units",,,205,,
"FR017","Metz","POP_DEN","Population density (pop. per km2)","2004","2004","PER","Persons","0","Units",,,206,,
"FR017","Metz","POP_DEN","Population density (pop. per km2)","2005","2005","PER","Persons","0","Units",,,206,,
"FR017","Metz","POP_DEN","Population density (pop. per km2)","2006","2006","PER","Persons","0","Units",,,207,,
"FR017","Metz","POP_DEN","Population density (pop. per km2)","2007","2007","PER","Persons","0","Units",,,208,,
"FR017","Metz","POP_DEN","Population density (pop. per km2)","2008","2008","PER","Persons","0","Units",,,208,,
"FR017","Metz","POP_DEN","Population density (pop. per km2)","2009","2009","PER","Persons","0","Units",,,209,,
"FR017","Metz","POP_DEN","Population density (pop. per km2)","2010","2010","PER","Persons","0","Units",,,209,,
"FR017","Metz","POP_DEN","Population density (pop. per km2)","2011","2011","PER","Persons","0","Units",,,209,,
"FR017","Metz","POP_DEN","Population density (pop. per km2)","2012","2012","PER","Persons","0","Units",,,209,,
"FR017","Metz","POP_DEN","Population density (pop. per km2)","2013","2013","PER","Persons","0","Units",,,209,,
"FR017","Metz","POP_DEN","Population density (pop. per km2)","2014","2014","PER","Persons","0","Units",,,208,,
"FR017","Metz","POP_DEN","Population density (pop. per km2)","2015","2015","PER","Persons","0","Units",,,210,,
"MEX45","Tapachula","T_T_SH_NAT","Share of population  in metropolitan area over the national value","2005","2005","RATIO","Ratio","0","Units",,,0.3,,
"MEX45","Tapachula","T_T_SH_NAT","Share of population  in metropolitan area over the national value","2010","2010","RATIO","Ratio","0","Units",,,0.3,,
"MEX45","Tapachula","T_T_SH_NAT","Share of population  in metropolitan area over the national value","2015","2015","RATIO","Ratio","0","Units",,,0.3,,
"JPN36","Miyazaki","T_T","Population, All ages. Administrative data","2000","2000","PER","Persons","0","Units",,,498921,,
"JPN36","Miyazaki","T_T","Population, All ages. Administrative data","2001","2001","PER","Persons","0","Units",,,499030,,
"JPN36","Miyazaki","T_T","Population, All ages. Administrative data","2002","2002","PER","Persons","0","Units",,,499138,,
"JPN36","Miyazaki","T_T","Population, All ages. Administrative data","2003","2003","PER","Persons","0","Units",,,499245,,
"JPN36","Miyazaki","T_T","Population, All ages. Administrative data","2004","2004","PER","Persons","0","Units",,,499353,,
"JPN36","Miyazaki","T_T","Population, All ages. Administrative data","2005","2005","PER","Persons","0","Units",,,499462,,
"JPN36","Miyazaki","T_T","Population, All ages. Administrative data","2006","2006","PER","Persons","0","Units",,,499176,,
"JPN36","Miyazaki","T_T","Population, All ages. Administrative data","2007","2007","PER","Persons","0","Units",,,498891,,
"JPN36","Miyazaki","T_T","Population, All ages. Administrative data","2008","2008","PER","Persons","0","Units",,,498605,,
"JPN36","Miyazaki","T_T","Population, All ages. Administrative data","2009","2009","PER","Persons","0","Units",,,498320,,
"JPN36","Miyazaki","T_T","Population, All ages. Administrative data","2010","2010","PER","Persons","0","Units",,,498034,,
"JPN36","Miyazaki","T_T","Population, All ages. Administrative data","2011","2011","PER","Persons","0","Units",,,496555,,
"JPN36","Miyazaki","T_T","Population, All ages. Administrative data","2012","2012","PER","Persons","0","Units",,,495075,,
"JPN36","Miyazaki","T_T","Population, All ages. Administrative data","2013","2013","PER","Persons","0","Units",,,493598,,
"JPN36","Miyazaki","T_T","Population, All ages. Administrative data","2014","2014","PER","Persons","0","Units",,,492118,,
"JPN36","Miyazaki","T_T","Population, All ages. Administrative data","2015","2015","PER","Persons","0","Units",,,490639,,
"USA68","Kent","T_T_SH_NAT","Share of population  in metropolitan area over the national value","2001","2001","RATIO","Ratio","0","Units",,,0.2,,
"USA68","Kent","T_T_SH_NAT","Share of population  in metropolitan area over the national value","2002","2002","RATIO","Ratio","0","Units",,,0.2,,
"USA68","Kent","T_T_SH_NAT","Share of population  in metropolitan area over the national value","2003","2003","RATIO","Ratio","0","Units",,,0.2,,
"USA68","Kent","T_T_SH_NAT","Share of population  in metropolitan area over the national value","2004","2004","RATIO","Ratio","0","Units",,,0.2,,
"USA68","Kent","T_T_SH_NAT","Share of population  in metropolitan area over the national value","2005","2005","RATIO","Ratio","0","Units",,,0.2,,
"USA68","Kent","T_T_SH_NAT","Share of population  in metropolitan area over the national value","2006","2006","RATIO","Ratio","0","Units",,,0.2,,
"USA68","Kent","T_T_SH_NAT","Share of population  in metropolitan area over the national value","2007","2007","RATIO","Ratio","0","Units",,,0.2,,
"USA68","Kent","T_T_SH_NAT","Share of population  in metropolitan area over the national value","2008","2008","RATIO","Ratio","0","Units",,,0.2,,
"USA68","Kent","T_T_SH_NAT","Share of population  in metropolitan area over the national value","2009","2009","RATIO","Ratio","0","Units",,,0.2,,
"USA68","Kent","T_T_SH_NAT","Share of population  in metropolitan area over the national value","2010","2010","RATIO","Ratio","0","Units",,,0.2,,
"USA68","Kent","T_T_SH_NAT","Share of population  in metropolitan area over the national value","2011","2011","RATIO","Ratio","0","Units",,,0.2,,
"USA68","Kent","T_T_SH_NAT","Share of population  in metropolitan area over the national value","2012","2012","RATIO","Ratio","0","Units",,,0.2,,
"USA68","Kent","T_T_SH_NAT","Share of population  in metropolitan area over the national value","2013","2013","RATIO","Ratio","0","Units",,,0.2,,
"USA68","Kent","T_T_SH_NAT","Share of population  in metropolitan area over the national value","2014","2014","RATIO","Ratio","0","Units",,,0.2,,
"USA68","Kent","T_T_SH_NAT","Share of population  in metropolitan area over the national value","2015","2015","RATIO","Ratio","0","Units",,,0.2,,
"USA68","Kent","T_T_SH_NAT","Share of population  in metropolitan area over the national value","2016","2016","RATIO","Ratio","0","Units",,,0.2,,
"MEX47","Tlaxcala","POP_DEN","Population density (pop. per km2)","2000","2000","PER","Persons","0","Units",,,847,,
"MEX47","Tlaxcala","POP_DEN","Population density (pop. per km2)","2005","2005","PER","Persons","0","Units",,,821,,
"MEX47","Tlaxcala","POP_DEN","Population density (pop. per km2)","2010","2010","PER","Persons","0","Units",,,898,,
"MEX47","Tlaxcala","POP_DEN","Population density (pop. per km2)","2015","2015","PER","Persons","0","Units",,,1025,,
"PL024","Czestochowa","T_T_SH_NAT","Share of population  in metropolitan area over the national value","2001","2001","RATIO","Ratio","0","Units",,,1.1,,
"PL024","Czestochowa","T_T_SH_NAT","Share of population  in metropolitan area over the national value","2002","2002","RATIO","Ratio","0","Units",,,1.1,,
"PL024","Czestochowa","T_T_SH_NAT","Share of population  in metropolitan area over the national value","2003","2003","RATIO","Ratio","0","Units",,,1.1,,
"PL024","Czestochowa","T_T_SH_NAT","Share of population  in metropolitan area over the national value","2004","2004","RATIO","Ratio","0","Units",,,1.1,,
"PL024","Czestochowa","T_T_SH_NAT","Share of population  in metropolitan area over the national value","2005","2005","RATIO","Ratio","0","Units",,,1.1,,
"PL024","Czestochowa","T_T_SH_NAT","Share of population  in metropolitan area over the national value","2006","2006","RATIO","Ratio","0","Units",,,1.1,,
"PL024","Czestochowa","T_T_SH_NAT","Share of population  in metropolitan area over the national value","2007","2007","RATIO","Ratio","0","Units",,,1.1,,
"PL024","Czestochowa","T_T_SH_NAT","Share of population  in metropolitan area over the national value","2008","2008","RATIO","Ratio","0","Units",,,1.1,,
"PL024","Czestochowa","T_T_SH_NAT","Share of population  in metropolitan area over the national value","2009","2009","RATIO","Ratio","0","Units",,,1.1,,
"PL024","Czestochowa","T_T_SH_NAT","Share of population  in metropolitan area over the national value","2010","2010","RATIO","Ratio","0","Units",,,1.1,,
"PL024","Czestochowa","T_T_SH_NAT","Share of population  in metropolitan area over the national value","2011","2011","RATIO","Ratio","0","Units",,,1.1,,
"PL024","Czestochowa","T_T_SH_NAT","Share of population  in metropolitan area over the national value","2012","2012","RATIO","Ratio","0","Units",,,1.1,,
"PL024","Czestochowa","T_T_SH_NAT","Share of population  in metropolitan area over the national value","2013","2013","RATIO","Ratio","0","Units",,,1.1,,
"PL024","Czestochowa","T_T_SH_NAT","Share of population  in metropolitan area over the national value","2014","2014","RATIO","Ratio","0","Units",,,1.1,,
"PL024","Czestochowa","T_T_SH_NAT","Share of population  in metropolitan area over the national value","2015","2015","RATIO","Ratio","0","Units",,,1.1,,
"PL024","Czestochowa","T_T_SH_NAT","Share of population  in metropolitan area over the national value","2016","2016","RATIO","Ratio","0","Units",,,1.1,,
"USA133","Thurston","T_T_SH_NAT","Share of population  in metropolitan area over the national value","2001","2001","RATIO","Ratio","0","Units",,,0.1,,
"USA133","Thurston","T_T_SH_NAT","Share of population  in metropolitan area over the national value","2002","2002","RATIO","Ratio","0","Units",,,0.1,,
"USA133","Thurston","T_T_SH_NAT","Share of population  in metropolitan area over the national value","2003","2003","RATIO","Ratio","0","Units",,,0.1,,
"USA133","Thurston","T_T_SH_NAT","Share of population  in metropolitan area over the national value","2004","2004","RATIO","Ratio","0","Units",,,0.1,,
"USA133","Thurston","T_T_SH_NAT","Share of population  in metropolitan area over the national value","2005","2005","RATIO","Ratio","0","Units",,,0.1,,
"USA133","Thurston","T_T_SH_NAT","Share of population  in metropolitan area over the national value","2006","2006","RATIO","Ratio","0","Units",,,0.1,,
"USA133","Thurston","T_T_SH_NAT","Share of population  in metropolitan area over the national value","2007","2007","RATIO","Ratio","0","Units",,,0.1,,
"USA133","Thurston","T_T_SH_NAT","Share of population  in metropolitan area over the national value","2008","2008","RATIO","Ratio","0","Units",,,0.1,,
"USA133","Thurston","T_T_SH_NAT","Share of population  in metropolitan area over the national value","2009","2009","RATIO","Ratio","0","Units",,,0.1,,
"USA133","Thurston","T_T_SH_NAT","Share of population  in metropolitan area over the national value","2010","2010","RATIO","Ratio","0","Units",,,0.1,,
"USA133","Thurston","T_T_SH_NAT","Share of population  in metropolitan area over the national value","2011","2011","RATIO","Ratio","0","Units",,,0.1,,
"USA133","Thurston","T_T_SH_NAT","Share of population  in metropolitan area over the national value","2012","2012","RATIO","Ratio","0","Units",,,0.1,,
"USA133","Thurston","T_T_SH_NAT","Share of population  in metropolitan area over the national value","2013","2013","RATIO","Ratio","0","Units",,,0.1,,
"USA133","Thurston","T_T_SH_NAT","Share of population  in metropolitan area over the national value","2014","2014","RATIO","Ratio","0","Units",,,0.1,,
"USA133","Thurston","T_T_SH_NAT","Share of population  in metropolitan area over the national value","2015","2015","RATIO","Ratio","0","Units",,,0.1,,
"USA133","Thurston","T_T_SH_NAT","Share of population  in metropolitan area over the national value","2016","2016","RATIO","Ratio","0","Units",,,0.1,,
"JPN08","Hiroshima","POP_DEN","Population density (pop. per km2)","2000","2000","PER","Persons","0","Units",,,742,,
"JPN08","Hiroshima","POP_DEN","Population density (pop. per km2)","2001","2001","PER","Persons","0","Units",,,743,,
"JPN08","Hiroshima","POP_DEN","Population density (pop. per km2)","2002","2002","PER","Persons","0","Units",,,744,,
"JPN08","Hiroshima","POP_DEN","Population density (pop. per km2)","2003","2003","PER","Persons","0","Units",,,745,,
"JPN08","Hiroshima","POP_DEN","Population density (pop. per km2)","2004","2004","PER","Persons","0","Units",,,746,,
"JPN08","Hiroshima","POP_DEN","Population density (pop. per km2)","2005","2005","PER","Persons","0","Units",,,747,,
"JPN08","Hiroshima","POP_DEN","Population density (pop. per km2)","2006","2006","PER","Persons","0","Units",,,748,,
"JPN08","Hiroshima","POP_DEN","Population density (pop. per km2)","2007","2007","PER","Persons","0","Units",,,748,,
"JPN08","Hiroshima","POP_DEN","Population density (pop. per km2)","2008","2008","PER","Persons","0","Units",,,749,,
"JPN08","Hiroshima","POP_DEN","Population density (pop. per km2)","2009","2009","PER","Persons","0","Units",,,749,,
"JPN08","Hiroshima","POP_DEN","Population density (pop. per km2)","2010","2010","PER","Persons","0","Units",,,750,,
"JPN08","Hiroshima","POP_DEN","Population density (pop. per km2)","2011","2011","PER","Persons","0","Units",,,752,,
"JPN08","Hiroshima","POP_DEN","Population density (pop. per km2)","2012","2012","PER","Persons","0","Units",,,754,,
"JPN08","Hiroshima","POP_DEN","Population density (pop. per km2)","2013","2013","PER","Persons","0","Units",,,756,,
"JPN08","Hiroshima","POP_DEN","Population density (pop. per km2)","2014","2014","PER","Persons","0","Units",,,758,,
"JPN08","Hiroshima","POP_DEN","Population density (pop. per km2)","2015","2015","PER","Persons","0","Units",,,760,,
"EL001","Athens","T_T","Population, All ages. Administrative data","2002","2002","PER","Persons","0","Units",,,3691338,,
"EL001","Athens","T_T","Population, All ages. Administrative data","2003","2003","PER","Persons","0","Units",,,3711762,,
"EL001","Athens","T_T","Population, All ages. Administrative data","2004","2004","PER","Persons","0","Units",,,3728188,,
"EL001","Athens","T_T","Population, All ages. Administrative data","2005","2005","PER","Persons","0","Units",,,3743804,,
"EL001","Athens","T_T","Population, All ages. Administrative data","2006","2006","PER","Persons","0","Units",,,3760432,,
"EL001","Athens","T_T","Population, All ages. Administrative data","2007","2007","PER","Persons","0","Units",,,3769962,,
"EL001","Athens","T_T","Population, All ages. Administrative data","2008","2008","PER","Persons","0","Units",,,3776585,,
"EL001","Athens","T_T","Population, All ages. Administrative data","2009","2009","PER","Persons","0","Units",,,3783761,,
"EL001","Athens","T_T","Population, All ages. Administrative data","2010","2010","PER","Persons","0","Units",,,3785928,,
"EL001","Athens","T_T","Population, All ages. Administrative data","2011","2011","PER","Persons","0","Units",,,3775511,,
"EL001","Athens","T_T","Population, All ages. Administrative data","2012","2012","PER","Persons","0","Units",,,3745448,,
"EL001","Athens","T_T","Population, All ages. Administrative data","2013","2013","PER","Persons","0","Units",,,3694286,,
"EL001","Athens","T_T","Population, All ages. Administrative data","2014","2014","PER","Persons","0","Units",,,3644940,,
"EL001","Athens","T_T","Population, All ages. Administrative data","2015","2015","PER","Persons","0","Units",,,3603971,,
"EL001","Athens","T_T","Population, All ages. Administrative data","2016","2016","PER","Persons","0","Units",,,3562538,,
"USA106","Jefferson (TX)","POP_DEN","Population density (pop. per km2)","2000","2000","PER","Persons","0","Units",,,39,,
"USA106","Jefferson (TX)","POP_DEN","Population density (pop. per km2)","2001","2001","PER","Persons","0","Units",,,39,,
"USA106","Jefferson (TX)","POP_DEN","Population density (pop. per km2)","2002","2002","PER","Persons","0","Units",,,39,,
"USA106","Jefferson (TX)","POP_DEN","Population density (pop. per km2)","2003","2003","PER","Persons","0","Units",,,39,,
"USA106","Jefferson (TX)","POP_DEN","Population density (pop. per km2)","2004","2004","PER","Persons","0","Units",,,39,,
"USA106","Jefferson (TX)","POP_DEN","Population density (pop. per km2)","2005","2005","PER","Persons","0","Units",,,39,,
"USA106","Jefferson (TX)","POP_DEN","Population density (pop. per km2)","2006","2006","PER","Persons","0","Units",,,38,,
"USA106","Jefferson (TX)","POP_DEN","Population density (pop. per km2)","2007","2007","PER","Persons","0","Units",,,39,,
"USA106","Jefferson (TX)","POP_DEN","Population density (pop. per km2)","2008","2008","PER","Persons","0","Units",,,39,,
"USA106","Jefferson (TX)","POP_DEN","Population density (pop. per km2)","2009","2009","PER","Persons","0","Units",,,39,,
"USA106","Jefferson (TX)","POP_DEN","Population density (pop. per km2)","2010","2010","PER","Persons","0","Units",,,40,,
"USA106","Jefferson (TX)","POP_DEN","Population density (pop. per km2)","2011","2011","PER","Persons","0","Units",,,40,,
"USA106","Jefferson (TX)","POP_DEN","Population density (pop. per km2)","2012","2012","PER","Persons","0","Units",,,40,,
"USA106","Jefferson (TX)","POP_DEN","Population density (pop. per km2)","2013","2013","PER","Persons","0","Units",,,40,,
"USA106","Jefferson (TX)","POP_DEN","Population density (pop. per km2)","2014","2014","PER","Persons","0","Units",,,40,,
"USA106","Jefferson (TX)","POP_DEN","Population density (pop. per km2)","2015","2015","PER","Persons","0","Units",,,40,,
"USA106","Jefferson (TX)","POP_DEN","Population density (pop. per km2)","2016","2016","PER","Persons","0","Units",,,40,,
"IT012","Verona","T_T_SH_NAT","Share of population  in metropolitan area over the national value","2001","2001","RATIO","Ratio","0","Units",,,0.8,,
"IT012","Verona","T_T_SH_NAT","Share of population  in metropolitan area over the national value","2002","2002","RATIO","Ratio","0","Units",,,0.8,,
"IT012","Verona","T_T_SH_NAT","Share of population  in metropolitan area over the national value","2003","2003","RATIO","Ratio","0","Units",,,0.8,,
"IT012","Verona","T_T_SH_NAT","Share of population  in metropolitan area over the national value","2004","2004","RATIO","Ratio","0","Units",,,0.8,,
"IT012","Verona","T_T_SH_NAT","Share of population  in metropolitan area over the national value","2005","2005","RATIO","Ratio","0","Units",,,0.8,,
"IT012","Verona","T_T_SH_NAT","Share of population  in metropolitan area over the national value","2006","2006","RATIO","Ratio","0","Units",,,0.8,,
"IT012","Verona","T_T_SH_NAT","Share of population  in metropolitan area over the national value","2007","2007","RATIO","Ratio","0","Units",,,0.8,,
"IT012","Verona","T_T_SH_NAT","Share of population  in metropolitan area over the national value","2008","2008","RATIO","Ratio","0","Units",,,0.8,,
"IT012","Verona","T_T_SH_NAT","Share of population  in metropolitan area over the national value","2009","2009","RATIO","Ratio","0","Units",,,0.8,,
"IT012","Verona","T_T_SH_NAT","Share of population  in metropolitan area over the national value","2010","2010","RATIO","Ratio","0","Units",,,0.8,,
"IT012","Verona","T_T_SH_NAT","Share of population  in metropolitan area over the national value","2011","2011","RATIO","Ratio","0","Units",,,0.8,,
"IT012","Verona","T_T_SH_NAT","Share of population  in metropolitan area over the national value","2012","2012","RATIO","Ratio","0","Units",,,0.8,,
"IT012","Verona","T_T_SH_NAT","Share of population  in metropolitan area over the national value","2013","2013","RATIO","Ratio","0","Units",,,0.9,,
"IT012","Verona","T_T_SH_NAT","Share of population  in metropolitan area over the national value","2014","2014","RATIO","Ratio","0","Units",,,0.9,,
"IT012","Verona","T_T_SH_NAT","Share of population  in metropolitan area over the national value","2015","2015","RATIO","Ratio","0","Units",,,0.9,,
"IT012","Verona","T_T_SH_NAT","Share of population  in metropolitan area over the national value","2016","2016","RATIO","Ratio","0","Units",,,0.9,,
"USA105","Genesee","T_T_SH_NAT","Share of population  in metropolitan area over the national value","2001","2001","RATIO","Ratio","0","Units",,,0.1,,
"USA105","Genesee","T_T_SH_NAT","Share of population  in metropolitan area over the national value","2002","2002","RATIO","Ratio","0","Units",,,0.1,,
"USA105","Genesee","T_T_SH_NAT","Share of population  in metropolitan area over the national value","2003","2003","RATIO","Ratio","0","Units",,,0.1,,
"USA105","Genesee","T_T_SH_NAT","Share of population  in metropolitan area over the national value","2004","2004","RATIO","Ratio","0","Units",,,0.1,,
"USA105","Genesee","T_T_SH_NAT","Share of population  in metropolitan area over the national value","2005","2005","RATIO","Ratio","0","Units",,,0.1,,
"USA105","Genesee","T_T_SH_NAT","Share of population  in metropolitan area over the national value","2006","2006","RATIO","Ratio","0","Units",,,0.1,,
"USA105","Genesee","T_T_SH_NAT","Share of population  in metropolitan area over the national value","2007","2007","RATIO","Ratio","0","Units",,,0.1,,
"USA105","Genesee","T_T_SH_NAT","Share of population  in metropolitan area over the national value","2008","2008","RATIO","Ratio","0","Units",,,0.1,,
"USA105","Genesee","T_T_SH_NAT","Share of population  in metropolitan area over the national value","2009","2009","RATIO","Ratio","0","Units",,,0.1,,
"USA105","Genesee","T_T_SH_NAT","Share of population  in metropolitan area over the national value","2010","2010","RATIO","Ratio","0","Units",,,0.1,,
"USA105","Genesee","T_T_SH_NAT","Share of population  in metropolitan area over the national value","2011","2011","RATIO","Ratio","0","Units",,,0.1,,
"USA105","Genesee","T_T_SH_NAT","Share of population  in metropolitan area over the national value","2012","2012","RATIO","Ratio","0","Units",,,0.1,,
"USA105","Genesee","T_T_SH_NAT","Share of population  in metropolitan area over the national value","2013","2013","RATIO","Ratio","0","Units",,,0.1,,
"USA105","Genesee","T_T_SH_NAT","Share of population  in metropolitan area over the national value","2014","2014","RATIO","Ratio","0","Units",,,0.1,,
"USA105","Genesee","T_T_SH_NAT","Share of population  in metropolitan area over the national value","2015","2015","RATIO","Ratio","0","Units",,,0.1,,
"USA105","Genesee","T_T_SH_NAT","Share of population  in metropolitan area over the national value","2016","2016","RATIO","Ratio","0","Units",,,0.1,,
"DE510","Lubeck","POP_DEN","Population density (pop. per km2)","2001","2001","PER","Persons","0","Units",,,259,,
"DE510","Lubeck","POP_DEN","Population density (pop. per km2)","2002","2002","PER","Persons","0","Units",,,260,,
"DE510","Lubeck","POP_DEN","Population density (pop. per km2)","2003","2003","PER","Persons","0","Units",,,261,,
"DE510","Lubeck","POP_DEN","Population density (pop. per km2)","2004","2004","PER","Persons","0","Units",,,261,,
"DE510","Lubeck","POP_DEN","Population density (pop. per km2)","2005","2005","PER","Persons","0","Units",,,261,,
"DE510","Lubeck","POP_DEN","Population density (pop. per km2)","2006","2006","PER","Persons","0","Units",,,261,,
"DE510","Lubeck","POP_DEN","Population density (pop. per km2)","2007","2007","PER","Persons","0","Units",,,260,,
"DE510","Lubeck","POP_DEN","Population density (pop. per km2)","2008","2008","PER","Persons","0","Units",,,260,,
"DE510","Lubeck","POP_DEN","Population density (pop. per km2)","2009","2009","PER","Persons","0","Units",,,260,,
"DE510","Lubeck","POP_DEN","Population density (pop. per km2)","2010","2010","PER","Persons","0","Units",,,259,,
"DE510","Lubeck","POP_DEN","Population density (pop. per km2)","2011","2011","PER","Persons","0","Units",,,255,,
"DE510","Lubeck","POP_DEN","Population density (pop. per km2)","2012","2012","PER","Persons","0","Units",,,255,,
"DE510","Lubeck","POP_DEN","Population density (pop. per km2)","2013","2013","PER","Persons","0","Units",,,256,,
"DE510","Lubeck","POP_DEN","Population density (pop. per km2)","2014","2014","PER","Persons","0","Units",,,256,,
"DE510","Lubeck","POP_DEN","Population density (pop. per km2)","2015","2015","PER","Persons","0","Units",,,258,,
"DE510","Lubeck","POP_DEN","Population density (pop. per km2)","2016","2016","PER","Persons","0","Units",,,260,,
"USA35","Tampa-Pinellas","T_T_SH_NAT","Share of population  in metropolitan area over the national value","2001","2001","RATIO","Ratio","0","Units",,,0.5,,
"USA35","Tampa-Pinellas","T_T_SH_NAT","Share of population  in metropolitan area over the national value","2002","2002","RATIO","Ratio","0","Units",,,0.5,,
"USA35","Tampa-Pinellas","T_T_SH_NAT","Share of population  in metropolitan area over the national value","2003","2003","RATIO","Ratio","0","Units",,,0.5,,
"USA35","Tampa-Pinellas","T_T_SH_NAT","Share of population  in metropolitan area over the national value","2004","2004","RATIO","Ratio","0","Units",,,0.5,,
"USA35","Tampa-Pinellas","T_T_SH_NAT","Share of population  in metropolitan area over the national value","2005","2005","RATIO","Ratio","0","Units",,,0.5,,
"USA35","Tampa-Pinellas","T_T_SH_NAT","Share of population  in metropolitan area over the national value","2006","2006","RATIO","Ratio","0","Units",,,0.5,,
"USA35","Tampa-Pinellas","T_T_SH_NAT","Share of population  in metropolitan area over the national value","2007","2007","RATIO","Ratio","0","Units",,,0.5,,
"USA35","Tampa-Pinellas","T_T_SH_NAT","Share of population  in metropolitan area over the national value","2008","2008","RATIO","Ratio","0","Units",,,0.5,,
"USA35","Tampa-Pinellas","T_T_SH_NAT","Share of population  in metropolitan area over the national value","2009","2009","RATIO","Ratio","0","Units",,,0.5,,
"USA35","Tampa-Pinellas","T_T_SH_NAT","Share of population  in metropolitan area over the national value","2010","2010","RATIO","Ratio","0","Units",,,0.5,,
"USA35","Tampa-Pinellas","T_T_SH_NAT","Share of population  in metropolitan area over the national value","2011","2011","RATIO","Ratio","0","Units",,,0.4,,
"USA35","Tampa-Pinellas","T_T_SH_NAT","Share of population  in metropolitan area over the national value","2012","2012","RATIO","Ratio","0","Units",,,0.4,,
"USA35","Tampa-Pinellas","T_T_SH_NAT","Share of population  in metropolitan area over the national value","2013","2013","RATIO","Ratio","0","Units",,,0.4,,
"USA35","Tampa-Pinellas","T_T_SH_NAT","Share of population  in metropolitan area over the national value","2014","2014","RATIO","Ratio","0","Units",,,0.5,,
"USA35","Tampa-Pinellas","T_T_SH_NAT","Share of population  in metropolitan area over the national value","2015","2015","RATIO","Ratio","0","Units",,,0.5,,
"USA35","Tampa-Pinellas","T_T_SH_NAT","Share of population  in metropolitan area over the national value","2016","2016","RATIO","Ratio","0","Units",,,0.5,,
"HU004","Pecs","T_T","Population, All ages. Administrative data","2000","2000","PER","Persons","0","Units",,,284657,,
"HU004","Pecs","T_T","Population, All ages. Administrative data","2001","2001","PER","Persons","0","Units",,,283792,,
"HU004","Pecs","T_T","Population, All ages. Administrative data","2002","2002","PER","Persons","0","Units",,,282529,,
"HU004","Pecs","T_T","Population, All ages. Administrative data","2003","2003","PER","Persons","0","Units",,,281401,,
"HU004","Pecs","T_T","Population, All ages. Administrative data","2004","2004","PER","Persons","0","Units",,,279700,,
"HU004","Pecs","T_T","Population, All ages. Administrative data","2005","2005","PER","Persons","0","Units",,,278346,,
"HU004","Pecs","T_T","Population, All ages. Administrative data","2006","2006","PER","Persons","0","Units",,,276984,,
"HU004","Pecs","T_T","Population, All ages. Administrative data","2007","2007","PER","Persons","0","Units",,,276887,,
"HU004","Pecs","T_T","Population, All ages. Administrative data","2008","2008","PER","Persons","0","Units",,,275787,,
"HU004","Pecs","T_T","Population, All ages. Administrative data","2009","2009","PER","Persons","0","Units",,,274589,,
"HU004","Pecs","T_T","Population, All ages. Administrative data","2010","2010","PER","Persons","0","Units",,,273787,,
"HU004","Pecs","T_T","Population, All ages. Administrative data","2011","2011","PER","Persons","0","Units",,,272187,,
"HU004","Pecs","T_T","Population, All ages. Administrative data","2012","2012","PER","Persons","0","Units",,,264851,,
"HU004","Pecs","T_T","Population, All ages. Administrative data","2013","2013","PER","Persons","0","Units",,,262234,,
"HU004","Pecs","T_T","Population, All ages. Administrative data","2014","2014","PER","Persons","0","Units",,,260038,,
"HU004","Pecs","T_T","Population, All ages. Administrative data","2015","2015","PER","Persons","0","Units",,,258040,,
"HU004","Pecs","T_T","Population, All ages. Administrative data","2016","2016","PER","Persons","0","Units",,,255971,,
"DE025","Darmstadt","POP_DEN","Population density (pop. per km2)","2001","2001","PER","Persons","0","Units",,,548,,
"DE025","Darmstadt","POP_DEN","Population density (pop. per km2)","2002","2002","PER","Persons","0","Units",,,550,,
"DE025","Darmstadt","POP_DEN","Population density (pop. per km2)","2003","2003","PER","Persons","0","Units",,,552,,
"DE025","Darmstadt","POP_DEN","Population density (pop. per km2)","2004","2004","PER","Persons","0","Units",,,554,,
"DE025","Darmstadt","POP_DEN","Population density (pop. per km2)","2005","2005","PER","Persons","0","Units",,,555,,
"DE025","Darmstadt","POP_DEN","Population density (pop. per km2)","2006","2006","PER","Persons","0","Units",,,555,,
"DE025","Darmstadt","POP_DEN","Population density (pop. per km2)","2007","2007","PER","Persons","0","Units",,,555,,
"DE025","Darmstadt","POP_DEN","Population density (pop. per km2)","2008","2008","PER","Persons","0","Units",,,556,,
"DE025","Darmstadt","POP_DEN","Population density (pop. per km2)","2009","2009","PER","Persons","0","Units",,,555,,
"DE025","Darmstadt","POP_DEN","Population density (pop. per km2)","2010","2010","PER","Persons","0","Units",,,557,,
"DE025","Darmstadt","POP_DEN","Population density (pop. per km2)","2011","2011","PER","Persons","0","Units",,,546,,
"DE025","Darmstadt","POP_DEN","Population density (pop. per km2)","2012","2012","PER","Persons","0","Units",,,553,,
"DE025","Darmstadt","POP_DEN","Population density (pop. per km2)","2013","2013","PER","Persons","0","Units",,,557,,
"DE025","Darmstadt","POP_DEN","Population density (pop. per km2)","2014","2014","PER","Persons","0","Units",,,560,,
"DE025","Darmstadt","POP_DEN","Population density (pop. per km2)","2015","2015","PER","Persons","0","Units",,,567,,
"DE025","Darmstadt","POP_DEN","Population density (pop. per km2)","2016","2016","PER","Persons","0","Units",,,577,,
"UK515","Brighton and Hove","T_T_SH_NAT","Share of population  in metropolitan area over the national value","2001","2001","RATIO","Ratio","0","Units",,,0.7,,
"UK515","Brighton and Hove","T_T_SH_NAT","Share of population  in metropolitan area over the national value","2002","2002","RATIO","Ratio","0","Units",,,0.7,,
"UK515","Brighton and Hove","T_T_SH_NAT","Share of population  in metropolitan area over the national value","2003","2003","RATIO","Ratio","0","Units",,,0.7,,
"UK515","Brighton and Hove","T_T_SH_NAT","Share of population  in metropolitan area over the national value","2004","2004","RATIO","Ratio","0","Units",,,0.7,,
"UK515","Brighton and Hove","T_T_SH_NAT","Share of population  in metropolitan area over the national value","2005","2005","RATIO","Ratio","0","Units",,,0.7,,
"UK515","Brighton and Hove","T_T_SH_NAT","Share of population  in metropolitan area over the national value","2006","2006","RATIO","Ratio","0","Units",,,0.7,,
"UK515","Brighton and Hove","T_T_SH_NAT","Share of population  in metropolitan area over the national value","2007","2007","RATIO","Ratio","0","Units",,,0.7,,
"UK515","Brighton and Hove","T_T_SH_NAT","Share of population  in metropolitan area over the national value","2008","2008","RATIO","Ratio","0","Units",,,0.7,,
"UK515","Brighton and Hove","T_T_SH_NAT","Share of population  in metropolitan area over the national value","2009","2009","RATIO","Ratio","0","Units",,,0.7,,
"UK515","Brighton and Hove","T_T_SH_NAT","Share of population  in metropolitan area over the national value","2010","2010","RATIO","Ratio","0","Units",,,0.7,,
"UK515","Brighton and Hove","T_T_SH_NAT","Share of population  in metropolitan area over the national value","2011","2011","RATIO","Ratio","0","Units",,,0.7,,
"UK515","Brighton and Hove","T_T_SH_NAT","Share of population  in metropolitan area over the national value","2012","2012","RATIO","Ratio","0","Units",,,0.7,,
"UK515","Brighton and Hove","T_T_SH_NAT","Share of population  in metropolitan area over the national value","2013","2013","RATIO","Ratio","0","Units",,,0.7,,
"UK515","Brighton and Hove","T_T_SH_NAT","Share of population  in metropolitan area over the national value","2014","2014","RATIO","Ratio","0","Units",,,0.7,,
"UK515","Brighton and Hove","T_T_SH_NAT","Share of population  in metropolitan area over the national value","2015","2015","RATIO","Ratio","0","Units",,,0.7,,
"UK515","Brighton and Hove","T_T_SH_NAT","Share of population  in metropolitan area over the national value","2016","2016","RATIO","Ratio","0","Units",,,0.7,,
"FR019","Orleans","POP_DEN","Population density (pop. per km2)","2000","2000","PER","Persons","0","Units",,,135,,
"FR019","Orleans","POP_DEN","Population density (pop. per km2)","2001","2001","PER","Persons","0","Units",,,136,,
"FR019","Orleans","POP_DEN","Population density (pop. per km2)","2002","2002","PER","Persons","0","Units",,,137,,
"FR019","Orleans","POP_DEN","Population density (pop. per km2)","2003","2003","PER","Persons","0","Units",,,137,,
"FR019","Orleans","POP_DEN","Population density (pop. per km2)","2004","2004","PER","Persons","0","Units",,,138,,
"FR019","Orleans","POP_DEN","Population density (pop. per km2)","2005","2005","PER","Persons","0","Units",,,139,,
"FR019","Orleans","POP_DEN","Population density (pop. per km2)","2006","2006","PER","Persons","0","Units",,,140,,
"FR019","Orleans","POP_DEN","Population density (pop. per km2)","2007","2007","PER","Persons","0","Units",,,140,,
"FR019","Orleans","POP_DEN","Population density (pop. per km2)","2008","2008","PER","Persons","0","Units",,,141,,
"FR019","Orleans","POP_DEN","Population density (pop. per km2)","2009","2009","PER","Persons","0","Units",,,142,,
"FR019","Orleans","POP_DEN","Population density (pop. per km2)","2010","2010","PER","Persons","0","Units",,,143,,
"FR019","Orleans","POP_DEN","Population density (pop. per km2)","2011","2011","PER","Persons","0","Units",,,144,,
"FR019","Orleans","POP_DEN","Population density (pop. per km2)","2012","2012","PER","Persons","0","Units",,,145,,
"FR019","Orleans","POP_DEN","Population density (pop. per km2)","2013","2013","PER","Persons","0","Units",,,145,,
"FR019","Orleans","POP_DEN","Population density (pop. per km2)","2014","2014","PER","Persons","0","Units",,,146,,
"FR019","Orleans","POP_DEN","Population density (pop. per km2)","2015","2015","PER","Persons","0","Units",,,145,,
"DE073","Offenburg","T_T","Population, All ages. Administrative data","2001","2001","PER","Persons","0","Units",,,408609,,
"DE073","Offenburg","T_T","Population, All ages. Administrative data","2002","2002","PER","Persons","0","Units",,,411976,,
"DE073","Offenburg","T_T","Population, All ages. Administrative data","2003","2003","PER","Persons","0","Units",,,413496,,
"DE073","Offenburg","T_T","Population, All ages. Administrative data","2004","2004","PER","Persons","0","Units",,,414782,,
"DE073","Offenburg","T_T","Population, All ages. Administrative data","2005","2005","PER","Persons","0","Units",,,415897,,
"DE073","Offenburg","T_T","Population, All ages. Administrative data","2006","2006","PER","Persons","0","Units",,,416904,,
"DE073","Offenburg","T_T","Population, All ages. Administrative data","2007","2007","PER","Persons","0","Units",,,417466,,
"DE073","Offenburg","T_T","Population, All ages. Administrative data","2008","2008","PER","Persons","0","Units",,,418246,,
"DE073","Offenburg","T_T","Population, All ages. Administrative data","2009","2009","PER","Persons","0","Units",,,418103,,
"DE073","Offenburg","T_T","Population, All ages. Administrative data","2010","2010","PER","Persons","0","Units",,,417757,,
"DE073","Offenburg","T_T","Population, All ages. Administrative data","2011","2011","PER","Persons","0","Units",,,410507,,
"DE073","Offenburg","T_T","Population, All ages. Administrative data","2012","2012","PER","Persons","0","Units",,,410887,,
"DE073","Offenburg","T_T","Population, All ages. Administrative data","2013","2013","PER","Persons","0","Units",,,412179,,
"DE073","Offenburg","T_T","Population, All ages. Administrative data","2014","2014","PER","Persons","0","Units",,,413158,,
"DE073","Offenburg","T_T","Population, All ages. Administrative data","2015","2015","PER","Persons","0","Units",,,416122,,
"DE073","Offenburg","T_T","Population, All ages. Administrative data","2016","2016","PER","Persons","0","Units",,,420596,,
"DE032","Erfurt","T_T","Population, All ages. Administrative data","2001","2001","PER","Persons","0","Units",,,552259,,
"DE032","Erfurt","T_T","Population, All ages. Administrative data","2002","2002","PER","Persons","0","Units",,,549064,,
"DE032","Erfurt","T_T","Population, All ages. Administrative data","2003","2003","PER","Persons","0","Units",,,546791,,
"DE032","Erfurt","T_T","Population, All ages. Administrative data","2004","2004","PER","Persons","0","Units",,,545183,,
"DE032","Erfurt","T_T","Population, All ages. Administrative data","2005","2005","PER","Persons","0","Units",,,543371,,
"DE032","Erfurt","T_T","Population, All ages. Administrative data","2006","2006","PER","Persons","0","Units",,,540609,,
"DE032","Erfurt","T_T","Population, All ages. Administrative data","2007","2007","PER","Persons","0","Units",,,537137,,
"DE032","Erfurt","T_T","Population, All ages. Administrative data","2008","2008","PER","Persons","0","Units",,,534170,,
"DE032","Erfurt","T_T","Population, All ages. Administrative data","2009","2009","PER","Persons","0","Units",,,531277,,
"DE032","Erfurt","T_T","Population, All ages. Administrative data","2010","2010","PER","Persons","0","Units",,,529303,,
"DE032","Erfurt","T_T","Population, All ages. Administrative data","2011","2011","PER","Persons","0","Units",,,520255,,
"DE032","Erfurt","T_T","Population, All ages. Administrative data","2012","2012","PER","Persons","0","Units",,,519732,,
"DE032","Erfurt","T_T","Population, All ages. Administrative data","2013","2013","PER","Persons","0","Units",,,519509,,
"DE032","Erfurt","T_T","Population, All ages. Administrative data","2014","2014","PER","Persons","0","Units",,,519934,,
"DE032","Erfurt","T_T","Population, All ages. Administrative data","2015","2015","PER","Persons","0","Units",,,521142,,
"DE032","Erfurt","T_T","Population, All ages. Administrative data","2016","2016","PER","Persons","0","Units",,,527271,,
"CAN16","Sherbrooke","POP_DEN","Population density (pop. per km2)","2000","2000","PER","Persons","0","Units",,,46,,
"CAN16","Sherbrooke","POP_DEN","Population density (pop. per km2)","2001","2001","PER","Persons","0","Units",,,47,,
"CAN16","Sherbrooke","POP_DEN","Population density (pop. per km2)","2002","2002","PER","Persons","0","Units",,,47,,
"CAN16","Sherbrooke","POP_DEN","Population density (pop. per km2)","2003","2003","PER","Persons","0","Units",,,47,,
"CAN16","Sherbrooke","POP_DEN","Population density (pop. per km2)","2004","2004","PER","Persons","0","Units",,,48,,
"CAN16","Sherbrooke","POP_DEN","Population density (pop. per km2)","2005","2005","PER","Persons","0","Units",,,48,,
"CAN16","Sherbrooke","POP_DEN","Population density (pop. per km2)","2006","2006","PER","Persons","0","Units",,,48,,
"CAN16","Sherbrooke","POP_DEN","Population density (pop. per km2)","2007","2007","PER","Persons","0","Units",,,49,,
"CAN16","Sherbrooke","POP_DEN","Population density (pop. per km2)","2008","2008","PER","Persons","0","Units",,,49,,
"CAN16","Sherbrooke","POP_DEN","Population density (pop. per km2)","2009","2009","PER","Persons","0","Units",,,50,,
"CAN16","Sherbrooke","POP_DEN","Population density (pop. per km2)","2010","2010","PER","Persons","0","Units",,,50,,
"CAN16","Sherbrooke","POP_DEN","Population density (pop. per km2)","2011","2011","PER","Persons","0","Units",,,50,,
"CAN16","Sherbrooke","POP_DEN","Population density (pop. per km2)","2012","2012","PER","Persons","0","Units",,,51,,
"CAN16","Sherbrooke","POP_DEN","Population density (pop. per km2)","2013","2013","PER","Persons","0","Units",,,51,,
"CAN16","Sherbrooke","POP_DEN","Population density (pop. per km2)","2014","2014","PER","Persons","0","Units",,,51,,
"CAN16","Sherbrooke","POP_DEN","Population density (pop. per km2)","2015","2015","PER","Persons","0","Units",,,52,,
"CAN16","Sherbrooke","POP_DEN","Population density (pop. per km2)","2016","2016","PER","Persons","0","Units",,,52,,
"USA74","Lee","POP_DEN","Population density (pop. per km2)","2000","2000","PER","Persons","0","Units",,,191,,
"USA74","Lee","POP_DEN","Population density (pop. per km2)","2001","2001","PER","Persons","0","Units",,,198,,
"USA74","Lee","POP_DEN","Population density (pop. per km2)","2002","2002","PER","Persons","0","Units",,,206,,
"USA74","Lee","POP_DEN","Population density (pop. per km2)","2003","2003","PER","Persons","0","Units",,,214,,
"USA74","Lee","POP_DEN","Population density (pop. per km2)","2004","2004","PER","Persons","0","Units",,,225,,
"USA74","Lee","POP_DEN","Population density (pop. per km2)","2005","2005","PER","Persons","0","Units",,,239,,
"USA74","Lee","POP_DEN","Population density (pop. per km2)","2006","2006","PER","Persons","0","Units",,,250,,
"USA74","Lee","POP_DEN","Population density (pop. per km2)","2007","2007","PER","Persons","0","Units",,,260,,
"USA74","Lee","POP_DEN","Population density (pop. per km2)","2008","2008","PER","Persons","0","Units",,,263,,
"USA74","Lee","POP_DEN","Population density (pop. per km2)","2009","2009","PER","Persons","0","Units",,,263,,
"USA74","Lee","POP_DEN","Population density (pop. per km2)","2010","2010","PER","Persons","0","Units",,,267,,
"USA74","Lee","POP_DEN","Population density (pop. per km2)","2011","2011","PER","Persons","0","Units",,,271,,
"USA74","Lee","POP_DEN","Population density (pop. per km2)","2012","2012","PER","Persons","0","Units",,,277,,
"USA74","Lee","POP_DEN","Population density (pop. per km2)","2013","2013","PER","Persons","0","Units",,,284,,
"USA74","Lee","POP_DEN","Population density (pop. per km2)","2014","2014","PER","Persons","0","Units",,,292,,
"USA74","Lee","POP_DEN","Population density (pop. per km2)","2015","2015","PER","Persons","0","Units",,,301,,
"USA74","Lee","POP_DEN","Population density (pop. per km2)","2016","2016","PER","Persons","0","Units",,,311,,
"USA150","St. Joseph","T_T_SH_NAT","Share of population  in metropolitan area over the national value","2001","2001","RATIO","Ratio","0","Units",,,0.1,,
"USA150","St. Joseph","T_T_SH_NAT","Share of population  in metropolitan area over the national value","2002","2002","RATIO","Ratio","0","Units",,,0.1,,
"USA150","St. Joseph","T_T_SH_NAT","Share of population  in metropolitan area over the national value","2003","2003","RATIO","Ratio","0","Units",,,0.1,,
"USA150","St. Joseph","T_T_SH_NAT","Share of population  in metropolitan area over the national value","2004","2004","RATIO","Ratio","0","Units",,,0.1,,
"USA150","St. Joseph","T_T_SH_NAT","Share of population  in metropolitan area over the national value","2005","2005","RATIO","Ratio","0","Units",,,0.1,,
"USA150","St. Joseph","T_T_SH_NAT","Share of population  in metropolitan area over the national value","2006","2006","RATIO","Ratio","0","Units",,,0.1,,
"USA150","St. Joseph","T_T_SH_NAT","Share of population  in metropolitan area over the national value","2007","2007","RATIO","Ratio","0","Units",,,0.1,,
"USA150","St. Joseph","T_T_SH_NAT","Share of population  in metropolitan area over the national value","2008","2008","RATIO","Ratio","0","Units",,,0.1,,
"USA150","St. Joseph","T_T_SH_NAT","Share of population  in metropolitan area over the national value","2009","2009","RATIO","Ratio","0","Units",,,0.1,,
"USA150","St. Joseph","T_T_SH_NAT","Share of population  in metropolitan area over the national value","2010","2010","RATIO","Ratio","0","Units",,,0.1,,
"USA150","St. Joseph","T_T_SH_NAT","Share of population  in metropolitan area over the national value","2011","2011","RATIO","Ratio","0","Units",,,0.1,,
"USA150","St. Joseph","T_T_SH_NAT","Share of population  in metropolitan area over the national value","2012","2012","RATIO","Ratio","0","Units",,,0.1,,
"USA150","St. Joseph","T_T_SH_NAT","Share of population  in metropolitan area over the national value","2013","2013","RATIO","Ratio","0","Units",,,0.1,,
"USA150","St. Joseph","T_T_SH_NAT","Share of population  in metropolitan area over the national value","2014","2014","RATIO","Ratio","0","Units",,,0.1,,
"USA150","St. Joseph","T_T_SH_NAT","Share of population  in metropolitan area over the national value","2015","2015","RATIO","Ratio","0","Units",,,0.1,,
"USA150","St. Joseph","T_T_SH_NAT","Share of population  in metropolitan area over the national value","2016","2016","RATIO","Ratio","0","Units",,,0.1,,
"FR006","Strasbourg","T_T","Population, All ages. Administrative data","2000","2000","PER","Persons","0","Units",,,717682,,
"FR006","Strasbourg","T_T","Population, All ages. Administrative data","2001","2001","PER","Persons","0","Units",,,722072,,
"FR006","Strasbourg","T_T","Population, All ages. Administrative data","2002","2002","PER","Persons","0","Units",,,726463,,
"FR006","Strasbourg","T_T","Population, All ages. Administrative data","2003","2003","PER","Persons","0","Units",,,730854,,
"FR006","Strasbourg","T_T","Population, All ages. Administrative data","2004","2004","PER","Persons","0","Units",,,735246,,
"FR006","Strasbourg","T_T","Population, All ages. Administrative data","2005","2005","PER","Persons","0","Units",,,739636,,
"FR006","Strasbourg","T_T","Population, All ages. Administrative data","2006","2006","PER","Persons","0","Units",,,744028,,
"FR006","Strasbourg","T_T","Population, All ages. Administrative data","2007","2007","PER","Persons","0","Units",,,748418,,
"FR006","Strasbourg","T_T","Population, All ages. Administrative data","2008","2008","PER","Persons","0","Units",,,752809,,
"FR006","Strasbourg","T_T","Population, All ages. Administrative data","2009","2009","PER","Persons","0","Units",,,757200,,
"FR006","Strasbourg","T_T","Population, All ages. Administrative data","2010","2010","PER","Persons","0","Units",,,760791,,
"FR006","Strasbourg","T_T","Population, All ages. Administrative data","2011","2011","PER","Persons","0","Units",,,764380,,
"FR006","Strasbourg","T_T","Population, All ages. Administrative data","2012","2012","PER","Persons","0","Units",,,767970,,
"FR006","Strasbourg","T_T","Population, All ages. Administrative data","2013","2013","PER","Persons","0","Units",,,771559,,
"FR006","Strasbourg","T_T","Population, All ages. Administrative data","2014","2014","PER","Persons","0","Units",,,775150,,
"FR006","Strasbourg","T_T","Population, All ages. Administrative data","2015","2015","PER","Persons","0","Units",,,774582,,
"USA87","Greene","T_T_SH_NAT","Share of population  in metropolitan area over the national value","2001","2001","RATIO","Ratio","0","Units",,,0.1,,
"USA87","Greene","T_T_SH_NAT","Share of population  in metropolitan area over the national value","2002","2002","RATIO","Ratio","0","Units",,,0.2,,
"USA87","Greene","T_T_SH_NAT","Share of population  in metropolitan area over the national value","2003","2003","RATIO","Ratio","0","Units",,,0.2,,
"USA87","Greene","T_T_SH_NAT","Share of population  in metropolitan area over the national value","2004","2004","RATIO","Ratio","0","Units",,,0.2,,
"USA87","Greene","T_T_SH_NAT","Share of population  in metropolitan area over the national value","2005","2005","RATIO","Ratio","0","Units",,,0.2,,
"USA87","Greene","T_T_SH_NAT","Share of population  in metropolitan area over the national value","2006","2006","RATIO","Ratio","0","Units",,,0.2,,
"USA87","Greene","T_T_SH_NAT","Share of population  in metropolitan area over the national value","2007","2007","RATIO","Ratio","0","Units",,,0.2,,
"USA87","Greene","T_T_SH_NAT","Share of population  in metropolitan area over the national value","2008","2008","RATIO","Ratio","0","Units",,,0.2,,
"USA87","Greene","T_T_SH_NAT","Share of population  in metropolitan area over the national value","2009","2009","RATIO","Ratio","0","Units",,,0.2,,
"USA87","Greene","T_T_SH_NAT","Share of population  in metropolitan area over the national value","2010","2010","RATIO","Ratio","0","Units",,,0.2,,
"USA87","Greene","T_T_SH_NAT","Share of population  in metropolitan area over the national value","2011","2011","RATIO","Ratio","0","Units",,,0.2,,
"USA87","Greene","T_T_SH_NAT","Share of population  in metropolitan area over the national value","2012","2012","RATIO","Ratio","0","Units",,,0.2,,
"USA87","Greene","T_T_SH_NAT","Share of population  in metropolitan area over the national value","2013","2013","RATIO","Ratio","0","Units",,,0.2,,
"USA87","Greene","T_T_SH_NAT","Share of population  in metropolitan area over the national value","2014","2014","RATIO","Ratio","0","Units",,,0.2,,
"USA87","Greene","T_T_SH_NAT","Share of population  in metropolitan area over the national value","2015","2015","RATIO","Ratio","0","Units",,,0.2,,
"USA87","Greene","T_T_SH_NAT","Share of population  in metropolitan area over the national value","2016","2016","RATIO","Ratio","0","Units",,,0.2,,
"CAN10","London","POP_DEN","Population density (pop. per km2)","2000","2000","PER","Persons","0","Units",,,93,,
"CAN10","London","POP_DEN","Population density (pop. per km2)","2001","2001","PER","Persons","0","Units",,,94,,
"CAN10","London","POP_DEN","Population density (pop. per km2)","2002","2002","PER","Persons","0","Units",,,95,,
"CAN10","London","POP_DEN","Population density (pop. per km2)","2003","2003","PER","Persons","0","Units",,,96,,
"CAN10","London","POP_DEN","Population density (pop. per km2)","2004","2004","PER","Persons","0","Units",,,97,,
"CAN10","London","POP_DEN","Population density (pop. per km2)","2005","2005","PER","Persons","0","Units",,,97,,
"CAN10","London","POP_DEN","Population density (pop. per km2)","2006","2006","PER","Persons","0","Units",,,98,,
"CAN10","London","POP_DEN","Population density (pop. per km2)","2007","2007","PER","Persons","0","Units",,,99,,
"CAN10","London","POP_DEN","Population density (pop. per km2)","2008","2008","PER","Persons","0","Units",,,99,,
"CAN10","London","POP_DEN","Population density (pop. per km2)","2009","2009","PER","Persons","0","Units",,,99,,
"CAN10","London","POP_DEN","Population density (pop. per km2)","2010","2010","PER","Persons","0","Units",,,98,,
"CAN10","London","POP_DEN","Population density (pop. per km2)","2011","2011","PER","Persons","0","Units",,,97,,
"CAN10","London","POP_DEN","Population density (pop. per km2)","2012","2012","PER","Persons","0","Units",,,98,,
"CAN10","London","POP_DEN","Population density (pop. per km2)","2013","2013","PER","Persons","0","Units",,,99,,
"CAN10","London","POP_DEN","Population density (pop. per km2)","2014","2014","PER","Persons","0","Units",,,99,,
"CAN10","London","POP_DEN","Population density (pop. per km2)","2015","2015","PER","Persons","0","Units",,,100,,
"CAN10","London","POP_DEN","Population density (pop. per km2)","2016","2016","PER","Persons","0","Units",,,101,,
"PT001","Lisbon","POP_DEN","Population density (pop. per km2)","2000","2000","PER","Persons","0","Units",,,655,,
"PT001","Lisbon","POP_DEN","Population density (pop. per km2)","2001","2001","PER","Persons","0","Units",,,662,,
"PT001","Lisbon","POP_DEN","Population density (pop. per km2)","2002","2002","PER","Persons","0","Units",,,669,,
"PT001","Lisbon","POP_DEN","Population density (pop. per km2)","2003","2003","PER","Persons","0","Units",,,674,,
"PT001","Lisbon","POP_DEN","Population density (pop. per km2)","2004","2004","PER","Persons","0","Units",,,677,,
"PT001","Lisbon","POP_DEN","Population density (pop. per km2)","2005","2005","PER","Persons","0","Units",,,681,,
"PT001","Lisbon","POP_DEN","Population density (pop. per km2)","2006","2006","PER","Persons","0","Units",,,684,,
"PT001","Lisbon","POP_DEN","Population density (pop. per km2)","2007","2007","PER","Persons","0","Units",,,688,,
"PT001","Lisbon","POP_DEN","Population density (pop. per km2)","2008","2008","PER","Persons","0","Units",,,692,,
"PT001","Lisbon","POP_DEN","Population density (pop. per km2)","2009","2009","PER","Persons","0","Units",,,696,,
"PT001","Lisbon","POP_DEN","Population density (pop. per km2)","2010","2010","PER","Persons","0","Units",,,700,,
"PT001","Lisbon","POP_DEN","Population density (pop. per km2)","2011","2011","PER","Persons","0","Units",,,703,,
"PT001","Lisbon","POP_DEN","Population density (pop. per km2)","2012","2012","PER","Persons","0","Units",,,702,,
"PT001","Lisbon","POP_DEN","Population density (pop. per km2)","2013","2013","PER","Persons","0","Units",,,700,,
"PT001","Lisbon","POP_DEN","Population density (pop. per km2)","2014","2014","PER","Persons","0","Units",,,698,,
"PT001","Lisbon","POP_DEN","Population density (pop. per km2)","2015","2015","PER","Persons","0","Units",,,699,,
"PT001","Lisbon","POP_DEN","Population density (pop. per km2)","2016","2016","PER","Persons","0","Units",,,700,,
"USA97","Knox","T_T","Population, All ages. Administrative data","2000","2000","PER","Persons","0","Units",,,400778,,
"USA97","Knox","T_T","Population, All ages. Administrative data","2001","2001","PER","Persons","0","Units",,,404145,,
"USA97","Knox","T_T","Population, All ages. Administrative data","2002","2002","PER","Persons","0","Units",,,407896,,
"USA97","Knox","T_T","Population, All ages. Administrative data","2003","2003","PER","Persons","0","Units",,,412915,,
"USA97","Knox","T_T","Population, All ages. Administrative data","2004","2004","PER","Persons","0","Units",,,416960,,
"USA97","Knox","T_T","Population, All ages. Administrative data","2005","2005","PER","Persons","0","Units",,,422968,,
"USA97","Knox","T_T","Population, All ages. Administrative data","2006","2006","PER","Persons","0","Units",,,430681,,
"USA97","Knox","T_T","Population, All ages. Administrative data","2007","2007","PER","Persons","0","Units",,,438137,,
"USA97","Knox","T_T","Population, All ages. Administrative data","2008","2008","PER","Persons","0","Units",,,444484,,
"USA97","Knox","T_T","Population, All ages. Administrative data","2009","2009","PER","Persons","0","Units",,,448700,,
"USA97","Knox","T_T","Population, All ages. Administrative data","2010","2010","PER","Persons","0","Units",,,452090,,
"USA97","Knox","T_T","Population, All ages. Administrative data","2011","2011","PER","Persons","0","Units",,,455844,,
"USA97","Knox","T_T","Population, All ages. Administrative data","2012","2012","PER","Persons","0","Units",,,459808,,
"USA97","Knox","T_T","Population, All ages. Administrative data","2013","2013","PER","Persons","0","Units",,,463248,,
"USA97","Knox","T_T","Population, All ages. Administrative data","2014","2014","PER","Persons","0","Units",,,466929,,
"USA97","Knox","T_T","Population, All ages. Administrative data","2015","2015","PER","Persons","0","Units",,,470482,,
"USA97","Knox","T_T","Population, All ages. Administrative data","2016","2016","PER","Persons","0","Units",,,475346,,
"MEX31","Tuxtla Gutierrez","POP_DEN","Population density (pop. per km2)","2000","2000","PER","Persons","0","Units",,,1460,,
"MEX31","Tuxtla Gutierrez","POP_DEN","Population density (pop. per km2)","2005","2005","PER","Persons","0","Units",,,1456,,
"MEX31","Tuxtla Gutierrez","POP_DEN","Population density (pop. per km2)","2010","2010","PER","Persons","0","Units",,,1626,,
"MEX31","Tuxtla Gutierrez","POP_DEN","Population density (pop. per km2)","2015","2015","PER","Persons","0","Units",,,1855,,
"USA78","Lucas","T_T","Population, All ages. Administrative data","2000","2000","PER","Persons","0","Units",,,576103,,
"USA78","Lucas","T_T","Population, All ages. Administrative data","2001","2001","PER","Persons","0","Units",,,576868,,
"USA78","Lucas","T_T","Population, All ages. Administrative data","2002","2002","PER","Persons","0","Units",,,576446,,
"USA78","Lucas","T_T","Population, All ages. Administrative data","2003","2003","PER","Persons","0","Units",,,576604,,
"USA78","Lucas","T_T","Population, All ages. Administrative data","2004","2004","PER","Persons","0","Units",,,575404,,
"USA78","Lucas","T_T","Population, All ages. Administrative data","2005","2005","PER","Persons","0","Units",,,573922,,
"USA78","Lucas","T_T","Population, All ages. Administrative data","2006","2006","PER","Persons","0","Units",,,571796,,
"USA78","Lucas","T_T","Population, All ages. Administrative data","2007","2007","PER","Persons","0","Units",,,570767,,
"USA78","Lucas","T_T","Population, All ages. Administrative data","2008","2008","PER","Persons","0","Units",,,569184,,
"USA78","Lucas","T_T","Population, All ages. Administrative data","2009","2009","PER","Persons","0","Units",,,567987,,
"USA78","Lucas","T_T","Population, All ages. Administrative data","2010","2010","PER","Persons","0","Units",,,567377,,
"USA78","Lucas","T_T","Population, All ages. Administrative data","2011","2011","PER","Persons","0","Units",,,566385,,
"USA78","Lucas","T_T","Population, All ages. Administrative data","2012","2012","PER","Persons","0","Units",,,565076,,
"USA78","Lucas","T_T","Population, All ages. Administrative data","2013","2013","PER","Persons","0","Units",,,564798,,
"USA78","Lucas","T_T","Population, All ages. Administrative data","2014","2014","PER","Persons","0","Units",,,563602,,
"USA78","Lucas","T_T","Population, All ages. Administrative data","2015","2015","PER","Persons","0","Units",,,562498,,
"USA78","Lucas","T_T","Population, All ages. Administrative data","2016","2016","PER","Persons","0","Units",,,562266,,
"ES002","Barcelona","T_T","Population, All ages. Administrative data","2000","2000","PER","Persons","0","Units",,,4233003,,
"ES002","Barcelona","T_T","Population, All ages. Administrative data","2001","2001","PER","Persons","0","Units",,,4216542,,
"ES002","Barcelona","T_T","Population, All ages. Administrative data","2002","2002","PER","Persons","0","Units",,,4200082,,
"ES002","Barcelona","T_T","Population, All ages. Administrative data","2003","2003","PER","Persons","0","Units",,,4183620,,
"ES002","Barcelona","T_T","Population, All ages. Administrative data","2004","2004","PER","Persons","0","Units",,,4167159,,
"ES002","Barcelona","T_T","Population, All ages. Administrative data","2005","2005","PER","Persons","0","Units",,,4150698,,
"ES002","Barcelona","T_T","Population, All ages. Administrative data","2006","2006","PER","Persons","0","Units",,,4134237,,
"ES002","Barcelona","T_T","Population, All ages. Administrative data","2007","2007","PER","Persons","0","Units",,,4117776,,
"ES002","Barcelona","T_T","Population, All ages. Administrative data","2008","2008","PER","Persons","0","Units",,,4101316,,
"ES002","Barcelona","T_T","Population, All ages. Administrative data","2009","2009","PER","Persons","0","Units",,,4084854,,
"ES002","Barcelona","T_T","Population, All ages. Administrative data","2010","2010","PER","Persons","0","Units",,,4068394,,
"ES002","Barcelona","T_T","Population, All ages. Administrative data","2011","2011","PER","Persons","0","Units",,,4051933,,
"ES002","Barcelona","T_T","Population, All ages. Administrative data","2012","2012","PER","Persons","0","Units",,,4035472,,
"ES002","Barcelona","T_T","Population, All ages. Administrative data","2013","2013","PER","Persons","0","Units",,,4019011,,
"ES002","Barcelona","T_T","Population, All ages. Administrative data","2014","2014","PER","Persons","0","Units",,,4002550,,
"ES002","Barcelona","T_T","Population, All ages. Administrative data","2015","2015","PER","Persons","0","Units",,,3986088,,
"ES002","Barcelona","T_T","Population, All ages. Administrative data","2016","2016","PER","Persons","0","Units",,,3969628,,
"USA55","Douglas (NE)","POP_DEN","Population density (pop. per km2)","2000","2000","PER","Persons","0","Units",,,61,,
"USA55","Douglas (NE)","POP_DEN","Population density (pop. per km2)","2001","2001","PER","Persons","0","Units",,,61,,
"USA55","Douglas (NE)","POP_DEN","Population density (pop. per km2)","2002","2002","PER","Persons","0","Units",,,62,,
"USA55","Douglas (NE)","POP_DEN","Population density (pop. per km2)","2003","2003","PER","Persons","0","Units",,,63,,
"USA55","Douglas (NE)","POP_DEN","Population density (pop. per km2)","2004","2004","PER","Persons","0","Units",,,64,,
"USA55","Douglas (NE)","POP_DEN","Population density (pop. per km2)","2005","2005","PER","Persons","0","Units",,,64,,
"USA55","Douglas (NE)","POP_DEN","Population density (pop. per km2)","2006","2006","PER","Persons","0","Units",,,65,,
"USA55","Douglas (NE)","POP_DEN","Population density (pop. per km2)","2007","2007","PER","Persons","0","Units",,,66,,
"USA55","Douglas (NE)","POP_DEN","Population density (pop. per km2)","2008","2008","PER","Persons","0","Units",,,67,,
"USA55","Douglas (NE)","POP_DEN","Population density (pop. per km2)","2009","2009","PER","Persons","0","Units",,,68,,
"USA55","Douglas (NE)","POP_DEN","Population density (pop. per km2)","2010","2010","PER","Persons","0","Units",,,69,,
"USA55","Douglas (NE)","POP_DEN","Population density (pop. per km2)","2011","2011","PER","Persons","0","Units",,,69,,
"USA55","Douglas (NE)","POP_DEN","Population density (pop. per km2)","2012","2012","PER","Persons","0","Units",,,70,,
"USA55","Douglas (NE)","POP_DEN","Population density (pop. per km2)","2013","2013","PER","Persons","0","Units",,,71,,
"USA55","Douglas (NE)","POP_DEN","Population density (pop. per km2)","2014","2014","PER","Persons","0","Units",,,71,,
"USA55","Douglas (NE)","POP_DEN","Population density (pop. per km2)","2015","2015","PER","Persons","0","Units",,,72,,
"USA55","Douglas (NE)","POP_DEN","Population density (pop. per km2)","2016","2016","PER","Persons","0","Units",,,73,,
"USA114","Nueces","T_T","Population, All ages. Administrative data","2000","2000","PER","Persons","0","Units",,,381006,,
"USA114","Nueces","T_T","Population, All ages. Administrative data","2001","2001","PER","Persons","0","Units",,,380360,,
"USA114","Nueces","T_T","Population, All ages. Administrative data","2002","2002","PER","Persons","0","Units",,,383076,,
"USA114","Nueces","T_T","Population, All ages. Administrative data","2003","2003","PER","Persons","0","Units",,,384072,,
"USA114","Nueces","T_T","Population, All ages. Administrative data","2004","2004","PER","Persons","0","Units",,,388869,,
"USA114","Nueces","T_T","Population, All ages. Administrative data","2005","2005","PER","Persons","0","Units",,,392747,,
"USA114","Nueces","T_T","Population, All ages. Administrative data","2006","2006","PER","Persons","0","Units",,,396135,,
"USA114","Nueces","T_T","Population, All ages. Administrative data","2007","2007","PER","Persons","0","Units",,,397235,,
"USA114","Nueces","T_T","Population, All ages. Administrative data","2008","2008","PER","Persons","0","Units",,,399943,,
"USA114","Nueces","T_T","Population, All ages. Administrative data","2009","2009","PER","Persons","0","Units",,,403971,,
"USA114","Nueces","T_T","Population, All ages. Administrative data","2010","2010","PER","Persons","0","Units",,,404691,,
"USA114","Nueces","T_T","Population, All ages. Administrative data","2011","2011","PER","Persons","0","Units",,,407680,,
"USA114","Nueces","T_T","Population, All ages. Administrative data","2012","2012","PER","Persons","0","Units",,,413113,,
"USA114","Nueces","T_T","Population, All ages. Administrative data","2013","2013","PER","Persons","0","Units",,,418915,,
"USA114","Nueces","T_T","Population, All ages. Administrative data","2014","2014","PER","Persons","0","Units",,,423090,,
"USA114","Nueces","T_T","Population, All ages. Administrative data","2015","2015","PER","Persons","0","Units",,,427521,,
"USA114","Nueces","T_T","Population, All ages. Administrative data","2016","2016","PER","Persons","0","Units",,,428791,,
"USA24","Jackson (MO)","POP_DEN","Population density (pop. per km2)","2000","2000","PER","Persons","0","Units",,,91,,
"USA24","Jackson (MO)","POP_DEN","Population density (pop. per km2)","2001","2001","PER","Persons","0","Units",,,92,,
"USA24","Jackson (MO)","POP_DEN","Population density (pop. per km2)","2002","2002","PER","Persons","0","Units",,,93,,
"USA24","Jackson (MO)","POP_DEN","Population density (pop. per km2)","2003","2003","PER","Persons","0","Units",,,94,,
"USA24","Jackson (MO)","POP_DEN","Population density (pop. per km2)","2004","2004","PER","Persons","0","Units",,,95,,
"USA24","Jackson (MO)","POP_DEN","Population density (pop. per km2)","2005","2005","PER","Persons","0","Units",,,96,,
"USA24","Jackson (MO)","POP_DEN","Population density (pop. per km2)","2006","2006","PER","Persons","0","Units",,,97,,
"USA24","Jackson (MO)","POP_DEN","Population density (pop. per km2)","2007","2007","PER","Persons","0","Units",,,98,,
"USA24","Jackson (MO)","POP_DEN","Population density (pop. per km2)","2008","2008","PER","Persons","0","Units",,,99,,
"USA24","Jackson (MO)","POP_DEN","Population density (pop. per km2)","2009","2009","PER","Persons","0","Units",,,100,,
"USA24","Jackson (MO)","POP_DEN","Population density (pop. per km2)","2010","2010","PER","Persons","0","Units",,,101,,
"USA24","Jackson (MO)","POP_DEN","Population density (pop. per km2)","2011","2011","PER","Persons","0","Units",,,101,,
"USA24","Jackson (MO)","POP_DEN","Population density (pop. per km2)","2012","2012","PER","Persons","0","Units",,,102,,
"USA24","Jackson (MO)","POP_DEN","Population density (pop. per km2)","2013","2013","PER","Persons","0","Units",,,103,,
"USA24","Jackson (MO)","POP_DEN","Population density (pop. per km2)","2014","2014","PER","Persons","0","Units",,,104,,
"USA24","Jackson (MO)","POP_DEN","Population density (pop. per km2)","2015","2015","PER","Persons","0","Units",,,104,,
"USA24","Jackson (MO)","POP_DEN","Population density (pop. per km2)","2016","2016","PER","Persons","0","Units",,,105,,
"USA54","Albuquerque","T_T_SH_NAT","Share of population  in metropolitan area over the national value","2001","2001","RATIO","Ratio","0","Units",,,0.3,,
"USA54","Albuquerque","T_T_SH_NAT","Share of population  in metropolitan area over the national value","2002","2002","RATIO","Ratio","0","Units",,,0.3,,
"USA54","Albuquerque","T_T_SH_NAT","Share of population  in metropolitan area over the national value","2003","2003","RATIO","Ratio","0","Units",,,0.3,,
"USA54","Albuquerque","T_T_SH_NAT","Share of population  in metropolitan area over the national value","2004","2004","RATIO","Ratio","0","Units",,,0.3,,
"USA54","Albuquerque","T_T_SH_NAT","Share of population  in metropolitan area over the national value","2005","2005","RATIO","Ratio","0","Units",,,0.3,,
"USA54","Albuquerque","T_T_SH_NAT","Share of population  in metropolitan area over the national value","2006","2006","RATIO","Ratio","0","Units",,,0.3,,
"USA54","Albuquerque","T_T_SH_NAT","Share of population  in metropolitan area over the national value","2007","2007","RATIO","Ratio","0","Units",,,0.3,,
"USA54","Albuquerque","T_T_SH_NAT","Share of population  in metropolitan area over the national value","2008","2008","RATIO","Ratio","0","Units",,,0.3,,
"USA54","Albuquerque","T_T_SH_NAT","Share of population  in metropolitan area over the national value","2009","2009","RATIO","Ratio","0","Units",,,0.3,,
"USA54","Albuquerque","T_T_SH_NAT","Share of population  in metropolitan area over the national value","2010","2010","RATIO","Ratio","0","Units",,,0.3,,
"USA54","Albuquerque","T_T_SH_NAT","Share of population  in metropolitan area over the national value","2011","2011","RATIO","Ratio","0","Units",,,0.3,,
"USA54","Albuquerque","T_T_SH_NAT","Share of population  in metropolitan area over the national value","2012","2012","RATIO","Ratio","0","Units",,,0.3,,
"USA54","Albuquerque","T_T_SH_NAT","Share of population  in metropolitan area over the national value","2013","2013","RATIO","Ratio","0","Units",,,0.3,,
"USA54","Albuquerque","T_T_SH_NAT","Share of population  in metropolitan area over the national value","2014","2014","RATIO","Ratio","0","Units",,,0.3,,
"USA54","Albuquerque","T_T_SH_NAT","Share of population  in metropolitan area over the national value","2015","2015","RATIO","Ratio","0","Units",,,0.3,,
"USA54","Albuquerque","T_T_SH_NAT","Share of population  in metropolitan area over the national value","2016","2016","RATIO","Ratio","0","Units",,,0.3,,
"JPN11","Kumamoto","POP_DEN","Population density (pop. per km2)","2000","2000","PER","Persons","0","Units",,,572,,
"JPN11","Kumamoto","POP_DEN","Population density (pop. per km2)","2001","2001","PER","Persons","0","Units",,,570,,
"JPN11","Kumamoto","POP_DEN","Population density (pop. per km2)","2002","2002","PER","Persons","0","Units",,,568,,
"JPN11","Kumamoto","POP_DEN","Population density (pop. per km2)","2003","2003","PER","Persons","0","Units",,,567,,
"JPN11","Kumamoto","POP_DEN","Population density (pop. per km2)","2004","2004","PER","Persons","0","Units",,,565,,
"JPN11","Kumamoto","POP_DEN","Population density (pop. per km2)","2005","2005","PER","Persons","0","Units",,,564,,
"JPN11","Kumamoto","POP_DEN","Population density (pop. per km2)","2006","2006","PER","Persons","0","Units",,,562,,
"JPN11","Kumamoto","POP_DEN","Population density (pop. per km2)","2007","2007","PER","Persons","0","Units",,,561,,
"JPN11","Kumamoto","POP_DEN","Population density (pop. per km2)","2008","2008","PER","Persons","0","Units",,,559,,
"JPN11","Kumamoto","POP_DEN","Population density (pop. per km2)","2009","2009","PER","Persons","0","Units",,,558,,
"JPN11","Kumamoto","POP_DEN","Population density (pop. per km2)","2010","2010","PER","Persons","0","Units",,,556,,
"JPN11","Kumamoto","POP_DEN","Population density (pop. per km2)","2011","2011","PER","Persons","0","Units",,,555,,
"JPN11","Kumamoto","POP_DEN","Population density (pop. per km2)","2012","2012","PER","Persons","0","Units",,,553,,
"JPN11","Kumamoto","POP_DEN","Population density (pop. per km2)","2013","2013","PER","Persons","0","Units",,,552,,
"JPN11","Kumamoto","POP_DEN","Population density (pop. per km2)","2014","2014","PER","Persons","0","Units",,,550,,
"JPN11","Kumamoto","POP_DEN","Population density (pop. per km2)","2015","2015","PER","Persons","0","Units",,,548,,
"JPN28","Takamatsu","T_T_SH_NAT","Share of population  in metropolitan area over the national value","2001","2001","RATIO","Ratio","0","Units",,,0.5,,
"JPN28","Takamatsu","T_T_SH_NAT","Share of population  in metropolitan area over the national value","2002","2002","RATIO","Ratio","0","Units",,,0.5,,
"JPN28","Takamatsu","T_T_SH_NAT","Share of population  in metropolitan area over the national value","2003","2003","RATIO","Ratio","0","Units",,,0.5,,
"JPN28","Takamatsu","T_T_SH_NAT","Share of population  in metropolitan area over the national value","2004","2004","RATIO","Ratio","0","Units",,,0.5,,
"JPN28","Takamatsu","T_T_SH_NAT","Share of population  in metropolitan area over the national value","2005","2005","RATIO","Ratio","0","Units",,,0.5,,
"JPN28","Takamatsu","T_T_SH_NAT","Share of population  in metropolitan area over the national value","2006","2006","RATIO","Ratio","0","Units",,,0.5,,
"JPN28","Takamatsu","T_T_SH_NAT","Share of population  in metropolitan area over the national value","2007","2007","RATIO","Ratio","0","Units",,,0.5,,
"JPN28","Takamatsu","T_T_SH_NAT","Share of population  in metropolitan area over the national value","2008","2008","RATIO","Ratio","0","Units",,,0.5,,
"JPN28","Takamatsu","T_T_SH_NAT","Share of population  in metropolitan area over the national value","2009","2009","RATIO","Ratio","0","Units",,,0.5,,
"JPN28","Takamatsu","T_T_SH_NAT","Share of population  in metropolitan area over the national value","2010","2010","RATIO","Ratio","0","Units",,,0.4,,
"JPN28","Takamatsu","T_T_SH_NAT","Share of population  in metropolitan area over the national value","2011","2011","RATIO","Ratio","0","Units",,,0.4,,
"JPN28","Takamatsu","T_T_SH_NAT","Share of population  in metropolitan area over the national value","2012","2012","RATIO","Ratio","0","Units",,,0.4,,
"JPN28","Takamatsu","T_T_SH_NAT","Share of population  in metropolitan area over the national value","2013","2013","RATIO","Ratio","0","Units",,,0.4,,
"JPN28","Takamatsu","T_T_SH_NAT","Share of population  in metropolitan area over the national value","2014","2014","RATIO","Ratio","0","Units",,,0.4,,
"JPN28","Takamatsu","T_T_SH_NAT","Share of population  in metropolitan area over the national value","2015","2015","RATIO","Ratio","0","Units",,,0.4,,
"MEX09","Merida","T_T_SH_NAT","Share of population  in metropolitan area over the national value","2005","2005","RATIO","Ratio","0","Units",,,1.1,,
"MEX09","Merida","T_T_SH_NAT","Share of population  in metropolitan area over the national value","2010","2010","RATIO","Ratio","0","Units",,,1.2,,
"MEX09","Merida","T_T_SH_NAT","Share of population  in metropolitan area over the national value","2015","2015","RATIO","Ratio","0","Units",,,1.2,,
"MEX17","Morelia","POP_DEN","Population density (pop. per km2)","2000","2000","PER","Persons","0","Units",,,376,,
"MEX17","Morelia","POP_DEN","Population density (pop. per km2)","2005","2005","PER","Persons","0","Units",,,362,,
"MEX17","Morelia","POP_DEN","Population density (pop. per km2)","2010","2010","PER","Persons","0","Units",,,407,,
"MEX17","Morelia","POP_DEN","Population density (pop. per km2)","2015","2015","PER","Persons","0","Units",,,478,,
"USA03","Chicago ","POP_DEN","Population density (pop. per km2)","2000","2000","PER","Persons","0","Units",,,481,,
"USA03","Chicago ","POP_DEN","Population density (pop. per km2)","2001","2001","PER","Persons","0","Units",,,484,,
"USA03","Chicago ","POP_DEN","Population density (pop. per km2)","2002","2002","PER","Persons","0","Units",,,486,,
"USA03","Chicago ","POP_DEN","Population density (pop. per km2)","2003","2003","PER","Persons","0","Units",,,488,,
"USA03","Chicago ","POP_DEN","Population density (pop. per km2)","2004","2004","PER","Persons","0","Units",,,489,,
"USA03","Chicago ","POP_DEN","Population density (pop. per km2)","2005","2005","PER","Persons","0","Units",,,490,,
"USA03","Chicago ","POP_DEN","Population density (pop. per km2)","2006","2006","PER","Persons","0","Units",,,491,,
"USA03","Chicago ","POP_DEN","Population density (pop. per km2)","2007","2007","PER","Persons","0","Units",,,493,,
"USA03","Chicago ","POP_DEN","Population density (pop. per km2)","2008","2008","PER","Persons","0","Units",,,496,,
"USA03","Chicago ","POP_DEN","Population density (pop. per km2)","2009","2009","PER","Persons","0","Units",,,498,,
"USA03","Chicago ","POP_DEN","Population density (pop. per km2)","2010","2010","PER","Persons","0","Units",,,500,,
"USA03","Chicago ","POP_DEN","Population density (pop. per km2)","2011","2011","PER","Persons","0","Units",,,502,,
"USA03","Chicago ","POP_DEN","Population density (pop. per km2)","2012","2012","PER","Persons","0","Units",,,503,,
"USA03","Chicago ","POP_DEN","Population density (pop. per km2)","2013","2013","PER","Persons","0","Units",,,504,,
"USA03","Chicago ","POP_DEN","Population density (pop. per km2)","2014","2014","PER","Persons","0","Units",,,505,,
"USA03","Chicago ","POP_DEN","Population density (pop. per km2)","2015","2015","PER","Persons","0","Units",,,505,,
"USA03","Chicago ","POP_DEN","Population density (pop. per km2)","2016","2016","PER","Persons","0","Units",,,504,,
"COL10","Manizales","POP_DEN","Population density (pop. per km2)","2000","2000","PER","Persons","0","Units",,,479,,
"COL10","Manizales","POP_DEN","Population density (pop. per km2)","2001","2001","PER","Persons","0","Units",,,480,,
"COL10","Manizales","POP_DEN","Population density (pop. per km2)","2002","2002","PER","Persons","0","Units",,,480,,
"COL10","Manizales","POP_DEN","Population density (pop. per km2)","2003","2003","PER","Persons","0","Units",,,481,,
"COL10","Manizales","POP_DEN","Population density (pop. per km2)","2004","2004","PER","Persons","0","Units",,,481,,
"COL10","Manizales","POP_DEN","Population density (pop. per km2)","2005","2005","PER","Persons","0","Units",,,482,,
"COL10","Manizales","POP_DEN","Population density (pop. per km2)","2006","2006","PER","Persons","0","Units",,,482,,
"COL10","Manizales","POP_DEN","Population density (pop. per km2)","2007","2007","PER","Persons","0","Units",,,482,,
"COL10","Manizales","POP_DEN","Population density (pop. per km2)","2008","2008","PER","Persons","0","Units",,,483,,
"COL10","Manizales","POP_DEN","Population density (pop. per km2)","2009","2009","PER","Persons","0","Units",,,483,,
"COL10","Manizales","POP_DEN","Population density (pop. per km2)","2010","2010","PER","Persons","0","Units",,,484,,
"COL10","Manizales","POP_DEN","Population density (pop. per km2)","2011","2011","PER","Persons","0","Units",,,484,,
"COL10","Manizales","POP_DEN","Population density (pop. per km2)","2012","2012","PER","Persons","0","Units",,,485,,
"COL10","Manizales","POP_DEN","Population density (pop. per km2)","2013","2013","PER","Persons","0","Units",,,485,,
"COL10","Manizales","POP_DEN","Population density (pop. per km2)","2014","2014","PER","Persons","0","Units",,,486,,
"COL10","Manizales","POP_DEN","Population density (pop. per km2)","2015","2015","PER","Persons","0","Units",,,486,,
"DE044","Kaiserslautern","T_T_SH_NAT","Share of population  in metropolitan area over the national value","2001","2001","RATIO","Ratio","0","Units",,,0.4,,
"DE044","Kaiserslautern","T_T_SH_NAT","Share of population  in metropolitan area over the national value","2002","2002","RATIO","Ratio","0","Units",,,0.4,,
"DE044","Kaiserslautern","T_T_SH_NAT","Share of population  in metropolitan area over the national value","2003","2003","RATIO","Ratio","0","Units",,,0.4,,
"DE044","Kaiserslautern","T_T_SH_NAT","Share of population  in metropolitan area over the national value","2004","2004","RATIO","Ratio","0","Units",,,0.4,,
"DE044","Kaiserslautern","T_T_SH_NAT","Share of population  in metropolitan area over the national value","2005","2005","RATIO","Ratio","0","Units",,,0.4,,
"DE044","Kaiserslautern","T_T_SH_NAT","Share of population  in metropolitan area over the national value","2006","2006","RATIO","Ratio","0","Units",,,0.3,,
"DE044","Kaiserslautern","T_T_SH_NAT","Share of population  in metropolitan area over the national value","2007","2007","RATIO","Ratio","0","Units",,,0.3,,
"DE044","Kaiserslautern","T_T_SH_NAT","Share of population  in metropolitan area over the national value","2008","2008","RATIO","Ratio","0","Units",,,0.3,,
"DE044","Kaiserslautern","T_T_SH_NAT","Share of population  in metropolitan area over the national value","2009","2009","RATIO","Ratio","0","Units",,,0.3,,
"DE044","Kaiserslautern","T_T_SH_NAT","Share of population  in metropolitan area over the national value","2010","2010","RATIO","Ratio","0","Units",,,0.3,,
"DE044","Kaiserslautern","T_T_SH_NAT","Share of population  in metropolitan area over the national value","2011","2011","RATIO","Ratio","0","Units",,,0.3,,
"DE044","Kaiserslautern","T_T_SH_NAT","Share of population  in metropolitan area over the national value","2012","2012","RATIO","Ratio","0","Units",,,0.3,,
"DE044","Kaiserslautern","T_T_SH_NAT","Share of population  in metropolitan area over the national value","2013","2013","RATIO","Ratio","0","Units",,,0.3,,
"DE044","Kaiserslautern","T_T_SH_NAT","Share of population  in metropolitan area over the national value","2014","2014","RATIO","Ratio","0","Units",,,0.3,,
"DE044","Kaiserslautern","T_T_SH_NAT","Share of population  in metropolitan area over the national value","2015","2015","RATIO","Ratio","0","Units",,,0.3,,
"DE044","Kaiserslautern","T_T_SH_NAT","Share of population  in metropolitan area over the national value","2016","2016","RATIO","Ratio","0","Units",,,0.3,,
"UK516","Plymouth","POP_DEN","Population density (pop. per km2)","2001","2001","PER","Persons","0","Units",,,174,,
"UK516","Plymouth","POP_DEN","Population density (pop. per km2)","2002","2002","PER","Persons","0","Units",,,176,,
"UK516","Plymouth","POP_DEN","Population density (pop. per km2)","2003","2003","PER","Persons","0","Units",,,176,,
"UK516","Plymouth","POP_DEN","Population density (pop. per km2)","2004","2004","PER","Persons","0","Units",,,176,,
"UK516","Plymouth","POP_DEN","Population density (pop. per km2)","2005","2005","PER","Persons","0","Units",,,178,,
"UK516","Plymouth","POP_DEN","Population density (pop. per km2)","2006","2006","PER","Persons","0","Units",,,180,,
"UK516","Plymouth","POP_DEN","Population density (pop. per km2)","2007","2007","PER","Persons","0","Units",,,181,,
"UK516","Plymouth","POP_DEN","Population density (pop. per km2)","2008","2008","PER","Persons","0","Units",,,182,,
"UK516","Plymouth","POP_DEN","Population density (pop. per km2)","2009","2009","PER","Persons","0","Units",,,183,,
"UK516","Plymouth","POP_DEN","Population density (pop. per km2)","2010","2010","PER","Persons","0","Units",,,183,,
"UK516","Plymouth","POP_DEN","Population density (pop. per km2)","2011","2011","PER","Persons","0","Units",,,185,,
"UK516","Plymouth","POP_DEN","Population density (pop. per km2)","2012","2012","PER","Persons","0","Units",,,185,,
"UK516","Plymouth","POP_DEN","Population density (pop. per km2)","2013","2013","PER","Persons","0","Units",,,186,,
"UK516","Plymouth","POP_DEN","Population density (pop. per km2)","2014","2014","PER","Persons","0","Units",,,187,,
"UK516","Plymouth","POP_DEN","Population density (pop. per km2)","2015","2015","PER","Persons","0","Units",,,188,,
"UK516","Plymouth","POP_DEN","Population density (pop. per km2)","2016","2016","PER","Persons","0","Units",,,188,,
"USA47","Wake","T_T","Population, All ages. Administrative data","2000","2000","PER","Persons","0","Units",,,756546,,
"USA47","Wake","T_T","Population, All ages. Administrative data","2001","2001","PER","Persons","0","Units",,,784306,,
"USA47","Wake","T_T","Population, All ages. Administrative data","2002","2002","PER","Persons","0","Units",,,808495,,
"USA47","Wake","T_T","Population, All ages. Administrative data","2003","2003","PER","Persons","0","Units",,,831374,,
"USA47","Wake","T_T","Population, All ages. Administrative data","2004","2004","PER","Persons","0","Units",,,856391,,
"USA47","Wake","T_T","Population, All ages. Administrative data","2005","2005","PER","Persons","0","Units",,,890465,,
"USA47","Wake","T_T","Population, All ages. Administrative data","2006","2006","PER","Persons","0","Units",,,933759,,
"USA47","Wake","T_T","Population, All ages. Administrative data","2007","2007","PER","Persons","0","Units",,,977302,,
"USA47","Wake","T_T","Population, All ages. Administrative data","2008","2008","PER","Persons","0","Units",,,1018238,,
"USA47","Wake","T_T","Population, All ages. Administrative data","2009","2009","PER","Persons","0","Units",,,1050102,,
"USA47","Wake","T_T","Population, All ages. Administrative data","2010","2010","PER","Persons","0","Units",,,1076568,,
"USA47","Wake","T_T","Population, All ages. Administrative data","2011","2011","PER","Persons","0","Units",,,1102379,,
"USA47","Wake","T_T","Population, All ages. Administrative data","2012","2012","PER","Persons","0","Units",,,1127503,,
"USA47","Wake","T_T","Population, All ages. Administrative data","2013","2013","PER","Persons","0","Units",,,1152359,,
"USA47","Wake","T_T","Population, All ages. Administrative data","2014","2014","PER","Persons","0","Units",,,1179875,,
"USA47","Wake","T_T","Population, All ages. Administrative data","2015","2015","PER","Persons","0","Units",,,1209216,,
"USA47","Wake","T_T","Population, All ages. Administrative data","2016","2016","PER","Persons","0","Units",,,1240237,,
"LT001","Vilnius","T_T_SH_NAT","Share of population  in metropolitan area over the national value","2001","2001","RATIO","Ratio","0","Units",,,19.5,,
"LT001","Vilnius","T_T_SH_NAT","Share of population  in metropolitan area over the national value","2002","2002","RATIO","Ratio","0","Units",,,19.6,,
"LT001","Vilnius","T_T_SH_NAT","Share of population  in metropolitan area over the national value","2003","2003","RATIO","Ratio","0","Units",,,19.7,,
"LT001","Vilnius","T_T_SH_NAT","Share of population  in metropolitan area over the national value","2004","2004","RATIO","Ratio","0","Units",,,19.9,,
"LT001","Vilnius","T_T_SH_NAT","Share of population  in metropolitan area over the national value","2005","2005","RATIO","Ratio","0","Units",,,20.2,,
"LT001","Vilnius","T_T_SH_NAT","Share of population  in metropolitan area over the national value","2006","2006","RATIO","Ratio","0","Units",,,20.4,,
"LT001","Vilnius","T_T_SH_NAT","Share of population  in metropolitan area over the national value","2007","2007","RATIO","Ratio","0","Units",,,20.7,,
"LT001","Vilnius","T_T_SH_NAT","Share of population  in metropolitan area over the national value","2008","2008","RATIO","Ratio","0","Units",,,20.9,,
"LT001","Vilnius","T_T_SH_NAT","Share of population  in metropolitan area over the national value","2009","2009","RATIO","Ratio","0","Units",,,21.2,,
"LT001","Vilnius","T_T_SH_NAT","Share of population  in metropolitan area over the national value","2010","2010","RATIO","Ratio","0","Units",,,21.5,,
"LT001","Vilnius","T_T_SH_NAT","Share of population  in metropolitan area over the national value","2011","2011","RATIO","Ratio","0","Units",,,21.8,,
"LT001","Vilnius","T_T_SH_NAT","Share of population  in metropolitan area over the national value","2012","2012","RATIO","Ratio","0","Units",,,22.1,,
"LT001","Vilnius","T_T_SH_NAT","Share of population  in metropolitan area over the national value","2013","2013","RATIO","Ratio","0","Units",,,22.4,,
"LT001","Vilnius","T_T_SH_NAT","Share of population  in metropolitan area over the national value","2014","2014","RATIO","Ratio","0","Units",,,22.7,,
"LT001","Vilnius","T_T_SH_NAT","Share of population  in metropolitan area over the national value","2015","2015","RATIO","Ratio","0","Units",,,23,,
"LT001","Vilnius","T_T_SH_NAT","Share of population  in metropolitan area over the national value","2016","2016","RATIO","Ratio","0","Units",,,23.3,,
"UK562","Preston","T_T_SH_NAT","Share of population  in metropolitan area over the national value","2001","2001","RATIO","Ratio","0","Units",,,0.4,,
"UK562","Preston","T_T_SH_NAT","Share of population  in metropolitan area over the national value","2002","2002","RATIO","Ratio","0","Units",,,0.4,,
"UK562","Preston","T_T_SH_NAT","Share of population  in metropolitan area over the national value","2003","2003","RATIO","Ratio","0","Units",,,0.4,,
"UK562","Preston","T_T_SH_NAT","Share of population  in metropolitan area over the national value","2004","2004","RATIO","Ratio","0","Units",,,0.4,,
"UK562","Preston","T_T_SH_NAT","Share of population  in metropolitan area over the national value","2005","2005","RATIO","Ratio","0","Units",,,0.4,,
"UK562","Preston","T_T_SH_NAT","Share of population  in metropolitan area over the national value","2006","2006","RATIO","Ratio","0","Units",,,0.4,,
"UK562","Preston","T_T_SH_NAT","Share of population  in metropolitan area over the national value","2007","2007","RATIO","Ratio","0","Units",,,0.4,,
"UK562","Preston","T_T_SH_NAT","Share of population  in metropolitan area over the national value","2008","2008","RATIO","Ratio","0","Units",,,0.4,,
"UK562","Preston","T_T_SH_NAT","Share of population  in metropolitan area over the national value","2009","2009","RATIO","Ratio","0","Units",,,0.4,,
"UK562","Preston","T_T_SH_NAT","Share of population  in metropolitan area over the national value","2010","2010","RATIO","Ratio","0","Units",,,0.4,,
"UK562","Preston","T_T_SH_NAT","Share of population  in metropolitan area over the national value","2011","2011","RATIO","Ratio","0","Units",,,0.4,,
"UK562","Preston","T_T_SH_NAT","Share of population  in metropolitan area over the national value","2012","2012","RATIO","Ratio","0","Units",,,0.4,,
"UK562","Preston","T_T_SH_NAT","Share of population  in metropolitan area over the national value","2013","2013","RATIO","Ratio","0","Units",,,0.4,,
"UK562","Preston","T_T_SH_NAT","Share of population  in metropolitan area over the national value","2014","2014","RATIO","Ratio","0","Units",,,0.4,,
"UK562","Preston","T_T_SH_NAT","Share of population  in metropolitan area over the national value","2015","2015","RATIO","Ratio","0","Units",,,0.4,,
"UK562","Preston","T_T_SH_NAT","Share of population  in metropolitan area over the national value","2016","2016","RATIO","Ratio","0","Units",,,0.4,,
"UK510","Sunderland","T_T","Population, All ages. Administrative data","2001","2001","PER","Persons","0","Units",,,284601,,
"UK510","Sunderland","T_T","Population, All ages. Administrative data","2002","2002","PER","Persons","0","Units",,,283037,,
"UK510","Sunderland","T_T","Population, All ages. Administrative data","2003","2003","PER","Persons","0","Units",,,281528,,
"UK510","Sunderland","T_T","Population, All ages. Administrative data","2004","2004","PER","Persons","0","Units",,,280113,,
"UK510","Sunderland","T_T","Population, All ages. Administrative data","2005","2005","PER","Persons","0","Units",,,279199,,
"UK510","Sunderland","T_T","Population, All ages. Administrative data","2006","2006","PER","Persons","0","Units",,,278370,,
"UK510","Sunderland","T_T","Population, All ages. Administrative data","2007","2007","PER","Persons","0","Units",,,277834,,
"UK510","Sunderland","T_T","Population, All ages. Administrative data","2008","2008","PER","Persons","0","Units",,,276812,,
"UK510","Sunderland","T_T","Population, All ages. Administrative data","2009","2009","PER","Persons","0","Units",,,276209,,
"UK510","Sunderland","T_T","Population, All ages. Administrative data","2010","2010","PER","Persons","0","Units",,,275980,,
"UK510","Sunderland","T_T","Population, All ages. Administrative data","2011","2011","PER","Persons","0","Units",,,275330,,
"UK510","Sunderland","T_T","Population, All ages. Administrative data","2012","2012","PER","Persons","0","Units",,,275764,,
"UK510","Sunderland","T_T","Population, All ages. Administrative data","2013","2013","PER","Persons","0","Units",,,276089,,
"UK510","Sunderland","T_T","Population, All ages. Administrative data","2014","2014","PER","Persons","0","Units",,,276782,,
"UK510","Sunderland","T_T","Population, All ages. Administrative data","2015","2015","PER","Persons","0","Units",,,276813,,
"UK510","Sunderland","T_T","Population, All ages. Administrative data","2016","2016","PER","Persons","0","Units",,,277307,,
"ES015","Santander","T_T_SH_NAT","Share of population  in metropolitan area over the national value","2001","2001","RATIO","Ratio","0","Units",,,0.9,,
"ES015","Santander","T_T_SH_NAT","Share of population  in metropolitan area over the national value","2002","2002","RATIO","Ratio","0","Units",,,0.9,,
"ES015","Santander","T_T_SH_NAT","Share of population  in metropolitan area over the national value","2003","2003","RATIO","Ratio","0","Units",,,0.9,,
"ES015","Santander","T_T_SH_NAT","Share of population  in metropolitan area over the national value","2004","2004","RATIO","Ratio","0","Units",,,0.8,,
"ES015","Santander","T_T_SH_NAT","Share of population  in metropolitan area over the national value","2005","2005","RATIO","Ratio","0","Units",,,0.8,,
"ES015","Santander","T_T_SH_NAT","Share of population  in metropolitan area over the national value","2006","2006","RATIO","Ratio","0","Units",,,0.8,,
"ES015","Santander","T_T_SH_NAT","Share of population  in metropolitan area over the national value","2007","2007","RATIO","Ratio","0","Units",,,0.8,,
"ES015","Santander","T_T_SH_NAT","Share of population  in metropolitan area over the national value","2008","2008","RATIO","Ratio","0","Units",,,0.8,,
"ES015","Santander","T_T_SH_NAT","Share of population  in metropolitan area over the national value","2009","2009","RATIO","Ratio","0","Units",,,0.8,,
"ES015","Santander","T_T_SH_NAT","Share of population  in metropolitan area over the national value","2010","2010","RATIO","Ratio","0","Units",,,0.8,,
"ES015","Santander","T_T_SH_NAT","Share of population  in metropolitan area over the national value","2011","2011","RATIO","Ratio","0","Units",,,0.8,,
"ES015","Santander","T_T_SH_NAT","Share of population  in metropolitan area over the national value","2012","2012","RATIO","Ratio","0","Units",,,0.8,,
"ES015","Santander","T_T_SH_NAT","Share of population  in metropolitan area over the national value","2013","2013","RATIO","Ratio","0","Units",,,0.8,,
"ES015","Santander","T_T_SH_NAT","Share of population  in metropolitan area over the national value","2014","2014","RATIO","Ratio","0","Units",,,0.8,,
"ES015","Santander","T_T_SH_NAT","Share of population  in metropolitan area over the national value","2015","2015","RATIO","Ratio","0","Units",,,0.8,,
"ES015","Santander","T_T_SH_NAT","Share of population  in metropolitan area over the national value","2016","2016","RATIO","Ratio","0","Units",,,0.8,,
"CH002","Geneva","T_T_SH_NAT","Share of population  in metropolitan area over the national value","2001","2001","RATIO","Ratio","0","Units",,,6.6,,
"CH002","Geneva","T_T_SH_NAT","Share of population  in metropolitan area over the national value","2002","2002","RATIO","Ratio","0","Units",,,6.6,,
"CH002","Geneva","T_T_SH_NAT","Share of population  in metropolitan area over the national value","2003","2003","RATIO","Ratio","0","Units",,,6.7,,
"CH002","Geneva","T_T_SH_NAT","Share of population  in metropolitan area over the national value","2004","2004","RATIO","Ratio","0","Units",,,6.7,,
"CH002","Geneva","T_T_SH_NAT","Share of population  in metropolitan area over the national value","2005","2005","RATIO","Ratio","0","Units",,,6.8,,
"CH002","Geneva","T_T_SH_NAT","Share of population  in metropolitan area over the national value","2006","2006","RATIO","Ratio","0","Units",,,6.9,,
"CH002","Geneva","T_T_SH_NAT","Share of population  in metropolitan area over the national value","2007","2007","RATIO","Ratio","0","Units",,,6.9,,
"CH002","Geneva","T_T_SH_NAT","Share of population  in metropolitan area over the national value","2008","2008","RATIO","Ratio","0","Units",,,7,,
"CH002","Geneva","T_T_SH_NAT","Share of population  in metropolitan area over the national value","2009","2009","RATIO","Ratio","0","Units",,,7,,
"CH002","Geneva","T_T_SH_NAT","Share of population  in metropolitan area over the national value","2010","2010","RATIO","Ratio","0","Units",,,7,,
"CH002","Geneva","T_T_SH_NAT","Share of population  in metropolitan area over the national value","2011","2011","RATIO","Ratio","0","Units",,,7,,
"CH002","Geneva","T_T_SH_NAT","Share of population  in metropolitan area over the national value","2012","2012","RATIO","Ratio","0","Units",,,6.9,,
"CH002","Geneva","T_T_SH_NAT","Share of population  in metropolitan area over the national value","2013","2013","RATIO","Ratio","0","Units",,,7,,
"CH002","Geneva","T_T_SH_NAT","Share of population  in metropolitan area over the national value","2014","2014","RATIO","Ratio","0","Units",,,7,,
"CH002","Geneva","T_T_SH_NAT","Share of population  in metropolitan area over the national value","2015","2015","RATIO","Ratio","0","Units",,,7,,
"CH002","Geneva","T_T_SH_NAT","Share of population  in metropolitan area over the national value","2016","2016","RATIO","Ratio","0","Units",,,7,,
"USA151","Santa Cruz","POP_DEN","Population density (pop. per km2)","2000","2000","PER","Persons","0","Units",,,221,,
"USA151","Santa Cruz","POP_DEN","Population density (pop. per km2)","2001","2001","PER","Persons","0","Units",,,221,,
"USA151","Santa Cruz","POP_DEN","Population density (pop. per km2)","2002","2002","PER","Persons","0","Units",,,220,,
"USA151","Santa Cruz","POP_DEN","Population density (pop. per km2)","2003","2003","PER","Persons","0","Units",,,218,,
"USA151","Santa Cruz","POP_DEN","Population density (pop. per km2)","2004","2004","PER","Persons","0","Units",,,218,,
"USA151","Santa Cruz","POP_DEN","Population density (pop. per km2)","2005","2005","PER","Persons","0","Units",,,217,,
"USA151","Santa Cruz","POP_DEN","Population density (pop. per km2)","2006","2006","PER","Persons","0","Units",,,217,,
"USA151","Santa Cruz","POP_DEN","Population density (pop. per km2)","2007","2007","PER","Persons","0","Units",,,219,,
"USA151","Santa Cruz","POP_DEN","Population density (pop. per km2)","2008","2008","PER","Persons","0","Units",,,221,,
"USA151","Santa Cruz","POP_DEN","Population density (pop. per km2)","2009","2009","PER","Persons","0","Units",,,224,,
"USA151","Santa Cruz","POP_DEN","Population density (pop. per km2)","2010","2010","PER","Persons","0","Units",,,227,,
"USA151","Santa Cruz","POP_DEN","Population density (pop. per km2)","2011","2011","PER","Persons","0","Units",,,229,,
"USA151","Santa Cruz","POP_DEN","Population density (pop. per km2)","2012","2012","PER","Persons","0","Units",,,230,,
"USA151","Santa Cruz","POP_DEN","Population density (pop. per km2)","2013","2013","PER","Persons","0","Units",,,232,,
"USA151","Santa Cruz","POP_DEN","Population density (pop. per km2)","2014","2014","PER","Persons","0","Units",,,234,,
"USA151","Santa Cruz","POP_DEN","Population density (pop. per km2)","2015","2015","PER","Persons","0","Units",,,237,,
"USA151","Santa Cruz","POP_DEN","Population density (pop. per km2)","2016","2016","PER","Persons","0","Units",,,237,,
"UK018","Exeter","T_T","Population, All ages. Administrative data","2001","2001","PER","Persons","0","Units",,,427947,,
"UK018","Exeter","T_T","Population, All ages. Administrative data","2002","2002","PER","Persons","0","Units",,,429659,,
"UK018","Exeter","T_T","Population, All ages. Administrative data","2003","2003","PER","Persons","0","Units",,,432130,,
"UK018","Exeter","T_T","Population, All ages. Administrative data","2004","2004","PER","Persons","0","Units",,,434712,,
"UK018","Exeter","T_T","Population, All ages. Administrative data","2005","2005","PER","Persons","0","Units",,,439550,,
"UK018","Exeter","T_T","Population, All ages. Administrative data","2006","2006","PER","Persons","0","Units",,,441415,,
"UK018","Exeter","T_T","Population, All ages. Administrative data","2007","2007","PER","Persons","0","Units",,,445797,,
"UK018","Exeter","T_T","Population, All ages. Administrative data","2008","2008","PER","Persons","0","Units",,,447563,,
"UK018","Exeter","T_T","Population, All ages. Administrative data","2009","2009","PER","Persons","0","Units",,,448229,,
"UK018","Exeter","T_T","Population, All ages. Administrative data","2010","2010","PER","Persons","0","Units",,,450128,,
"UK018","Exeter","T_T","Population, All ages. Administrative data","2011","2011","PER","Persons","0","Units",,,452542,,
"UK018","Exeter","T_T","Population, All ages. Administrative data","2012","2012","PER","Persons","0","Units",,,456899,,
"UK018","Exeter","T_T","Population, All ages. Administrative data","2013","2013","PER","Persons","0","Units",,,460870,,
"UK018","Exeter","T_T","Population, All ages. Administrative data","2014","2014","PER","Persons","0","Units",,,466240,,
"UK018","Exeter","T_T","Population, All ages. Administrative data","2015","2015","PER","Persons","0","Units",,,472544,,
"UK018","Exeter","T_T","Population, All ages. Administrative data","2016","2016","PER","Persons","0","Units",,,477590,,
"COL12","Pasto","T_T","Population, All ages. Administrative data","2000","2000","PER","Persons","0","Units",,,353949,,
"COL12","Pasto","T_T","Population, All ages. Administrative data","2001","2001","PER","Persons","0","Units",,,357967,,
"COL12","Pasto","T_T","Population, All ages. Administrative data","2002","2002","PER","Persons","0","Units",,,361985,,
"COL12","Pasto","T_T","Population, All ages. Administrative data","2003","2003","PER","Persons","0","Units",,,366002,,
"COL12","Pasto","T_T","Population, All ages. Administrative data","2004","2004","PER","Persons","0","Units",,,370020,,
"COL12","Pasto","T_T","Population, All ages. Administrative data","2005","2005","PER","Persons","0","Units",,,374038,,
"COL12","Pasto","T_T","Population, All ages. Administrative data","2006","2006","PER","Persons","0","Units",,,378056,,
"COL12","Pasto","T_T","Population, All ages. Administrative data","2007","2007","PER","Persons","0","Units",,,382074,,
"COL12","Pasto","T_T","Population, All ages. Administrative data","2008","2008","PER","Persons","0","Units",,,386092,,
"COL12","Pasto","T_T","Population, All ages. Administrative data","2009","2009","PER","Persons","0","Units",,,390110,,
"COL12","Pasto","T_T","Population, All ages. Administrative data","2010","2010","PER","Persons","0","Units",,,394128,,
"COL12","Pasto","T_T","Population, All ages. Administrative data","2011","2011","PER","Persons","0","Units",,,398146,,
"COL12","Pasto","T_T","Population, All ages. Administrative data","2012","2012","PER","Persons","0","Units",,,402163,,
"COL12","Pasto","T_T","Population, All ages. Administrative data","2013","2013","PER","Persons","0","Units",,,406181,,
"COL12","Pasto","T_T","Population, All ages. Administrative data","2014","2014","PER","Persons","0","Units",,,410199,,
"COL12","Pasto","T_T","Population, All ages. Administrative data","2015","2015","PER","Persons","0","Units",,,414217,,
"USA07","Dallas","T_T","Population, All ages. Administrative data","2000","2000","PER","Persons","0","Units",,,5387746,,
"USA07","Dallas","T_T","Population, All ages. Administrative data","2001","2001","PER","Persons","0","Units",,,5530381,,
"USA07","Dallas","T_T","Population, All ages. Administrative data","2002","2002","PER","Persons","0","Units",,,5639224,,
"USA07","Dallas","T_T","Population, All ages. Administrative data","2003","2003","PER","Persons","0","Units",,,5733640,,
"USA07","Dallas","T_T","Population, All ages. Administrative data","2004","2004","PER","Persons","0","Units",,,5825928,,
"USA07","Dallas","T_T","Population, All ages. Administrative data","2005","2005","PER","Persons","0","Units",,,5937586,,
"USA07","Dallas","T_T","Population, All ages. Administrative data","2006","2006","PER","Persons","0","Units",,,6105419,,
"USA07","Dallas","T_T","Population, All ages. Administrative data","2007","2007","PER","Persons","0","Units",,,6244627,,
"USA07","Dallas","T_T","Population, All ages. Administrative data","2008","2008","PER","Persons","0","Units",,,6374616,,
"USA07","Dallas","T_T","Population, All ages. Administrative data","2009","2009","PER","Persons","0","Units",,,6505404,,
"USA07","Dallas","T_T","Population, All ages. Administrative data","2010","2010","PER","Persons","0","Units",,,6615794,,
"USA07","Dallas","T_T","Population, All ages. Administrative data","2011","2011","PER","Persons","0","Units",,,6735336,,
"USA07","Dallas","T_T","Population, All ages. Administrative data","2012","2012","PER","Persons","0","Units",,,6869252,,
"USA07","Dallas","T_T","Population, All ages. Administrative data","2013","2013","PER","Persons","0","Units",,,6980428,,
"USA07","Dallas","T_T","Population, All ages. Administrative data","2014","2014","PER","Persons","0","Units",,,7114792,,
"USA07","Dallas","T_T","Population, All ages. Administrative data","2015","2015","PER","Persons","0","Units",,,7266065,,
"USA07","Dallas","T_T","Population, All ages. Administrative data","2016","2016","PER","Persons","0","Units",,,7420339,,
"USA123","Chatham","POP_DEN","Population density (pop. per km2)","2000","2000","PER","Persons","0","Units",,,79,,
"USA123","Chatham","POP_DEN","Population density (pop. per km2)","2001","2001","PER","Persons","0","Units",,,80,,
"USA123","Chatham","POP_DEN","Population density (pop. per km2)","2002","2002","PER","Persons","0","Units",,,81,,
"USA123","Chatham","POP_DEN","Population density (pop. per km2)","2003","2003","PER","Persons","0","Units",,,82,,
"USA123","Chatham","POP_DEN","Population density (pop. per km2)","2004","2004","PER","Persons","0","Units",,,84,,
"USA123","Chatham","POP_DEN","Population density (pop. per km2)","2005","2005","PER","Persons","0","Units",,,85,,
"USA123","Chatham","POP_DEN","Population density (pop. per km2)","2006","2006","PER","Persons","0","Units",,,87,,
"USA123","Chatham","POP_DEN","Population density (pop. per km2)","2007","2007","PER","Persons","0","Units",,,89,,
"USA123","Chatham","POP_DEN","Population density (pop. per km2)","2008","2008","PER","Persons","0","Units",,,90,,
"USA123","Chatham","POP_DEN","Population density (pop. per km2)","2009","2009","PER","Persons","0","Units",,,93,,
"USA123","Chatham","POP_DEN","Population density (pop. per km2)","2010","2010","PER","Persons","0","Units",,,94,,
"USA123","Chatham","POP_DEN","Population density (pop. per km2)","2011","2011","PER","Persons","0","Units",,,96,,
"USA123","Chatham","POP_DEN","Population density (pop. per km2)","2012","2012","PER","Persons","0","Units",,,98,,
"USA123","Chatham","POP_DEN","Population density (pop. per km2)","2013","2013","PER","Persons","0","Units",,,98,,
"USA123","Chatham","POP_DEN","Population density (pop. per km2)","2014","2014","PER","Persons","0","Units",,,100,,
"USA123","Chatham","POP_DEN","Population density (pop. per km2)","2015","2015","PER","Persons","0","Units",,,102,,
"USA123","Chatham","POP_DEN","Population density (pop. per km2)","2016","2016","PER","Persons","0","Units",,,103,,
"UK001","London","T_T_SH_NAT","Share of population  in metropolitan area over the national value","2001","2001","RATIO","Ratio","0","Units",,,17.2,,
"UK001","London","T_T_SH_NAT","Share of population  in metropolitan area over the national value","2002","2002","RATIO","Ratio","0","Units",,,17.3,,
"UK001","London","T_T_SH_NAT","Share of population  in metropolitan area over the national value","2003","2003","RATIO","Ratio","0","Units",,,17.3,,
"UK001","London","T_T_SH_NAT","Share of population  in metropolitan area over the national value","2004","2004","RATIO","Ratio","0","Units",,,17.3,,
"UK001","London","T_T_SH_NAT","Share of population  in metropolitan area over the national value","2005","2005","RATIO","Ratio","0","Units",,,17.3,,
"UK001","London","T_T_SH_NAT","Share of population  in metropolitan area over the national value","2006","2006","RATIO","Ratio","0","Units",,,17.4,,
"UK001","London","T_T_SH_NAT","Share of population  in metropolitan area over the national value","2007","2007","RATIO","Ratio","0","Units",,,17.4,,
"UK001","London","T_T_SH_NAT","Share of population  in metropolitan area over the national value","2008","2008","RATIO","Ratio","0","Units",,,17.6,,
"UK001","London","T_T_SH_NAT","Share of population  in metropolitan area over the national value","2009","2009","RATIO","Ratio","0","Units",,,17.7,,
"UK001","London","T_T_SH_NAT","Share of population  in metropolitan area over the national value","2010","2010","RATIO","Ratio","0","Units",,,17.8,,
"UK001","London","T_T_SH_NAT","Share of population  in metropolitan area over the national value","2011","2011","RATIO","Ratio","0","Units",,,17.9,,
"UK001","London","T_T_SH_NAT","Share of population  in metropolitan area over the national value","2012","2012","RATIO","Ratio","0","Units",,,18,,
"UK001","London","T_T_SH_NAT","Share of population  in metropolitan area over the national value","2013","2013","RATIO","Ratio","0","Units",,,18.1,,
"UK001","London","T_T_SH_NAT","Share of population  in metropolitan area over the national value","2014","2014","RATIO","Ratio","0","Units",,,18.2,,
"UK001","London","T_T_SH_NAT","Share of population  in metropolitan area over the national value","2015","2015","RATIO","Ratio","0","Units",,,18.3,,
"UK001","London","T_T_SH_NAT","Share of population  in metropolitan area over the national value","2016","2016","RATIO","Ratio","0","Units",,,18.3,,
"CAN08","Winnipeg","T_T_SH_NAT","Share of population  in metropolitan area over the national value","2001","2001","RATIO","Ratio","0","Units",,,2.4,,
"CAN08","Winnipeg","T_T_SH_NAT","Share of population  in metropolitan area over the national value","2002","2002","RATIO","Ratio","0","Units",,,2.4,,
"CAN08","Winnipeg","T_T_SH_NAT","Share of population  in metropolitan area over the national value","2003","2003","RATIO","Ratio","0","Units",,,2.4,,
"CAN08","Winnipeg","T_T_SH_NAT","Share of population  in metropolitan area over the national value","2004","2004","RATIO","Ratio","0","Units",,,2.4,,
"CAN08","Winnipeg","T_T_SH_NAT","Share of population  in metropolitan area over the national value","2005","2005","RATIO","Ratio","0","Units",,,2.4,,
"CAN08","Winnipeg","T_T_SH_NAT","Share of population  in metropolitan area over the national value","2006","2006","RATIO","Ratio","0","Units",,,2.4,,
"CAN08","Winnipeg","T_T_SH_NAT","Share of population  in metropolitan area over the national value","2007","2007","RATIO","Ratio","0","Units",,,2.4,,
"CAN08","Winnipeg","T_T_SH_NAT","Share of population  in metropolitan area over the national value","2008","2008","RATIO","Ratio","0","Units",,,2.4,,
"CAN08","Winnipeg","T_T_SH_NAT","Share of population  in metropolitan area over the national value","2009","2009","RATIO","Ratio","0","Units",,,2.4,,
"CAN08","Winnipeg","T_T_SH_NAT","Share of population  in metropolitan area over the national value","2010","2010","RATIO","Ratio","0","Units",,,2.3,,
"CAN08","Winnipeg","T_T_SH_NAT","Share of population  in metropolitan area over the national value","2011","2011","RATIO","Ratio","0","Units",,,2.3,,
"CAN08","Winnipeg","T_T_SH_NAT","Share of population  in metropolitan area over the national value","2012","2012","RATIO","Ratio","0","Units",,,2.3,,
"CAN08","Winnipeg","T_T_SH_NAT","Share of population  in metropolitan area over the national value","2013","2013","RATIO","Ratio","0","Units",,,2.3,,
"CAN08","Winnipeg","T_T_SH_NAT","Share of population  in metropolitan area over the national value","2014","2014","RATIO","Ratio","0","Units",,,2.3,,
"CAN08","Winnipeg","T_T_SH_NAT","Share of population  in metropolitan area over the national value","2015","2015","RATIO","Ratio","0","Units",,,2.3,,
"CAN08","Winnipeg","T_T_SH_NAT","Share of population  in metropolitan area over the national value","2016","2016","RATIO","Ratio","0","Units",,,2.3,,
"NO002","Bergen","POP_DEN","Population density (pop. per km2)","2000","2000","PER","Persons","0","Units",,,99,,
"NO002","Bergen","POP_DEN","Population density (pop. per km2)","2001","2001","PER","Persons","0","Units",,,100,,
"NO002","Bergen","POP_DEN","Population density (pop. per km2)","2002","2002","PER","Persons","0","Units",,,101,,
"NO002","Bergen","POP_DEN","Population density (pop. per km2)","2003","2003","PER","Persons","0","Units",,,102,,
"NO002","Bergen","POP_DEN","Population density (pop. per km2)","2004","2004","PER","Persons","0","Units",,,103,,
"NO002","Bergen","POP_DEN","Population density (pop. per km2)","2005","2005","PER","Persons","0","Units",,,104,,
"NO002","Bergen","POP_DEN","Population density (pop. per km2)","2006","2006","PER","Persons","0","Units",,,106,,
"NO002","Bergen","POP_DEN","Population density (pop. per km2)","2007","2007","PER","Persons","0","Units",,,107,,
"NO002","Bergen","POP_DEN","Population density (pop. per km2)","2008","2008","PER","Persons","0","Units",,,109,,
"NO002","Bergen","POP_DEN","Population density (pop. per km2)","2009","2009","PER","Persons","0","Units",,,111,,
"NO002","Bergen","POP_DEN","Population density (pop. per km2)","2010","2010","PER","Persons","0","Units",,,113,,
"NO002","Bergen","POP_DEN","Population density (pop. per km2)","2011","2011","PER","Persons","0","Units",,,114,,
"NO002","Bergen","POP_DEN","Population density (pop. per km2)","2012","2012","PER","Persons","0","Units",,,116,,
"NO002","Bergen","POP_DEN","Population density (pop. per km2)","2013","2013","PER","Persons","0","Units",,,118,,
"NO002","Bergen","POP_DEN","Population density (pop. per km2)","2014","2014","PER","Persons","0","Units",,,120,,
"NO002","Bergen","POP_DEN","Population density (pop. per km2)","2015","2015","PER","Persons","0","Units",,,122,,
"NO002","Bergen","POP_DEN","Population density (pop. per km2)","2016","2016","PER","Persons","0","Units",,,123,,
"USA88","Fayette","POP_DEN","Population density (pop. per km2)","2000","2000","PER","Persons","0","Units",,,89,,
"USA88","Fayette","POP_DEN","Population density (pop. per km2)","2001","2001","PER","Persons","0","Units",,,90,,
"USA88","Fayette","POP_DEN","Population density (pop. per km2)","2002","2002","PER","Persons","0","Units",,,91,,
"USA88","Fayette","POP_DEN","Population density (pop. per km2)","2003","2003","PER","Persons","0","Units",,,92,,
"USA88","Fayette","POP_DEN","Population density (pop. per km2)","2004","2004","PER","Persons","0","Units",,,93,,
"USA88","Fayette","POP_DEN","Population density (pop. per km2)","2005","2005","PER","Persons","0","Units",,,95,,
"USA88","Fayette","POP_DEN","Population density (pop. per km2)","2006","2006","PER","Persons","0","Units",,,97,,
"USA88","Fayette","POP_DEN","Population density (pop. per km2)","2007","2007","PER","Persons","0","Units",,,98,,
"USA88","Fayette","POP_DEN","Population density (pop. per km2)","2008","2008","PER","Persons","0","Units",,,99,,
"USA88","Fayette","POP_DEN","Population density (pop. per km2)","2009","2009","PER","Persons","0","Units",,,101,,
"USA88","Fayette","POP_DEN","Population density (pop. per km2)","2010","2010","PER","Persons","0","Units",,,102,,
"USA88","Fayette","POP_DEN","Population density (pop. per km2)","2011","2011","PER","Persons","0","Units",,,103,,
"USA88","Fayette","POP_DEN","Population density (pop. per km2)","2012","2012","PER","Persons","0","Units",,,104,,
"USA88","Fayette","POP_DEN","Population density (pop. per km2)","2013","2013","PER","Persons","0","Units",,,105,,
"USA88","Fayette","POP_DEN","Population density (pop. per km2)","2014","2014","PER","Persons","0","Units",,,106,,
"USA88","Fayette","POP_DEN","Population density (pop. per km2)","2015","2015","PER","Persons","0","Units",,,108,,
"USA88","Fayette","POP_DEN","Population density (pop. per km2)","2016","2016","PER","Persons","0","Units",,,109,,
"USA28","Charlotte","T_T","Population, All ages. Administrative data","2000","2000","PER","Persons","0","Units",,,1314561,,
"USA28","Charlotte","T_T","Population, All ages. Administrative data","2001","2001","PER","Persons","0","Units",,,1348822,,
"USA28","Charlotte","T_T","Population, All ages. Administrative data","2002","2002","PER","Persons","0","Units",,,1379756,,
"USA28","Charlotte","T_T","Population, All ages. Administrative data","2003","2003","PER","Persons","0","Units",,,1410254,,
"USA28","Charlotte","T_T","Population, All ages. Administrative data","2004","2004","PER","Persons","0","Units",,,1444315,,
"USA28","Charlotte","T_T","Population, All ages. Administrative data","2005","2005","PER","Persons","0","Units",,,1491977,,
"USA28","Charlotte","T_T","Population, All ages. Administrative data","2006","2006","PER","Persons","0","Units",,,1555947,,
"USA28","Charlotte","T_T","Population, All ages. Administrative data","2007","2007","PER","Persons","0","Units",,,1621693,,
"USA28","Charlotte","T_T","Population, All ages. Administrative data","2008","2008","PER","Persons","0","Units",,,1675501,,
"USA28","Charlotte","T_T","Population, All ages. Administrative data","2009","2009","PER","Persons","0","Units",,,1712730,,
"USA28","Charlotte","T_T","Population, All ages. Administrative data","2010","2010","PER","Persons","0","Units",,,1736861,,
"USA28","Charlotte","T_T","Population, All ages. Administrative data","2011","2011","PER","Persons","0","Units",,,1768249,,
"USA28","Charlotte","T_T","Population, All ages. Administrative data","2012","2012","PER","Persons","0","Units",,,1802771,,
"USA28","Charlotte","T_T","Population, All ages. Administrative data","2013","2013","PER","Persons","0","Units",,,1839138,,
"USA28","Charlotte","T_T","Population, All ages. Administrative data","2014","2014","PER","Persons","0","Units",,,1876161,,
"USA28","Charlotte","T_T","Population, All ages. Administrative data","2015","2015","PER","Persons","0","Units",,,1916826,,
"USA28","Charlotte","T_T","Population, All ages. Administrative data","2016","2016","PER","Persons","0","Units",,,1960251,,
